4.182207260365694e+00
2.490912905191496e+01
2.857393917095565e+01
6.249048302997392e+01
6.275876260491030e+01
8.018493176446526e+01
7.382842212628033e+01
1.508694515334766e+01
1.656220402408494e+01
8.251330716652484e+01
8.258342914403576e+01
2.914961307735630e+01
6.838830600883267e+01
6.633650831241930e+01
6.647029605995411e+01
6.808627213727975e+01
3.094360573726874e+01
6.630117132621872e+01
2.819981348151332e+01
6.640567144677307e+01
2.145244089022858e+01
1.314397813433035e+01
1.188926832372754e+01
4.343951020549960e+01
4.476726345939900e+01
4.031630388475783e+01
5.308370145647028e+01
6.333120659148842e+01
7.354803917629087e+01
2.851640331955459e+01
2.486757921281623e+01
1.124830362910791e+01
9.677947950399457e+01
7.600182731449689e+01
9.132987302324264e+01
3.938166072563345e+01
5.618675903239602e+01
9.558074902537314e+01
8.290547751025552e+01
1.102732299409216e+01
1.924200193921197e+01
4.116451858597087e+01
4.575252446613858e+01
4.840545349214480e+01
6.827985493851820e+01
1.536124614782689e+01
2.633689740967792e+01
1.087718536652494e+01
7.433452386145225e+01
5.453671093775737e+01
5.291153399874994e+01
8.610406140149760e+01
2.223900175757660e+01
9.327784930042823e+01
2.031781376354295e+01
5.991771829310698e+01
5.110086284163449e+01
9.722064775285342e+01
8.153710820783726e+01
1.601832779870291e+00
2.573705102584187e+01
2.766412521138048e+01
5.055074829168187e+01
8.412119675619584e+01
7.290915836249906e+01
4.188062126835837e+01
9.792400901109168e+00
2.588278657099362e+01
1.858804045179302e+01
9.269787841136468e+01
9.277658587916596e+00
5.665988365964027e+01
5.772341110637570e+01
7.808796734460070e+01
3.620172447348094e+01
7.496357642810958e+01
3.877717663477043e+01
2.074946398881704e+01
2.522672662754856e+01
6.218115005743743e+01
8.593894549922038e+01
7.534270271442026e+01
7.228488618148718e+01
9.437283472827302e+01
6.675544384250205e+01
3.719010764602111e+01
6.500543549889952e+01
6.222341026283027e+00
1.473762845375465e+01
6.067212161639338e+01
5.640891476367084e+00
1.755214739476896e+01
3.005007632544733e+01
7.098068160516241e+00
8.796288761681080e+01
5.481059246454882e+00
9.114727261063982e+01
9.775528856448609e+01
6.370069923051665e+01
8.712913542386570e+01
4.238415511436023e-01
1.288998490799684e+01
5.819894348187324e+01
8.264769319568188e+01
9.097795229916366e+01
3.437200008629448e+01
5.324652448913386e+01
9.057345608741672e+01
6.382058093502213e+01
3.387768582155820e+01
4.488287551555916e+01
2.622088190457825e+01
1.201594644785670e+01
9.470475469469314e+01
8.880013417862362e+01
7.170124006071185e+01
1.714011352376086e+01
4.861835681303327e+01
3.030553405653011e+01
4.529647214584819e+01
7.121728876196654e+00
4.552190454933881e+01
1.872773571811977e+01
6.042587862369878e+01
9.366656518246351e+00
6.690623288364440e+00
3.137498378352028e+01
4.872898559492500e+01
4.388406800287034e+01
8.002903460526328e+01
8.836762834729981e+01
4.430790955401394e+01
3.103229651741325e+01
3.374312493658770e+01
1.807756070889419e+01
5.899191203480210e+01
2.723853794263607e+01
3.196433034351297e+01
2.265467775177894e+01
6.110447457111648e+01
6.926975924022018e+01
2.380942670805819e+01
6.536098977800505e+01
2.708967017339993e+01
2.469976294073265e+00
2.814018536738129e+01
4.080086473412852e+01
5.040904374346559e+01
8.593001225308051e+01
2.687958699040096e+01
9.570551588931377e+01
5.762958347687012e+01
7.240149153973977e+01
8.811260205139993e+00
6.457396236461305e+01
1.803004649376033e-01
6.555388125849603e+01
5.150402744836361e+01
5.614692454978215e+01
1.324087987339165e+00
3.023046344995054e+01
2.700455711549360e+01
7.940512661794439e+01
1.393872472175338e+01
5.449441371229216e+01
5.808326190248284e+01
5.414289187367208e+01
4.244085920156951e+01
9.369447068017649e+01
2.317793910539613e+01
7.405404554403110e+01
1.967940648071441e+01
8.554770466198572e+01
7.426415526972346e+00
5.737473166425467e+00
1.774642370536291e+01
2.539080852893684e+01
2.355225897559536e+00
6.208760839052852e+01
7.509361816341692e+01
5.014811421285761e+01
6.386098329157615e+01
6.826458371629221e+01
1.636304381134130e+00
6.311994668241587e+01
2.121959697511960e+01
7.272785616699971e+01
6.199928729888019e+01
6.258800186337344e+01
6.965465199651879e+01
9.306441843186711e+01
8.328129778768928e+01
9.689338346798596e+01
2.611695487337045e+01
3.176779762458419e+01
7.567149213313660e+01
5.904138966418867e+01
1.728465273849883e+01
9.892005617680030e+01
4.777048781876010e+01
5.892206265540890e+00
4.233268031027759e+01
8.867723922649270e+01
5.024588073149597e+01
4.229042988377177e+01
4.536729866888714e+00
1.549453032924539e+01
7.245247320851892e+01
9.099080399190579e+01
4.698788390820282e+01
5.444774597624678e+01
7.495770355451745e+01
4.751098106965003e+01
3.527634811367670e+01
9.862175313691691e+01
9.921275251508352e+01
2.632431687150352e+00
8.865770329193106e+00
9.053503791360885e+01
1.950279889605138e+01
2.968306659240418e+01
3.046974238495796e+01
7.616952717125860e+00
2.893415192558158e+01
2.792207348529346e+01
3.938475034171005e+01
3.238639730605595e+01
2.325116555357872e+01
4.688741343416618e+01
3.130645343629013e+01
3.650539863691917e+01
1.880877023507318e+01
6.409790695835739e+00
3.512060997780441e+01
4.023417259577391e+01
6.032931532726126e+01
7.471149245962104e+01
5.395492648424345e+01
8.842261596043716e+01
1.106376103640709e+01
9.428103458801332e-01
8.349645095108843e+01
6.252026672592399e+01
1.530622924459457e+00
8.287982241384677e+01
1.780908876927993e+01
3.192326595630649e+01
7.061402223567200e+01
3.311697618715324e+01
9.320047232005767e+01
5.965059882013620e+01
9.820734006269245e+01
9.500559093198068e+01
6.726755158382819e+01
1.929107625935742e+01
4.371892742054487e+01
9.292281521154699e+01
3.949183660535693e+01
6.697009297412359e+01
5.353971531313830e+01
4.447913865767379e+01
5.007939084902377e+01
2.609821163401856e+01
3.545485904228635e-01
4.848047711350046e+01
1.941555832485462e+00
9.050834169169345e+01
6.477307680285213e+01
8.327095917578366e+01
9.104514522060991e+01
3.533695672421575e+01
5.427631929250263e+01
8.335485979139565e+01
1.348687466862000e+01
5.158122230860462e+01
3.765700074734958e+01
2.500187676632864e+01
9.068948197676310e+01
1.189943296457614e+01
9.251850735979085e+01
5.359490791037441e+01
7.105319778018314e+01
7.546035688159073e+01
4.860049879578897e+01
6.343632394607938e+01
5.799323891196085e+01
7.152816321306311e+01
6.168697847131964e+01
3.088845793664849e+01
6.496521321356539e+00
8.008344195787023e+00
9.714175825805485e+01
4.745411358189495e+01
4.290431600199282e+00
5.811823478812269e+01
2.076851940749610e+01
1.887108516826811e+01
8.943201675518976e+01
3.127838472429588e+01
8.458325037946144e+00
1.115982016136861e+01
3.276414788922488e+01
5.452266091225793e+01
7.214879825345650e+01
7.111365924175533e+01
1.894464544902772e+01
4.498074284986627e+01
2.402620563471047e+01
9.730338835963207e+01
5.958018994870604e+01
4.532972599627903e+01
6.507719665070864e+01
1.993686646220128e+01
9.979036017311287e+01
8.523005064820408e-01
6.369148095310268e+01
3.614517722099329e+00
2.131207344183329e+01
7.018370105427863e+01
7.329986448087723e+01
2.413052056177078e+01
4.146068028242359e+01
7.203759880365692e+01
6.606816023870751e+01
7.421882826565710e-01
3.015583354521349e+01
6.350251667364618e+01
3.914524528158142e+01
5.027050853253832e+01
9.478090139794205e+01
9.646880188792423e+01
6.143032874047306e+01
2.891361365509854e+01
9.507613894300356e+01
4.176439584315028e+01
5.895872798699826e+01
7.857206830688382e+01
8.944515282728018e+01
8.116086660007055e+01
2.544789795086155e+01
9.335076906408686e-01
6.028025399906573e+01
2.975536269590043e+01
6.883225285859417e+01
3.475490865984694e+00
8.909884965470938e+01
7.387122748134249e+00
5.199490862525763e+01
1.033817353208464e+01
3.835044006740229e+01
2.528310936190333e+01
2.895222018889720e+01
3.292307119486996e+01
9.471409641891442e+01
7.946264770788264e+01
8.787442147167140e+01
3.264094336547002e+01
4.296516433496269e+01
8.282906486784530e+01
4.882913299316034e+01
3.774606568633861e+01
5.489618147485712e+01
4.217421447028137e+01
1.001393064391517e+01
7.198911517485469e+01
1.741308207503198e+01
6.134203610072938e+01
5.020973745277605e+01
7.338376314071182e+01
9.001224920619849e+01
6.243882321866175e+01
2.797111772371974e+01
7.838937811478478e+01
7.991381556722979e+01
7.168960560657531e+01
9.806410544461762e+01
7.441398272030708e+01
1.220177258933045e+01
1.590024913470272e+00
8.700657928688757e+01
6.330161684346461e+00
7.006984831302884e+01
9.805137468411186e+01
3.925323292578256e+01
1.251059417264098e+01
4.272466485515454e+01
9.335860809933330e+01
2.090956108686959e+01
8.568982923668335e+01
7.800985853095067e+01
1.181824142663658e+01
5.327863239370223e+01
6.971589223002823e+01
5.912584357854251e+01
1.341968994281240e+01
9.594848062654421e+01
1.268540835598736e+00
7.476172604354178e+01
4.797954142465235e+01
2.463530284568449e-01
1.726462869777560e+01
6.125166242069177e+01
3.833396399316097e+01
2.004778535107513e+01
7.884678103907351e+01
7.395274614633655e+01
3.319066121857178e+01
5.326076371281443e+01
3.116641707307027e+01
3.573429981979276e+01
9.866113853578508e+01
3.629395078695097e+01
9.775231107964754e+01
6.192315568305698e+01
2.568305145282440e+00
5.348005860740322e+01
5.946407283631343e+01
5.587522804545016e+01
2.521026461627812e+01
6.309628666522740e+01
7.611372562875680e+01
3.702850604291470e+01
8.477739146201750e+01
4.161238714196364e+01
1.781565282392113e+01
1.492662351342227e+01
3.756086772194173e+01
4.955576297340718e+01
1.197679034060649e+01
3.200928710028962e+01
1.527950862202770e+01
8.942101671799134e+01
1.197870700246594e+01
2.678197372089232e+01
2.700076355924865e+01
6.032085384257178e+01
9.592797555726801e+01
6.242531671301710e+01
7.071425419799716e+01
3.450453548436264e+01
6.366780943408040e+01
4.594741805733527e+01
1.092916345732713e+01
8.671801075652149e-01
5.918055798820247e+01
7.191464415374894e+01
7.736329872969692e+01
3.931052453783831e+01
8.522179773320528e+01
1.855604295551592e+01
9.356818394435950e+01
4.940020211478704e+01
1.446829005818269e+01
9.396344660500224e+00
9.101258925675070e+01
9.000349360983981e+01
3.188654167199812e+01
2.260503877075624e+01
4.518952260035534e+01
6.960278706140946e+01
7.264082253567913e+01
3.585015350759502e+01
6.258859348603925e+00
6.725385229441051e+01
9.049829546851026e+01
7.708957003294005e+01
6.026724495937453e+01
2.928300575785479e+01
3.804365766143597e+01
1.267772820437221e+00
1.106624026366800e+00
3.603914712371265e+01
6.640319412872344e+01
7.471670474611069e+01
3.690632727784399e+01
3.542575474615477e+00
6.856409030433935e+01
2.323096418903720e+01
3.974057880218167e+01
6.639777508862214e+01
2.953965916742555e+01
6.415748235963167e+01
4.152939177189459e+01
8.916836468929814e+00
2.304778528541689e+00
2.620045250570422e+01
8.396760108134131e+01
1.093229316684059e+01
5.383538792554074e+01
8.817333466753985e+01
5.699230314092352e+00
4.428494635237612e+01
6.488673950773046e+00
4.968471366431784e+01
5.129509253953355e+01
2.409919617888480e+01
6.974280815093908e+01
5.465478894983175e+01
6.187833615666178e+00
7.991916187103799e+01
7.511056497465380e+01
7.294457642032978e+00
3.714362356678752e+01
7.472364747651092e+00
6.371301904493618e+01
8.301128907269393e+01
4.519158771503325e+01
4.235171682310836e+01
3.966438311136532e+01
8.665287745494994e+01
3.584461069472349e+01
8.615191354702782e+01
7.696603712484522e+01
7.653130128818158e+01
5.188808541367207e+01
1.373307579836486e+01
3.200733476877554e+01
8.939635343355889e+01
3.021927495962907e+01
1.018524831635191e+01
3.358740128278146e+01
4.661963989335096e+01
4.747732847345868e+01
1.349996822583488e+00
7.587457642698408e+01
5.239059554989943e+01
2.814553586214107e+01
7.316162226403208e+01
1.704399553921260e+01
3.433336952437338e+01
3.888981562987427e+01
8.215594942781885e+01
2.111580642923517e+01
4.896956470281332e+01
9.406139426588146e+01
3.118884238935487e+01
3.198085372894111e+01
2.696854529295515e-01
8.061977712466371e+01
1.835854301152683e+01
8.692256290787951e+01
5.273696228523598e+01
6.106942080011098e+01
8.497007660799197e-01
7.291886372161976e+01
3.308244125595430e+01
4.733459048314700e+01
3.636609205806911e+01
4.378127159726865e+01
6.047176456100856e+01
5.900744835799907e+01
5.024056450940695e+01
3.671638720515947e+01
8.782740793555388e+01
3.105143892162080e+01
4.344336616035708e+01
7.552056316077736e+01
7.744379433684227e+01
3.567121463626214e+01
1.448234613727887e+01
1.177716381464953e+01
8.717608660793681e+01
5.097205869433100e+01
8.027733125736812e+01
7.437216633668736e+01
4.386868865409339e+01
2.154296372157660e+01
3.579975037639949e+01
5.632969753645812e+01
5.066355180491859e+00
6.349611890665074e+00
6.821819905574350e+01
7.049229395133084e+01
8.754396777951344e+01
4.885893368574741e+01
2.128324225604685e+01
7.118012764080433e+01
3.895861093837703e+01
5.824870199814845e+01
4.517265737297603e+00
8.707739430809272e+01
2.660340402582819e+01
8.136220885504140e+01
1.241584038940065e+01
3.083349286151747e+01
4.823615907143623e+01
5.423885409451967e+01
9.279967797584817e+01
3.631340304217925e+01
5.593140351396585e+01
3.569077981435265e+00
5.055029157109107e+01
6.951450755331410e+01
8.002870924772168e+01
1.620517820874470e+01
4.388667384343533e+01
8.254925025745726e+00
5.655092357497240e+01
9.204578762503610e+01
3.233310144037618e+01
5.663997533574700e+01
9.410311537520174e+01
6.451662786515273e+01
1.829580777245378e+00
8.388021815748895e+01
3.448998841200489e+01
4.505323015388718e+00
6.189963489859348e+01
6.109561811252293e+01
2.518469590003821e+01
3.018518543345164e+01
2.322324222103844e+01
6.037674022856017e+01
6.739985107788810e+00
7.176981296938369e+01
7.712306192942107e+01
3.518667045756554e+01
1.416968689959947e+01
4.665600813303888e+01
7.150007349974479e+01
6.222122337772568e+01
6.038373613747942e+01
3.637419964018008e+01
6.256209782444039e+01
6.998624525497958e+01
6.906022227791149e+00
3.719945947509234e+01
3.044656032251500e+01
7.403236998898554e+01
3.570261040502349e+01
1.869593733860922e+01
1.056967033565495e+01
9.939748914884287e+01
1.924723778816277e+01
5.551844423428105e+01
3.627694250842414e+01
6.811255499167021e+01
8.895747092969599e+01
2.530436428510787e+01
3.402273833473340e+01
2.577717077256049e+01
7.993414480236086e+01
7.982679269268493e+01
9.067863435050410e+01
8.667412991014967e+01
6.276873893233423e+01
3.042371223234744e+01
1.440393566824679e+01
1.498253062133795e+01
3.245077265074978e+01
7.079761152658500e+00
4.574655096314221e+01
4.629498531403718e+01
1.275492348370837e+01
5.317111548649665e+00
4.283953539228045e+01
8.024129913199754e+01
9.469477552673537e+01
7.328609571479545e+01
5.894198317962791e+01
9.998914930037650e+01
2.695129305447977e+01
7.771052316655896e+01
4.930745114074435e+00
8.530200765715075e+01
8.633603019934894e+00
6.644028623888283e+01
1.816001535307617e+00
9.249592483625557e+00
9.051854903368212e+01
4.557851443326963e+01
3.502676325618604e+01
2.505119551208392e+01
9.704401884090342e+01
1.924788002821052e+01
6.123439309244715e+01
3.774357835657130e+01
3.914279506501872e+01
6.960037582069653e+01
5.272610897790925e+01
7.974185556161304e+01
4.701352098351974e+01
6.021254014233711e+01
2.126752921439126e+01
5.877153946029560e+01
2.753565093853308e+01
2.166471333320472e+01
9.867042298366800e+01
1.864507674176483e+01
9.495080909456630e+01
7.409093257695946e+01
9.694646769061055e+00
9.243884044347277e+01
3.260825599199546e+01
4.020676684575471e+01
7.466012997304095e+01
8.929293918856091e+01
4.147093605318616e+00
4.664140443626857e+01
5.698135078744095e+00
1.918434361889229e+01
5.451359970239624e+01
3.015640742618423e+01
8.402776042187017e+01
9.134377473562201e+01
3.887549025885551e+01
3.144076267790085e+01
5.188268188009163e+01
7.013945140416709e+01
1.486252924188158e+01
8.814488043456565e+01
4.988130691921399e+01
9.693176541334566e+01
1.118592965006173e+01
6.407458477843301e+01
9.769182717320129e+01
9.508240003841109e+01
5.457056660883620e+01
4.900797733525186e+01
9.280777447522048e+00
2.005811395126307e+01
8.399414456635441e+01
7.169132683039238e+01
6.719845070838856e+01
4.193218096249372e+01
3.484252604415758e+01
6.104055664550540e+01
1.907908195586833e+01
3.898961964947619e+01
7.816494585860751e+00
3.714568672568802e+01
2.710704334411167e+01
6.233009428825700e+01
1.094497321683214e+00
1.501321956283097e+01
9.462054529908139e+01
7.479663168769173e+01
6.855504683617272e+00
6.309948058943240e+01
2.751584575861499e+01
4.102436101111787e+01
5.559216134976231e+01
7.699804398091419e+01
6.664672641393111e+01
7.294234878986252e+01
5.647882132627014e+01
1.797889141271770e+01
7.132268951801709e+01
2.521565771904572e+01
8.502222685377218e+01
9.892022432709123e+01
2.742512609224074e+01
8.687039841286391e-01
8.768568895183768e+01
3.845731724913107e+01
5.863682178716959e+01
6.578924724170437e+01
3.706255710546978e+01
5.330685780071973e+01
8.434770260208644e+01
2.774277028056922e+01
1.389683681255990e+01
3.657076616611833e+01
8.200306961406166e+01
6.091138960836054e+01
7.291088200775482e+01
7.643445752395060e+01
4.251944261720378e+01
3.750273559126199e+01
1.570218941927989e+00
8.338668247842541e+01
1.965182601458012e+01
9.937940463394830e+01
3.804850854820037e+01
2.654078166305124e+01
2.603299684172170e+00
8.693599658409878e+00
9.135941378369901e+01
2.609734033518347e+01
3.975965815585091e+01
4.251662401599653e+01
3.048861256357683e+01
3.999561124481056e+01
6.388946509169855e+01
9.888664814591718e+01
7.845292849394163e+01
4.370981801473992e+01
4.838260083849663e+01
2.614892931941381e+01
2.269730890295343e+01
1.318433941955880e+01
8.888279585581404e+01
8.251420118963075e+01
3.477961906920169e+01
8.802579310165056e+01
9.678244264646547e+01
3.313061498716968e+01
1.411849791841512e+01
2.245745110439949e+00
7.309931124239196e+01
6.330544462581419e+01
7.596959763950184e+01
1.197494846394982e+01
5.965231301246784e+01
8.957796468845474e+01
5.030177978347139e+01
3.779975089142088e+01
3.237453579547561e+01
4.738112611108512e+01
2.449117415793760e+01
7.379094263249586e+01
7.262793284497593e+01
3.849431296740394e+01
1.378655383074030e+01
8.014836706228013e+01
7.866254517746276e+01
9.377264282376163e+01
4.726215738209996e+01
6.621263509905553e+01
4.137777864997172e+00
2.963302216009843e+01
6.363880674524177e+01
2.491000677687582e+01
2.613809058728539e+01
9.182610972403833e+00
6.752094070777342e+01
3.379372089812239e+00
8.734181671745228e+01
4.035025399194577e+01
5.670955267581602e+00
7.953588514567161e+01
5.006093408449597e+01
7.685733971970963e+01
6.713580296707144e+01
8.851851229021257e+01
7.616073455482756e+01
4.812279248057063e+01
8.006783415566562e+01
5.070174292228266e+01
7.765376059229196e+01
2.659508875878299e+01
7.440042480565627e+01
1.731663486795343e+01
9.242322253641824e+00
6.245235822277719e+01
5.188530937390649e+01
4.662328332039680e+01
4.487293537001728e+01
6.129136917241447e+00
3.094624729405448e+00
9.175077830057161e+00
3.576215907733988e+01
5.777481331386362e+01
9.445779495614479e+00
3.091825536960654e+01
2.819094123700212e+01
4.719546132124749e+01
1.530837557060103e+01
1.228948007910022e+01
8.031054073027826e+01
2.432221901804312e+01
9.182536522477184e+01
6.292631098205518e+01
1.896849005435057e+01
6.569179392684801e+01
5.145188460659789e+01
9.368353802416638e+01
4.537083881225941e+01
8.222447302296034e+01
3.098696345975015e+01
4.656362838417461e+01
4.677113594802615e+01
7.188451624097513e+01
9.682428147495924e+01
5.047230820659190e+01
6.291290417449218e+01
7.018588006970747e+01
2.160962467156799e+01
9.584769354939820e+01
2.118934212307881e+01
5.614468755952301e+01
1.201823382266715e+01
2.970311591853533e+01
2.359857653435253e+01
2.483232441583291e+01
6.873830243420707e+01
7.833917396065740e+01
7.697431877114546e+01
5.004551450258378e+01
1.739883488854339e+01
4.553597217683492e+01
3.488758147456105e+01
6.378708806065241e+01
6.097405262336789e+01
9.666398637772723e+01
6.192787632435927e+01
2.540556463664657e+01
3.063192075613510e+01
5.590861991788662e+01
6.803538932839194e+00
4.831110683656814e+01
1.133962469703500e+01
7.447233296673387e+01
2.361233701166340e+01
8.763579530065684e+01
5.096133786764058e+01
2.247462576370436e+01
9.982607546254344e+01
7.823362093336583e+01
3.355941177977221e+00
6.992513838686288e+01
9.689195030224134e+01
6.882339449078934e+01
2.920507836584239e+01
3.771229970162376e+01
3.999369635246401e+01
2.545845607549812e+01
5.054876271195187e+01
3.758217838480239e+01
1.535701272792975e+01
3.550432433164880e+01
7.425287457846704e+01
8.900556391524410e+01
4.651691766759237e-01
6.707657154979024e+01
8.337731281452687e+01
1.100295028230313e+01
2.486877097974940e+00
7.383984838325523e+01
9.149227491183778e+01
6.908892792141481e+01
5.697197809674404e+01
5.772308407245348e+01
6.613806084084234e+01
4.877530883474988e+01
9.496432239886575e+01
1.920065196193785e+01
7.124993464502037e+01
1.989634773689152e+01
1.970484280945027e+01
9.967092811114664e+01
9.538772757881681e+01
9.642308056187959e+01
1.483230004777773e+01
1.012914847122931e+01
7.925186901318462e+01
1.573216855327234e+01
3.642089666632046e+00
2.980063167857035e+01
7.179401152385120e+01
6.829018987169964e+01
1.272675055671798e+01
4.604688610231825e+01
2.643924249635974e+01
7.027495264554162e+01
3.509069049502289e+00
8.158600157200638e+01
3.922006210275929e+01
5.772156191883682e+01
3.493190008910927e+01
7.024422295868592e+01
9.091794327409842e+01
4.789505915152611e+01
3.783012695509480e+01
2.071159049901719e+01
1.673571007174240e+01
4.109618619135404e+01
3.140697154747647e+01
2.094555884643717e+01
7.339435665560623e+01
3.706028425929150e+01
2.061648691101768e+01
6.345807307560838e+01
5.633037255906051e+01
1.691542948452543e+01
7.636239522898681e+01
5.965386673791981e+01
9.027478340560327e+01
6.576205830358064e+01
1.222040854032170e+01
6.206879488288835e+01
9.541808427098118e+01
1.010242058434636e+00
6.901783080260169e+01
3.889024315350235e+01
6.909642166881656e+01
2.590351152508683e+01
7.694002970910633e+01
2.893797030157315e+00
4.110942121646806e+01
7.790461144312499e+01
5.157819402011958e+01
1.793100797474897e+01
2.318984261862461e+01
6.908335605127893e+01
2.186947135341795e+01
7.288546686660753e+01
2.170748590571223e+01
3.865660817299811e+01
9.383102571304470e+01
6.074398288537933e+01
7.860670363465636e+01
9.922808990777847e+01
4.685155304467844e+00
9.359460426196205e+01
9.288503187377239e+00
5.977853115637718e+01
6.862272204301448e+01
9.451800202695560e+01
8.270919624842200e+01
2.087326604913607e+01
2.239877824783268e+00
8.981155124018507e+01
1.360049527771794e+01
1.716006967106837e+00
2.129820344098760e+01
4.954131713581333e+01
8.305101645321167e+01
9.823823315009392e+01
5.831128021623533e+01
6.798932345956067e+01
1.175205214496332e+01
5.149946271046040e+00
4.899003964336125e+00
4.369760302067623e+01
9.591170241865873e+01
8.978389072687546e+01
1.658306984071763e+01
7.955197830663620e+01
5.828679961072598e+01
3.519036915860622e+01
6.466325594329427e+01
8.838474777917598e+01
2.486160817782470e+01
3.828774231406290e+01
5.652953742841703e+01
3.310368081233636e+01
2.645939235876286e+01
3.594683326592056e+01
3.767519054826125e+01
6.923710832802445e+01
1.488631359063383e+00
5.818239294839203e+01
2.940547593375923e+01
4.888183392997917e+01
2.752442729078439e+01
3.427211988450593e+01
1.713045072608183e+01
8.719009383916394e+01
9.652103767568294e-01
1.264475160867197e+01
2.140567918373536e+00
8.099132915073602e+01
9.687270284484732e+01
8.302523851535527e+00
1.376713514969085e+01
2.675716580206397e+01
1.219423157730803e+01
9.550550025678496e-02
2.822199232327844e+01
4.731572472831036e+01
3.993830282238233e+01
4.913638911635447e+01
4.643386762888817e+01
8.724564210849145e+01
1.718876306767984e+01
3.221585020991780e+01
4.601813817677002e+01
5.314554113575516e+01
1.283121551984512e+01
7.693254052518520e+01
1.720058625433622e+01
1.792021860271702e+01
2.082904615478080e+01
6.599997690226883e+01
1.382020177031877e+01
9.005432487002309e+01
9.864650703903590e+01
8.268537329634903e+00
1.104504303589698e+01
4.228810036661480e+00
5.117717159501145e+01
6.262835597741807e+01
6.172657779498331e+01
4.496361932017078e+01
8.503869687441676e+01
3.015324721585645e+01
1.564243408648410e+01
9.723292849829092e+01
9.436030178068219e+00
7.802992927750103e+01
7.741896979390596e+01
5.089633271605537e+01
5.154481625722014e+00
2.084671003783434e+01
9.355815676672299e+01
5.935052882849730e+01
8.349801240651774e+01
4.167381899509291e+01
1.823301344096335e+01
6.393871072863169e+01
4.944002695821227e+01
3.122863212191902e+01
7.825855765410633e+01
3.890409694933524e+00
2.201118973177448e-01
3.189710324252821e+01
2.302134187101449e+01
3.483711557222396e+00
1.580417650556386e+01
5.810236533084063e+01
7.712521640450006e+00
4.136791175295036e+00
4.947114593790432e+01
8.799836234562022e+01
2.340068631963836e+01
4.388516198093312e+01
9.465242009360921e+01
4.914406815038252e+01
3.169231602535225e+01
5.659646501606166e+01
8.822081614668519e+01
8.808366408948027e+01
9.480282687340063e+01
8.741585355597356e+01
3.946458196242553e+01
1.050954405707752e+00
9.135247859701164e+01
7.341092935456473e+01
5.208319409381746e+01
4.399947893992042e+01
7.619418076993627e+01
7.535168904594690e+01
8.794521646944118e+01
6.791657524552038e+01
3.200395513884907e+01
7.178707042326549e+01
6.950247933599282e+01
9.519556644148918e+01
3.600661532767425e+01
3.554256597326257e+01
6.507173872788984e+01
3.630299951709015e+01
8.967647742930636e+01
5.925424558075808e+01
6.970367094953716e+01
7.762617188395289e+01
2.253599139979854e+01
8.256411691315664e+01
2.622612934849510e+01
1.275583156978517e+01
4.578882448644788e+01
6.642768358179725e+01
8.884002598414199e+01
4.059165135984852e+01
2.151548276725946e+01
1.579340501492536e+00
5.639797661285753e+01
8.513191136770504e+01
6.546074182980729e+01
1.090502809309635e+01
8.770150443897653e+01
4.069792732628898e+01
7.811862238595198e+01
7.564672086185156e+01
9.822229137561391e+01
1.284931745047184e+01
5.903723987705877e+01
3.342588042534230e+01
7.315354606749189e+01
7.757676615266909e+01
7.943466966014108e+01
4.692497516373404e+01
6.867618563988999e+01
7.867224019890290e+01
4.799968495406196e+01
3.837985658942715e+01
6.006190397779546e+01
2.401874182932951e+01
7.168562490105892e+01
5.021975093997072e+01
6.284665379805801e+01
1.747444938750679e+01
5.337459354352886e+01
6.368614941075731e+01
6.072024659287196e+01
3.950821763812947e+01
9.367950134616322e+01
4.896712379947636e+01
1.308344272574570e+01
6.406484491381089e+01
7.578705287342288e+01
3.553689612799180e+01
7.055953939937034e+00
3.998212564735772e+00
1.485747588558936e+01
5.281572907828527e+01
5.084402717223578e+01
7.220404263222778e+01
3.275840349158198e+01
5.034464246143803e+01
2.777679112170673e+01
1.896663001690369e+01
9.799526343028772e+01
5.485514339751337e+01
7.548026976896463e+01
3.429977378542524e+01
7.917605227752405e+01
1.171390945637315e+00
8.439059601369807e+01
8.957485118395410e+01
3.392787614554534e+01
9.976312802162167e+01
3.610778219816637e+01
3.649681687191912e+01
2.429748239195789e+01
6.937688485224585e+01
8.489985157963812e+01
8.738554566511210e+01
1.611528076050583e+01
5.195242490244677e+01
4.960763498656807e+01
1.594850524139987e+01
5.388526919013135e+01
9.013938889379585e+01
3.320123843532114e+01
9.019747268883394e+01
5.895495883140478e+00
1.082853149195599e+01
5.242448758912482e+01
3.865389942128859e+01
7.065862332035722e+01
7.326116956456619e+01
5.204043986836469e+01
5.695871215172053e+01
9.622333911071686e+01
9.442638004870450e+01
5.101203175774405e+01
1.423247433930285e+01
4.161046833806228e+01
3.463150064210943e+01
2.200328815821711e+01
1.126767201873831e+01
2.288633162290153e+01
4.843309849893353e+01
8.032149108141731e+01
6.657276547819970e+01
9.693704373060588e+01
4.944455998458181e+00
5.211555555095689e+01
6.657588545539225e+01
5.353389096145234e+01
1.978354389769190e+01
5.638176312501625e+01
9.489471469768077e+01
6.055358008507340e+01
1.995394845490994e+00
6.363745972683535e+01
3.168393086254780e+01
7.000543664675459e+01
2.327845879983085e+01
6.381165951667897e+01
3.319866761248497e+01
6.404841899129022e+01
1.012845021212867e+01
7.795945162789870e+01
2.532585506575455e+01
5.556360518353228e+01
2.666865043652647e+01
5.647137288771168e+01
1.701496821689185e+01
8.638912154659121e+01
8.886684402305021e+01
8.520861272011354e+01
6.775335099909145e+01
5.112428136687925e+01
6.329761173729673e+01
6.596254425400987e+01
4.360249696467189e+01
8.808072977144306e+01
3.651302356110561e+00
9.116623112520493e+01
2.909017523242635e+01
3.678201257101354e+01
1.364601171279606e+01
3.662950938410569e+01
9.723707232495633e+01
2.915281729267576e+01
8.762234965694246e+01
3.619667242104033e+01
6.636946753895351e+01
2.825285495643171e+01
2.859268064079465e+01
1.168007506601516e+01
1.236535451019432e+01
6.462108286312832e+01
6.161659432650385e+01
7.872283858187629e+01
6.893395570522824e+01
8.828524476303032e+01
3.930008478430103e+01
2.086646874475594e+01
1.654686043809487e+01
3.924139590898594e+01
8.697270163659599e+01
1.917774310297228e+01
5.622974403958290e+01
9.788320357812718e+01
8.586329318856043e+01
9.949401435418707e+01
4.653568619235217e+01
8.331401924757009e+01
4.197631983178496e+01
1.431991165239360e+01
9.961184957046613e+01
5.623454123560086e+01
6.706530259319828e+01
7.029903431902595e+01
8.781927967808176e+00
7.301279719593600e+01
4.845173435679252e+01
2.708016188213610e+01
3.436337548045599e+01
1.701107389154429e+01
7.678193928524010e+00
4.672872999065031e+01
3.631063282317977e+01
3.074581396335076e+01
6.705315786742286e-01
3.125778093526968e+01
1.092783725398026e+01
6.640593668744245e+01
2.821057109544546e+01
1.398233897703809e+01
8.517581670786059e+01
6.869619021597141e+01
1.177490912926146e+01
8.947384482690778e+01
8.687719264387954e+01
1.851576828328695e+01
8.039390834998056e+01
2.357233670706504e+01
6.605071344694622e+01
5.073625969269139e+01
4.448473683767241e+01
8.726204209367839e+01
3.507170166590796e+01
8.430414832397557e+01
3.857391594842724e+01
2.186886045237484e+01
8.840570421349523e+01
5.925434998201875e+01
1.228820952227721e+01
8.913518855773620e+01
4.258122618430351e+01
9.191376505974389e+01
5.097125379879552e+00
7.889185900748328e+01
9.025614903786040e+01
5.705018958870796e+01
9.342597340858819e+01
4.928124400287924e+01
3.003475271632651e+01
7.522581465320000e+01
7.753085991252719e+01
2.229636028515937e+01
4.680605416503085e+01
2.555125636307116e+01
4.175608527928409e+01
2.758002184684389e+01
4.406702469292424e+01
4.409582933601729e+01
4.682632444744293e+01
3.543693122241503e+01
5.464431632060759e+01
6.395942972226042e+01
7.218827962511605e+01
2.614403102833034e+01
4.103322501342428e+01
3.090223159217380e+00
4.566050304363505e+01
3.992886419404711e+01
7.464123711671738e+01
8.889062543813634e+01
5.968566940151419e+00
8.937139575806046e+01
7.468873466117715e+01
7.578978332494842e+01
7.148383668227299e+01
4.370370397516699e+01
9.623681842174233e+01
3.770602323939373e+01
8.579330238783420e+01
6.996051649095514e+01
1.293183784602761e+01
5.535759849257656e+01
8.298017107089059e+01
1.723306366113623e+01
5.945947713193459e+01
7.486027696861899e+01
8.447329643390761e+01
1.222359678345900e+01
3.293203936560640e+00
9.748310805181187e+01
2.149968232098021e+01
9.188757333526740e+01
1.327165547445028e+01
7.490549593926663e+01
1.454404663040491e+01
8.161470386274844e+01
7.799571914505015e+01
2.542795987121200e+01
3.627109966998505e+01
2.197997994813136e+01
7.898055202280196e+01
9.192909374457277e+01
8.580540995383888e+01
1.321467245612977e+01
4.624913462728688e+01
8.656500428289408e+01
4.897284998976292e+01
4.958860932364529e+01
3.429883389468251e+01
6.681748384927282e+01
9.743270138159055e+01
8.243173364663112e-02
7.280159372501149e+01
4.593713690803253e+01
8.530756220468672e+01
5.758981176539781e+01
8.279086648616514e+01
6.990983112245324e+01
7.702353516454973e+01
7.158698149565001e+01
7.944579100210490e+01
2.169468785715042e+01
4.019465299332265e-01
9.321634308119134e+01
9.530380153809851e+01
6.456808460157741e+01
7.818474726666918e+01
6.082155753896645e+01
4.375602940272355e+01
4.357754850926695e+01
5.221503449241399e+01
