1.680187192596582e+01
9.550850833557011e+01
5.333502052972793e+01
6.865661720217048e+01
9.905974985987868e+01
5.924468290025586e+01
2.698064922680177e+01
2.339176988387097e+01
7.991242929357682e+01
3.019944016365309e+01
2.348814151412255e+01
8.698635314916557e+01
5.661821228294550e+00
8.940272177076094e+00
4.110418555378178e+01
5.657530229379204e+01
5.674262468551407e+01
7.527364910360130e+01
4.552698891867278e+01
3.820761918938142e+01
1.632445911705702e+01
9.156022504510368e+01
5.452926892532467e+01
8.297124439057487e+01
9.115388737579522e+01
3.734458672690419e+01
5.541853544088944e+01
2.832330620303904e+01
4.560196718461903e+01
6.449235303536632e+01
3.406217300056581e+01
2.862417862220862e+01
1.267393334427566e+01
1.134884697913604e+01
4.758360625597816e+01
7.092455782504965e+01
7.059352987939191e+01
7.456425548277994e+01
8.760473871957731e+01
5.050595917296873e+01
8.585277762536554e+00
1.109288018713374e+01
3.749231227556817e+01
5.614802206687072e+01
2.003315236420983e+01
9.343676236152498e+01
4.985321455162635e+00
9.543449631679547e+01
3.530097149093680e+01
5.051231037383541e+01
3.364211545961076e+01
2.246120470690597e+01
4.207253541893910e+01
7.142776389207121e+01
1.920878711119703e+01
7.707529830610160e+01
3.267554544502661e+01
9.012058893689913e+00
9.789893398894878e+01
4.586142215219392e+01
1.301305043185737e+00
8.029703571474973e+01
9.327998975910245e+01
9.767139684300469e+01
2.790860223020827e+01
3.403079320398662e+01
8.827817397577602e+00
3.745684103921840e+01
7.506758001403306e+01
7.648569819353787e+01
9.188968850853372e+01
5.715270813421937e+01
5.793950490557565e+01
2.585340874542175e+01
4.489965748270026e+01
7.797265726978549e+01
4.555814761927265e+01
8.922190917153931e+01
7.340715358658095e+01
5.832005350772293e+01
2.912818124942862e+01
9.978120750737432e+01
9.159649009425030e+01
7.120071666836772e+01
6.626257182390549e+01
8.168050999831432e+01
4.300460510095796e+01
7.873648790583783e+01
9.069256889200423e+01
2.506921488096435e+00
2.459791005803175e+01
8.776209684450276e+01
8.280395724941229e+01
4.938632131059948e+01
2.352462318890012e+01
2.550044126133455e+01
3.769230285551972e+00
2.100908231037160e+01
6.335557855821941e+01
7.883681029958501e+01
1.052675550362410e+01
5.167124650984595e+01
8.617713911746495e+01
9.596885796448629e+01
3.792631767593618e+00
8.088917586993854e+01
7.516803679762782e+01
8.201999034826643e+01
7.011108499491172e+01
3.893244952845036e+01
4.034004380942324e+01
1.069194311773961e+01
9.546726974447597e+01
1.506937384375807e+01
2.507031388816904e+01
2.445875141977275e+01
7.802056925279115e+01
1.962585501355392e+01
3.195239325610567e+00
7.778071662307751e+01
4.550567010673958e+01
7.391207636050511e+01
3.741661093077465e+01
6.665325144615642e+01
1.389619028842831e+01
1.780688106911578e+01
2.924494516534961e+01
9.893780946682105e+01
7.337214088690102e+01
9.260052377013514e+01
9.650223087356530e+01
4.814925149462616e+01
8.707976717831556e+01
7.814760258335043e+01
9.053791341862544e+01
3.477654342296373e+01
5.522802139410191e+01
5.606320936049484e+01
4.022317828620932e+01
5.204080820644312e+01
9.499565888894520e+01
4.424731658969415e+01
7.324145868105882e+01
6.972151150448317e+01
2.776214807655762e+00
5.834500620064559e+01
7.921135033444099e+01
5.646137965678302e+01
6.948856360720870e+01
4.518682493138445e+01
4.865015440091964e+00
4.703027300864005e+01
9.642451754604676e+01
4.353250462726341e+01
7.611180594009898e+01
7.241789618153959e+01
6.255165574259668e+01
6.644683650994992e+01
7.254179766054349e+01
2.383236425175907e+01
1.855357178419529e+00
8.658554762908516e+01
3.890907132947309e+01
5.330948971831682e+01
6.416317637272327e+01
9.392733596913858e+01
3.882472703178633e+01
7.601027939282837e+00
5.866146211450057e+01
7.720017497297384e+01
5.964183614572596e+01
1.190735488753177e+01
9.046377832557251e+01
3.514680561383572e+01
2.148323032142745e+01
1.744359993256796e+01
7.941369315582034e+01
2.518917872812095e+01
6.371856963435122e+01
7.453344416550055e+01
5.555072732062578e+01
6.858358512100931e+01
1.205107230322951e+01
6.110311982273270e+01
4.052960911790356e+01
3.690904403892767e+01
2.557923301382886e+01
3.081264813934111e+00
1.692876611693239e+01
9.812103067437235e+01
9.469098942107101e+01
5.353074798059219e+01
3.829524947250972e+01
7.791413277290489e+01
6.486456518287984e+00
2.926717709250151e+01
7.720467284191618e+01
4.531118359664045e+01
3.464005549188705e+01
9.287131158303065e+01
8.804318340869769e+01
7.767563098002022e+01
4.978780050286455e+01
5.041026731506469e+01
7.875627771893343e+01
4.794501040500822e+01
7.510383616904906e+01
9.223612970311015e+01
8.177975401365187e+01
3.882240580340028e+01
5.543966295916572e+01
3.733048128771153e+01
4.916889953853977e+01
6.339233781369046e+01
7.669345935652659e+01
7.793417679049735e+01
7.848297407779981e+01
1.488495916821294e+01
2.104633493397680e+01
9.541174019473220e+01
1.300598979601915e+01
1.740636351397557e+01
9.993558339771609e+01
5.130123931509500e+01
3.813331096346179e+01
9.144720872465857e+01
8.558051045312570e+01
7.529717650045509e+01
3.675839227473288e+01
2.346032444548808e+01
6.816848803691961e+01
2.480157563686444e+01
8.721240725704115e+01
6.748384813195274e+01
9.982407549387965e+01
5.897534799714356e+01
3.640604733322098e+01
7.492791161636259e+01
3.004010656384756e+01
1.818580130030671e+01
1.757724504805041e+01
8.712443480599879e+01
5.551628258801824e+01
2.115630825104020e+01
3.903978063680221e+01
4.482200874240231e+01
4.567490473653883e+00
1.678005648626948e+01
5.970696791061525e+01
2.010877305646835e+01
5.236112314852007e+01
7.271295770663440e+01
9.027717653209211e+01
7.394322300047764e+01
8.259142464147480e+01
7.806675833559909e+01
6.539043167857007e+01
7.594464862530337e+00
5.336393483605419e+01
9.619201719583572e+01
4.511220084741348e+01
2.153242282640768e+01
9.948080549923741e+01
5.403700645735348e+01
2.499367521376986e+01
1.661581989220149e+01
5.577550123248971e+01
4.042253375073081e+01
1.702386607277387e+00
2.708312539713603e+01
8.116496283615238e+01
3.843941406274188e+01
4.736349147156044e+01
7.318620657231017e+01
3.484381001202567e+01
6.472433272969180e+01
1.800821526814635e+01
5.700920478301551e+00
5.602197873220871e+01
7.771518317876159e+01
2.580969353476991e+01
3.794644821339587e+00
5.042814083882987e+01
3.594039284435119e+01
1.894767252679340e+01
2.811553661158100e+01
1.400715117995029e+01
8.433810420536348e+01
8.203680272308961e+01
6.481932684072262e+01
5.171470053108163e+01
8.011182797146581e+01
6.486702336225054e+01
5.221124633783998e+01
2.057121271294132e+01
3.600905716233378e+01
4.021180264661638e+01
9.883457440828653e+01
5.146570683059548e+01
4.191418925389377e+01
9.675376461667649e+01
6.913563081488742e+01
7.675042314303593e+01
4.274070050695013e+01
4.232183734063145e+01
9.397590551244835e+01
6.568504127938535e+00
6.033005260877780e+01
9.967682603731603e+01
5.885227148367663e+01
3.804523574097326e+01
5.780162217924448e+01
7.594932386463010e+00
8.847337657980312e+01
7.617899685920169e+00
2.654260491325641e+01
6.291571439379626e+01
5.279157271273041e+01
4.657267874412829e+00
4.495251711688587e+01
4.280514956582577e+01
9.736763718415408e+01
2.738551033073361e+01
3.170865836167180e+01
7.567474389247351e+00
2.517270758988928e+01
9.915476893035451e+01
5.101676743990591e+01
4.807680726427436e+01
6.905356932853050e+01
9.293095669379969e+01
4.483057183438473e+01
5.243237328363227e+01
5.029784988160145e+01
5.855367638103369e+01
1.609999561500736e+01
4.427375539404981e+01
9.551633205056019e+01
3.191460153642791e+01
7.198398284240811e+00
2.599097496177581e+01
6.610526375756845e+01
6.943710091031953e+01
4.652998631192836e+01
3.346208233081833e+01
9.797952161076456e+01
9.224435221042687e+01
9.637779677118073e+01
6.298076830011828e+00
9.064652309317447e+00
4.133031384150046e+01
8.882952699848894e+01
6.543662076137802e+01
5.711634874209592e+01
6.750168188824397e+01
3.592926651981159e+01
6.695670758697983e+01
6.450212731235759e+01
4.838289546239324e+01
7.563164079358413e+01
3.571002005399671e+01
2.891992900004607e+01
1.745450963147660e+01
2.122474341710319e+01
3.210890536760395e+01
4.999829300213526e+01
5.056307429939652e+01
4.981699257614882e+01
2.593510836639214e+01
5.750654435600458e+01
5.517196392415649e+01
6.002548437566752e+01
4.561080646031108e+00
4.745005618196449e+01
2.572723162627184e+01
1.872763047866879e+01
9.406868815145860e+01
1.797158383669871e+01
7.741751497491147e+01
3.667649349042983e-01
4.696779090304290e+01
4.012817048473664e+01
3.050122821261232e+01
2.158934353924792e+01
7.303986599344753e+01
3.028187613481743e+01
6.972305479912229e+01
9.758699652626504e+01
9.478400344717502e+01
9.520143745243617e+01
2.173769568174039e+01
9.444208014497630e+01
5.044682475293373e+01
8.108180341361174e+01
8.851177426451434e+01
7.375840995170103e+01
3.021673240243305e+01
7.416237684626243e+01
7.181052839002132e+01
9.598645092732573e+01
1.261819378129123e+01
9.957462842556399e+01
4.761861937475327e+01
1.717927442732233e+01
1.710620197332753e+00
4.972833862981216e+01
4.491393819680155e+01
2.177859652870269e+01
1.510908930334686e+01
7.724906740582040e+01
5.721475629006269e+01
2.080739583857702e+01
5.858913741940127e+01
7.842508283370411e+01
4.239673942439106e+01
2.395437635665498e+01
3.696662375562202e+01
7.528374622356321e+01
2.154137283635390e+01
3.175062715623092e+01
7.048518362943325e+01
7.527739208903043e+01
2.619270725464109e+01
2.093200833580084e+01
4.396660166977281e+01
5.254207847292631e+01
7.692207027083359e+01
7.348553239064549e+01
2.272267207630103e+01
2.204199182896036e+00
6.947198331797122e+01
8.000061101280181e+01
8.230375311444689e+01
9.428671286175341e+00
9.453202513723264e+01
5.817538348872930e+01
7.223085457097313e+00
3.387115487543454e+01
3.162847595830843e+01
7.426609921933436e+01
1.112022223468880e+01
6.237414468190360e+01
6.382059155209949e+01
3.912194973748268e+01
6.583055149104005e+01
7.013797148602920e+01
4.070819264310794e+01
2.797175200095948e+00
5.191728490218828e+01
5.560056690853116e+01
2.381826402797283e+01
1.590690129245953e+01
3.087795899756158e+01
6.715495310125638e+01
5.250317214639074e+01
7.870053992546188e+01
9.524350752832531e+01
1.757890485114367e+01
5.218607226954125e+01
5.886420926957587e+01
9.649010463454300e+01
2.165805554094634e+01
3.886482028237769e+01
7.879385774898988e+01
4.714197411534468e+01
2.782203696101068e+01
2.387691402057042e+01
5.436505961900813e+01
6.169319188301134e+01
4.190989073454863e+00
6.129889584206924e+01
7.281341411770015e+01
8.495376551754482e+01
7.799150230269484e+01
9.691734812078874e+01
5.078431696201876e+01
8.349320766678694e+01
2.998311143833358e+01
8.678762032035162e+01
1.907295017460033e+01
2.836773755418497e+01
8.812929461157383e+01
2.050671829865627e+01
6.422092945511496e+01
3.617660945103346e+01
7.777834314749499e+01
5.292762459857744e+01
3.419475808469335e+01
7.110660787257673e+01
9.970414941185346e+01
9.305896735426921e+01
6.759671246055360e+01
8.019519419418424e+01
8.799926386587288e+01
4.653256980075155e+01
2.733716826296280e+01
3.022532329439434e+01
1.909508296246411e+01
8.170222788197093e+01
8.055742014225451e+01
9.607544583085712e+01
4.300112367747404e+01
3.835281852556059e+01
8.102921130183582e+01
3.204125158118142e+01
2.910057726739932e+01
3.181352821728844e+01
4.466800673150830e+01
7.289570736367988e+01
2.330314927888249e+00
6.374095690610864e+01
7.830557058486416e+01
4.325840987416841e+01
2.198529887105585e+01
5.659747280022012e+01
4.946150344305742e+01
7.367151424925379e+01
9.783162739958224e-01
8.078881608358995e+01
4.477812207526440e+01
7.084430194033510e+01
4.964784460591518e+01
1.237483448925187e+01
5.103949608795322e+01
3.097778020006501e+01
3.046377013924707e+01
7.837666439748214e+01
4.131745679365352e+01
2.903288883577701e+01
6.162110472173481e+01
6.614874231915397e+01
2.510833462006801e+01
3.255980374876400e+01
5.700890373299313e+01
6.137545875337694e+00
9.373460290661761e+01
8.610948104695858e+01
1.185876951173822e+01
3.840260959155979e+01
3.604731403107164e+01
2.334609451859542e+01
2.215978634644290e+01
1.435288456936967e+01
9.687040955613851e+01
2.412886536872427e+01
3.460943374531783e+00
3.487739089637873e+01
5.307811687378125e+01
3.261614489956580e+01
7.585340602130321e+01
6.525084691366686e+01
9.029167838873884e+01
2.550125058065227e+01
6.328668643873496e+01
4.180260330522555e+01
6.979335871049825e+01
2.385518398315422e+01
3.287660727877012e+01
8.652658238379591e+01
7.688634580787567e+01
2.157585985100635e+01
1.114681275149193e+01
8.221677159062436e+01
9.603551542201801e+01
6.815571653105120e+01
8.835431746596207e+01
3.115678286699428e+01
8.990368130146697e+01
9.118012282586663e+01
6.468959761070534e+00
1.110162162738928e+01
4.965148612374975e+01
8.612526258738956e+00
2.375748829159769e+01
4.652189563332214e+01
1.814286025154538e+01
2.497437765122129e+01
6.994564736725094e+01
1.010606964589379e+01
3.602533039451825e+01
8.561185434721962e+01
8.723535602317907e+01
6.105096934412185e+01
6.714108091180263e+01
7.549712088680693e+01
4.158618889822912e+01
5.413536394673184e+01
8.462104750081014e+01
2.145570876144604e+01
2.521725367997646e+01
4.172948442480038e+01
4.138301901583700e+01
6.244788573237503e+01
2.394625596885861e+01
3.784071865391020e+01
1.906832541295715e+00
1.230057338825454e+01
5.907068823420940e+00
6.095928887881306e+01
3.860596499340886e+01
2.607271854117174e+01
4.648454158868852e+01
8.825745111715861e+01
1.268557897428310e+01
2.984613181550341e+01
3.477934670391462e+01
5.372994656382591e+01
7.626224955369824e+01
3.770319281038977e-01
5.417281359162778e+01
3.371483782944961e+01
4.220560134491213e+01
4.140816956824072e+01
9.476580717357146e+01
9.346682210148630e+00
2.478755611217933e+01
1.031671939898130e+01
8.356064594516562e+01
8.257471648164780e+01
2.817990953483615e+01
2.992929920085208e+01
2.430420085988203e+01
1.272578724321247e-01
3.991606526072885e+01
4.825045682874064e+01
7.032149814549904e+01
4.182289780202456e+01
6.055103026356130e+01
6.121109568570326e+00
4.414629132679956e+01
9.915699525697018e+01
3.219382810974206e+01
1.620720178643577e+01
8.741444632756266e+01
7.737093008000913e+01
9.562940709089366e+01
2.219379298491114e+01
6.179650079542608e+01
7.175372236955619e+01
7.586618791141836e+01
1.596931434048773e+01
5.468560152439662e+00
6.496516534358504e+01
5.737748390872846e+01
7.320775183532749e+01
7.431184755373367e+01
7.429330911221602e+01
7.993195260871758e+01
5.787249349889927e+01
8.678910820129751e+01
6.929532562815368e+01
8.738922345796098e+01
1.690641255905219e+01
6.942258350058579e+01
3.953507916980194e+00
3.708029004609226e+01
5.573299753280961e+01
4.577640571900476e+01
7.101155732339787e+01
2.033378981069373e+01
4.377133354720256e+01
7.016855253380190e+01
2.056616005514104e+01
4.306111379669100e+01
2.837321475538109e+01
8.320704781599672e+01
8.388021000841643e+01
4.685842634498069e+01
4.500354856485666e+01
5.563393233140648e+01
4.183554511602760e+01
6.097286290534439e+01
6.110249248384613e+01
5.671961617503298e+01
1.835034676750672e+01
6.205657895750208e+01
9.798357142041604e+01
7.368149970363895e+01
7.188794648828355e+01
9.968586210146819e+01
8.664625416819297e+01
7.284760245720278e+00
2.307850915150647e+01
3.552666680679036e+00
8.435771012881665e+01
2.259912738697562e+01
8.425796631921919e+01
9.732328238772381e+01
1.345321834713836e+01
5.526952359605093e+01
3.066371666764082e+01
5.722455189434093e+01
6.601850216557203e+01
7.594703015682614e+01
2.968511731814831e+00
8.302107489808512e+01
5.915407792625673e+01
9.326520641020741e+01
1.640273584816732e+00
3.171016463623856e+00
8.752211382962862e+01
6.533422240304492e+01
3.690167108406391e+01
4.609198954240046e+01
2.821993121328760e+01
8.348083616396451e+01
7.491114021973272e+01
2.620350258713751e+01
5.716233582103734e+01
7.931679579397515e+01
6.189278832724914e+01
2.130707629085848e+01
4.749804932973257e+01
3.805827891363683e+01
4.254714406214056e+01
3.110592334117085e+01
5.735091541770423e+00
7.168640162408650e+01
4.432125945776760e+01
1.918830993547491e+01
5.777564642847312e+01
7.934387139014149e+01
7.641286182981584e+01
7.512710060697379e+00
5.529090150040150e+01
3.251649813378067e+01
9.053378495878250e+01
1.444497942665824e+01
2.578170449742195e+01
5.333165161001108e+01
4.802985654586453e+01
3.623327852051392e+01
1.866587396648986e+01
8.493152762992844e+01
8.232526806291438e+01
5.150161746493615e+01
8.826765468729086e+00
8.975411736860598e+01
4.681612232086068e+01
8.037382228317384e+00
6.907091311601499e+01
4.857036287364102e-01
9.312597200885693e+01
4.186899244872341e+01
3.854398254237324e+01
1.870665620952223e+01
4.501940433169687e+01
4.427907413070978e+01
6.247822640579111e+01
9.042080374919847e+01
6.346738406618469e+01
4.816870421551573e+01
6.794335230623529e+00
3.988024584943440e+01
5.206557044389917e+01
1.578629888397935e+01
6.176846249111391e+01
4.259935535611555e+01
4.755600520761497e+01
6.647744642872244e+01
9.593100696612662e+01
1.412707763450550e+01
7.978126475577302e+01
2.960566432662572e+01
2.077251231333824e+01
3.157079044336956e+01
6.556463924495719e+01
2.932283949541060e+01
2.132490781197553e+01
9.224922791693790e+01
1.236271081136666e+01
9.039582092799053e+01
9.273493154567430e+01
5.488682773657461e+00
7.087430724449190e+01
3.127891408804753e+01
1.628970839841744e+01
6.437060891854139e-01
1.016835445080341e+01
5.429316710414977e+01
4.111794947698617e+01
8.879961184635741e+01
6.153947974626882e+01
1.870169533356172e+01
7.890561808781028e+01
5.051987136272707e+01
2.997528930659187e+01
4.067408057892419e+01
4.941292621633640e+01
3.807840842664167e+01
5.758581415637667e+01
3.878881830665694e+01
7.816975544121570e+01
2.931846865886751e+00
2.926414009615040e+01
9.894226780112007e+01
3.450263730925631e+01
1.948419759025993e+01
4.297870041009909e+01
5.582754512123184e+01
1.173342546063169e+01
7.086054006165850e+00
4.622336604922236e+01
4.468357006305995e+00
2.500072420807589e+01
9.676173901965922e+01
3.574727109435353e+01
2.370452537373850e+01
2.683387395312724e+01
4.562416521162920e+01
4.958192913307899e+01
2.113024570100487e+01
5.387405760301001e+01
8.798447288013271e+01
1.553633427970872e+01
3.686424351151299e+01
9.803327075114160e+01
9.762067817972072e+00
1.075036987231596e+01
4.089108209167192e+01
7.936019975662241e+01
2.359665456395441e+01
7.967990039832885e+01
5.752995519783811e+01
2.652850142984116e+01
3.438665421418224e+01
5.647222295239206e+01
8.870867541465381e+01
5.909024628768221e+01
1.255622218016359e+01
5.463092413480902e+01
5.397760665695072e+01
4.269235662310028e+01
6.308204990955165e+01
1.733214343773767e+01
4.747246170764438e+01
2.172194841398017e+01
8.440887685139145e+01
4.700732838688760e+01
7.976142777118899e+01
3.003304201645453e+01
7.627131420945344e-01
4.310579921263540e+01
6.613474156061874e+01
5.788579259900646e+01
4.472957567532062e+01
1.334159305009134e+01
5.256292412642526e+00
6.670692640669034e+01
6.528132123187245e+01
2.963917461672759e+01
2.332119737906437e+00
8.887797579582686e+01
2.690330544808102e+01
2.378082043667362e+00
1.540647722566802e+01
9.244096218256324e+01
6.006930422041067e+01
6.769630241566166e+01
2.038020594994547e+01
5.300182455824773e+01
2.232722655047068e+01
9.273982098919332e+00
4.616259520229073e+01
5.067880854507852e+01
4.968990364563181e+01
9.363505690993512e+01
4.565056750813991e+01
3.409878045045714e+01
4.057279729311019e+01
6.175665923476063e+01
9.832852268513689e+01
3.004571713043643e+01
3.108104119593326e+01
6.446326419918950e+01
5.122635767386591e+01
3.174454813438680e+00
6.881026517078759e+01
7.028237817356474e+01
6.988138122012903e+01
4.435937807166920e+00
8.931666877554575e+01
3.263438014901913e+01
6.247618485357435e+01
4.869203132050672e+01
3.501246219268649e+01
3.062840086902883e-01
4.113299345650384e+01
7.783949932914204e+01
2.684505857846004e+01
8.612375286692928e+01
8.308513145106153e+01
9.913394530263447e+01
9.539773496584861e+01
2.924772660678612e+01
3.125367366301532e+01
7.342329675956782e+01
2.288278351672123e+01
3.654430575507893e+00
9.886589008330643e+01
3.524225597979606e+01
4.825347794604184e+01
4.464832141280562e+01
3.997792310080394e+01
3.761691164114369e+01
7.966647747888531e+01
4.067474945479759e+01
4.079136645458237e+01
7.857375143960759e+01
2.041595621053872e+01
3.961042968538144e+01
5.356822677588473e+01
7.479908046070443e+01
2.662125501158706e+01
1.768288007829472e+01
3.528879542615675e+01
5.333695386226147e+01
1.635069559158324e+01
7.544728646774185e+01
2.578173644178628e+01
5.292055497547638e+01
2.679657518248846e+01
6.933819915602831e+01
5.205450027811085e+01
8.107913754930681e+01
7.044218893649159e+01
2.604194824865179e+01
5.450243430887463e+01
6.099737801635515e+01
3.918296645357412e+01
2.791811783235432e+01
3.539035564073844e-01
7.164917959442789e+01
6.472637563232630e+01
9.222008795115170e+01
7.241065053847183e+01
3.263012740417855e+00
5.069078647098075e+00
5.315575588175830e+01
3.334943141478553e+01
2.763444438000882e+01
6.073020536486534e+01
6.572895104332312e+01
5.185083791234104e+01
3.799569883290478e+01
8.341183112161785e+01
4.691172845052170e+01
3.351830394636760e+01
4.545997099273837e+01
9.832044122662415e+01
5.292862260384886e+01
8.341529564159703e+01
9.551454651891930e+01
6.816690828100168e+01
3.546979587314175e+01
7.659368406822611e+01
9.270901069636876e+01
4.303659118853351e+01
3.109611833053460e+01
5.782065827298008e+01
2.861466152994645e+01
6.638008293992843e+01
5.817456187595360e+01
1.605110588299628e+01
3.894652218508838e+01
4.911597177810779e+01
3.268151978621330e+01
8.973850933357073e+01
8.722175661810756e+00
8.273897747636725e+01
5.183739333964763e+01
8.816224550277100e+01
4.346918279466647e+01
7.591715891655402e+01
3.879014488253284e+01
3.258777518411529e+01
6.543869421139298e+01
8.570187333305454e+01
6.433894711748648e+01
8.475145952997332e+01
8.489591734711823e+01
5.250674912357086e+01
7.054471041566912e+01
8.041046381947140e+01
7.477357088344803e+01
9.193887803328171e+01
1.687569237168677e+01
9.808739856727766e+01
8.137057310965405e+01
2.043548325096978e+01
6.536627927113616e+01
4.510158688998855e+01
7.613987805142062e+01
8.347780163561823e+01
6.851701548719640e+01
3.591916562799325e+01
9.658879567710161e+01
1.198535273409698e+00
5.729593511544910e+01
5.310971338912366e+00
8.393751274977694e+01
7.743580740757091e+01
3.644538551403461e+01
7.112444269988892e+01
9.494289085033483e+01
9.885194729960148e+01
5.822733866899617e+01
6.077022005839750e+01
7.629543816498268e+01
2.256628573991651e+01
2.727546059865293e+01
6.119135546553477e+01
7.639599921013973e+01
4.862380919448277e+01
3.143697592031070e+01
3.801116903219892e+01
8.472053654711719e+01
9.860596712613756e+01
2.997973367105226e+01
8.573849610320222e+01
7.203366485053378e+01
8.372667230839220e+01
7.607634424980560e+01
1.635276131162083e+01
5.039590739197839e+00
2.112684725836238e+00
6.325994309189726e+01
9.145853146512924e+01
7.681916024387775e+01
7.792960190117806e+01
8.123925066610764e+01
8.449314645700768e+01
5.536540926218285e+01
1.768463613357611e+01
8.276978921274180e+01
5.030830011251769e+01
1.891730084033557e+01
2.818818703675093e+01
4.617010548066818e+01
9.521273900531826e+01
9.269346641036378e+01
7.344556612588724e+01
6.683476230447867e+01
3.221683187047803e+01
1.554997755007352e+01
9.800591370929308e+01
7.690990868811957e+01
3.253640007811430e+01
9.661188078886451e+01
1.050453717378180e+01
4.590979714221778e+01
1.533255801318798e+01
1.447332297194438e+01
2.453171472276175e+01
9.967087535172277e+01
1.951291375770835e+01
7.681653866396124e+01
1.698357794293369e+01
2.583598309468291e+01
3.285248481335699e+01
3.219151060664631e+01
5.848247085627284e+01
6.987225360696775e+00
8.560229022316742e+01
7.616710698984895e+01
2.083743527570620e+01
3.554611352064931e+01
9.508440787675065e+01
5.965138159676053e+01
8.171621900131750e+01
7.758907642103223e+01
4.727112932469283e+01
5.516178508063862e+01
4.670124125978967e+01
4.768904612757687e+01
7.071176263071213e+01
4.470715492251662e+01
3.814759558911789e+01
7.924359002115372e+01
4.131903566481500e+01
1.247520680188910e+01
7.787109970947313e+01
4.677288837114949e+01
2.694852977383348e+01
5.257495360103201e+01
9.514857772511830e+01
4.646144353154182e+01
8.976189037308185e+01
7.625082720827815e+01
9.316303101049877e+01
4.522150491607446e+01
9.398061833064101e+01
6.173163268795778e+01
2.407553737241567e+01
7.994973151010915e+01
5.835424161439493e+01
8.306488771134283e+00
6.514764738508856e+01
5.343864944457945e+01
6.596114945875534e+01
2.779727802974977e+00
2.181671327995915e+01
4.961923176870646e+01
1.293229251770875e+01
7.467782128354433e+00
4.429025288871036e+01
3.449692494910999e+01
1.453884454189746e+01
7.164278434200342e+01
5.828122098850144e+01
3.929736411166255e+01
8.411799114389251e+01
8.551835342567338e+01
3.718234036917907e+01
1.106652087115986e+01
8.240659827478537e+01
2.540840256279726e+01
5.752796444926782e+01
8.745937947531202e+01
8.800304023921632e+01
3.396502059603343e+01
7.048657050844588e+01
7.782461125302344e+00
6.639379708394119e+01
2.564259386884169e+00
5.016908517580903e+00
7.886298265255195e+01
8.197859785611676e+01
2.605066417066877e+01
2.309061955804500e+01
6.310759036015141e+01
1.325910613558213e+01
8.114892895386970e+01
4.423815032664600e+01
9.987898324610617e+01
9.385487488184816e+00
6.531722776839381e+01
6.330840427582544e+01
4.452967990400720e+01
3.696001206383110e+01
4.611795202182510e+01
7.134986909634893e+01
2.107800316115748e+01
9.642317197119034e+01
2.209328553736828e+01
3.214452407888347e+01
2.361173193138639e+01
1.854476347497886e+01
8.967248852815129e+01
1.722655995619789e+01
4.916091791780708e+01
7.090511669912614e+01
1.243700916526700e+01
5.694337904310942e+01
1.445282218719498e+01
7.113955648203360e+01
5.608688493077032e+01
5.609888385799662e+01
4.575677339255660e+01
8.213754910143911e+01
1.640642439779193e+01
1.802418423724556e+01
1.681159046330098e+01
5.025998766080476e+01
7.773298140509660e+01
5.233574428238708e+01
8.054545190210708e+01
8.173203141509184e+01
4.822692295919495e+01
6.677536706755653e+01
8.469712961683847e+01
9.434487498102006e+01
2.516806294450912e+01
5.775132777995958e+00
3.545123447452264e+01
4.665744558286734e+01
3.881894207504529e+01
4.002408401110400e+01
9.476303667517520e+01
7.202806997673031e+01
5.725064396730188e+01
4.392395454641616e+01
3.920221842788263e+01
8.329230262119896e+01
8.673335429594543e-01
3.282214143910545e+01
9.107834561312494e+01
5.695421847372978e+01
8.892102529710206e+01
3.683511900568154e+01
2.035056572423808e+01
2.023256291646164e+01
2.611383470991339e+01
2.917238652201946e+01
7.049255057726640e+01
2.383806059315710e+01
7.117415222859668e+01
6.865012709454173e+01
5.627084200096822e+01
1.940107514122551e+01
3.431318077925275e+01
4.096797161780669e+01
1.374595007567944e+01
7.355073027943760e+01
9.283209917733078e+01
3.972713045763184e+01
6.742592252205402e+00
8.466276125268209e+01
7.975121446873584e+01
1.505628880814476e+00
9.194606598091595e+01
9.214932033426562e+01
4.542958342723063e+01
6.126050486288057e+01
5.988422350952598e+01
4.629691697019009e+01
7.854843236438391e+01
3.167192150450867e+01
2.299776259949326e+01
3.249533527181266e+01
4.281881407034528e+01
4.234290292595648e+01
5.272789818827430e+01
7.198989087342746e+01
7.252071484575082e+01
2.322044871897458e+01
2.244524723964057e+01
6.440752235446475e+01
5.335847449179668e+01
4.104981866714071e+01
2.091461989139887e+01
8.767165527104943e+01
1.440131194628836e+01
9.224050859559351e+01
5.216654858187146e+00
6.642716525421811e+01
7.579438405846915e+01
5.791395537458078e+01
5.108992646033407e+01
2.204578324316339e+01
4.865402600199638e+01
6.334483300491461e+01
8.923773122450231e+01
6.874679907632377e+01
3.113063402992237e+01
6.467935408683464e+01
4.712762047868576e+01
1.767131146866424e+01
6.989443431137802e+01
9.466929901143037e+01
5.016664674047691e+01
5.769212239314435e+01
7.271684942427877e+00
2.894544882185079e+00
1.115998044198378e+01
9.096791971985620e+01
8.427312387352490e+01
9.404889242446464e+01
3.126859880577242e+01
9.002539305483242e+01
5.758396799563615e+01
4.920982106086324e+01
2.363013030198874e+01
9.244904252348888e+01
4.717141773885648e+01
1.473542145208242e+01
2.329076706585044e+01
5.589803012828251e+01
6.819351360583376e+01
5.714275434480177e+01
5.298644101851919e+01
2.359463373366493e+01
2.701288351184357e+01
7.516525316758326e+01
6.574894178926429e+01
4.740796864377706e+01
6.903526236723888e+00
3.270565240304249e+01
3.430191755029462e+01
6.399155262112224e+01
2.193171359688589e+01
3.257114939977003e+01
2.168367496770047e+01
8.807707586701822e+01
1.814047178166940e+01
2.479527179375071e+01
6.178644353607038e+01
3.071382727041553e+01
7.786821228352758e+01
6.600962489191890e+01
2.372893352235152e+01
6.010119419549648e+01
1.521944590621602e+01
4.436935062723670e+01
7.320804929975795e+01
6.699670537700723e+01
5.172079198608212e+00
1.142644440356011e+01
2.575515263050569e+01
8.751099076471803e+01
8.438207306171864e+01
7.718614506404202e+01
9.851397275855483e+01
3.658237817538081e+01
5.235139823162528e+01
2.138556378026752e+01
9.472589576371288e+01
2.786929203563803e+01
9.293852154768003e+01
7.190794501076822e+00
3.112409386370522e+01
1.487023514456592e+01
2.243672135399502e+01
5.036396125814131e+01
2.952360754344781e+01
4.057719313566442e+01
7.515923305189202e+01
1.800961802620889e+01
8.540935259564284e+01
1.274727681313980e+01
1.154524460972531e+00
5.949271370633166e+01
2.501841663616636e+01
1.637397036718855e+01
9.943564897376841e+01
2.539870768105551e+01
8.337067574419579e+01
4.409455114234916e+01
3.682515213118175e+01
7.426390353323143e+01
7.797332097681860e+01
7.199712100997433e+00
4.118303802850798e+01
9.403409561795839e+01
5.292127642450913e+01
9.383775670725749e+00
1.676205644233248e+01
9.503279081314466e+01
4.923896880319294e+01
2.686603964626139e+01
2.223585267655358e+00
3.086533827281805e+01
4.127867940872846e+00
2.466030666821651e+01
6.298908240301026e+01
3.365147548432065e+01
6.523749980388092e+01
3.364749128634459e+01
8.018918427647519e+01
6.794592578334078e+01
4.420149747477914e+00
8.715788246465749e+01
5.863175040978555e+01
7.399589450750310e+01
8.632486997466761e+01
9.538434524805487e+01
9.939460218855859e+01
6.969554567229727e+01
6.267512750936445e+01
3.621975427317422e+01
1.413475494558679e+01
4.064844843961692e+01
9.443748499939100e+01
2.351711589075490e+01
1.203952869961016e+00
4.735876142390015e+01
9.748837887192535e+01
1.190110724973544e+01
4.239155219047868e+01
3.016213096220146e+01
1.158740046042362e+00
9.538974310056760e+01
6.102746923501952e+01
5.286608033481337e+00
8.213807986217462e+01
2.401655163802977e+01
3.893808351780199e+01
3.451294393023148e+01
8.514808764920947e+01
5.123246552014372e+01
1.851197151397912e+01
5.585549215593166e+00
2.031980162501326e+01
4.321485270895756e+01
5.329043546379098e+01
6.805876603725309e+01
4.456752820153140e+00
8.695461842555302e+01
2.380258996216701e+01
9.576205867145307e+00
2.317437269872724e+01
3.481810006071725e+01
1.502008746146229e+01
1.761185765155212e+01
3.257499473755015e+01
2.018782390290304e+01
7.762999114470091e+01
9.333749995256657e+01
3.208893115263848e+01
9.957788195441378e+01
2.349963086820190e+01
3.324767119868085e+01
5.197730877063111e+01
8.452710014978754e+01
3.853427923216218e+01
2.125275289698167e+01
2.625332815863813e+01
7.747236279653029e+01
5.576569682721314e+01
2.096035001844184e+01
8.520682141427268e+01
4.235838541870861e+01
8.449595369607952e+01
4.035493509860473e+01
9.138027987972846e+01
2.887332948337929e+01
2.690240765311868e+01
8.484590383472195e+01
3.590090881842231e+01
4.109024407392845e+01
9.908250425899517e+01
9.159133112597807e+01
4.868751743281610e+01
5.340911129182629e+01
4.982533680732610e+01
9.204934821093890e+01
7.359693519472933e+01
9.388149906596238e+00
8.538684811693935e+01
2.386953398765509e+01
2.215812714870932e+01
8.886478938575127e+00
4.021698201085300e+01
8.098488477104570e+01
9.341357908836267e+01
7.746781677821085e+01
6.599752528872226e+01
9.054906144298104e+01
5.494017952817500e+01
1.568481880970524e+01
2.291758084805570e+01
4.014700089588156e+01
9.150268472335426e+01
6.483999172450974e+01
7.796765727827681e+00
