6.715039618646279e+01
2.252768805368230e+01
6.538820465346249e+01
2.475741599907978e+01
5.870520912981835e+01
2.224231279559541e+01
9.671350335549261e+01
9.686150806809846e+01
5.430371861639605e+01
6.228926985631197e+01
3.389001406444703e+01
9.047133596170291e+01
5.192950058352645e+01
7.054075154966711e+01
1.144515462752672e+01
1.679170504994304e+01
6.880732209831817e+01
6.577857600794107e+01
5.238349877874530e+00
3.817036158320045e+01
6.693245846169650e+01
5.464078372094817e+01
2.068226072969021e+01
9.472837890252860e+01
6.326935326832782e+01
2.756794748248902e+01
7.708217551795867e+01
6.765677322058788e+01
5.339913529036527e+01
6.388792398566749e+00
1.903150184966228e+00
1.124116052465567e+01
4.173710646188683e+01
5.668999313222710e+01
8.274074349680018e+01
8.577781733394498e+01
3.974057880218167e+01
9.817034518260991e+01
5.940458972910633e+01
1.595634972488338e+01
2.534755022514032e+01
2.118391027729209e+01
6.427685640020149e+00
4.821954357820542e+01
3.544119355987813e+01
9.823416969656674e+01
6.206734062268740e+00
6.686578899010354e+01
1.640036493372189e+01
5.016780637678122e+01
8.969014798742259e+01
7.701129651489262e+01
9.151509319968292e+01
7.300920857722369e+01
6.661443368839772e+01
4.641477779783997e+01
6.187833615666178e+00
2.875080165860746e+01
3.897964667481354e+01
7.810084842057007e+01
9.884709450362581e+01
3.541017260188710e+01
1.867652182405653e+01
7.282433336266518e+00
2.325684820453490e+01
1.417265274290585e+00
6.641327532306931e+01
1.163734584657352e+01
8.051411755406956e+01
7.719521139617787e+01
3.084619670680081e+01
4.385975433693256e+01
8.304220837682588e+01
5.455774755895033e+01
5.104083225645164e+01
4.173525410785119e+01
4.773570739093037e+00
4.713766041544157e+01
5.072082013390996e+01
9.902091361536687e+01
6.952464173991450e+01
4.041096807476644e+01
8.932710289458143e+01
6.103973493959742e+01
1.342017660542400e+01
3.301634077588857e+01
4.039625131543551e+01
8.229580036471403e+01
4.897569960401193e+01
2.695507347907641e+01
9.619659613640820e+01
4.430852734684410e+01
4.738738390029752e+01
1.487311791389860e+01
4.745705521081437e+00
1.677877670935298e+01
7.180257889991746e+01
7.419672248614799e+01
4.215237728420290e+01
6.151661410067073e+01
9.485892248100552e+01
6.393471321274280e+01
6.154378110614781e+01
1.872583786897633e+01
3.520828538351147e+01
8.919642171319406e+00
7.496333121087557e+01
3.998185616917063e+01
2.614078439126759e+01
1.650604983629009e+01
8.641398739368374e+01
6.798325393720681e+01
7.213217270194188e+01
6.627787401260710e+01
1.832293114546823e+01
5.901772517665184e+01
9.497308875200017e+01
6.867552458712622e+00
9.882492399719773e+01
2.427787716699665e+01
1.436899537889706e+01
2.692437047461251e+01
6.466163916730399e+01
4.386868865409339e+01
5.344456329636488e+01
1.997143077662747e+01
7.069424943565123e+01
3.601810607873747e+01
4.303690048076068e+01
1.284662667328800e+01
8.013535480952605e+00
4.262904526788232e+01
3.785189447824466e+01
3.079791657198123e+01
7.956342370229001e+01
3.895861093837703e+01
4.864014109998948e+01
8.291589765945258e+01
8.779324972433655e+01
5.461759607056975e+01
1.081727431659460e+01
2.853672785150666e+01
9.234827761182017e+01
8.481331313253068e+01
3.988247576164197e+01
3.520265102163081e+01
4.383103830918252e+01
3.183853716209463e+01
8.527444539837281e+01
3.059021315099216e+01
9.510458456124393e+01
1.477803337144574e+00
6.361576987598826e+01
4.388667384343533e+01
1.878505852948178e+01
8.243776717336745e+01
4.544462731361605e+01
3.989773836913413e+01
8.691133735091954e+01
8.500136951217492e+01
1.949378634779425e+01
1.976143974799730e+01
6.469333733650545e+01
3.859668063865820e+01
3.738815707032948e+01
1.463232455525190e+01
3.986299589269934e+01
1.769629992437376e+01
7.703536365974479e+01
6.658889416912054e+01
5.844394604603013e+01
8.916972949596575e+01
7.601638155803847e+01
7.296007195159795e+01
1.064441307012197e+00
1.426326097653399e+01
1.915366492194760e+01
4.489547961619472e+01
2.920224286113039e+01
9.565996713734231e+01
3.466197756801824e-01
5.888492383942238e+01
9.654455007824328e+01
3.166874359905196e+01
5.793962984249909e+01
3.044656032251500e+01
7.948267929231872e+01
8.744619325150092e+00
9.470627181916790e+01
6.331472106432297e+01
2.714991719794921e+01
9.375871200755178e+01
3.759067698269649e+01
8.014234159148407e+01
7.126314811001679e+01
5.215502458259231e+01
5.072594636619367e+01
6.148095729829788e+01
6.249361651134380e+01
1.679894897006403e+01
5.332955580825431e+01
9.423370803437834e+01
4.527100643388508e+01
4.762692360562595e+01
6.719377993941016e+01
4.633544774089728e+01
8.936190716426908e+01
2.706367444575936e+01
6.872404546883145e+01
8.797072725741693e+01
1.932418459063591e+01
4.269144211089772e+01
5.760699415468005e+01
3.739769837697860e+01
7.693152561640903e+01
1.438699882216146e+01
7.247587133779929e+01
3.096043129030635e+01
6.592141700252957e+00
2.667738102687401e+01
7.921465373561468e+01
1.855359804749191e+01
8.530200765715075e+01
4.186605016787819e+01
9.144348091978742e+01
2.047486934832990e+01
7.352798710275813e+01
6.025041656580308e+01
2.353526666925069e+01
3.502676325618604e+01
1.340745441308592e+01
3.693073468139895e+01
1.924788002821052e+01
2.685869118518135e+01
8.259770417706935e+01
6.053333797516922e+01
4.126262685342815e+01
4.448788871266316e+01
8.759701242092858e+01
5.158456869031516e+01
2.615196398745848e+01
7.882517798749041e+01
5.877153946029560e+01
9.509184551196725e+01
6.715803373007012e+01
9.108944544153728e+01
7.638436745683866e-01
8.763789994997806e+01
2.303935132130950e+01
7.881643049363812e+01
7.926955939236542e+01
4.802356741764749e+01
2.031330830432163e+01
4.016798787758126e+01
4.217565639045818e+01
6.079234753772261e+01
6.064285727247729e+01
5.744067321412296e+01
6.439751017112168e+01
5.451359970239624e+01
4.743013430732774e+01
6.477522340825537e+00
9.897329360198849e+01
5.183062844529312e+01
6.417794696249904e+01
4.600551051367331e+01
8.291261558556585e+01
3.130961541613080e+01
9.910764219197800e+01
8.524940679094260e+01
6.859259678450999e+01
3.885121584816427e+01
8.959842514693663e+01
6.717596681191398e+01
2.116556084769105e+01
5.293394529862979e+01
4.324254088254764e+01
2.697666270051927e+01
4.057184520204171e+01
8.513488731586136e+01
5.279602042995209e+01
2.711344329971514e+01
5.014817297931210e+01
1.971722441712265e+01
4.679259776454074e+01
1.882424355429795e+01
6.793753531199765e+01
1.908620363990134e+01
7.409895498962092e+01
8.715757754964642e+01
1.165993884748776e+00
3.054104653677952e+00
7.721156416331026e+01
9.470892967409870e+01
2.543338226407458e+01
2.797212154975725e+01
8.296234141241868e+01
4.804480124639571e+00
8.043891400119240e+01
5.074081646778659e+01
7.885562580956874e+01
7.906195287549028e+01
7.294234878986252e+01
6.845405090993924e+01
4.274977401026980e+01
8.624228652857352e+01
1.453897148116444e+01
7.636936012486431e+01
4.490946575296552e+01
4.326924255270010e+01
3.752987973276986e+01
1.373761799826176e-01
9.284997302705887e+01
4.489677690197563e+01
2.581211893158597e+01
6.471296542543590e+01
7.159018287043561e+01
4.181067330847060e+01
4.062619476608289e+01
7.289635402750986e+01
2.005724977704568e+01
3.794414048918716e+01
7.389341521723820e+01
7.377814463050018e+01
2.652043370833641e+01
3.102969761520145e+01
1.556803370619567e+01
1.413908564212690e+01
9.129077088613565e+01
2.768138722874289e+01
4.101999054710380e+01
8.652842109395583e+01
5.111185570764908e+01
3.998881272971109e+01
8.844165387025180e+01
3.423944247618292e+01
8.416203087389563e+01
1.379415407487850e+01
3.239368369448635e+00
4.941695744610250e+00
4.872050157222920e+01
2.657805952549822e+01
8.314087264386046e+01
3.783219328049206e+01
1.007652278527456e+01
9.797210064622206e+00
9.016728093389762e+01
3.761747551039675e+01
6.969659769427804e+01
6.253690196319339e+01
4.046361718348395e+01
6.770856048339445e+01
2.759933929312943e+01
2.404150339962985e+01
9.933786005682211e-01
1.411849791841512e+01
1.894616676445406e+01
5.718258379827373e+01
5.444722392337733e+01
2.661896204884115e+01
4.925091650767760e+01
4.952817892168098e+01
6.942893418922506e+01
2.962251148634707e+00
9.538194467098543e+01
1.521483870000338e+01
8.502000928158873e+01
3.335084995876571e+01
2.931996208118273e+01
6.107084777256048e+01
2.662653733353435e+01
8.637180006428240e+01
3.287498561333631e+01
1.843054756449095e+01
1.222781413804172e+01
5.086117635986822e+01
2.369385725990583e+00
4.786324237839470e+01
8.219168171388641e+01
1.657637470242398e+01
1.788189030153765e+00
6.526679301879685e+01
2.160269321017093e+01
1.405004840998447e+01
5.017959403348137e+01
1.212096522195310e+01
1.075193328352269e+01
7.271732225675012e+01
2.646058366003474e+01
4.364575522190228e+01
3.045129116179947e+01
9.706905470093203e+01
8.416661721848260e+01
4.906399471176043e+01
7.607427238303902e+01
6.678300419206870e+01
1.172852931159014e+01
4.182077801871149e+01
1.338541042682967e-01
4.937982780364334e+01
8.393995174390263e+01
8.826818381821187e+01
3.575162786792574e+01
6.398947954363631e+01
3.931361666848586e+01
5.995562121270021e+01
8.643674761356635e+00
6.635876268444525e+01
4.629652637350211e+01
1.320683337431719e+01
4.502270661528348e+01
3.109124024915101e+00
3.934492400816871e+01
2.819094123700212e+01
5.214199435531255e+01
8.952451804165007e+01
7.324911936803215e+00
9.225740506884522e+01
6.847994218975303e+01
5.955819387899628e+01
6.292631098205518e+01
8.132342532338734e+01
4.085019526111437e+01
5.821079279212784e+01
5.621976356777352e+01
7.265518213280252e+01
4.282425285448518e+01
7.935088778815739e+01
8.201805678290225e+01
1.038768031186782e+01
1.974874959315581e+01
2.702124017617723e+01
9.577460838285023e+01
5.307974850436661e+01
2.517551077770792e+01
2.507663267901010e+01
6.986322587815263e+01
5.543673795435426e+01
5.614468755952301e+01
4.083976347038512e+01
1.142055891054708e+01
6.273293558635420e+01
1.781791249188498e+01
7.716006817163903e+01
7.579356821989342e+01
4.996208113150768e+01
5.826282042929103e+01
5.246087985693519e+01
8.650573384319699e+01
6.701734325243967e+01
5.780698268572194e+01
6.465321619280297e+01
6.096160554371849e+00
5.719328101593688e+01
6.608466821074703e+01
6.231592412214536e+01
3.738503760536436e+01
4.720224833451316e+01
9.053871766223513e+01
7.467483211060745e+01
2.155168402080968e+01
6.076778870111694e+01
3.409286897354427e+01
9.855039794861824e+00
3.395115790606996e+01
1.606197097155357e+01
1.233555828795562e+01
5.188725923741574e+01
4.906826831822669e+01
1.771232393463716e+01
3.483888629583591e+01
6.691045251996744e+01
3.440857587121827e+01
1.629686565897281e+01
3.925025124999241e+01
2.270108373961462e+01
1.210130109083899e+01
7.415103492054671e+01
3.717276339287532e+01
7.425287457846704e+01
1.629204699596951e+01
3.519131170361830e+01
1.555808503905222e+01
3.321179153081579e+01
5.524414798954695e+01
6.762354651821011e+01
1.131624463541258e+01
4.071720616925378e+01
4.497545577817385e+01
3.314300162398396e+00
8.537978319701729e+01
3.102643225855494e+01
5.092724028552288e+01
3.244851037508273e+01
8.198777012619551e+01
8.672110288716904e+01
5.201138814539248e+01
4.919814260173502e+01
8.189124152152391e+01
4.698942343098550e+01
2.375406917359404e+01
1.840336356237687e+01
8.250345572945823e+00
5.083280422297902e+01
4.801378340833531e+01
7.077711823898234e+01
2.261356442357114e+01
6.131019329713201e+01
2.082237076052575e+01
1.068368750190534e+01
6.701439217059611e+01
2.882036009282822e+00
1.588934330078277e+01
1.754079289619848e+01
7.279094484299000e+01
7.113349129032972e+01
4.760708974097254e+01
6.449295071162886e+00
5.639477039519454e+01
5.647112538873736e+01
6.216385162536234e+01
1.731688576625515e+01
2.194437548608723e+01
1.237735618482221e-01
4.322953757049029e+01
2.083210182414954e+00
5.172309994312148e+01
4.951682875376047e-01
3.249765598797130e+01
5.137322174914797e+01
4.748459171852311e+01
6.214576445619844e+01
3.544878695879541e+01
6.522035317738558e+01
2.554603057240417e+01
4.200642339047344e+01
2.406273178014100e+00
9.678462962470233e+01
3.366229437927822e+01
2.322864393853985e+01
8.868436556713858e+01
1.754139876809968e+00
9.678016612156301e+01
3.455936477266223e+01
9.243713323606045e+00
7.694002970910633e+01
1.383271828006614e+01
1.397772310952550e+01
9.836251162847621e+01
3.286713288764801e+01
3.987276481458581e+01
6.666768904154546e+00
9.431723584156356e+01
8.582805538821410e+01
8.554642735307404e+01
2.170748590571223e+01
3.392273841142782e+00
5.106972998523607e+00
2.418283295081129e+01
2.625439224124625e+01
5.762579574139127e+01
7.166742471590052e+01
1.602697713115577e+01
7.450497884978772e+01
4.126228808484147e+01
7.118604428655749e+00
4.424556817125788e+01
4.736246403649564e+01
7.766067426542783e+00
9.639127095993202e+01
5.303727912392341e+01
1.941702776561353e+01
9.697008561201864e+01
3.825667194940926e+01
3.209282789942475e+01
4.087872106622845e+01
9.823823315009392e+01
4.537515744817217e+01
6.508490823446070e+01
3.802930192930125e+01
3.703275804269722e+01
4.957673049046505e+00
4.369760302067623e+01
2.244160977305920e-01
6.802657380142556e+01
3.591298318277718e+01
7.602104278096047e+01
2.691008519703061e+01
1.041409555376232e+01
1.787743001146122e+01
1.603274467216467e+01
7.930747441915213e+01
9.116113134248235e+01
4.234958139357603e+01
7.475790776068247e+01
7.922557610051035e+01
7.631005899808838e+01
5.023755866579598e+01
1.517748200110043e+01
1.242834544388035e+01
5.124439226987045e+01
7.026456448727500e+01
3.184537320949388e+01
3.042845624984636e+01
7.294327200993116e+01
3.510044181491268e+01
6.810879445081055e+01
7.118150516002510e+01
3.926606696996189e+01
7.683415151053768e+01
9.168926551551058e+01
2.436561590263882e+01
8.179182455958419e+01
3.538686848962068e+01
8.780888602501196e+01
1.694450951970392e+01
1.329843360618615e+01
9.790316494084111e+01
8.046635015889366e+01
4.739636930050160e+00
9.651065361523565e+01
1.443426050917910e+01
4.542699691160908e+01
9.261530427849632e+01
2.378069070343892e+01
3.493030464040595e+00
1.386495214601278e+01
6.334615632116149e+01
5.139808489540503e+01
9.963688557019313e+01
9.722460484934253e+01
9.917885032444207e+01
5.895233613390118e+01
4.567521058287248e+01
5.898034710389578e+01
1.063048607233469e+00
2.607229087784527e+01
6.787088372179814e+01
2.008997156288939e+01
1.635864857414674e+01
6.351628539316183e+01
9.028965681339133e+01
5.237050496617822e+00
7.114777694044065e+01
2.344029495652779e+01
8.046635961181781e+01
8.805638290385546e+01
6.741862407299625e+01
8.407307038273339e+01
7.866136141990376e+01
9.951636167220602e+01
1.581613161406300e+00
3.224907877494073e+01
4.432229220137106e+01
8.016285425059631e+01
5.703128825734895e+01
7.999350413679774e+01
2.122416669559859e+01
5.712203795887625e+01
4.617147075299708e+01
6.292466258766347e+01
2.600955633726416e+01
6.479036093912570e+01
9.533685953139181e+01
8.454066840211892e+01
7.450014062901033e+01
3.571366650784093e+01
7.691984096398569e+01
2.245194591695999e+01
8.219744781134532e+00
5.149289018078376e+01
5.717698766718479e+01
1.458407100969184e+00
4.220722957617009e+01
4.221568449503541e+01
4.166057568120797e+00
6.291384602101233e+01
7.014574951964698e-01
7.625651884649717e+01
9.473604266286644e+01
8.473022747073799e+01
3.568219576761229e+01
6.734147284521789e+01
1.697930619911259e+01
7.691555427243727e+00
8.365139704367677e+01
6.964470467979308e+01
7.097430530515234e-01
5.809885335997625e+01
1.962650288810325e+00
6.866421232403452e+01
4.358227953481595e+01
8.111338544688810e+01
9.771332666171404e+01
1.951073860726819e+01
7.745216799781292e+01
6.325853879715248e+01
3.765201379435696e+01
3.554256597326257e+01
1.296878406450561e+01
5.547195377548781e+01
8.967647742930636e+01
6.197425157854997e+01
9.195538363044867e+01
6.591127224541793e+01
1.236145618015968e+01
1.408863533944294e+01
8.914150655695308e+01
9.776370618388229e+01
1.237366069684441e+00
1.032585837427800e+01
1.543809953864575e+01
9.974153181525949e+01
2.151548276725946e+01
3.241740573775834e+01
6.724672655912430e+01
5.206881698782966e+00
6.297290458482360e+01
2.987860982766310e+01
2.528344440519970e+01
4.312258066754908e+01
1.563890781981820e+01
2.097908720419700e+01
5.564163190109731e+01
6.812472407153096e+01
7.719761653672793e+01
9.335630247060037e+01
7.091373250396632e+01
4.256860806726321e+01
8.440389218013915e+01
4.151151396404556e+01
6.382168236366551e+01
2.465087702714413e+01
7.224535223666828e+01
1.012478541122972e+01
5.837227183318338e+01
9.233137447961205e+01
3.368651365567302e+01
6.837414026650328e+01
4.205409951603697e+00
8.785248016372904e+01
1.436346490604964e+00
9.210016084467068e+01
4.677431939485218e+00
8.581961686062610e+01
5.110904129739341e+01
6.844641294723675e+01
5.484635525143070e+01
5.303082505847831e+01
9.464275403630117e+01
5.149879164597895e+01
9.615340572602740e+01
7.547401556534415e+01
4.883275495322084e+01
6.725054446945458e+01
1.949844575463722e+01
9.993968536143176e+01
3.443443217986936e-01
4.674677557626124e+01
1.541645159731454e+01
8.432167642019766e+01
2.557236609308625e+00
1.752768345993370e+01
9.619417884209854e+00
7.667654658512983e+01
5.217706693903406e+00
3.958112655188010e+01
5.617870658458151e+01
4.304250499375281e+01
6.954553125870672e+01
9.976312802162167e+01
5.262995043426284e+01
9.880907628629780e+01
9.313630619698033e+01
4.078521418421772e+01
4.846101130752871e+01
5.246106519012762e+01
8.019366635949987e+01
5.051450945926574e+00
2.643855364361711e+01
7.483642034923491e+01
8.095399177677650e+01
3.114504699182932e+01
6.861977282381607e+00
5.575379592168788e+00
4.019831011081036e+01
1.609139154483163e+01
1.761472007148653e+01
3.793304354787480e+01
4.022289856347390e+01
9.635518453845529e+01
6.545424673960277e+01
2.733623735948291e+01
2.242068123185107e+01
9.203416565062207e+01
3.406217300056581e+01
8.801726120897442e+01
4.877862741648156e+01
6.228641707556621e+01
3.629893252453717e+00
1.934072818576392e+01
4.809459529262715e+01
7.095005506228193e+00
4.445882809556035e+01
3.076189389953478e+01
8.208512816675247e+01
2.270787634081574e+01
1.321736225542490e+01
9.116384670658216e+01
1.122814184577583e+01
3.275349672546307e+01
4.524014538398019e+01
9.568748017572216e+01
7.810658778907107e+01
7.818766966377743e+01
4.154150934961694e+01
7.811114577488561e+01
7.691385879968939e+00
1.323925424983690e+00
6.391238806020114e+01
3.692446953473821e+01
1.800909015257335e+01
2.552869311791318e+01
4.623486271418392e+01
3.549431526823636e+01
3.612984881556120e+01
7.310834167204254e+01
8.726761047135462e+01
6.937734595005277e+01
7.747119906240665e+01
2.318189201093367e+01
3.115842013208122e+01
8.668070108940857e+01
2.416129583686651e+01
6.869717928054612e+01
8.477017250134152e+01
6.258792000011910e+01
2.072647526894066e+01
6.263715725514906e+01
8.064221696958049e+01
4.140192365339115e+00
1.284580915833163e+01
5.385179792244536e+01
2.487560735311154e+01
4.393143157657769e+01
6.609127356954444e+01
4.442383309100933e+01
1.878082804325075e+01
9.971712166430294e+01
4.966892439390948e+01
4.976683959819695e+01
3.664159115247502e+01
2.044799077345430e+01
1.374063864990167e+01
2.241666415818812e+01
8.286056224389959e+01
1.061452413472092e+00
9.928602655384971e+01
2.512029401265098e+01
7.233533490092276e+01
4.153585990031057e+01
4.052925731080084e+01
5.306332067263467e+01
2.898744029411461e+01
6.705987847738893e+01
1.052675550362410e+01
2.608377231568274e+01
5.856420079179304e+01
9.491888643005811e+01
6.366625850259617e+01
9.305473733369948e+01
9.636283330449966e+01
9.382516350309605e+01
9.511266960534857e+01
2.236895776464090e+01
2.347288374950778e+01
6.525324101804440e+00
2.857187880602287e+01
4.704056323833790e+01
6.242445719541258e+00
6.172984156838145e+01
5.718687612432375e+01
4.518892464469603e+01
7.053714057921299e+01
8.317720092980993e+01
4.116412389146356e+01
2.931954382421428e+01
5.266178201542319e+01
9.161737495642964e+01
1.161352354642634e+01
1.780688106911578e+01
4.189827849245550e+01
5.053643642484045e+01
2.669188125370624e+01
7.185613050677634e+01
6.472089768607211e+01
1.612719097925685e+01
3.388181511959146e+01
1.217719256513621e+01
4.879538717157924e+00
3.477654342296373e+01
5.788280398486313e+01
6.473412614536198e+01
4.077025136946247e+01
2.375191781844568e+01
4.943057589672067e+01
6.846567735470165e+01
3.091491583311694e+01
9.719024873207800e+01
2.726163781586180e+01
4.918601924981271e+01
3.234913560205565e+01
5.139186240331822e+01
5.414847287076920e+01
8.434330694579674e+01
8.345768525426168e+01
2.304811893172940e+01
1.679083188846280e+01
1.292308937428663e+01
1.429926693174023e+01
2.527637431643734e+01
7.631550360299437e+01
8.513899635762860e+01
5.673319332149494e+01
5.497962783788314e+01
5.605488342980615e+01
4.175608527928409e+01
2.734147861010464e+01
4.406702469292424e+01
8.202698737477277e+01
4.682632444744293e+01
2.096044329039773e+01
5.885762062801869e+01
5.434061105099535e+01
3.153072550498448e+01
9.290526485671535e+01
8.934414074260003e+01
6.151320611197185e+01
3.514680561383572e+01
6.319208213276791e+00
9.232339989036480e+01
2.738162531861180e+01
4.789686796623136e+01
6.224819871701682e+01
6.216026645254357e+01
7.683545349949759e+01
6.578253818013824e+00
4.705455854863606e+01
4.590302558890685e+01
3.770602323939373e+01
6.135382548037629e+01
3.352101595770615e+01
1.293183784602761e+01
5.023102930292070e+01
4.105613969315595e+01
5.412395468639394e+01
5.353074798059219e+01
2.855099222089676e+01
6.784750151813379e-02
9.230830636448614e+01
5.028298690462623e+01
1.465078960855063e+01
9.040001322999596e+01
5.048777086217319e+01
3.364539385477332e+01
7.212644581316339e+01
4.446784953794808e+01
4.424766122561305e+01
8.485428191947484e+01
1.282243654728981e+01
3.639267386700617e+01
1.097174315292935e+00
9.541226089718391e-01
2.623523074492590e+01
6.677985571640536e+01
2.412711266620416e+01
5.847540561038787e+01
5.424163036711590e+01
6.053426445486688e+00
8.899810439394699e+01
4.913609644823526e+01
9.720019255634407e+00
7.555783110463891e+01
6.199225721042243e+01
6.486322188976371e+01
1.108414470734268e+01
1.280283327810598e+01
2.860264481445898e+01
2.161357049905396e+01
8.508835746212320e+01
7.823644530877306e+01
3.307385334422526e+01
3.344745381430138e+01
4.224533110030244e+01
8.574895345873617e+01
8.063698032900550e+01
7.233776136875980e+01
6.456808460157741e+01
8.978402646714078e+01
3.574218397761797e+01
5.540112753184565e+01
9.153673559964483e+01
3.554400058255717e-01
4.503296932439923e+01
3.299714812682809e+01
2.710319348941706e+01
2.942856602809791e+01
2.226027498126974e+01
1.897548186545050e+01
4.566232894810957e+01
9.585098498307680e+01
2.515048008651960e+01
4.137368544068825e+01
8.766204332358299e+01
5.082698634398495e+01
2.803167022207364e+01
6.666777905387235e+01
6.605388995541907e+01
5.663431503653261e+01
2.413744117325984e+01
4.871817708421414e+01
4.509038545428328e+01
7.487813121400686e+01
4.273995060601269e+01
5.670753766629265e+01
1.547784442802791e+01
9.233191762693781e+01
2.904529898848631e+01
4.948555619897579e+01
6.877944486624536e+01
3.409201318123006e+01
7.826336169534520e+01
9.155310252288035e+01
2.905175463717979e+00
8.695675781320629e+01
8.116496283615238e+01
7.566495015084043e+01
5.540209447750919e+01
2.342067953358436e+01
4.898385086515166e+01
6.289901545406273e+01
9.586204904870226e+01
4.867090682902882e+01
6.570515794013868e+01
6.727086508985184e+01
8.539729755623140e+00
9.373682816221232e+01
3.174225940915861e+01
6.385414123714629e+01
5.456717258997595e+01
2.639904894232706e+01
1.117911376579623e+00
8.599867438245504e+01
7.934266374415843e+01
4.131233642870203e+01
6.111408428340874e+01
8.011182797146581e+01
6.204908744527449e+01
5.221124633783998e+01
1.877613878751925e+01
9.621621900993223e+01
5.008058946117786e+01
2.542990307576484e+00
5.128147050332347e+01
6.448729809582574e+01
7.138042620913146e+00
2.966561682041064e+01
7.771332877581628e+01
4.274070050695013e+01
3.028900941381650e+01
7.626074067142827e+01
9.172155749598591e+01
3.521275731512008e+01
5.404604741094916e+00
9.946246980664435e+01
4.500423564808641e+01
8.750752875930981e+01
7.980466055674695e+01
2.455185438718268e+01
2.817403256342469e+01
4.752097914345608e+01
6.966544458161361e+00
5.556127967106238e+01
2.196455948146273e+01
6.855370759430980e+01
2.430871670335006e+01
1.876524091640731e+00
8.926914613194258e+01
8.083511971907463e+01
4.910326914354380e+01
6.138164273527528e+01
4.860548197692516e+01
3.537182925984814e+01
4.731619346296237e+01
8.841400406715181e+01
8.591340830824963e+01
5.079408062193267e+01
4.051375907869718e+01
3.426485431113506e+01
9.586570965864961e+01
7.933573866232099e+01
8.553727226589679e+01
3.674830195342577e+01
1.493578004414950e+01
8.819062839643593e+01
1.409203168660963e+01
4.864961563080998e+01
9.064102936100262e+01
6.530256334939159e+01
5.692108508987403e+01
9.570282869772187e+01
6.025627877575172e+01
3.303555964167955e+01
2.811239120928216e+01
8.993306923188878e+01
1.388962539559678e+01
8.882952699848894e+01
5.826153469191004e+00
5.711634874209592e+01
7.074328072869372e+01
6.999724952969572e+01
1.479588309991913e+01
1.776187350869266e+01
5.357033184430112e+01
9.829990388746369e+01
7.950603709533161e+01
8.724858196789800e+00
6.576025274850440e+01
6.892006661226977e+00
4.298971250792486e+01
2.959029680564548e+01
4.726912721398712e+01
2.577573611669975e+01
3.922878873498588e+01
9.912399696145393e+01
1.396636451313568e+01
3.527118681709803e+01
1.085452288894659e+01
4.581299328515911e+01
1.826689612039686e+01
2.233624431413423e+01
3.655968603517846e+01
2.242174345181405e+01
5.537180400237991e+01
2.362439745274577e+01
6.908219390040365e+01
6.689018139936505e+01
3.052774957871425e+01
7.490834736959467e+01
2.381066234028463e+00
5.811110216104942e+01
8.980318875508532e+01
2.753371262342376e+01
9.369267620783891e+00
1.572097293833316e+01
4.496941461459241e+01
1.869888530052215e+01
8.977626487136644e+01
3.641403123569397e+01
4.257749954358559e+00
3.276597733272518e+01
8.641232423782922e+01
5.938937103347358e+01
8.176185697399167e+01
8.262879163149222e+01
2.496450763426931e+01
5.270865282635607e+01
9.077902724537022e+01
1.717927442732233e+01
9.118424481301766e+01
5.903834978073759e+01
9.236191538738177e+01
3.873430506267319e+01
4.142655792712539e+01
3.435231923794016e+01
6.368835948579402e+01
3.676198815776128e+01
6.764563874697575e+01
5.105618091814973e+01
5.030527159120201e+01
9.519345219954543e+01
4.826623590116679e+01
2.136282819386703e+01
7.335590714279371e+00
3.852449899470643e+01
8.438304284791603e+01
5.766196025426591e+01
3.150096094771333e+01
8.272922042884362e+00
6.109945274009344e+01
6.761204715241308e+01
2.495647697940305e+01
6.922132241037737e+01
9.073422732331521e+01
9.367720931473990e+01
7.287214983854076e+01
7.935717109560835e+01
1.182037620424311e+01
6.365117703734487e+01
5.650192352780230e+01
9.544641640756578e+01
8.624239656433575e+01
9.905584366016828e+01
6.402993917652869e+01
7.394320074186810e+01
1.800957183260916e+00
6.237414468190360e+01
7.364600388037321e+00
8.993068472013374e+01
5.575694216217704e+01
4.847713012643025e+01
4.184613709423977e+01
6.580979999425345e+01
6.983995832029728e+01
4.208421699799793e+01
9.640823774803813e+01
7.636525858024380e+01
2.970281701055487e+01
5.624801197845862e+01
8.463818066969429e+01
5.318935497346769e+01
9.313010754675145e+01
8.526188926084987e+01
4.571128033367511e+01
4.752277096152434e+01
7.289936015051759e+01
9.998404798097165e+01
2.687994201056657e+01
5.792291749172048e+01
7.386740300518805e-01
4.195769258865979e+01
2.298036516782845e+01
6.322769320720234e+01
7.786334128019556e+01
2.751763068489620e+01
5.677841001040228e+00
3.805955002925337e+01
7.083049950694222e+01
5.303603497009540e+01
7.201319843158741e+00
1.671086536567233e+01
1.513165049959517e+00
2.481805250272996e+01
7.922069271058808e+01
7.135312337025680e+01
9.113167398196256e+01
2.313234802481362e+01
2.527517100110425e+01
8.907661959020263e+01
4.046490930042459e+01
9.179960866076854e+01
5.643189300616825e+01
1.438927064388491e+01
9.151245811558908e+01
4.301412554598139e+01
6.191204160540925e+01
3.790245919390696e+01
5.082845923063739e+01
3.880109732914767e+01
9.925816748256709e+01
6.002256854438343e+01
5.316074278818478e+01
3.742351338147350e+01
9.032543967027470e+01
2.796573127990856e+01
2.328607203591898e+01
9.764432934934474e+01
4.963346237765321e+01
1.723873117810056e+01
5.068036427287402e+01
3.450872159307297e+01
4.297453744475475e+01
5.219352932283353e+01
3.990198100912477e+01
9.587409673066534e+01
5.345859222740800e+01
5.315412923374871e+01
8.549924697051721e+01
6.715396906582359e+01
8.044362286126410e+01
4.295779384810375e+01
2.503880030710194e+01
9.783162739958224e-01
8.078881608358995e+01
7.265915701755283e+01
9.678830108455769e+01
3.897160181727801e+01
5.394121103637908e+01
5.151092491648669e+01
1.831539548855060e+01
6.269916289611680e+01
6.497993425698016e+01
2.292629076304207e+01
8.167721805240829e+01
5.932759291461092e+01
9.137380881764638e+01
8.074315515381430e+01
9.557293480987332e+01
5.435143441630128e+01
7.756044682001716e+01
8.976086512662511e-01
8.257434334725809e+01
1.506740879969085e+00
3.049728573788763e+01
3.586537420557131e+01
2.714960539115109e+01
8.077885940707236e+01
9.992572502229629e+01
2.282653810588016e+01
2.204779746106258e+01
3.951253022044549e+01
3.386304529098004e+01
9.293054202242314e+01
3.038559766969905e+01
8.851792383404351e+01
6.558969903997597e+01
8.423848873201688e+00
9.425274091505106e+01
6.328668643873496e+01
4.180260330522555e+01
1.256813635703555e+01
5.504051454134310e+01
4.458728090142239e+01
6.747601896872558e+01
5.774820496223317e+01
3.914873816033301e+00
4.969469190095304e+01
5.841167781428046e+01
6.376370334241712e+01
9.199415230750765e+01
5.665253431380379e+01
9.626619452436744e+01
7.516033434083701e+01
2.270238097882940e+01
9.825036614120489e+01
6.261000780510251e+01
6.890885926266613e+01
7.524731674941597e+01
3.448389663104150e+01
7.777686676838289e+01
7.341488156161033e+01
6.563278188259936e+01
6.886773266311164e+01
3.873626936168236e+01
3.602533039451825e+01
4.101447902667079e+01
1.235530055703376e+01
7.050075869564934e+01
3.381104172850542e+01
7.549712088680693e+01
6.811961208848265e+01
5.646160289480425e+01
1.096477485772445e+01
2.145570876144604e+01
9.749434920842496e+01
1.335463720064361e+01
8.181405737149252e+01
6.244788573237503e+01
8.408730937358332e+01
6.502043863992228e+01
7.105560762391221e+01
6.637469710147693e+01
1.962629008089485e+00
1.259541595941196e+01
4.222319556503705e+01
1.784804603916036e+00
8.206246471128541e+00
7.155737912820530e+01
8.208100045196758e+01
3.941236484768445e+01
7.934679341472071e+01
2.945001010291745e+01
1.059540543267289e+01
4.882382613086320e+01
6.094899264208460e+00
8.154070069153826e+01
8.838212699088366e+01
8.690686812014638e+01
8.785963770368119e+01
4.912634619936643e+01
2.045712281039782e+01
2.718651607967285e+01
2.446625541172282e+01
3.451629366470328e+01
8.727518631484136e+01
9.899579947767585e+01
4.244422928543958e+01
1.791136312201217e+01
4.148294382797692e+01
2.286197576805110e+01
4.108148824473912e+01
1.294648885398474e+01
6.049104903847493e+01
1.991643804121597e+00
1.940644263262229e+01
3.387587449228199e+01
4.746724062015640e+00
1.742111240393534e+00
2.447499936654931e+01
5.766083335395010e+01
3.749095324310053e+01
1.994752475058079e+01
4.340095759527802e+01
5.504684949063083e+01
9.609655760978188e+01
8.874548514780844e+01
5.078271760176063e+01
6.456131318796487e+01
7.565235322138871e+01
9.993225201029901e+00
1.323945890797277e+01
3.641369516794276e+01
1.375304535671745e+01
2.983291076022801e+01
3.800926643331035e+01
3.704651828717743e+01
7.423999946296215e+01
6.604521310238411e+01
1.704209443044015e+01
9.764973544406227e+01
5.558368137831972e+01
9.351945444639746e+01
7.471576359808248e+01
7.151381358109127e+01
2.033378981069373e+01
7.582978032335164e+01
9.079412063155048e+01
1.201113439724368e+01
4.306111379669100e+01
6.289259640634647e+01
9.989722450259012e+01
6.986747522366581e+01
2.554343264808107e+01
6.936303953144841e+01
1.143003055426759e+01
4.582335606488556e+01
4.540954252956879e-01
4.758089322018479e+01
6.118674811962375e+00
6.929784946576592e+01
5.757411842121469e+01
8.892868402829798e+01
6.274611505807663e+01
9.027050006681611e+01
8.176101985469508e+01
