9.058097614468121e+00
7.669295602324091e+01
2.025849680428323e+01
4.259978483552104e+01
3.651872567670360e+01
2.961679232754596e+01
9.027417660237950e+01
4.064167674660761e+01
6.109371504797307e+00
6.362635617313271e+01
1.265263674438588e+01
4.581709054569578e+01
9.894562670911924e+01
8.201754613873435e+01
1.395736607441556e+01
9.613425172685378e+01
2.420167262861583e+01
4.537322993640473e+01
3.648432681173288e+01
9.234536219963123e+01
8.490366772045552e+01
4.740070227878201e+01
4.800176436454140e+01
9.520584223568711e+01
4.496343594275574e+01
5.041524365097995e+01
2.151232549059779e+01
1.474658060574279e+01
8.502659647959592e+01
7.556530752944076e+01
6.703753707326834e+01
1.504363786198368e+01
5.161334050428743e+01
4.611121231974625e+01
6.027708233347027e+01
9.750836370396817e+01
9.660999816684517e+01
5.055125888928364e+01
3.815004040400965e+01
4.134725189830515e+01
6.755741190517200e+01
7.065770512943050e+01
5.177043217782417e+01
4.336503070935841e+01
1.190981926019761e+01
1.221376285525680e+00
5.074256530531801e+01
3.611149193537957e+01
9.056581803158197e+01
6.665148319054930e+01
2.845685408844466e+01
2.246120470690597e+01
4.284800404815376e+00
7.645861849955219e+01
3.519853317886523e+01
6.690630850703749e+01
2.687386210396600e+01
5.671085866946301e+01
7.939587746718706e+01
1.180966985961873e+01
3.227616615233764e+01
4.732090125201312e+01
6.554580226798812e+01
5.760298001468320e+01
3.372944832487472e+01
8.449673041910712e+01
8.151016942295719e+01
6.790383028234534e+01
6.528977829277972e+01
1.966020978040072e+01
3.148903135745275e+01
5.715270813421937e+01
4.955248294843011e+01
1.875304156856287e+01
4.489965748270026e+01
6.146230225519385e+01
1.997441785408855e+01
9.257349548515560e+01
9.757379419057341e+01
3.653733690108049e+01
6.855710468653454e+01
2.603064823245194e+01
1.480934615936565e+01
7.244529564513141e+01
2.489266685438001e+00
1.924730190972206e+01
5.974404456081989e+01
2.936312883597013e+01
5.031655689250517e+01
1.929699267227994e+01
6.721149765290856e+01
5.630619640290094e+01
8.557333652189622e+01
8.058733827461830e+01
2.324349578621029e+01
6.005000744948630e+01
6.241259899102738e+01
4.753665162601353e+00
7.861638971539978e+01
3.878674238863715e+01
6.338433705427886e+01
4.360953143034575e+01
5.356049633285054e+01
3.778215667129594e+01
9.092687107200122e+01
6.668042254945283e+01
9.263910217799204e+01
5.433759840872958e+01
1.385112666238618e+00
7.611254340788001e+01
5.155329147891761e+01
6.776530950691799e+01
5.987129633308914e+01
1.042818315812768e+01
7.518658161870511e+01
4.809016596902635e+00
8.560993959457144e+01
3.512590659555323e-01
6.021084439019246e+01
6.764837231843191e+01
8.298142812353625e+01
6.192941021264038e+01
7.884216908311572e+01
2.506451752272645e+01
2.148714732447972e+01
1.780688106911578e+01
7.736581087921085e+01
6.093172359323675e+01
3.488722328789868e+01
5.974144859227420e+01
9.971846598187390e+01
7.612616609601591e+01
5.792189308345406e+01
9.746049339764774e+01
3.326745612233293e+01
2.696632879179266e+01
4.911718612961340e+01
8.337231240392305e+01
6.196540112698702e+01
5.050229879585202e+01
1.698570466459995e+00
1.258702558120108e+01
7.106871706017699e+01
1.935615205175995e+01
5.989821253339677e+01
1.167593156531264e+01
2.225404215150235e+01
2.844848382680141e+01
1.202719063126817e+01
8.437601308542118e+01
9.609685614523332e+01
9.458554493942556e+00
1.179835508195607e+01
7.366734136532402e+01
2.469535182448819e+01
7.358807505741160e+01
7.980921057975348e+01
2.095019157088836e+01
3.451979860408223e+01
4.559530226774295e+01
9.459817320788193e+00
3.423826458595612e+01
2.730879812841713e+01
3.540872891219739e+01
1.667502816611669e+01
6.057625425075006e+01
2.015077509924340e+01
6.579221434229622e+01
2.509062887406472e+01
3.903092119797641e+01
1.629451309158211e+01
8.457548463930166e+01
5.566863341055281e+01
3.514680561383572e+01
9.170261392914811e+01
1.556684589738345e+01
7.941369315582034e+01
1.395665603408434e+01
6.107499802535167e+01
9.008286604195966e+01
1.247281842514538e+01
8.867934876525744e+01
2.838349720853543e+01
2.165146638716174e+00
1.617698786602215e+01
4.966386409926408e+00
7.575322169612777e+01
2.478674381262937e+01
2.421892896491053e+01
9.089086143807083e+01
4.158150071351859e+01
5.353074798059219e+01
6.812504393426936e+01
1.634723172352986e+01
6.840237652342878e+00
4.281971978154952e+01
1.045063729884598e+01
7.451435270463784e+01
2.160959840827137e+01
9.951866562455830e+00
3.664741117351102e+01
7.767563098002022e+01
4.978780050286455e+01
6.617860233698907e+01
5.686488792154234e+01
4.794501040500822e+01
7.935724629990628e+01
1.077940254974151e+01
9.976010378438984e+01
2.477814817092295e+00
8.622685451350495e-01
7.367827369537125e+01
1.146753500749708e+01
2.695144541885306e+01
7.584342033408743e+01
3.240719625372775e+00
5.591541209999258e+01
2.251912030508701e+01
2.363072131929487e+01
8.013434106490311e+01
6.186966228385906e+01
2.082190719471402e+01
1.901354110753794e+01
5.307667695594797e+01
4.092514907984302e+01
5.215318750224690e+01
9.589639678406361e+01
3.962500195001485e+01
1.702091843682384e+00
9.454578747718865e+01
3.155651177817793e+01
5.274272414517716e+01
3.781882791678367e+01
9.051284077135513e+01
7.685492712857896e+01
7.807376770212956e+01
1.542885849039483e+01
4.923393756581188e+01
9.977659047570853e+01
5.168681813016851e+01
5.369570607025908e+01
9.834453868602614e+01
7.416916511681357e+01
8.370349369184277e+01
2.831280172258280e+01
1.067326078688412e+01
9.280776395127539e+01
8.422821382257538e+01
5.280515409671010e+01
1.497167670865156e+01
6.436255488747850e+01
1.467481633400303e+01
3.579358390336557e+01
3.406176694392309e+01
2.105576345746208e+01
7.671873298320861e+01
7.438885610289353e+00
3.865873922531434e+01
9.832337819893070e+01
5.533035698129346e+01
5.616473437108320e+01
2.987988993054251e+01
3.986923952580860e+01
7.737361419823655e+01
1.612918270571585e+01
6.955168804598586e+01
7.161760515143052e+01
7.463949829090363e+00
1.461984171281561e+00
5.522397228294237e+01
8.116496283615238e+01
9.091466683471327e+01
9.529861123082163e+01
8.451585978479864e+01
2.032093127273066e+01
2.361141290683831e+01
2.508399059301428e+01
6.156237375063932e+01
7.839626729413693e+00
3.852952594800364e+01
7.653405045929088e+01
7.220218161689219e+01
5.320434232857281e+01
1.232763436265645e+01
8.518830378781459e+01
7.426010578603488e+01
7.442804867142256e+01
8.599867438245504e+01
9.247702085062722e-01
7.726321163459831e+01
4.784691587455892e+01
5.708950462615559e+01
2.879553568959028e+00
8.782678590520601e+01
6.703957927741091e+01
1.960884459298516e+01
6.802896548436441e+01
9.883457440828653e+01
9.731405810327924e+01
6.012936637742881e+00
7.168415834739999e+01
8.622356242790052e+01
6.117062687928352e+01
9.870298388353687e+01
7.073942216613302e+01
5.234741827116694e+01
7.756747891081845e+01
7.705034314517414e+01
1.390979197524013e+01
9.843380921447361e+01
6.868366155246443e+00
9.044384243453101e+01
7.063599078479967e+01
4.819766224743690e+01
7.338492249761937e+00
5.640127000231355e+00
2.245776798690565e+01
9.181784414305253e+01
4.258781985500260e+01
8.534089735957836e+01
8.709658174174677e+01
9.054536628096615e+01
4.665236060817370e+01
9.643722502348815e+01
1.923598769085295e+00
8.111547938599972e+01
1.604606956990719e+01
6.995256425344969e+01
3.708960136263147e+01
6.298929595527672e+00
8.893604129037635e+01
1.616045283906183e+01
4.385455238812349e+01
3.188976367557876e+00
7.575652919512081e+01
9.582090498684947e+01
3.159822627510793e+01
9.243091558685104e+01
3.191460153642791e+01
7.536232474975396e-01
9.336078404139764e+00
5.153896247574080e+01
9.119746572859468e+01
3.542051153975563e+01
9.973662472317770e+01
8.581123486431838e+01
4.106063858655311e+01
9.474975475796953e+01
5.077109432349498e+01
6.339748243959503e+01
8.431261073998762e+01
6.497437617041840e+01
1.063653734076607e-01
3.892812767947471e+01
6.141160114734042e+01
2.029964189059084e+00
6.695670758697983e+01
1.827012864792260e+01
1.523810541966842e+01
7.445014597589622e+01
2.057653466266419e+01
2.874968369898837e+01
9.926688349771634e+01
4.991896108254742e+01
3.210890536760395e+01
1.413032017374892e+01
6.541215398600891e+00
1.764617758693461e+01
2.533114642153082e+01
6.546452085742007e+00
1.209752071280848e+01
9.011566726961902e+01
8.028744271969769e+01
6.250343414140094e+01
2.553617876280853e+01
8.639911170415539e+01
4.831466895915320e+01
6.659681734936164e+01
8.001643194817771e+01
2.179674600334686e+01
6.769411832452478e+01
6.546147715554640e+01
2.670046050413533e+01
2.163696695195370e+01
9.642644850370775e+01
5.305778279577279e+01
5.395196776555478e+01
8.506899098170409e+00
2.564039394522104e+01
3.737571939703809e+01
9.161332975682492e+01
6.912109887652150e+01
7.336421989526795e+01
2.151444583270440e+01
9.767742832083136e-01
2.937149984267144e+01
5.010533381724047e+00
4.613669926586407e+01
1.352407579008680e+01
1.157176909575787e+01
2.920118315573837e+01
3.030497917453990e+01
2.420971026840141e+01
1.076856586652275e+01
7.234599621610064e+01
2.941979245721353e+01
9.588773757959144e+01
3.643969960344941e+01
1.199331940710234e+01
4.860703705279484e+01
3.074566872359518e+01
5.133155181600318e+01
4.249808110413052e+01
1.692382382085725e+01
1.324404683580811e+00
3.892452956127214e+01
6.510654709539682e+01
5.527637244913558e+01
2.647900289226277e+01
9.074694108718398e+01
2.446644563435877e+01
3.904475841626747e+01
5.675829102134252e+01
8.358909207563340e+01
2.992497162424260e+01
3.309975938550186e+01
2.547570016490096e+01
6.677886963206291e+01
8.638842002786157e+01
9.242201977987867e+01
1.045118007364272e+01
3.191961000297200e+01
6.462137255101528e+01
7.071698441669204e+01
4.268817586949476e+01
5.274640319531150e+01
9.002446415369607e+01
9.240882848035955e+01
3.428950767698209e+00
7.809915457763670e+01
9.800257054064542e+01
6.237414468190360e+01
2.943070634707376e+01
4.050065159820982e+01
5.050547623564744e+01
4.412548497511330e+01
5.868318572579100e+01
1.561202333104425e+01
2.669520225687661e+01
8.516218861805378e+01
6.358964371662104e+00
4.167714349072293e+01
3.087795899756158e+01
4.332283406673131e+01
5.250317214639074e+01
3.621572071510168e+01
7.642259345223317e+01
3.822682743809504e+01
2.994590300598456e+00
7.172069501677561e+01
3.064884721797372e+01
7.726911906025798e+01
8.731029815380941e+01
7.711609680071292e+01
4.414607805392988e+01
4.222605947508759e+01
4.844884129634539e+01
2.639977141581465e+01
3.335449366520834e+01
5.187779206404359e+01
7.062690191465751e+01
1.431436930518335e+00
8.545944447883379e+01
8.690118397907409e+01
7.185771580406359e+01
3.596492071448123e+01
5.832001374024899e+01
5.128289696354555e+01
5.157694404552549e+01
1.003934252543344e+01
8.558367839343086e+01
5.793590841718759e+01
2.527517100110425e+01
9.125312007556349e+01
1.258742437352772e+00
7.698272162907884e+01
2.746884074409904e+01
3.326138403884200e+01
1.520954902060775e+01
3.046343104469750e+01
3.334038790005277e+01
4.585839623858146e+01
6.062918066076430e+00
2.091904996005774e+01
9.923424241097376e+01
5.020899616657244e+01
4.680904282574032e+00
4.768308366075302e+01
5.670626971717284e+01
9.273150679316907e+01
2.051375434757851e+00
9.664923506632877e+01
6.939246215363613e+01
9.165811962059611e+01
3.834963810553292e+01
9.163895775174673e+01
5.794937394463894e+01
8.431201036288962e+01
4.779815745903093e+01
7.442354693749154e+00
3.421486864528379e+01
2.548565935598950e+01
8.873856565390646e+01
5.504090155243915e+00
8.037266581336627e+01
3.175683572504522e+01
9.067326737133472e+01
7.841506510899173e+00
8.964747241216129e+00
5.031045808005634e+01
2.520973157380230e+01
1.394682629683373e+01
2.341543832952876e+01
7.310791056282255e+01
6.239203459694611e+00
7.460958062420114e+01
1.153349341430398e+01
1.092010774226864e+01
7.089934762143500e+01
9.127624677087937e+01
4.895550573661714e+01
5.869066350101059e+01
9.557293480987332e+01
1.777947788023366e+00
5.548054350329588e+01
8.976086512662511e-01
8.129595940992979e+01
8.298157019679508e+00
4.067106630684392e+01
2.119794037248843e+01
4.902796924534625e+01
8.077885940707236e+01
3.033460869003767e+01
4.351476586587484e+01
5.827701266774768e+01
1.070727445683781e+01
1.921812906824897e+01
6.175650100305514e+00
9.209793074619860e+01
2.072106977958282e+01
9.931471431595959e+01
5.685371856989978e+01
6.349962924770062e+01
7.990154655645674e+01
9.041557283625733e+01
4.836890611255956e+01
9.963177754526575e+01
9.579842602638455e+01
4.208073594704305e+01
1.115041515377835e+01
2.157585985100635e+01
4.969574001137900e+01
8.787257074745027e+01
8.105107191067704e+01
5.147368779940237e+01
4.335311420418002e+01
6.431570442594388e+01
8.619063328308549e+01
2.848801879607514e+01
7.683997651414944e+01
8.610565629140737e+01
4.422853050950381e+01
7.479215174670897e+01
5.778522135586721e+01
4.837293026427409e+01
3.306916436789053e+01
9.864291525382684e+01
5.965582847579189e+01
3.873626936168236e+01
4.569632045258597e+01
8.037689825537470e+01
6.624362793110480e+01
2.550038975919615e+00
4.387652745650919e+01
7.549712088680693e+01
6.811961208848265e+01
7.107376613238536e+01
2.338470319443601e+01
9.957003919387704e+01
1.315450207942841e+01
3.020084990663494e+01
4.303156865901853e+01
6.285024209080741e+01
8.164779538365444e+01
2.468529642777764e+01
1.976893144648938e+01
1.837657113483947e+00
2.701705905004268e+01
5.921452322938224e+01
9.184163403317407e+01
9.144749464068911e+01
4.428141864216021e+01
7.455420646562902e+01
9.317774008641845e+01
6.176044445566854e+01
6.229750284100767e+01
9.675960969028976e+01
4.049990048655304e+00
6.925892828463527e+01
6.517129347900455e+00
3.460430434653735e+01
4.909415866671790e+01
7.144031583864257e+00
3.715434332245697e+01
9.297068616979321e+01
2.478755611217933e+01
4.092595648994946e+01
6.404445225561246e+01
1.956223320195555e+01
4.049599563726037e+01
4.968350909169927e+01
4.819748883517342e+01
6.773113136539754e+01
8.542851344003739e+01
9.411635198356414e+01
3.950614730804514e+01
5.437312631605804e+01
4.888984563243103e+01
8.435512161085154e+01
1.115700952296937e+01
4.073147966560511e+01
8.945337486893561e+01
5.890782897309764e+01
1.973428475658143e+01
8.619428909672159e+01
2.066827342876618e+01
8.203178759758910e+01
8.550309975887794e+01
2.231558315563741e+01
7.919867387004135e+01
8.590785390041204e+01
5.968632910386022e+01
2.829283253675924e+01
5.866861113285115e+01
8.133490499171191e+01
3.737118045677020e+01
7.757454280628568e+01
2.226086143509525e+01
4.469132551210529e+01
3.763236861565726e+01
6.275685707235562e+01
6.250692525063963e+01
2.850572589249617e+01
9.073550197795755e+01
2.556121629921776e+00
6.269696762910903e+01
4.807356449220030e+01
5.692924794597982e+01
5.637687354179884e+01
4.559100332930265e+01
2.685391196368910e+01
1.556951832751255e+00
6.554564608519229e+01
4.306111379669100e+01
2.129123658933269e+01
5.173993513534774e+01
5.501029386884081e+01
6.421968772272565e+01
3.724303489422567e+01
1.990578692402029e+01
4.341836154620087e+01
6.981175419400061e+01
3.849818745558066e+00
1.030768589596622e+01
2.848036532685177e+01
8.518472373726998e+01
9.297471274294644e+01
5.276332439517757e+01
7.445585125799098e+00
9.237019186484171e+01
9.039569301083483e+01
7.020244219815473e+01
4.078960886261873e+01
3.169740998730874e+01
4.778015010421171e+01
4.334573049254050e+01
3.892251804420842e+01
9.732328238772381e+01
2.749783919541996e-01
2.959675464294700e+01
1.045500860105036e+01
7.079187583680817e+01
2.827624139761377e+00
7.600065468624264e+01
1.214600182703976e+01
5.244494311159706e+01
2.774058982159038e+01
6.715629569588056e+01
5.576796729851885e+01
1.048814789880447e+01
9.978859084648480e+00
6.420394771928152e+01
4.129882331066710e+01
1.382867787677267e+01
2.821993121328760e+01
6.705490358502367e+01
4.104039098184574e+01
6.836825956980151e+01
6.691204955191913e+01
4.021328908401229e+01
7.172538110601034e+00
6.989234642586315e+00
7.666142893799646e+01
4.796214697321977e+01
5.711097035422501e+01
2.444157899564206e+01
9.130787746576028e+01
2.294415068949766e+01
3.142943220745280e+01
1.287717288959640e+01
7.264663445420872e+01
3.130623075706243e+01
3.897359247271604e+01
8.369461190127517e+01
5.337730262120128e+01
6.259133380958407e+01
3.204015704432510e+01
3.501837329707032e+00
1.827588994907024e+01
5.282574321740574e+01
9.044969817178774e+01
5.337972568971092e+00
1.702969089012113e+01
7.407042918450685e+01
3.670847277935058e+01
2.297862270985666e+01
7.952986768424969e+01
2.320191609822303e+01
8.183468714441857e+01
9.020804436421398e+01
4.218086108666885e+01
8.900722525501961e+01
9.719727900680027e+01
1.884229002466532e+01
4.213737176830758e+01
8.041206411105210e+01
4.328386902030738e+01
1.682528770380900e+01
8.506032311593198e+01
3.258945328769714e+01
1.986010541201574e+01
7.519600171372109e+01
6.493351481153327e+01
4.384087898947339e+01
9.429554557162130e+01
1.831081738616843e+01
4.482617086955634e+01
5.743539531595790e+01
9.827236765915173e+01
7.959572811592172e+01
4.934291753421674e+01
8.009859313261629e+01
1.857433580727053e+01
5.163214707357443e+01
8.819750681901235e+01
9.056650707058913e+01
5.510684058773649e+00
6.349738112813671e+01
5.303724866967519e+01
8.734537124975834e+01
3.736022172372799e+01
9.521810975634405e+01
1.804298559112613e+01
4.575847971521247e+01
5.966870629213225e+00
1.332196863988506e+01
1.766256378854744e+01
8.476934865339162e+00
7.854743184454153e+01
9.293497525757876e+01
4.210421891981001e+01
6.145932369933432e+01
3.053620365938926e+01
7.037733684777159e+00
9.276342792099501e+01
5.973039779799543e+01
3.039506195597121e+01
8.772390116365808e+01
9.267439278432839e+00
2.362091873009732e+01
9.602643088252584e-01
5.861035681264958e+01
1.234298451447067e+01
2.685433972014782e+01
3.054282713241075e+01
1.198966452478881e+01
1.010110714011877e+01
8.485327362308897e+01
1.081618425008663e+01
6.498420376562709e+01
5.081092559304597e+01
2.919247105214394e+01
4.824547462549316e+01
9.975147889915456e+01
8.994124093555904e+01
6.485472156892285e+00
1.307344749247350e+01
9.781589303063969e+01
6.382974095820902e+01
5.467266573322595e+01
4.527407975181661e+01
4.793499039855552e+00
1.613198938599415e+01
8.798447288013271e+01
7.604723124580795e+01
3.686424351151299e+01
7.311911591008264e+01
6.442293155213023e+00
2.499408881412544e+00
5.650543009699576e+01
6.080070257224175e+01
9.459391990424783e+01
4.099691195459892e+01
7.055727228082588e+01
2.144825962439564e+01
6.502523290227411e+01
4.495833760358316e+01
3.309538049301849e+01
5.909024628768221e+01
5.803398245854024e+01
6.282493633349656e+01
2.447762648783513e+01
8.722645355725031e+01
2.835158199460785e+01
5.575752624112997e+01
8.989852396300925e+01
6.173548086627176e+01
8.479179483130193e+01
7.873157299064640e+01
2.556522177791466e+01
5.788132578967201e+01
2.400565269589687e+01
8.446775301567639e+01
7.989340567956371e+01
9.975235708977671e+01
5.537591602437939e+01
9.466891344388431e+01
9.240448488500178e+01
6.181820922615855e+01
1.627983977844931e+01
5.525802809524259e+01
1.026869537786986e+01
1.087375963613100e+01
8.339232075186088e+01
8.082596765869575e+01
3.232201926052664e+01
4.841755360756887e+01
1.238149675185862e+01
5.671764936145286e+01
8.358704530801020e+01
6.815601865209455e+01
2.232722655047068e+01
7.397392423542864e+01
6.811330172611089e+01
1.601493792422811e+01
2.624818651296579e+01
5.801182564255400e+01
7.775041879049988e+01
3.550558240874931e+01
4.572624258963682e+01
3.315640568414536e+00
2.748080097487234e+01
7.869219508892493e+01
8.264432539355211e+01
4.803892203981007e+01
8.609222089224133e+01
3.802024137136538e+01
3.521367024407427e+00
4.943654977224606e+01
9.983845059752392e+01
1.980120680285674e+01
5.207338587011834e+01
1.010714592882765e+01
3.067496643898775e+01
4.832832591995984e+01
6.624798992008343e+00
6.299698574608051e+01
3.015633902054110e+01
5.430601805183385e+01
2.161986204870970e+01
7.940972711863449e+01
7.571290497468453e+01
2.170190784228123e+01
8.370704896920688e+01
5.527561612207238e+01
2.688209699787297e+01
5.182959048628323e+01
6.030121481060107e+01
7.788450251234906e+01
6.749573301872971e+01
1.498775715706300e+01
1.878290507885763e+01
5.610986233507742e+01
9.367995224598793e+01
1.427230425843611e+00
5.040398279689438e+01
4.067474945479759e+01
3.944747184377512e+01
4.840820117313797e+01
3.202326271311532e+01
3.928592239473291e+01
8.906014956955805e+01
9.849503165972187e+01
1.927278010140768e+01
4.401523016580159e+00
8.023381707269411e+01
4.032618195765008e+01
6.739850876266067e+01
1.039015609323520e+01
9.463220000948394e+01
2.833548739009327e+01
7.959857540186428e+01
7.034510498416849e+01
5.003739523237449e+01
2.949896279233459e+01
5.469135034582175e+01
3.660893050795837e+01
5.647536695770704e+00
1.499256515642282e+01
1.449343297374129e+01
8.283411715311657e+01
2.998032231348582e+01
2.305459488325501e+01
4.894595423198582e+01
2.366027455947374e+01
4.676016920560978e+01
4.805407372678354e+01
7.437229173927209e+01
8.190914172768086e+01
7.116708516663270e+01
5.396169533671890e+01
6.198028198535567e+01
7.570598012567777e+01
7.301589030447224e+01
5.155810362266288e+01
8.010750318882404e+01
5.324970733060022e+01
9.188428558031296e+01
1.692127958728060e+01
6.363986342383542e+01
5.205451606402850e+01
3.378344780475993e+01
9.415312618676252e+01
8.412070539040523e+01
4.351028131484533e+01
9.735201001043990e+01
9.270901069636876e+01
8.050360320159402e+01
9.285095426852394e+01
2.654550598307769e+01
1.685464094246488e+01
7.568507137507436e+01
5.652582829656351e+01
9.571297615566895e+01
7.333516230496353e+01
7.458283317954411e+01
6.229069254467762e+01
2.138923603174707e+01
8.722175661810756e+00
3.242550465856935e+00
2.723093145863662e+01
2.907925319349359e+01
2.733484065501711e+01
1.856981139563481e+01
2.095143451399702e+00
8.956989459207743e+01
7.918214284776811e+01
5.534485078199992e+01
9.672053577225680e+01
5.717006440142638e+01
1.898471420583535e+01
5.729371530809148e+01
2.529654001132424e+00
7.266737044447444e+01
1.415530578892459e+01
3.446379352103165e+01
7.001938045491436e+01
4.358267879280387e+00
4.204168396165673e+01
6.287033467687216e+01
2.530323975966463e+01
5.889632490412161e+01
8.670211647949280e+01
8.779580848654536e+00
2.686288977361419e+01
5.778378823668873e+01
9.658879567710161e+01
9.129029865902397e+01
8.273598928131908e+01
4.352407825343501e+01
8.521587433536345e+01
5.664846387535728e+01
7.260333144692859e+01
4.594368173086256e+01
2.853673213559051e+01
7.443069651463567e+01
9.144365922149441e+01
6.878551694973629e+01
6.615960954975318e+01
3.223411200206453e+01
6.159340104162385e+01
4.902803988616357e+01
1.951460429444658e+01
6.412305504275628e+01
2.169541028407189e+01
3.366991008337117e+01
9.253160357127507e+01
9.171479073898624e+01
1.826318880462236e+01
3.457328748636566e+01
6.874815154296725e+01
9.471321468926649e+01
9.485009368269243e+01
9.314053137467268e+01
2.897930053480868e+00
9.122498877869219e+01
5.073302353300760e+01
9.377173804387997e+00
5.127105766500861e+01
3.831090393397534e+01
5.290125210438913e+01
3.648693200037206e+01
9.495936780933262e+01
2.550458350475160e+01
7.687526181194710e+01
7.197266564330675e+01
5.333318885105345e+01
1.238883808832096e+01
6.643657151909386e+01
9.261426459653967e+01
4.462295009038548e+01
6.671376394420572e+01
2.547015502372298e+01
3.235526440309140e+01
1.130417367038511e+01
3.188410165341762e+01
5.852120190789979e+01
3.835777195094050e+00
7.356482156252713e+01
1.526486613567214e+01
3.840906468145972e+01
4.726975031535595e+01
7.112147974368254e+01
7.610317951818145e+01
4.041028169002863e+01
4.730826553297614e+01
2.310366575750693e+01
2.349419920867970e+01
5.668543933736414e+01
7.437472346908167e+01
5.696321202300638e+01
9.586691395187142e+00
1.086165542288760e+01
3.991455307226374e-01
1.299244017013928e+01
5.989930236707409e+01
8.519791592154556e+01
3.529433334958475e+01
9.161802269128059e+01
1.498184195485983e+01
9.699652190180333e+01
3.082803638224864e+00
7.984375766471203e+01
4.481514135599841e+01
6.187308661726912e+01
6.346661511970061e+01
7.071062413543026e+00
8.118631256799507e+01
5.605929128642161e+01
5.365546893032987e+01
5.921034494378154e+01
1.571197617599367e+01
6.898802694351787e+01
2.334795409038102e+01
7.551717612683642e+01
2.614963251452410e+01
3.498983636265147e+01
5.363478788809608e+01
3.982915358609946e+00
8.211998319352045e+00
2.505713055145793e+01
6.094612742818246e+01
3.692835035590844e+01
5.593069785085073e+01
3.405495208411242e+01
5.529438636977896e+01
1.583000021792482e+01
6.514764738508856e+01
2.162001539097168e+01
9.825826054357843e+01
4.684707785344081e+01
1.861653724620889e+01
1.929341234233855e+01
1.293229251770875e+01
4.108321412516908e+01
9.637231989594750e+01
1.406101324318955e+01
9.543399270411301e+01
2.577932794847494e+01
9.136392478428964e+01
1.924393420072456e+00
5.699278621794321e+01
7.075900960283307e+00
3.107713322670997e+01
6.871656936999251e+01
6.355098297984851e+01
1.156584937664021e+01
1.623468027274808e+01
1.718577082137846e+01
1.554876473525016e+01
4.357633923346938e+01
7.042991564163469e+01
4.074768961442062e+01
8.050468958937780e+01
2.636061344591930e+01
7.480264174509917e+01
4.166005167256112e+01
4.219061366384412e+01
3.825171815150032e+01
5.983827345065692e+01
5.840122241452394e+01
1.840432701558076e+01
8.114892895386970e+01
7.769463475686248e+01
5.727651550307707e+01
2.297981838834464e+01
5.424006192676726e+00
2.100912948186003e+00
1.381755965473948e+01
3.206447420272253e+00
2.387242332281192e+01
1.574195307481193e+01
7.029748473795945e+01
1.190623017582401e+01
8.532209465528004e+00
1.587594538735037e+01
2.444390865249741e+01
8.440638640169351e+01
3.211062570666458e+01
9.264298397705097e+01
2.623464634001006e+00
7.568696494013395e+01
2.023469741467139e+01
4.337115429498775e+01
5.619165448294564e+01
4.659531090715682e+01
1.817379599352078e+01
3.685695991705030e+01
8.083403253966665e+01
5.642551414502110e+01
6.855424273226141e+01
4.122943740395337e+01
7.310815065778240e+01
8.203363124375866e+01
6.443817190101285e+01
3.038466611429335e+01
5.160995891858357e+01
4.716943183316357e+01
5.443665723057308e+01
6.542751857332304e+01
9.523640996554700e+01
6.442364834455012e+01
8.116947169470110e+01
6.553389465694032e+01
2.037821366469293e+01
8.457516901408097e+01
8.140984004429069e+01
5.864491144132098e+01
8.083231564649954e+01
2.695118595238364e+01
8.847841079741643e+01
4.609374443352863e+01
3.920221842788263e+01
7.124342213908371e+00
9.884278234040494e+01
4.539908508090259e+01
7.527970158275204e+01
1.313299066998669e+01
6.783629710219628e+01
8.738168519334016e+00
2.238817211351738e+01
6.797332408277938e+01
1.125277304614558e+01
9.549632277129977e+01
5.030315651106795e+00
2.856282597806437e+01
2.588098883902700e+01
5.502040491207521e+01
9.842500407175395e+01
2.760318369958698e+01
4.095396666831987e+01
7.149362953914964e+01
9.202683204413709e+01
2.212343831645485e+01
4.407429115105155e+01
2.622783483296066e+01
6.698607283969693e+00
2.548413114877610e+01
8.487274627428164e+01
4.107119470884613e+00
9.389633675752968e+01
5.034277464744764e+01
1.291055814964257e+01
2.967876565162035e+01
7.370707070161919e+01
2.534264085131820e+01
7.854843236438391e+01
1.611206727852675e+00
1.532445089673831e+01
2.772616694109801e+01
6.135215790073953e+01
3.745607977614556e+01
5.039546403586653e+01
7.260493099345125e+01
4.068831253828868e+01
4.647467925514778e+01
3.036855302302565e+00
6.440752235446475e+01
4.983840130727663e+01
9.204347231054840e+01
3.044623231070406e+01
9.079236797559651e+01
7.058386880465963e+01
9.005757765381485e+01
2.358107982370122e+01
1.465815990914505e+01
1.628541244020938e+01
5.250611438066984e+00
4.014229110448728e+01
1.158158667924888e+00
9.357730908951597e+00
7.914688800421864e+01
6.113687952102017e+00
9.578826189776336e+01
6.823723072569689e+01
1.648742841393101e+01
6.120023031774920e+01
8.097002808049788e+01
2.965130872542565e+01
2.837932041305086e+01
8.696195021595896e+00
4.000068397261234e+01
3.713194156863351e+01
5.909165905746243e+01
6.707916383961177e+01
2.197614378387860e+01
3.321365920510779e-01
5.647053474396026e+01
7.108774649495619e+01
8.324201353045274e+01
1.897342801977574e+01
1.533978805660260e+00
7.403438145948313e+01
9.192891693298189e+01
7.763093457446942e+01
1.473542145208242e+01
6.964589444438271e+01
1.975682732637824e+01
1.060166177833530e+01
1.430802276092955e+01
2.374708402145053e+01
3.467186518696689e+01
5.574310452479082e+01
9.241619822216043e+01
5.581698215371789e+01
6.040413028579398e+01
6.120217268411171e+00
7.740692951595733e+01
4.137415836629186e+01
2.267758679700903e+01
5.786249929008191e+00
7.388785531459742e+00
9.780370490523228e+01
8.807707586701822e+01
7.457481616855357e+01
9.024692335643196e+01
3.164526993951074e+01
8.962111621611804e+01
2.005288611168642e+00
2.733016434466940e+00
6.340560031282045e+01
2.673191997536082e+01
8.803012137675198e+01
4.517557078282143e+01
6.961717152484562e+01
8.189792981459662e+01
5.052662112308974e+01
8.830673135272541e+01
6.529959154562074e+01
9.335680855128766e+01
7.727153411939346e+01
5.104027909740818e+01
2.802867369168842e+01
3.031674890328047e+01
3.481956433263587e+00
5.305216557022751e+00
9.072087918907444e+01
6.455501637633658e+01
8.112529045023270e+01
2.658401263253019e+01
4.537369974207771e+01
8.691154037924089e+01
8.216539089668792e+01
5.036396125814131e+01
7.012736102106393e+01
9.521904107891910e+01
3.057106189922014e+01
1.800961802620889e+01
3.389302791743214e+01
3.257635051038877e+01
7.291499556643656e+01
2.020302085215366e+01
4.588324499590474e+01
6.094511689662239e+01
6.537859168154122e+01
6.454408185768131e+01
4.498317169257587e+01
4.633489290547320e+01
5.608602494750452e+01
9.014275897766592e+01
3.969170141019472e+01
5.546556727749555e+01
5.800205020140952e+01
6.772037510188314e+01
1.094680917959046e+01
1.365343994165465e+01
3.542473117607866e+01
8.753176973552060e+01
7.820845631799122e+01
4.894769920452857e+01
8.649022462148696e+01
3.049759977985993e+01
3.947556681906598e+01
6.865561547160875e+01
5.047736743021633e+01
9.602927840129905e+00
5.998301876708074e+01
6.741001637066249e+01
8.783414963997628e-02
9.387604668451289e+01
8.218766752732344e+01
5.783724880676588e+01
5.357671270779181e+01
2.807091247666204e+01
1.878236570338829e+01
8.568665468398791e+01
4.943324367023690e+01
4.824963284109236e+01
1.591867395486621e+00
4.546580749818394e+01
1.361242314503176e+01
7.862536310154263e+01
3.887682759150715e+01
1.018541679260573e+00
1.203952869961016e+00
7.622580690133655e+01
1.467198162091523e+01
3.830510375011018e+01
5.694632258124012e+01
9.288043793890645e+01
9.086913023650141e+01
1.352573596570908e+01
5.832149733711104e+01
3.034469705556738e+01
8.213807986217462e+01
8.798864720761248e+00
3.994762489569729e+01
4.921938015577354e+00
9.147527128992382e+01
4.437314432318003e+01
6.595122798623109e+01
5.585549215593166e+00
8.664799169015511e+01
1.952794064745677e+01
1.924998127820435e-01
1.489492646180788e+00
1.102169775917274e+01
4.962574348301894e+01
4.973912548727315e+01
9.210163023886346e+01
5.569042226098964e+01
7.597273312321525e+00
1.502008746146229e+01
4.074602776241770e+01
3.257499473755015e+01
5.811399056488368e+01
9.657297520738699e+01
5.268357785077932e+01
9.641909436156000e+01
5.203416531534594e+01
1.326578111074203e+00
8.728822455149526e+01
9.695584489822194e+01
5.964807544818525e+01
1.763292156049652e+01
2.717421777880482e+01
6.844694016894650e+01
5.758054645619380e+01
4.968729352098298e+01
5.829423417257807e+01
8.245042463878654e+01
3.712313591368643e+01
6.935395545761752e+01
3.269827437247069e+01
6.245817908200350e+01
7.108780665839454e+01
5.796882219518015e+01
9.924969645182122e+01
6.543665219351493e+01
4.109024407392845e+01
9.135132664411856e+01
5.251305180253137e+00
5.607132974829121e+01
5.479276932533493e+01
6.075140305829766e+01
2.915945231409718e+00
5.317832951116298e+00
9.862154466035847e+01
1.136208545014359e+01
6.507565899057111e+01
1.084367591461338e+01
1.268866360778393e+01
2.442025883329113e+01
7.799520766269192e+00
7.233673905596916e+01
4.205318044035378e+01
4.338982898899812e+01
4.078367922491565e+01
3.136004732519390e+01
9.797071702683844e+01
9.907791339749373e+01
6.077909663355867e+01
1.260912069706671e+01
4.428349744727998e+01
4.724170302378093e+01
