4.703643678083850e+01
7.623259940940542e+01
2.879535175338171e+00
2.685454316756434e+01
7.625319178973008e+01
9.436127631662472e+01
3.921470038556247e+01
7.674790093523818e+01
5.430371861639605e+01
6.228926985631197e+01
9.712724047579209e+01
9.808693989090943e+01
7.932594142822825e+01
7.610567900170837e+01
9.902151399246488e+01
1.045036758782825e+01
3.852046990698225e+01
6.577857600794107e+01
6.243072783687652e+01
1.104122186593768e+01
3.750905810739336e+01
8.254083855195942e+00
5.970904704169791e+01
5.903532591603479e+01
6.886582927259887e+01
9.817621717144559e+01
9.979575020251598e+01
4.305869827189422e+01
3.228698290525329e+01
2.163228025735928e+01
8.000803295523302e+01
1.124116052465567e+01
9.524625544214912e+00
9.895985671270632e+00
4.735202782198415e+01
8.577781733394498e+01
4.573349479852873e+01
8.861344716912761e+01
7.353129255284149e+01
2.388124476367665e+01
4.885599801729247e+01
8.221934613875082e+01
6.427685640020149e+00
9.641376924534039e+01
5.832502514045920e+01
6.974955930828563e+01
7.181161701297928e+01
3.662921955652033e-01
7.777346720815332e+00
6.929486467004514e+01
1.140751410806902e+01
5.205214957336530e-01
7.754894852524109e+01
9.435873515641258e+01
5.955584741176844e+01
9.853390683351732e+01
2.213501470262884e+01
1.246542977749623e+01
8.655882216364090e+01
4.580364615926689e+01
4.575745595887185e+01
8.776475679490936e-01
2.101824466186494e+01
5.528208154965289e+01
2.325684820453490e+01
8.437028112093465e+00
8.734476742676681e+01
4.020364225851542e+01
9.500375636620622e+01
7.719521139617787e+01
3.551859061025017e+01
5.129359636981673e+01
5.155312342175894e+01
2.578991028749845e+01
5.735339823055705e+01
9.878148515652004e+00
1.508274391064548e+01
1.286898316483432e+01
3.832236874770484e+01
1.624951014120574e+01
1.643252503892059e+01
2.942728857948784e+00
1.677003163693940e+01
2.439242132212614e+01
4.263270927715707e+01
7.632587904870783e+01
4.039625131543551e+01
9.707439415951930e+00
6.979155888305584e+01
7.297631822199389e-01
8.854198092061188e+01
7.082545057443225e+01
1.607410750169032e+00
4.273035300091392e+01
7.278622871860220e+01
1.677877670935298e+01
2.978260793247382e+01
9.392238557055703e+01
5.831495433036002e+01
6.996195510493682e+01
6.489293191809810e+01
4.847009146980480e+01
2.125555147475356e+01
1.272218390960348e+01
5.490125043080246e+01
8.919642171319406e+00
1.225266336102628e+01
4.807367364320609e+00
5.605730258676098e+01
3.767613146345882e+01
8.641398739368374e+01
9.542005047920162e+01
8.435523942315729e+01
6.988867608359487e+01
6.647130114327710e+01
3.226583219704489e+01
4.621455513230271e+01
5.050963333365956e+01
3.669538811626629e+01
1.600611396879242e+01
9.760529412776478e+00
8.400857699290317e+01
8.558780117220608e+01
1.136794020951164e+01
5.344456329636488e+01
2.564170799480830e+01
4.412333119852623e+01
9.809084436767309e+01
1.421826077355922e+01
7.898407321375984e+01
6.805279947260991e+01
1.272773417305561e+00
3.647416696719554e+01
8.930835094736346e+01
7.117656952290636e+01
8.143982262417666e+01
5.162126857397206e+01
8.782600610881393e+01
7.121263205595902e+01
5.411443480016405e+01
5.535000863268507e+01
1.742014522544115e+01
1.644188091924502e+01
5.301818244765428e+01
6.245204911681454e+01
7.461962428624724e+01
8.993478384331557e+01
1.001467826311229e+01
8.527444539837281e+01
6.081723457240371e+01
3.558322332593762e+01
2.128790590040754e+01
1.077207965346616e+01
4.324107204714840e+01
4.863246038958079e+01
3.395573642754729e+01
9.295279183096848e+01
9.275579158810703e+01
6.278671988415845e+01
8.848152779437672e+01
6.529524534255977e+01
7.177167491604186e+01
3.111057301569291e+01
7.856008111432199e+01
5.449373296205594e+01
1.463232455525190e+01
2.796820273062596e+01
8.733460315844724e+01
2.458330617499692e+00
5.897436060894950e+01
2.705297983579942e+01
9.656249210078384e+01
7.639450583439064e+01
1.161794215981753e+01
5.664034618839637e+01
5.755131489483235e+01
8.623756649263090e+01
6.347503842016451e+01
6.768166439965445e+01
4.152233267273863e+01
4.214813459764613e+01
5.565436084552405e+01
7.879370268378113e+01
5.292021425111230e+01
6.311131513822419e+01
9.863026444736416e+00
7.948267929231872e+01
7.019110916656959e+01
6.458871055608090e+01
6.458067128648082e+01
5.103900258012069e+01
1.592436624501104e+01
2.003802089953703e+01
7.416973047618276e+01
4.471239333260450e+01
4.678589745740681e+01
6.754381543376661e+01
5.222357378910461e+01
5.557418472858806e+01
6.920060486029863e+01
5.820571144959224e+01
3.126050342398719e+01
8.042792299782295e+01
4.049283226043583e+01
2.643548419067426e+00
9.467137483631790e+01
7.344677214205581e+01
5.670060112918755e+01
6.872404546883145e+01
5.862921525660400e+00
5.360186512284068e+01
4.269144211089772e+01
5.954393942819161e+01
3.739769837697860e+01
3.104585289538179e+01
9.173240735741911e+01
3.038058305642595e+01
7.498340880264686e+01
9.140368089610882e+01
2.667738102687401e+01
6.734843587845025e+01
4.669401857382339e+01
2.043609298785966e+01
9.736720570240506e+01
9.880396826137043e+01
2.955215514151014e+01
4.952223023843124e+01
5.615224417119857e+01
1.666259659298817e+01
5.454418657093504e+01
2.620114615475812e+01
3.497078057144339e+01
8.132114316398331e+01
8.847571405976811e+01
4.194602386185249e+01
5.120132647045018e+01
1.502298140666586e+01
7.236589261906497e+01
4.183409588496857e+01
7.075089391821572e+01
8.877821890114723e+01
6.307045797029066e+01
9.155720094757024e+01
9.509184551196725e+01
1.910596267278584e+01
2.260305379638590e+01
7.874616355576839e+01
4.948654577577791e+01
3.837958864792231e+00
3.923081785404627e+01
9.253047238687540e+01
8.116714366766026e+01
4.941634268007071e+01
6.247636450569908e+01
8.001832858660181e+01
6.095173971771809e+01
5.472700821921556e+01
4.065377737425909e+01
5.695560498021338e+01
9.657020685103265e+01
8.094895434610031e+01
9.438790087326798e+01
7.143851484704693e+01
7.410846970701054e+01
6.504251522246865e+01
9.850067854789117e+01
2.370381496087826e+00
1.593121030178443e+01
5.537395186506862e+01
5.509116633566617e+01
8.243317882643694e+01
5.291225777608913e+01
8.959842514693663e+01
7.399037972744105e+01
6.928732612602754e+01
2.846225310511061e+01
9.659343357039309e+01
6.899269780562850e+01
7.863155276450865e+01
5.912275060970465e+01
8.927336846910107e+01
8.431623325884166e+01
2.022509794692746e+01
6.600793156121296e+01
8.623434067062770e+01
5.140881475592442e+00
6.793753531199765e+01
2.239707467257841e+01
4.688082311622836e+01
8.170408866447588e+01
8.759519219752178e+01
9.431095742355610e+01
8.529746373430707e+01
1.424190672777682e+01
9.029886978226661e+01
9.390566018126238e+01
2.361350610089186e+01
3.748810851829504e+01
9.836870436480675e+00
3.943830711740922e+01
2.302350039734668e+01
7.855442770689467e+01
9.203886342795514e+01
5.379530254462516e+01
4.274977401026980e+01
9.493492101083272e+01
8.216936391879310e+01
9.803456570861609e+01
5.854671576924003e+01
7.919905813373582e+01
5.715731627175460e+01
7.519630606993861e+01
6.585343422640740e+01
9.744721054911949e+01
1.064416245121703e+01
8.128616129108060e+01
9.180593974506759e+01
2.046912010780960e+01
9.699027831526020e+01
6.315227717307967e+01
5.796998262310865e+01
6.983557453837039e+01
2.605128252229247e+01
3.239069801400914e+01
4.101100510033360e+01
9.932679748131279e+01
1.973751467640396e-01
1.581683429694587e+00
8.525021285063131e+01
3.613322863175218e+01
4.101999054710380e+01
9.321314859819280e+01
6.667945527782638e+01
7.617070161559187e+01
3.162479020265154e+01
5.908270555505655e+00
3.796890533434642e+01
6.952144348505952e+01
5.547199601096659e+01
9.050725358096288e+01
8.045755167513040e+01
3.775002152554226e+01
2.332161395965219e+01
9.846504786911655e+01
3.989797860379237e+01
7.585319875546415e+01
3.983189460813622e+01
2.186574750666774e+01
5.107531754815733e+01
8.773757838073074e+01
8.950025401520556e+01
9.849552763555923e+01
1.899436238174995e+01
6.562389096507052e+01
5.231274643554946e+01
7.978538655665955e+01
1.894616676445406e+01
5.251012158231350e+01
1.528858175281835e+01
2.029803377590051e+01
1.190735763493337e+01
8.425823989522561e+01
5.780529331313693e+01
2.962251148634707e+00
2.062060405529132e+01
2.989963676310127e+00
9.143966463927164e+01
4.359468088652691e+01
5.234246763975474e+01
2.091289508198988e+01
7.108630206020842e+01
6.719572188667755e+01
5.944039237659443e+01
4.607677974089830e+01
4.621485166541061e+01
4.465419521772032e+01
4.318985214605455e+01
1.788056326000046e+01
9.049805267271495e+01
2.009552112784959e+00
3.314955715702360e+01
6.253559811158832e+01
3.311429164983066e+01
1.429061871687445e+00
2.878987259640818e+01
9.045395925196537e+01
6.494937183565897e+01
3.832329112958317e+00
2.118310105110663e+01
1.865497735266340e+01
8.113184793904975e+01
2.413788252702816e+01
3.098227564756865e+01
3.893714120562055e+01
7.826476948254964e+01
5.182810935742599e+01
2.836722467484289e+01
4.646158816593773e+01
9.094105562704664e+01
2.725705384614740e+01
8.856176449384623e+00
3.956412083449034e+01
7.671046539987925e-01
9.701943094703343e+01
5.665555068135986e+01
6.842117294129971e+00
2.593282886125744e+01
1.189272003802132e+01
8.636075732594392e+01
5.598382095619283e+01
4.514775846393209e+01
1.125923377054708e+01
1.545078191694374e+01
8.036868277954342e+00
1.928368765827440e+01
2.188123139640373e+01
3.560879134368561e+01
3.165894799477372e+01
4.635477459354082e+01
3.879651796948003e+01
8.690981841036576e+01
1.852745936183607e+00
9.623251003037790e+01
6.711066554631603e+01
9.071645331136717e-02
3.022178235939787e+01
2.509388207695162e+01
7.147348745329002e+01
1.800034694280491e+01
1.938126316265262e+01
3.064949625667627e+00
8.205025702810393e+01
1.599274138733407e+01
9.692616071408902e+01
2.688309179008151e+00
6.095275132029911e+01
5.591178748566274e+01
5.543673795435426e+01
1.256563841019088e+00
2.849095856234942e+01
8.096721800089219e+01
1.669625193658110e+01
4.624763002910075e+01
2.687134082749083e+01
8.421600879366324e+01
6.553131773394128e+01
6.966485519412200e+01
2.836162928881200e+01
6.580324334362672e+00
7.178984590423751e+01
6.077286575956870e+01
4.248348457854404e+01
7.595896747706409e+01
5.719328101593688e+01
9.826793116436710e+01
3.636851005087072e+01
8.741506342190088e+01
9.216216178245944e+01
1.693885071060567e+01
7.467483211060745e+01
1.640628651548470e+01
9.360366728790275e+01
3.260136727830459e+01
8.006042259748114e+01
9.545580097262551e+01
2.020991222011387e+00
6.781232341556452e+01
6.175588847219753e+01
2.739395491191836e+01
2.750247285119373e+01
1.344759870015439e+01
6.691045251996744e+01
8.696809131045271e+01
5.708541858805596e+01
5.325905762298920e+01
7.972092925557909e+01
2.441400621291902e+01
4.450220113829812e+01
8.082558544391096e+00
7.063495059061560e+01
8.773427847201670e+01
7.524070580268312e+01
7.900670747226415e+01
1.075476166361699e+01
2.868244258159886e+01
6.098137714945775e+01
7.994442981665229e+01
3.503846546403992e+01
5.859922178024390e+01
1.854962251081580e+00
8.537978319701729e+01
6.513409831800224e+00
4.124209854809665e+01
3.594941717383890e+01
1.337298188049951e+01
9.091443046504372e+01
5.538855970622439e+01
4.919814260173502e+01
5.267031893724125e+01
7.940534310387696e+01
5.025419255264764e+01
9.058622754671902e+01
6.454977531197936e+01
9.550222027837401e+01
6.661155729862467e+01
9.450090955686797e+01
5.843474551031122e+01
1.843406284155048e+01
6.930381286391236e+01
1.068368750190534e+01
6.955576695946779e+01
6.203618317937300e+01
4.587499920552364e+01
4.856247438516584e+01
2.444899320809589e+01
3.825959192507881e+01
4.760708974097254e+01
1.222884748700487e-01
1.805924797340261e+01
4.496122158363519e+01
6.079035515933779e+01
4.161017003544148e+01
7.934297322265010e+01
1.237735618482221e-01
9.463048493239586e+01
8.759056031126089e+01
5.172309994312148e+01
1.873894786403466e+01
5.612312660372031e+01
1.616095761589751e+01
1.133868787965676e+01
5.753220103566171e+01
3.109556689443792e+01
2.869598261485620e+01
9.109162734406611e+01
3.760035687014477e+01
4.262521138536987e+01
1.263330211519883e+01
4.685493747091616e+00
1.067237998855877e+01
8.868436556713858e+01
1.754139876809968e+00
2.089993144427423e+01
3.455936477266223e+01
5.902683905280514e+01
8.738240938977451e+01
2.139414726821433e+01
6.690202256054711e+01
7.715274755710398e+01
9.087820467114365e+01
7.310833408176356e+01
6.666768904154546e+00
3.215368372954134e+00
8.582805538821410e+01
1.042965571881722e+01
5.749340064706905e+01
1.192075857516413e+01
5.106972998523607e+00
8.160786548704276e+01
1.919876710474434e+01
5.522624354587228e+01
9.058418389902644e+01
8.805245966094195e+01
9.038847288600563e+01
4.126228808484147e+01
7.879823910947808e+01
6.171137223099888e+01
4.857042918380836e+01
2.660681508789156e+01
8.067947643840661e+01
4.246855924952243e+01
6.371627750979562e+01
9.512943220098010e-01
3.924872537108545e+01
1.398325805272127e+00
9.994464106855199e+01
3.116194188183264e+01
3.828754417518506e+00
6.863057169533828e+01
6.036952685581964e+01
2.447109665929857e+01
4.173890573053570e+01
3.619122241446340e+01
2.768646503225270e+01
2.351781135588783e+01
4.662087817984674e+01
4.761612324398762e+00
3.948771969391392e+01
4.512010284006600e+01
6.192135306164685e+01
5.316447743827686e+01
4.182460300709335e+00
3.573900039109355e+01
3.477093900310385e+01
1.776695154503312e+01
7.922557610051035e+01
6.518284434693999e+01
2.292787536183739e+01
6.641797337979915e+01
7.294891177348276e+01
5.124439226987045e+01
7.095559005204383e+01
7.555793657692054e+01
1.008317634001522e+01
9.513289811794316e+00
9.397090174908325e+01
6.810879445081055e+01
4.067523174019308e+01
4.237896904460106e+00
4.037129322084193e+00
7.403782684078340e+01
3.640439688991960e+01
5.099686218937713e+01
6.390907618399202e+00
5.608391554843817e+01
7.334299612480355e+01
3.062661258998635e+01
9.273066324774672e+01
2.212815844552971e+01
9.213906856819012e+00
5.465201626282745e+01
7.151720257080962e+01
8.922097277325623e+00
9.261530427849632e+01
6.934657463307799e+00
3.493030464040595e+00
1.386495214601278e+01
3.149919623113200e+01
7.405794634207055e+01
8.663360126625449e+00
8.018947135665894e+01
2.922568182890568e+01
7.017605764333906e+01
1.446575830432855e+01
8.800918938965033e+01
4.037680702301525e+01
9.393831807837743e+01
9.451771811326859e+01
4.323970477247597e+01
1.911279774229638e+01
9.842403409929203e+01
8.732497044248738e+00
6.661785075749171e+01
2.721929132343237e+00
9.668056443179053e+01
6.605490542298878e+01
4.898595532820837e+00
4.969235023003647e+01
5.428680984968637e+01
7.393930306375925e+01
9.951636167220602e+01
2.833285021052363e+01
3.983551638193219e+01
6.335408443741225e+01
2.365037175996712e+01
5.703128825734895e+01
6.684711490145284e+01
1.786556859401314e+01
1.286859932023501e+01
4.148457760060420e+01
7.934892935648044e+01
9.305807067689396e+01
2.030203101239262e+01
9.804587932212551e+01
6.067464065769438e+01
2.518774686622794e+01
3.571366650784093e+01
7.107813072906720e+01
1.957465159686965e+01
8.690861556069396e+01
7.446301322172536e+01
2.074292568524504e+01
4.225909385935361e+01
9.252066695714400e+01
4.543906177647369e+01
7.387883671274355e+01
7.105600464672595e+00
7.974182003165680e+01
2.357118689621388e+01
9.473604266286644e+01
1.011560103395749e+01
7.800317410286664e+01
5.071412341236795e+01
1.200658460706779e+01
5.864664249059122e+01
1.818257338282772e+01
6.886258622112804e+01
8.204373395165602e+00
8.886814261268272e+01
7.548858736431626e+01
4.962210969516174e+01
6.498562952735723e+01
8.111338544688810e+01
1.531683435445504e+01
6.303150880291663e+01
3.511824795748957e+01
7.255611795585422e+01
8.632938260507275e+01
6.196378639990640e+00
6.007923281755263e+01
5.727586683690355e+01
4.067354497531128e+01
7.807791851371429e+01
9.953496074282330e+01
2.261657497036111e+01
7.953603127018364e+01
2.590486846207868e+01
2.608695380673136e+01
7.799777601752326e+01
4.788629400911103e+01
8.077092002181845e+01
9.037021765968308e+01
2.993884693362697e+01
1.169666527383806e+01
6.956686180530436e+01
8.709499150844989e+00
8.880748263970366e+01
6.297290458482360e+01
5.136482894949840e+01
5.784790174004058e+00
1.419121069563144e+01
7.344309197433437e+00
7.077041974792742e+01
5.564163190109731e+01
3.987736890086781e+01
7.307764853959794e+01
7.963567496260427e+01
8.038195012155079e+01
8.974346233985548e+01
8.440389218013915e+01
7.791692506424940e+01
6.382168236366551e+01
8.247736025716986e+01
1.853910140625159e+01
2.235978200210248e+01
4.777190836508382e+01
5.881577472147335e+01
4.026689452131600e+01
3.380678572403583e+01
7.883426802178577e+01
8.232618648667177e+01
8.979304152996886e+01
8.968362356055696e+00
9.846549541617999e+01
1.841751854793053e+01
5.110904129739341e+01
3.778614678317036e+01
1.038462250045716e+00
5.827756661841532e+01
4.813747808716143e+01
6.823252424049775e+00
1.160891256835727e+01
2.079818049482916e+01
7.759367217197719e+01
6.174644546664621e+01
1.535138441964583e+01
4.587140420725169e+01
7.371693419931313e+01
8.800157210230902e+00
6.894679924889783e+01
2.273140671790177e+01
8.671708227448029e+01
1.099318406125213e+00
9.903810634232968e+01
5.473361883998551e+01
2.345910040822769e+01
7.554618105084923e+01
3.372854554733659e+00
3.965759917146415e+01
3.432260324914130e+01
8.193394317381734e+01
9.032065677005828e+01
2.439231766592354e+01
1.352023846168082e+00
1.939730435581752e+01
6.880146771147916e+01
6.310803921106645e+01
5.718345113898788e+01
4.367548722944943e+01
1.953613442347205e+01
5.320929179583177e+00
1.940720622400157e+00
3.591020532693258e+01
3.031227455023317e+01
7.910159252542145e+01
1.673664665629000e+01
4.740070227878201e+01
1.761472007148653e+01
6.542012322015135e+01
4.313403677341250e+01
3.704853338983307e+01
6.625294520810850e+01
7.932855420714642e+01
3.814785179595829e+01
6.449235303536632e+01
7.983457612797366e+01
6.843556373772937e+01
2.756775032149989e+00
4.761156651545855e+01
2.990190229839734e+01
7.092455782504965e+01
3.999522805213706e+01
6.171570730475509e+01
4.445882809556035e+01
4.134725189830515e+01
2.835144476422642e+01
1.931644348395823e+01
8.340833642678723e+01
1.805429696946139e+01
1.122814184577583e+01
3.275349672546307e+01
7.906069037460755e+01
6.797076653128991e+01
6.676856859902320e+01
7.660763840033097e+01
7.585607244440172e+01
2.246120470690597e+01
9.428873196909611e-01
8.381039369097464e+01
7.135470531478278e+01
4.791428449000897e+01
7.996089015154210e+01
7.631443793713788e+01
4.623486271418392e+01
5.900677887676600e+01
3.196838839536924e+01
8.029703571474973e+01
9.327998975910245e+01
9.047768851298731e+01
2.790860223020827e+01
2.553447583948005e+01
8.827817397577602e+00
8.762735551578334e+00
4.983214617233358e+00
3.233862418324622e+01
9.251082134084349e+00
3.924979150260323e+01
3.670247906665433e+01
3.059399222517106e+00
1.298955265106147e+01
9.667024426007190e+01
9.640823523346718e+01
9.205024302566900e+01
1.257747077037462e+01
3.299977394426231e+01
8.902984284284983e+01
3.818715682168825e+01
2.366437335669267e+01
8.936575036000728e+01
6.626257182390549e+01
6.295119540903308e+01
5.627205882047864e+01
2.328808802333106e+01
1.633886993692204e+00
4.349815707816656e+00
2.888063240278542e+01
1.061452413472092e+00
9.237537681701377e+01
8.058733827461830e+01
3.896471203256618e+01
7.266164262437339e+01
7.311123519815096e+01
4.779252947670991e+01
7.861638971539978e+01
9.580471673784997e+01
7.417149598438829e+01
8.786747184948412e+01
3.598951838723827e+01
5.148975176340424e+01
9.668359723719004e+00
8.515461785027507e+01
9.636283330449966e+01
8.875208063458655e+01
4.009430382405142e+01
5.728011292278772e+01
9.683405528628923e+01
1.814138540911553e+01
9.273596475493906e+01
1.599494680575791e+01
3.552881900012903e+01
6.172984156838145e+01
7.165368123522666e+01
8.134237275521382e+01
4.600150349829416e+01
7.778071662307751e+01
4.883914689945018e+01
9.889584546857320e+01
7.687524365115689e+01
4.121452371646395e+01
1.389619028842831e+01
1.780688106911578e+01
7.736581087921085e+01
1.766542057398028e+01
9.937640470423569e+00
7.103676757357864e+01
1.538855667011279e+01
7.612616609601591e+01
4.384967239752862e+01
3.249174921423744e+01
1.553231878929414e+01
1.209166660536624e+01
7.561781675350751e+01
6.473412614536198e+01
7.592594794739314e+01
3.858142953299984e+01
8.382758269264716e+00
7.459230603398397e+01
1.919657365381558e+01
6.655711385726795e+01
2.765639942495916e+01
4.426688754198462e+01
7.921135033444099e+01
9.891531909765457e+01
5.926322911831701e+01
2.521285378616901e+01
8.345768525426168e+01
8.102376017767179e+00
5.852170584654515e+01
6.229985429081128e+01
4.931689973423113e+01
2.527637431643734e+01
9.340965896537978e+01
5.347761681930982e+01
8.028664029216704e+01
4.570614590575273e+01
1.842056699954931e+01
9.567519696227983e+01
1.238037087599764e+00
2.885032777155299e+01
1.907729679675647e+01
9.392733596913858e+01
8.808603318784667e+01
3.245822188093244e+01
3.363585673907578e+01
7.720017497297384e+01
9.290526485671535e+01
6.753358778894581e+01
8.978720055417493e+01
6.730135747571539e+01
3.233259908497920e+01
1.744359993256796e+01
5.468352989046067e+01
7.736856019001853e+01
2.312056856375214e+01
1.394675900877768e+01
9.401365513634573e+00
4.434071865134906e+01
1.207207618843395e+01
4.657395321250611e+01
6.887810810882510e+01
9.059331384049418e+01
3.207397564876544e+01
4.898484346875215e+01
4.407093061323787e+01
1.750474722008442e+01
3.008742524780679e+01
5.353074798059219e+01
6.029619847438121e+01
5.011971995705725e+01
8.799089556000703e+01
2.926717709250151e+01
1.736362856690009e+01
8.052462468879513e+01
5.101984774275677e+01
7.671407348323336e+01
8.199986269790674e+01
6.381019673487647e+01
9.841721951887813e+01
2.884114711957106e+01
1.282243654728981e+01
8.714890423563723e+01
9.473483725205755e+01
2.290177197330714e+01
9.222125890302530e+01
2.477814817092295e+00
4.735682711347790e+01
5.847540561038787e+01
9.056068635106119e+00
1.174059096339186e+01
8.899810439394699e+01
6.844214115684952e+01
4.428849860294186e+01
2.251912030508701e+01
2.393852175396798e+00
9.068299438370531e+01
6.722220641897164e+01
5.220702465260728e+01
2.860264481445898e+01
5.631333331405806e+01
3.813331096346179e+01
9.849630626779810e+00
2.991486775219202e+01
4.858394826230777e+01
1.702091843682384e+00
4.730590942655965e+01
1.769604762908818e+01
7.093031148935218e+01
2.498154036001374e+01
7.501309461659430e+01
3.574218397761797e+01
3.780397690730354e+01
1.542885849039483e+01
1.509943023095812e+01
5.568608015574797e+01
3.299714812682809e+01
2.208117992714102e+01
6.080408928021978e+01
4.312444801587819e+01
2.663331372972266e+01
3.903978063680221e+01
6.733901829800523e+01
4.567490473653883e+00
6.808062171008467e+01
8.015463830910373e+01
1.328929775082008e+01
8.777852090437828e+01
1.645092853179710e+00
5.046305514427976e+01
7.987221939483296e+00
5.262684233143313e+01
7.189899015794461e+01
9.398101032431285e+01
6.817193504803438e+01
3.981377949929507e+01
5.670753766629265e+01
9.558357768486421e-01
2.339610272245300e+00
3.664409906447125e+01
4.045938478804165e+01
3.829144683586966e+01
4.179327983492672e+01
3.598266096598593e+00
1.510095429378606e+01
8.274270933249160e+01
7.592239071425162e+01
7.757384124098991e+01
3.000836899970116e+01
3.560265788603697e+01
9.756293445712092e+01
6.507272779246453e+01
7.464243856940533e+01
9.947710921963542e+01
6.964021826611841e+01
2.989820806770502e+01
6.727086508985184e+01
5.111761775385477e+01
9.373682816221232e+01
1.387062390049483e+01
5.422324922598118e+01
7.924404110724295e+01
9.191352175172118e+01
4.545308046296848e+01
8.599867438245504e+01
4.171341333618081e+00
7.675587193889352e+01
8.219069153172461e+01
8.011182797146581e+01
7.822540624915874e+01
6.048941694222829e+01
7.031447611298155e+01
6.777036230441665e+01
7.839050943888282e+01
9.883457440828653e+01
8.192896008581341e+00
7.883615408969864e+01
2.412294550990823e+01
8.010802240115964e+01
1.727556810587438e+01
4.274070050695013e+01
2.967668088603610e+01
8.234829589833892e+01
5.341574738426867e+00
7.714806603134986e+01
2.614061489055893e+00
5.434539427717468e+01
9.253070200445629e+01
5.580396058773807e+01
1.201042188890764e+01
4.806128612163537e+01
7.338492249761937e+00
1.344390400380078e+00
4.452333461703888e+01
8.444444792552126e+00
2.989203139668891e+01
2.553352295678739e+00
4.489485395368880e+01
9.689202285226995e+01
8.926914613194258e+01
4.282467702535199e+01
2.842755058241428e+01
7.963016004284385e+01
4.860548197692516e+01
7.077254218550983e+00
8.674933206604297e+00
4.709076110603789e+01
8.591340830824963e+01
1.721927892287228e+01
8.211505058320009e+01
2.595583848932564e+01
9.586570965864961e+01
4.775630177359856e+01
8.553727226589679e+01
7.593681541082302e+01
3.191460153642791e+01
3.752578633722187e+01
9.034155513641497e+01
6.610526375756845e+01
9.064102936100262e+01
9.798846654500275e+01
1.416654983263768e+01
8.996703759299919e+00
7.555555965544450e+01
7.404411671405849e+01
7.379387271301535e+01
8.993397457056398e+01
6.784720261015333e+01
4.904212739739666e+01
1.820785315623873e+01
9.906109892719476e+00
9.321196213979832e+01
4.604354135042221e+01
3.541199017102457e+01
1.827012864792260e+01
4.300652073836257e+01
7.563164079358413e+01
7.506850663342910e+01
6.146072762155008e+01
3.375765431381652e+01
2.122474341710319e+01
3.210890536760395e+01
4.999829300213526e+01
9.923938089014933e+01
3.979722971087193e-02
3.715606920288693e+00
3.900988760358183e+01
5.808350320816204e+01
8.386217867204090e+01
8.234400911365822e+01
4.581299328515911e+01
8.180117312902640e+01
1.872763047866879e+01
5.872123123087047e+01
7.641984330323518e+01
7.741751497491147e+01
7.780059961499674e+01
1.739497688477625e+01
3.269660381260170e+01
8.339313612477535e+01
3.379378827931070e+01
2.381066234028463e+00
7.638376628811646e+01
7.747950883464864e+01
6.933777382100828e+01
7.132791144369538e+01
1.272957553748487e+01
4.496941461459241e+01
2.258546283588999e+01
4.164950453753094e+01
3.641403123569397e+01
6.762116144766154e+01
5.842885699049982e+01
8.144561703384184e+01
2.080048509910725e+01
9.140458753863562e+01
1.675720234250520e+00
6.391959253881107e+01
4.657655146279212e+01
4.761861937475327e+01
4.807518178041800e+01
4.430363771706057e+01
8.279397109653520e+01
7.898051528212639e+01
2.745374572810426e+00
8.240876406543364e+01
8.685302533528443e+01
3.074566872359518e+01
3.342139969273536e+01
8.210345952869554e+01
5.105618091814973e+01
5.030527159120201e+01
2.421318312371763e+01
6.719658759757718e+01
3.252133421251612e+01
9.583533387437245e+01
5.308563544092962e+00
4.966781826208710e+01
3.568949486859585e+01
8.492091707183090e+01
8.993294918440886e+01
1.169142327815826e+01
4.726551335643302e+00
8.275855168828673e+01
9.810374751598748e+01
2.670445531918875e+01
9.555389387326031e+01
5.750348389032459e+01
5.125636553915980e+01
5.114350330603472e+00
5.806979944839598e+01
5.650192352780230e+01
9.544641640756578e+01
8.748959195217564e+01
9.240882848035955e+01
4.186161674645805e+01
7.394320074186810e+01
4.933427653710091e+01
6.237414468190360e+01
2.356033140027911e+01
4.057772873927733e+01
7.651294948370800e+01
7.816886458460655e+01
2.529258943409314e+01
6.492422524137619e+01
1.069019875055654e+01
4.160556315519175e+01
9.932970600171467e+01
6.118584934677271e+01
3.087795899756158e+01
8.819104548925116e+00
8.463818066969429e+01
5.318935497346769e+01
1.354565588456842e+01
1.757890485114367e+01
9.203724823521323e+01
5.661623922950413e+01
7.405922509453224e+01
1.957843686434367e+00
8.572413599385142e+01
5.617049599819374e+01
9.194109267179904e+00
4.965876152257378e+01
7.853721076554488e+01
8.558797002098895e+00
1.261700387700321e+01
4.190989073454863e+00
7.062690191465751e+01
1.069919537319764e+01
5.955594585256462e+01
7.799150230269484e+01
9.802629966196898e+01
4.307808323906646e+01
8.649127063643712e+01
2.354462422595575e+01
5.289955928591059e+01
5.721113442313445e+01
6.857925814975950e+01
6.902165634977709e+01
6.567778399478541e+01
8.193163484424895e+01
3.617660945103346e+01
7.777834314749499e+01
1.108076195748558e+01
5.587364102521614e+01
9.742364920555784e+01
3.118010192698804e+00
4.779404054758793e+01
6.347640038629826e+01
2.125773356354690e+01
6.369557090275715e+01
4.653256980075155e+01
6.002256854438343e+01
3.022532329439434e+01
9.723863880952757e+01
5.670626971717284e+01
8.480273656770714e-01
7.509554367284082e+01
3.480908686053431e+01
1.657717107635791e+01
8.985120583784358e+01
5.324673887959063e+00
9.918869524225066e+00
4.297453744475475e+01
4.968209366764971e+01
3.990198100912477e+01
5.822256713091515e+01
6.893228044218025e+00
2.548565935598950e+01
9.343755389258151e+00
7.003686026206094e+01
8.044362286126410e+01
6.038558872434571e+01
2.503880030710194e+01
9.087306744925355e+01
8.808623123359224e+01
1.603875184247212e+01
5.612003372801470e+01
8.306394395561141e+01
8.981252130577924e+01
6.716127873731837e+01
7.106320777491815e+01
3.634509110653079e+01
8.786626131640108e+01
2.826290159871006e+00
5.796234368251746e+01
5.932759291461092e+01
6.614874231915397e+01
7.847198395918682e+01
1.291585956370265e+01
7.137708983913859e+01
6.857745189619132e+01
8.976086512662511e-01
7.781202843310872e+01
5.328927810922697e+01
6.374322658579016e+01
2.119794037248843e+01
6.438013518433094e+01
5.219513180302230e+01
5.906890740574753e+01
9.339723367867862e+00
4.504874569598993e+01
8.863089642889373e+01
5.295839060701355e+01
3.807646047234370e+01
2.734529377303333e+01
5.833460970704193e+01
1.472155056648029e+01
7.115481461917740e+01
1.581832986130301e+01
2.713146187697140e+01
7.558512765708618e+01
6.979335871049825e+01
3.120788095109532e+01
4.458728090142239e+01
7.108188977981075e+01
5.855537176064931e+01
4.017886865892395e+01
5.410687804879009e+01
3.379819762604227e+01
1.714879461431354e+01
9.734830595429442e+01
8.535911328408827e+01
6.063830007828693e+01
1.968738721669064e+01
9.151668133750404e+01
1.217496316515606e+01
4.504695769634422e+00
2.510604063286727e+01
5.761883592122180e+01
2.484974871615402e+01
3.506825647087221e+01
8.565815248790111e+01
4.641611773819482e+01
6.994564736725094e+01
3.873626936168236e+01
3.602533039451825e+01
7.993619729761788e+01
1.221043444807196e+01
2.631700878325710e+01
8.434200528279972e+01
7.549712088680693e+01
6.811961208848265e+01
6.349330552084991e+01
7.512889838550653e+01
2.145570876144604e+01
9.310082303970159e+00
2.963333988079491e+01
4.945255487666119e+01
6.383112499668781e+01
6.399904757924334e+01
6.018036327333206e+01
4.888765423041194e+01
6.637469710147693e+01
7.822676658547798e+01
6.908559951422997e+01
1.815696936946221e+01
3.466605364096633e+01
5.290920732212682e+01
9.536312813654688e+01
9.137250114761875e+00
2.984613181550341e+01
5.824154590174627e+01
2.945001010291745e+01
5.600768269785106e+01
2.514490411856440e+01
1.598320501669459e+01
5.476820303814868e+01
8.598888627532352e+01
4.929043527193853e+01
5.109288741419692e+01
7.033089151155710e+01
6.882932384909564e+01
1.185632339299485e+01
9.119484112187980e-01
3.134138301543025e+01
7.879306035060112e+01
4.968350909169927e+01
6.097472289622515e+01
2.824561518069618e+01
2.817837392360827e+01
9.411635198356414e+01
3.139184146718674e+01
2.999845665413815e+01
5.510531726996663e+01
1.991643804121597e+00
4.414629132679956e+01
3.387587449228199e+01
7.262645031913483e+01
1.817164431240952e+00
2.611126463213529e+01
7.737093008000913e+01
3.516462917214475e+01
5.654264923955438e+01
4.340095759527802e+01
2.231558315563741e+01
5.691968116765827e+01
1.305643893454989e+01
3.460316310385389e+01
6.534285799848980e+00
6.208509754486619e+01
8.782956669471672e+01
2.159771580323470e+01
9.798196339885796e+01
1.733234055216067e+01
3.770571431969559e+01
2.932334636772207e+01
9.612540090276181e+01
6.947136147388787e+01
9.472768348396183e+01
2.437101608345798e+01
7.838684901519997e+01
1.102276454261633e+01
1.071518175802900e+01
8.270762068345566e+01
7.151381358109127e+01
6.665226638626879e+01
1.704754075829291e+00
2.486532229225399e+01
6.582983749258790e+01
4.306111379669100e+01
2.837321475538109e+01
3.511467386740943e+01
8.911444744519630e+01
8.491586399493546e+01
2.139643096430061e+01
3.378883341038080e+01
1.067971140643568e+01
7.018861401369266e+01
7.398500418010401e+01
9.593909005445386e+00
1.298449230984994e+01
1.924094549344897e+01
8.892868402829798e+01
8.061482821619829e+01
9.917289814873268e+01
3.568928574011162e+01
