7.553814913869750e-01
3.433419304636037e+01
6.227472748713322e+01
9.727579858027204e+01
5.870520912981835e+01
6.345485256214386e+01
2.907535127786703e+01
6.062891458190462e+01
8.300140406144848e+01
1.684607971312761e+01
5.417561794359964e+01
8.470615813727778e+01
4.424997034680563e+01
2.612341597030098e+01
7.763865928986978e+01
2.252067156253414e+01
3.215888660967298e+01
3.841121808551775e+01
4.806410421061521e+01
1.619507270687961e+01
9.996693423016319e+01
6.970409446847816e+01
1.328769778520227e+01
6.868976357797617e+01
3.252694789903562e+01
1.844974547552399e+01
9.592683813345005e+01
6.724593060428553e+01
9.031406254056564e+01
8.619733815370003e+01
7.664802539006249e+01
9.106944403195261e+01
7.559856943581187e+01
9.534014574966400e+01
9.965794943257139e+01
8.204189519492996e+01
5.455142378553349e+01
8.547335285016958e+01
5.424892467178820e+01
3.034506478828614e+01
4.000929931179122e+01
2.319205702431130e+01
6.550189213152132e+01
3.053208078748178e+01
3.532541326029478e+01
6.334877785451187e+01
4.203119130899720e+00
4.121752001401853e+01
4.537560019892435e+01
5.484404543174619e+01
5.741259276746428e+01
2.882190501728184e+01
5.429640140118841e+01
5.285948536026268e+01
1.403229796049758e+01
4.986632021603469e+01
8.404290130550177e+01
9.959136047381506e+00
1.752309343662257e+01
9.542238837826177e+01
9.884709450362581e+01
6.563223184348654e+01
3.416209804553636e+01
3.277580348438388e+00
4.554984674116123e+00
8.182317921045384e+01
5.379693873869113e+01
3.550342625728968e+01
4.986398762551322e+00
2.281337786596891e+01
2.701653341158132e+01
4.499569807434254e+01
4.600543489028021e+01
7.080945417788320e+01
2.925496768637326e+01
9.532090793145863e+01
3.851036962052359e+01
3.603490890750425e+01
8.295277412186972e+01
9.902091361536687e+01
3.506677659930045e+01
5.397950492518932e+01
8.004466974178547e+01
8.874777154473018e+01
3.910450261975848e+01
7.690797069897314e+01
9.567658463291664e+01
1.041373345554515e+01
5.321993820984845e+01
1.319967802297309e+01
9.019681247426050e+01
4.937641236436387e+01
7.041444162391799e+01
7.236204229870906e+01
2.113145590812501e+01
7.496942629803411e+01
5.418522146259678e+01
7.492839469338227e+01
3.407583475768372e+01
9.128659711744943e+01
9.485892248100552e+01
2.352730795905334e+01
4.167318252924512e+00
4.374720740306527e+01
9.868889977163118e+01
3.342228598586390e+01
3.906811528795777e+01
8.452762439126505e+01
2.729460761290724e+01
7.024719643883742e+01
3.843505537995838e+01
6.033614918605246e+01
5.649221369833322e+01
5.031374336700595e+01
7.576324333239498e+01
9.559671636465784e+01
9.357454552947290e+01
2.606487000643503e+01
7.697426237956354e+01
8.178712515243662e+01
5.570527066276654e+01
8.929410124630392e+01
9.617089605711908e+01
1.086813421494706e+01
6.856930454660640e+01
1.730235191867796e+01
4.172732426865367e+01
5.165586217849323e+01
2.781749140835250e+01
4.310707843075836e+01
8.192614623435128e+01
3.178865771358305e+01
8.778162486282253e+01
7.893373192238330e+01
5.021195698073691e+01
9.801936675702191e+01
1.951575042657356e+01
7.278784181586832e+01
8.779324972433655e+01
3.071229743338763e+01
7.170632545450066e+01
6.651329196361513e+01
4.930909445942803e+01
9.952725195303897e+01
6.617618541520843e+00
3.003905361054421e+01
5.575079319800753e+01
6.095068653158410e+01
6.942620969816400e+01
1.134418044767537e+00
2.282141476069643e+00
1.297704075136084e+01
9.734168033923100e+01
4.811946328176160e+01
7.973493876854654e+01
5.829719596463126e+01
6.045989569297987e+01
8.191322166561766e+01
8.866551080190833e+01
5.269064225847397e+01
1.154888105185185e+01
1.976143974799730e+01
4.266316138331926e+01
1.280192491263241e+01
1.719911020118702e+01
7.638288791122982e+01
1.606755024570392e+01
5.491688193516661e+01
2.586906856199218e+01
3.860799970040470e+00
2.550315602007469e+01
9.363517407031506e+01
1.877004174458331e+01
1.448291163634644e+01
5.793043764211724e+01
9.565209583176863e+01
3.955524942816945e+01
2.588029677322148e+01
3.531667829273114e+01
1.370704719503738e+01
8.799140615760879e+01
3.993419727307474e+01
6.916587463075568e+01
6.705813345828007e+01
8.309174100081052e+01
2.567796037796790e+01
5.124407124297883e+01
8.744619325150092e+00
1.881088508237660e+01
3.530838751946966e+01
9.624227895226436e+01
3.261148209339542e+01
6.265139647882962e+01
9.053648048571146e+01
6.422438722300548e+01
5.478978718388350e+01
9.298257496812501e+01
5.883964288925735e+01
2.384501924917335e+01
7.991341132666608e+01
8.867353461155368e+01
8.799677253141849e+01
5.666482576945090e+01
7.481130150836486e+01
2.304396118179148e+01
4.839784561116149e+01
6.756668699326305e+01
6.259921065652706e+01
3.525483367743661e+01
3.776797053300216e+01
1.878804444278965e+01
2.324623983504541e+01
4.484337756635779e-01
2.232481652047710e+01
8.579326238752961e+00
6.535479569125678e+01
8.068345276670691e+01
5.214575224190286e+01
6.260465749660724e+01
9.949433789564964e+01
6.997498952316819e+01
2.333409032939658e+01
8.820544103542596e+01
7.565666459298537e+00
6.223953061841407e+01
3.907069421330034e+01
7.742057902618338e+01
7.752785877209523e+01
8.947793864155092e+01
2.080781134814388e+01
9.933747937871958e+01
8.658387166754522e+01
4.411340539535200e+01
9.865174232919316e+01
6.139517312934397e+01
5.241282207538040e+01
4.873719296824988e+01
2.752535656444978e+01
7.430345973665987e+01
8.230442161779126e+01
1.549608382186670e+01
3.380007717469711e+01
6.310857891249870e+01
8.992453044742557e+01
2.175399620167632e+01
8.522015297097161e+01
7.346470517733353e+01
5.860872862795774e+01
2.556578182874517e+01
5.565165544657580e-01
6.582653730447709e+01
7.368636469994037e+01
7.567282713748180e+01
6.747500038122526e+01
8.392058326113995e+01
7.661180336801885e+01
7.974353850807228e+01
5.744067321412296e+01
6.365799622780550e+01
9.619365366929846e+01
2.111084946482948e+00
5.644912787547760e+00
6.423774718504293e+01
1.495692758586115e+01
8.239628285281187e+00
4.824404602322916e+01
6.393065651130427e+01
5.697682125353106e+01
5.459478039042781e+01
5.487182566657282e+01
6.859259678450999e+01
4.407087701562367e+01
1.274276637134271e+01
5.556316643746717e+01
3.399540741648311e+01
3.449676257301903e+01
1.336069130960884e+01
8.353586503469192e+01
7.568256839908780e+00
2.728469880637000e+01
6.936088775720488e+01
2.711344329971514e+01
8.549011931078979e+01
4.503371484812057e+01
5.431281661349946e+01
8.489164672088421e+01
2.164551816957328e+01
7.934841126173195e+01
4.779406764907486e+01
5.967731692813211e+01
5.700228677922966e+01
7.976978024457105e+01
8.734028259634053e+01
2.124003391770647e+01
7.606723298135550e+01
2.797212154975725e+01
4.687295418552726e+01
3.830273404638410e+00
8.494894284985445e+01
4.134614697720210e+01
8.277296264785015e+01
1.849200414423458e+01
9.428048440920212e+01
9.551572901919285e+01
1.583517115369214e+01
7.953401905462799e+01
6.255902571722820e+01
6.916648483330687e+01
8.699413164844462e+01
8.945036706954723e+01
3.752987973276986e+01
9.501076079672703e+01
5.696509878941117e+01
7.847783387567748e+01
5.581503834380537e+01
8.485631099196911e+01
7.159018287043561e+01
5.989938762965583e+01
6.668458034595687e+01
1.938425047294435e+01
1.957670451122183e+01
1.800558195356539e+01
5.925819811376659e+01
3.418446846035517e+01
2.248994723078327e+01
3.532543104855597e+01
6.776186459127901e+01
2.992358060084450e+01
6.583754441972708e-01
5.271080739456733e+01
2.889474324364902e+01
8.343133809204741e+01
2.524498618452111e+01
3.074534047895360e+01
1.251256885589686e+00
1.875185497047000e+01
1.265893523239481e+01
5.827634029941463e+01
1.024664217152011e+01
9.965306688083945e+01
6.436350101808249e+01
2.657805952549822e+01
8.899828609498138e+00
1.412755256245264e+01
5.055893354609560e+00
9.797210064622206e+00
9.578243656818869e+01
8.393040768985189e+01
6.653719486973118e+01
5.678573174252441e+01
4.046361718348395e+01
9.318793504181687e+01
7.479131369608982e+01
7.676660696825320e+01
7.178957717110849e+00
1.403692952079555e+01
9.442319948897845e+01
1.280691805892015e+01
1.554995310285592e-01
2.907716265370937e+01
1.207193593125415e+00
2.190488070338260e+01
5.282697009519999e+01
8.666304530886144e+01
5.265022118233620e+01
3.177403715987412e+01
2.774320264707469e+01
5.201582436078034e+01
4.073359577019401e+01
8.905307165768606e+01
3.317872245478384e+01
7.281113712713640e+01
1.668142015891216e+01
2.784255003921806e+01
3.921765756756890e+01
4.880774340071144e+01
4.687977705471207e+01
4.786324237839470e+01
3.524171003850257e+01
1.596156932225524e+01
3.950685790716989e+01
1.433606926088038e+01
6.420169322015796e+01
5.061587605188409e+01
9.110267622913358e+01
4.493621487400318e+01
8.894817782051311e+01
9.086879039689376e+01
2.913538014010311e+01
2.849060060851770e+01
6.026442240004634e+01
9.055343921787731e+01
1.623240477230046e+01
2.475135225092589e+01
3.160707318764509e+01
9.984806110144036e+01
4.486542965512044e+01
4.959687080681179e+00
9.676363169996237e+01
4.772847622992866e+01
9.010700974152751e+01
3.803503189144425e+00
5.841016250588473e+01
6.788429853873527e+00
8.446073531380888e+01
1.043223185019206e+01
3.644494588321305e+01
8.683012108636559e+01
4.629652637350211e+01
7.168665592171561e+01
9.703199714284018e+01
6.757683622072304e+01
2.190903524025764e+01
4.135267638664352e+01
4.702890266060312e+01
4.404056907819611e+01
7.066012391385628e+01
1.525184387120039e+01
6.767128499582003e+01
5.164534363506611e+01
3.870070941685732e+01
9.517378187513621e+01
4.219878280637729e+01
5.493311423572391e+01
8.265174323816399e+00
1.941526728654991e+01
9.203223939614008e+01
3.764265623765190e+01
2.437495436723109e+01
6.265702017706680e+01
5.500829455210282e+01
6.732448631307319e+01
5.726414022839820e+01
2.622286883472599e+01
5.496168874900867e+01
4.172487554220709e+01
4.449284940235916e+01
9.140663463222171e+01
7.917700441515865e+01
2.331649676119746e+01
1.555181174331895e+01
2.225108021975080e+01
3.813545845362146e+01
8.500232574762884e+01
1.293076105086634e+01
2.001046618447195e+01
3.131374168736569e+01
3.426388052025059e+01
3.022057499281158e+01
6.395225425434869e+01
6.929597890437394e+01
6.892128440966889e+01
5.063600775349699e+01
9.874459286161911e+01
2.286400898493082e+01
6.269671859345246e+01
6.150726380828176e+01
1.588663799496677e+01
7.961990175751033e+01
4.253481446883400e+01
6.830411938405787e+01
5.925144369679105e+01
3.409286897354427e+01
2.556825961245609e+01
5.639123551379481e+01
9.685001536125783e+01
1.233555828795562e+01
9.887987947970623e+01
5.622762411657144e+01
2.228776250141103e+01
6.943850171260466e+01
1.932091462394265e+01
3.449016391974416e+01
4.534287506031938e+01
5.784151980552893e+01
4.742092497061050e+01
1.802988281381776e+01
1.983526368617791e+01
8.578773331166605e+01
5.780500129694352e+01
9.731838940517902e+01
4.233354327377562e+01
5.791340091168573e+01
1.363003161439208e-01
7.650046836421846e+01
3.689612501156336e+01
7.027405736515023e+01
4.071720616925378e+01
6.646732230040587e+01
4.989395907609443e+01
9.965608832410354e+00
4.501098042587330e+01
3.608893791031509e+00
4.566486005003790e+01
9.001516191755196e+01
5.196952570787143e+01
6.234265983213795e+01
2.790593748349042e+01
5.888000873796643e+01
3.268072504209388e+01
5.541368250521537e+01
2.146322798052022e+01
7.944574569326161e+01
5.391044647149297e+01
3.589247052366495e+01
9.920245506763573e+01
3.577128012467701e+01
6.347689682779689e+01
8.969101514187223e+01
2.058544662808322e+01
6.934485825213829e+01
1.137041021667906e+00
4.347197182638197e+01
4.800818373822057e+01
8.351660016156575e+01
8.613213551516279e+01
9.858886804365966e+01
8.001123935916054e+01
2.656772128612162e+00
6.505619029749938e+01
1.164691579139182e+01
1.422876320510579e+01
8.734216554432277e+01
3.001179761719508e+01
7.664004428155722e+01
4.795496791971613e+01
7.525593888724966e+01
5.309314516051353e+01
7.586090540320654e+01
5.137322174914797e+01
8.577387020260741e+01
8.862193514994435e+01
6.245445798265490e+01
3.777550982207782e+01
4.253238157487120e+01
3.438616201020132e+01
6.423960959736240e+01
7.733009493785448e+01
6.182382528755060e+01
8.379140495499196e+01
4.876615356130812e+01
8.310572336572490e+01
7.080080945547708e+01
5.839782066568630e+01
7.073952866286949e+00
9.958702307175240e+01
4.452995613428296e+01
8.549497909168478e+01
4.502775610658701e+01
1.164177158458241e+01
9.475896544510451e+01
9.319102083947092e+01
9.307471247998751e+01
4.826136075344931e+00
3.050577278738179e+01
8.576415809139803e+01
4.908468669703449e+00
8.370276930914390e+01
2.280790182892601e+01
3.811672131443243e+01
1.783871688779384e+01
8.216429901410093e+01
2.673865641781066e+01
4.397059229387464e+01
9.936586567171190e+01
8.934399135845899e+01
7.835675435064209e+01
9.659877461222874e+01
4.660113293053635e+01
4.046392861775306e+01
2.424907662172293e+01
4.451667444990793e+01
2.356965198347794e+01
1.943680728759468e+01
5.351205871138352e+00
5.468355908742340e+01
1.902383031278096e+01
7.018286332962236e+01
8.438633418846238e+01
9.084863038307458e+01
9.824964296922538e+01
2.491793968943783e+01
4.179721052842085e+01
3.506001761884429e+01
4.856778823238229e+00
2.734363788149489e+01
2.082417566367619e+01
8.887990437861527e+01
7.618925090701751e+01
1.787743001146122e+01
2.699662564648158e+01
9.402796779481135e+01
9.116113134248235e+01
7.791397980317193e+01
7.432114266526007e+01
7.634892024861134e+01
7.360208042599358e+01
9.822051864965843e+01
2.011907092301132e+01
6.960745298751046e+01
9.342517461321557e+01
3.492816027017690e+00
7.653895750480656e+01
3.940909646423957e+01
6.317845334446916e+01
1.947533330855674e+01
6.544091606766028e+01
8.220228365725013e+01
8.956758561058324e+01
5.606471982601319e+01
9.869585782228776e+01
8.790783956083834e+01
1.934227893098364e+01
6.035038636082336e+01
8.724111755715735e+01
3.221386793638294e+01
2.042164063100779e+01
9.790316494084111e+01
8.061359407408796e+00
6.533296949478469e+01
6.899997269222512e+00
1.247641947701407e+01
4.543920925140344e+01
1.654710672634985e+01
4.484673051389247e+01
5.726471145509962e+01
5.533317451147977e+01
1.844881089331993e+01
5.548523005819192e+01
9.321430530083100e+01
8.140704016266719e+01
6.269731897055046e+01
3.806972999035834e+01
9.553116755351945e+01
8.464979090944389e+01
3.661243209457604e+01
6.463504026859768e+00
8.078647231719758e+01
8.233668831285867e+01
9.603108963744300e+01
9.218133152098456e+00
4.315551730951086e+01
1.969946172074390e+01
6.385732510306747e+01
2.589102630777798e+01
7.028890860746098e+01
8.805638290385546e+01
4.648190981078982e+01
9.468161593874991e+01
7.333753829511699e+01
2.892639922393784e+01
3.619435966768971e+01
7.089129144833018e+01
9.796346765848038e+01
3.509078455860298e+00
1.573802191565652e+01
1.772381948201163e+01
8.074640905519315e+00
8.988377595780593e+00
7.907728784674653e+01
4.265155486885996e+01
2.249961584922840e+01
8.284986111468163e+01
8.072128490578443e+01
4.899829651648099e+01
8.660788824158156e+01
6.705634923049078e+01
5.546180058990689e+01
9.455377347513743e+01
9.418725128946232e+01
5.597783534600299e+00
5.438477874472029e+00
4.537817199964923e+01
9.817032059569392e+01
5.153320173338670e+01
3.083992005830627e+01
6.997505248057425e+01
1.680938057452877e+01
3.195293696222498e+01
8.205109130686665e+01
3.226161810209119e+01
8.447719532273578e+01
6.734147284521789e+01
5.203779556417734e+01
1.891816981086422e+01
6.698421461832906e+01
9.573123263927700e+01
7.382638998042158e+01
6.882207252496019e+01
5.522851927915053e+00
6.866421232403452e+01
2.171311318954132e+01
2.802246777714345e+01
5.151407339215003e+01
7.059566461043231e+01
6.009130741473814e+01
1.653153962294177e+00
1.976811500255396e+01
8.197469933981760e+01
8.148965187440145e+01
8.156149149013753e+01
6.123872350959048e+01
1.956539043205110e+01
8.651038524066583e+01
8.574280347011182e+01
3.846133143569405e+01
1.735030529897208e+01
3.698951603704575e+01
8.490216610250164e+01
8.478488348647248e+01
3.776894716442048e+01
4.541763083330245e+01
9.139290437632840e+01
6.632200375493709e+01
4.396007300538945e+01
6.616589998182184e+01
3.707506313783819e+01
8.586228321579391e+01
4.697469554234981e+01
2.528344440519970e+01
8.782493355117037e+01
1.563890781981820e+01
7.641648826022470e+01
3.952594373353102e+01
6.715298121196822e+01
2.130096443989359e+01
2.056755694587135e+01
4.113345059618980e+01
4.997850006910902e+01
5.041880018562954e+01
8.129627121672792e+00
3.153999151268042e+01
1.837925935088622e+01
9.551232172898590e+00
6.744798313241823e+01
7.585754263021869e+01
9.233137447961205e+01
3.540068200575219e+01
3.157539848777251e+01
3.283275618815457e+00
1.814951110545057e+01
6.934434565219300e+01
7.025408016995252e+01
6.539724127640820e+01
2.535874379116984e+01
9.266097945750737e+01
2.893830529830340e+01
5.236005929874259e+01
7.420282912170646e+01
5.109104516501122e+01
8.012979965663040e+01
6.202776262631070e+01
5.808652781792289e+01
5.665521885112637e+00
1.628914452916437e+01
9.275961350312438e+01
2.696648632500623e+01
3.685670152160186e+01
5.341755061103848e+01
8.822260726626152e+01
3.939895780729081e+01
7.604065308162973e+01
9.792779674657052e+01
9.825601298280806e+01
6.192760475069639e+01
1.597817345335063e+01
5.371239551050235e+00
3.360444881655483e+01
5.137885545910282e+01
3.694663803882275e+01
8.078859121575420e+01
3.608277972605209e+01
4.301822886011481e+00
9.089960720897634e-01
5.456714153036808e+01
3.164972743561945e+01
7.824961034499557e+01
8.927260380670083e+01
7.142672360475488e+01
1.060189535403712e+01
7.764236842172330e+01
2.485214035252675e+01
8.026147637528436e+01
1.372013753918937e+00
8.102811038541985e+00
3.654240678834840e+00
9.413162730360945e+01
4.504094517093196e+01
4.600524327066040e+01
6.415182732238985e+01
1.142875040482206e+01
9.760671430155948e+01
2.733623735948291e+01
3.810326910489391e+01
4.869895058157805e-01
2.578436556541564e+01
2.533472055817708e+01
1.479483647960929e+01
1.639188412408898e+01
4.142290774799087e+00
7.485049123636004e+01
9.236302235739447e+01
1.279635574333200e+01
7.915231412237152e+01
4.805336107874911e+01
6.586840947431904e+01
8.968218564506721e+01
6.011478009639065e+01
6.759777700882302e+01
3.228785583390289e+01
7.071667545042777e+01
4.524014538398019e+01
9.618587833651615e+01
5.808177160009824e+01
1.443442241960877e+01
4.475633224693888e+01
2.597934451232634e+01
6.340461203986993e+01
1.594994101484769e+01
2.246954479369779e+00
7.033603064265849e+01
1.226027776126763e+00
8.215685448709729e+01
4.740996814677955e+01
1.058257492751934e+01
9.158045146222248e+01
3.631287656552758e+01
8.726761047135462e+01
4.513769747928610e+01
9.570169099406418e+01
1.263087150297634e+01
5.811676246026381e+01
9.197822985797107e+01
1.181376372082800e+01
1.614922062314545e+01
7.384339956280003e+01
9.279072452000841e+01
5.831406221646539e+00
7.778667550430944e+01
4.942682550727708e+01
7.952337864764192e+01
4.674855016486186e+00
4.642657541969166e+01
9.564807088842991e+01
2.905089418825269e+01
1.809345866464705e+01
8.323701158316666e+01
2.449263889551751e+01
4.728810724210371e+01
2.837881847674904e+01
9.331697756113344e+01
1.571801445247513e+00
3.142770828280025e+01
8.896447815418453e+00
5.832888048995700e+01
2.566901642161841e+00
9.201482650452053e+01
6.523812355717557e+01
7.792757869601603e+01
7.607299949790956e+01
9.145655794602658e+01
4.820291546555372e+01
6.496894963317035e+01
5.291804436264469e+01
6.531157668927293e+01
8.111817025631581e+01
6.429040481536202e+01
8.776401965309121e+00
4.216957932439148e+01
6.681825451870368e+01
8.297880253893267e+01
6.647295507903814e+01
4.034715645962728e+01
8.480720971003510e+01
7.618828950272328e+01
8.308930866564125e+01
7.845341604130968e+01
2.525428963138456e+00
5.264374406665738e+01
2.574152323684726e+01
3.272710946981195e+01
7.938333744154467e+01
8.597054052444666e+01
6.415481775261220e+01
6.064695555746879e+01
4.994742434935059e+00
6.165100916365674e+00
5.266178201542319e+01
7.127116763557828e+00
5.673048070479673e+01
9.560887170751062e+01
6.806693131479757e+01
1.446166104379187e+01
2.120922804866416e+01
7.172743853727702e+01
9.063680730324090e+01
4.169599150386452e+01
3.601784330607292e+01
1.217719256513621e+01
2.864556793526074e+01
8.466043047823964e+00
5.761643669457010e+01
7.995701557023311e+01
7.386052160237941e+01
6.224623958684795e+01
5.723954893520082e+01
2.011626726953139e+00
8.752544507734731e+00
2.110206560283064e+01
5.465537079361052e+01
3.319554777499081e+00
9.249208741471733e+01
8.389424396860146e+01
3.271125752139429e+01
4.313153011870176e+01
2.231849344555219e+01
6.766356759130190e+01
7.992377676066187e+01
1.107517793359010e+01
5.093451656910335e+01
4.372747044252579e+01
9.486659373849005e+01
3.336634237010328e+01
2.155581541431873e+01
6.726187088864943e+01
6.024254353728264e+01
3.512252365943162e+01
3.633141561240490e+01
7.656043613169362e+01
8.422352060872294e+01
7.061151790926769e+00
1.056378055855808e+01
6.922226858754748e+01
2.669942943691249e+01
6.189669536514985e+01
1.829893026421728e+01
8.996150227727439e+01
9.259859257964351e+01
4.022105268213016e+01
4.972648017561364e+01
4.109129972806726e+01
4.354060745962924e+01
4.221856754376486e+01
7.513000791665633e+01
5.982390849842872e+01
9.886547266452827e+01
3.400497712847077e+01
1.799620274361046e+01
6.167747865509124e+01
3.120795857683195e+01
8.329561379891615e+01
8.762227389385099e+01
8.680418184343920e+01
1.666195612245330e+01
3.013797962578851e+01
8.246959973241650e+01
7.101327416999884e+01
4.233060229678200e+01
7.876208498085015e+01
7.311101168073296e+01
5.393643418975940e+01
8.582323681834303e+01
8.367479228585715e+01
2.315870277730688e+01
7.284140417950293e+01
6.809909444679464e+01
5.462721095170230e+01
6.218554487553683e+01
5.453502333468526e+01
9.484826363383246e+01
1.440828014836101e+00
3.166379920750102e+00
7.354267242995215e+01
7.223968737397328e+01
5.585381344699013e+01
9.821277954532430e+01
3.375566212169624e+01
9.511015196103145e+01
8.451497130306204e+01
4.202346785088231e+00
8.704774006598058e+01
3.697741056651688e+01
1.278451104312414e+01
9.193624043461691e+01
1.616655216373808e+01
1.108414470734268e+01
7.673192549344708e+01
8.882232703679350e+01
8.525309301226078e+01
5.896014708977199e+01
6.029083796790374e+01
3.918952715545405e+01
4.131724719950801e+01
5.877475913556979e+01
9.830623119990631e+01
5.661704021348481e+01
5.151754741161948e+01
1.697544083789710e+01
8.331388052707252e+00
6.659974798867468e+01
7.600440712459590e+01
4.249452163581481e+01
5.655473617676401e+01
7.267004520290999e+01
5.343161167271045e+01
5.479932457897780e+01
4.842535497081715e+01
9.595647989583969e+01
7.518701538219444e+00
1.394353728459381e+01
2.368528471499927e+01
7.791574582360487e+01
4.717832861802463e+01
3.966941649078830e+01
2.464855505370002e+01
8.030548541820863e+01
4.865294562124319e+01
4.515028891393463e+01
6.748531170537943e+01
9.206024254302505e+01
1.009112853095454e+01
2.757547932098409e+01
8.030844851411341e+01
4.955323042792884e+00
7.174177988047794e+01
4.265667844687434e+01
8.700224649487168e+01
8.380650448790124e+01
5.743030768699493e+01
6.990375135555107e+01
7.472671404235378e+01
7.145582375650099e+01
6.291290897080345e+01
3.275988261809567e+01
2.166839918199386e+01
3.310757909580487e+01
4.368999974973966e+01
7.009375419937714e+01
4.080441521518138e+01
4.680195960532965e+01
3.472809136599679e+01
5.317717918808441e+01
4.577514289215912e+01
9.886702462046735e+01
9.154838402362000e+01
1.419350631264667e+01
3.409735603914474e+01
9.803205169645699e+01
5.934379527314743e+01
4.665782165092315e+01
3.915097300855022e+01
4.891864645710152e+01
9.969359012306369e+01
5.903167238413900e+01
5.387396954646053e+01
4.269509382671448e+01
6.211609996953798e+01
1.544633275617209e+01
2.998225559945323e+01
2.174821920774329e+01
8.535008411172316e+01
5.008058946117786e+01
3.516035663669945e+01
6.502605153481757e+01
9.015412162530893e+01
5.686291049088486e+01
8.948459424520125e+01
3.863555683690848e+01
8.496619634561530e+01
7.005704309328321e+01
7.626074067142827e+01
6.760487466473360e+01
8.346618860190091e+01
8.749871523468696e+01
1.856131228551330e+01
9.858679855176564e+01
6.980886499854218e+01
9.773382227762315e+01
1.781232544119112e+01
9.557318510281536e+01
6.544907561757093e+01
3.576982321020673e+01
7.994420192201818e+01
1.882561520618648e+01
5.522924473287036e+01
4.634504734833960e+01
2.104617740076323e+01
4.934599709200952e+01
1.558075981008856e+01
9.498362196375784e+01
3.909356386358550e+01
4.714146421623484e+01
7.537212999322085e+01
8.076313407195877e+01
5.956213500330324e+01
2.784268186792856e+01
8.747450224471955e+01
9.925431897829023e+01
7.028518294463175e+00
3.213624527311709e+01
7.933573866232099e+01
9.246603478326743e+01
5.183053293816305e+01
9.391941120564911e+01
2.621256561307822e+00
1.356012239752343e+01
1.106465575800494e+01
7.346170026504514e+00
6.812566750129949e+01
5.692703693962052e+01
5.089860141784819e+01
1.251731138327965e+01
2.489488302957960e+01
4.336967921972725e+01
8.993306923188878e+01
4.381458090795883e+00
5.288683811802736e-01
1.068963674394863e+01
1.736609061125950e+01
5.150610671914468e+01
7.089689563535940e+00
3.656303628187768e+01
1.776187350869266e+01
6.670004486418331e+01
6.886064310970747e+01
1.081508663986581e+01
3.509300627517188e+01
1.603069203720926e+01
2.111623302154068e+01
3.430773487049515e+01
9.547944911545116e+01
5.706476376255265e+00
3.458755930633636e+01
9.999747024848939e+01
5.253448018456552e+01
1.465454204690388e+01
7.038931547216573e+01
4.504068984884801e+01
4.455498594071482e+01
7.025717239373232e+01
3.416574966822088e+01
9.545358735856301e+01
5.103229431017875e+01
7.758537273741577e+01
2.362439745274577e+01
6.624818750016772e+01
7.007002144589556e+01
2.853799309979099e+01
9.320306805577272e+01
5.397311228046804e+00
1.953786705599067e-01
2.927575727425318e-01
7.321726916042030e+01
4.909927223301459e+01
1.572097293833316e+01
4.207791222356163e+01
8.950675739418099e+01
7.184047977060102e+01
1.768051228377992e+00
1.062299041572166e+01
6.958383799976848e+01
6.275541524531106e+00
6.923805944120421e+01
4.854956364657244e+01
3.321395434123182e+01
2.700889842911107e+01
3.120855662562351e+01
7.188470911788042e+01
6.681322942805161e+01
3.031336545493145e+01
4.214188146504661e+01
6.537678943266010e+01
3.484605151919930e+01
3.501185338711918e+01
6.487072881537989e+01
6.459021929865247e+01
1.752528469894327e+01
5.978050560680241e+01
7.816096715543465e+01
5.965943637288149e+01
2.237686222529824e+01
3.653575295421097e+00
9.735176768030588e+01
9.095874246720166e+00
5.859763811277116e+01
3.409924108260276e+01
7.058006975361150e+01
8.502091885778165e+01
5.992063798937976e+01
9.282390684486549e+00
5.199373073503083e+01
6.974414082697785e+01
2.406898239816957e+01
5.785124444302695e+01
1.145594781798122e+01
6.547336618670884e+01
4.257444159247654e+01
4.266450449017086e+01
3.735807525802313e+01
9.817559090357999e+00
8.452303376259424e+01
1.367058121304520e+01
1.079653814006436e+01
3.511565771657772e+01
7.988018564874315e+01
7.083614998070344e+01
7.488020578160891e+01
2.846501084438759e+01
7.006052223502682e+01
6.800841818005239e+01
5.576934989344764e+01
5.939127321326699e+00
4.118073039743152e+01
9.793368917793673e+01
8.803194974923132e+01
9.304471332255970e+01
8.722035860979015e+01
6.620878803832866e+01
3.441545359530274e+01
1.883106036988602e+01
5.682731273436328e+01
6.267893382472868e+01
8.857520119686387e+01
1.510776333283063e+01
5.899436593008897e+01
9.136637667723298e+01
2.883693973013989e+01
8.231869651112645e+01
4.185912890446332e+01
1.137332595483089e+01
6.046286321266687e+01
4.212873510184173e+01
6.322769320720234e+01
9.741355008325239e+01
4.442178413477809e+00
4.924092816619246e+00
4.209555133343467e+01
5.415987551871682e+00
8.707676790052874e+01
7.637277691456153e+01
1.671086536567233e+01
8.915845355445448e+01
1.809520084322207e+01
1.460513612935559e+01
6.786741356731739e+01
2.271615714892566e+01
1.589359539369754e+01
2.949992964486588e+01
9.933899044959759e+01
3.506026921563794e+01
2.266000906129368e+01
7.483016912584667e+01
5.120902101099911e+01
7.160015081595636e+00
6.587928001111339e+01
3.611546179098797e+01
2.377199913550727e+01
7.875933483185216e+01
8.676076591329685e+01
5.295766855262112e+01
6.772260799432294e+01
4.722362912596373e+01
7.320346388649357e+01
3.065327900957934e+01
1.848303047869496e+01
3.739245656756333e+00
2.010066081774452e+01
6.057858181212963e+01
5.071311534881271e+01
5.348976447875135e+01
7.273465533402501e+01
6.742398076105117e+01
4.264821803320582e+01
9.082985617724705e+01
9.718477511647380e+01
8.492778906828156e+01
2.396005854194987e+01
4.834624521822960e+00
9.536195280745716e+01
2.542133094995345e+01
4.689992756904100e+01
8.061279378859922e+01
9.812921807082799e+01
6.979736078986775e+01
8.777280887019485e+01
1.743259733423246e+01
1.148987664444832e+01
2.829794591679142e+01
4.276783282066129e+01
9.670289261113055e+01
4.300211679330194e+01
6.855603250142002e+01
4.547427168370889e+01
8.227622275346714e+01
6.541315157218517e+01
6.395730216240385e+01
1.994482628998572e+01
3.929839019630960e+01
4.769775408678584e+01
2.910005954517986e+01
2.166748690496548e+01
9.727053926199234e+01
1.167969848573194e+01
9.648289982997017e+01
5.213514005399082e+01
3.692510581432148e+01
4.924349395988672e+01
1.206045388805701e+01
2.282653810588016e+01
2.528122487723885e+01
3.535950283303833e+01
6.059902569306968e+01
5.894018619271935e+00
7.656423890803207e+01
3.597344054653004e+01
9.970756419920714e+01
3.899460529861721e+01
4.851022830629266e+00
1.754997112674171e+00
2.667915785064882e+01
4.571395979528965e+01
6.943355806611179e+01
6.368331534959530e+01
7.874408558883894e+01
4.487198211479559e+01
4.749946996918855e+01
5.514553359483626e+01
5.314662123711156e+00
8.679786016549815e+01
7.968141752280361e+01
7.186551330232318e+01
9.626619452436744e+01
7.695195673822982e+01
8.354521178805511e+01
9.274909435433759e+01
6.505235208433696e+01
9.240968539026085e+01
6.627202330449225e+01
7.711280597239399e+01
6.108783467723422e+00
4.183434231292193e+01
5.540600281926152e+01
6.670780916079310e+01
7.930890018088226e+01
4.596102961616639e+01
1.619016137728009e+01
6.297403684024422e+01
4.345824846227572e+01
5.014456694486764e+01
9.494050107660726e+01
8.372330012904634e+01
4.614328637073901e+01
3.416259201903017e+01
5.688884540316129e+01
2.488737195957795e+01
5.569425404802628e+01
5.789708190499670e+01
8.364061866125121e+01
9.845970780516960e+01
2.839180237073069e+01
2.187370919709732e+01
3.217795925781967e+01
8.751334552071680e+01
7.827738708736254e+01
5.387043280241566e+01
5.404311896024417e+01
7.466302596715420e+01
4.628011819267651e+01
7.869013402550021e+01
4.099082389892583e+01
1.146366876152515e+01
6.700836176379042e+01
5.346313265779201e+01
1.909671082119304e+01
5.608552985642363e+01
7.965370536765722e+01
4.222229595399568e+01
1.873117965587004e+01
8.785963770368119e+01
7.192252747338382e+01
4.498975944937661e+01
2.660571077214820e+01
6.778105416697498e+01
3.625938088458934e+01
8.349455622187563e+01
5.482781229299857e+01
3.355764007827158e+01
6.162600850762148e+01
9.702010401385841e+01
3.119837959818467e+01
2.917779010216602e+01
1.889381316438961e+01
6.337633885600433e+01
8.890084893857168e+01
1.771947905315062e+01
8.592395856321042e+01
6.186050687071891e+01
8.159749702624860e+01
2.493119799761623e+00
4.848996556759344e+01
3.681899967455259e+01
5.488202150672768e+01
7.559002566877288e+00
5.504684949063083e+01
7.397873232792072e+01
8.235140213852348e+01
7.772873336343501e+01
9.575669285643691e+01
8.237571207917097e+01
9.457226795822953e+01
1.066646972236525e+01
3.641369516794276e+01
3.589214870514914e+01
3.546027440366348e+01
5.939426420228288e+01
2.845829335435214e+01
8.771232249574378e+01
3.878649763706443e+01
2.059233375852570e-02
5.500854433281746e+01
7.080384547393949e+01
1.926209191757352e+01
6.202003781777808e+00
2.307456947074950e+01
2.707947982804825e+01
3.088932783849972e+01
8.526850141830207e+01
9.016680907931496e+00
3.263143907889325e+01
3.185253577858793e+01
5.750664652209107e+01
7.820952850310576e+01
5.198036020248213e+01
3.704963011529745e+01
3.325637794717046e+01
6.071328956667021e+01
6.941625385983673e-01
7.963436994684598e+01
8.043652748709383e+01
7.889350060322019e+01
9.799239635374043e+01
7.127821513976819e+01
1.043534609975076e+01
4.295613348621695e+01
5.960947701689297e+01
