1.569751352802735e+01
9.347847015293244e+00
9.622924942347652e+01
5.841351997033392e+01
9.834614819770033e+01
8.741849921057863e+01
8.398503590560753e+01
4.454580989877964e+01
5.748457468928982e+01
4.561482562944983e+01
4.245470587278470e+01
4.828399319587461e+01
2.466146025092409e+01
2.704558983773254e+01
1.249965094611964e+00
9.185018357441304e+01
6.880732209831817e+01
7.723104249557063e+01
5.269702200437757e+00
5.623730940569067e+01
7.619844375932516e+01
5.717992389443327e+01
9.766905070173976e+01
5.903532591603479e+01
4.066545303941958e+01
9.817621717144559e+01
2.427333724884006e+01
6.565024106095090e+01
7.342527731015592e+01
1.546570314814602e+01
2.307421254137261e+01
9.981392691834547e+01
4.188008762052286e+01
9.534014574966400e+01
4.093109576074923e+01
7.915498198902002e+01
6.860100667392882e-01
3.764459911624184e+01
8.179610366085363e+00
2.428389034433471e+01
9.459955985406393e+01
2.118391027729209e+01
2.200821718294556e+01
8.976376982860442e+01
5.832502514045920e+01
9.711657813615938e+01
9.995464850214992e+01
2.924422990961197e+01
8.859724811678625e+01
5.016780637678122e+01
7.279543218798723e+01
4.719898311756504e+01
5.429640140118841e+01
9.076564763242642e+00
3.276785012929134e+01
4.986632021603469e+01
1.287445529032240e+01
9.428791370908168e+01
5.350089075672481e+01
6.235027036739061e+01
7.268365503879434e+01
4.354671819300703e+01
2.101492649922843e+00
7.282433336266518e+00
7.792661473058472e+01
3.766815268325999e+01
9.482540194635530e-02
3.550342625728968e+01
9.500375636620622e+01
6.933377732957423e+01
5.242510016654855e+01
9.285538429061667e+01
6.204887929467898e+01
5.565890695697577e+01
8.162628071458371e+00
8.385503114380643e+01
8.971445308519269e+01
8.288007894665006e+01
1.697276766270994e+00
9.902091361536687e+01
3.506677659930045e+01
8.160433796309137e+01
8.932710289458143e+01
2.439242132212614e+01
1.041788235791860e+01
2.034792696142007e+01
1.862145611952127e+01
9.191497838679467e+00
3.126134343038376e+01
9.331498108492930e+01
6.874459477548702e+01
9.821455781264909e+01
1.607410750169032e+00
1.359320935494882e+01
3.101231149910591e+01
1.320352745857254e+01
3.030745560783309e+01
7.419672248614799e+01
8.387118525983355e+01
1.673448105190624e+01
9.485892248100552e+01
9.067218326529124e+01
3.624682069581320e+01
1.272218390960348e+01
1.548400051681511e+01
6.970640917760619e+01
5.446576040911757e+01
3.686913430544973e+01
3.557775408754951e+01
3.767613146345882e+01
4.990591995879353e+00
1.713893293269860e+01
7.402931278293454e+01
8.276287977712363e+01
3.614493721916570e+01
4.630990896667815e+01
2.270386983766400e+01
9.597308533078669e+01
6.759229990075916e+01
8.937893844646352e+01
7.598344482294445e+01
5.942443164970000e+01
7.397714423666575e+01
8.838112041744456e+01
1.146092042860618e+01
5.674167492275204e+01
7.663450887270015e+01
4.930302367978870e+01
1.421826077355922e+01
1.284662667328800e+01
8.660600897232349e+01
8.513325056300184e+01
4.473434977453870e+01
9.622687347988918e+01
7.857760767386183e+01
6.642829029188877e+01
4.864014109998948e+01
5.658875408423540e+01
7.368743842173714e+01
5.461759607056975e+01
3.921576456130285e+01
6.651329196361513e+01
8.037731134350287e+01
7.320073813814703e+01
6.339224058361363e-02
2.143817149169658e+01
5.575079319800753e+01
9.356959457209780e+01
6.942620969816400e+01
7.867309622404775e+01
4.198076261299698e+01
9.341091997614639e+01
9.425458023057067e+01
9.721535565201908e+01
1.722538825926622e+01
8.243776717336745e+01
3.800264123734210e+01
9.720771578010531e+00
5.598503023199039e+01
9.386596139234769e+01
5.303480110738185e+01
2.734300895935996e+01
3.100431395275719e+01
5.745307111994040e+01
1.719911020118702e+01
2.446094435847408e+00
7.329411607854726e+01
7.154783805438683e+01
2.192884861581440e+01
1.519078603721726e+01
8.346774232735287e+01
8.916972949596575e+01
1.877004174458331e+01
3.348040978120659e+01
5.674877341685294e+01
8.962821247504476e+01
5.405705271012013e+01
5.588916524121964e+01
3.183199666991457e+01
1.370704719503738e+01
3.466197756801824e-01
3.188696561003428e+01
9.053043801827843e+01
5.142569898228426e+01
2.822694374631482e+01
2.915794501507559e+01
2.358509508128515e+01
8.989450111514633e+01
1.266334355467155e+01
3.530838751946966e+01
3.821534297345920e+01
8.442501499523642e+01
7.930986647462001e+01
5.234296296366629e+00
8.077251528425725e+01
5.478978718388350e+01
6.418357224398459e+01
2.289524959535117e+01
8.157747382371570e+00
8.634410132018108e+01
7.008216179445486e+01
3.126050342398719e+01
6.227456785844387e+01
3.003548701761080e+01
4.295460839893418e+01
6.989417321509410e+00
2.451292193704886e+00
3.479339142087539e+01
5.010803963528389e+01
2.606573934949271e+01
9.919004300571514e+01
5.919879565909449e+01
7.658936356966819e+01
8.180804647589477e+00
8.506516557422708e+01
9.173240735741911e+01
9.027179334790995e+00
8.650260608946095e+00
3.240066735651375e+01
5.385202954236978e+01
7.921465373561468e+01
6.357727575282439e-01
2.975369409180884e+01
9.570878068716674e+01
5.870069053894873e+00
6.330167081360783e+01
8.899692771443955e+01
7.087142708286244e+01
7.634971420110655e+01
3.463920677762442e+01
4.211044876934515e+01
7.295335637077380e+01
4.411340539535200e+01
4.511321119270902e+01
4.439750315826270e+01
1.610083482977973e+01
1.502298140666586e+01
2.752535656444978e+01
2.548051598737041e+01
2.494783020808726e+01
2.746981681672382e+01
5.004033425359071e+01
8.067515286648420e+01
6.522093027141919e+01
1.910596267278584e+01
2.260305379638590e+01
4.400817046128594e+01
1.183061549059610e+01
8.527181934810794e+01
4.066968003319096e+01
9.253047238687540e+01
1.670733560654676e+00
4.941634268007071e+01
4.117905736955770e+01
7.853434932349917e+01
3.096606579188540e+01
5.492126236433222e+01
1.205678219537101e+01
3.159512236322981e+01
7.486575882642799e+01
9.207987999174738e+01
5.732945541726866e+00
8.515512956546392e+01
2.971043830258326e+01
5.639325587842300e+01
5.279262780807569e+01
1.562486608308967e+01
3.130961541613080e+01
9.910764219197800e+01
6.946192759529777e+01
6.859259678450999e+01
8.773920889372900e+01
5.052900223551737e+01
4.208288436852530e+01
2.896057536311475e+00
3.150661426200839e+01
1.870444306112102e+01
6.757855767737075e+01
4.057184520204171e+01
3.892647318492013e+01
8.927336846910107e+01
4.277937684337579e+01
1.441335334182407e+01
2.346716053945346e+01
9.066600570951869e+01
6.195390087643355e+00
1.135414122201230e+01
1.908620363990134e+01
7.063035940315126e+01
7.275236415339278e+01
3.414214823122236e+00
3.987394759425612e+01
7.848530974168577e+01
6.641102864705539e+00
7.435079290268514e+01
2.797212154975725e+01
2.746185382244263e+01
4.804480124639571e+00
4.358537543731992e+01
3.998000130056403e+00
8.878083121440412e+01
1.849200414423458e+01
5.317632339577020e+01
7.866636937422044e+01
3.354538131204684e+01
4.724062348121807e+01
6.220755170202234e+01
9.295789082206689e+01
3.077648846934386e+01
7.890224371985637e+01
3.752987973276986e+01
8.092317407993747e+00
1.425642362528314e+01
9.156251325810445e+01
1.064416245121703e+01
9.918909161313860e+01
7.159018287043561e+01
4.464914288588295e+01
3.472294450491804e+01
6.411054458660564e+01
5.284829328434928e+01
5.520399443581886e+01
9.568605874464198e+01
5.695088256939821e+01
5.595917885934896e+01
3.532543104855597e+01
3.446359435769897e+01
3.300306579703608e+01
7.018964820084611e+01
4.378275058408396e+01
6.577399357490893e+01
3.154725419895130e+01
5.111185570764908e+01
9.791974439188826e+01
1.251256885589686e+00
9.149506226717264e+01
2.799377493932553e+01
7.491313399510139e+01
3.359034496061054e+01
1.525484883005491e+01
5.909424734259687e+01
3.775002152554226e+01
1.445670510384101e+01
8.092731134077874e+01
4.918954742568990e+01
8.281479640063587e+00
2.575917729444763e+01
7.266680103385207e+01
6.969659769427804e+01
6.527960722580533e+00
3.957260844277805e+01
9.045300124699855e+00
3.302649680200335e+01
5.909776844042249e+01
4.468046959707535e+01
7.980818524016449e+01
6.624395985447055e+01
6.450847534672752e+01
9.568514618821682e+01
9.983367198139135e+01
4.925091650767760e+01
2.190488070338260e+01
5.780529331313693e+01
8.003468768672770e+00
2.415439874127247e+01
7.901192483446184e+01
9.895460284266370e+01
8.665298721131542e+00
4.129225250393723e+01
2.317021974510058e+00
3.912163252901362e+01
5.384893601473837e+01
3.354220736471108e+01
9.267524410629423e+01
8.483571516575093e+01
4.361873014998563e+01
2.369385725990583e+00
6.559962065219862e+01
3.285489791671508e+01
1.256555854928007e+01
6.493199703513271e+01
6.952483661916332e+01
1.105485228405094e+01
5.988250847900402e+01
9.110267622913358e+01
7.340728420457211e+01
4.243905406558842e+01
6.992243662007267e+01
2.168810578141739e+01
9.157234471830184e+01
5.356648510953713e+01
8.935283501136714e+00
2.913217201322884e+00
3.893714120562055e+01
7.826476948254964e+01
6.612744660402063e+01
1.093966845001079e+01
5.632481973447130e+01
9.676363169996237e+01
4.772847622992866e+01
2.832497923091286e+01
8.826818381821187e+01
5.689519818727635e+01
8.140560420295485e+01
6.716764758674783e+01
1.043223185019206e+01
1.864463222149975e+01
2.216654947128452e+01
4.629652637350211e+01
1.643088148740627e+01
3.550299947871966e+01
3.414250106277992e+01
9.368372843306685e+01
8.194815278144002e+00
9.515340938007152e+01
4.219609463689667e+01
3.867811143336730e+01
5.605811698178673e+01
3.916613014376077e+00
1.265754476779026e+01
9.988516783336419e+01
1.852745936183607e+00
4.085019526111437e+01
5.821079279212784e+01
5.983514714047087e+00
9.396674767786951e+00
1.700223796861350e+01
5.715526671016369e+01
6.556404985746558e+01
5.396538374664512e+01
1.974874959315581e+01
2.702124017617723e+01
9.577460838285023e+01
4.031115301899200e+01
4.850054702186051e+01
1.025717938796486e+01
6.986322587815263e+01
5.543673795435426e+01
3.961320069600512e+01
4.664409558598143e+01
5.932665646976169e+01
5.728411630600883e+00
2.928554314621051e+01
2.219621470300304e+01
7.579356821989342e+01
6.675842607708574e+01
4.369578326293071e+01
8.583628464761949e+01
1.991964877579345e+01
9.979368387711871e+01
7.223033740754721e+01
5.346464154006198e+01
5.671320387940537e+01
5.111328091058567e+01
1.929374040071561e+01
2.848840408422445e+01
8.529782559969361e+01
5.153479354993198e+01
7.961990175751033e+01
7.983873904675185e+01
9.269936270671867e+01
6.076778870111694e+01
3.409286897354427e+01
6.925355860463044e+01
1.523215850593157e+01
9.875058247649605e+00
3.493167252043806e+01
5.188725923741574e+01
9.730640034997202e+01
4.041386411544581e+01
6.644038677515481e+01
5.663305677316760e+01
2.133471929530367e+01
9.197022723591431e+01
1.975670937437411e+01
8.363984859718003e+01
5.185006216720215e+01
1.415281021695249e+01
3.717276339287532e+01
3.202094991319857e+01
8.718440736978521e+01
4.265176511493128e+01
9.667416610600155e+01
9.705749438007246e+00
4.974063991091244e+01
3.746037550152297e+01
7.027405736515023e+01
7.979965609488993e+01
5.893837169694638e+01
4.453351364682126e+01
5.438625680021302e+01
3.438175163901492e+01
2.000081665813961e+01
5.105686562650691e+01
4.609552633301146e+01
5.196952570787143e+01
6.234265983213795e+01
5.096228041265266e+01
8.214235151286347e+01
1.679009106792048e+01
7.067296284747913e+00
5.555295872294948e+01
4.339928424144131e+01
9.550222027837401e+01
2.522260720153461e+01
9.920245506763573e+01
4.097068078861138e+00
5.446512659753912e+01
1.932799165105819e+00
4.293894518303636e+01
2.197390944788880e+01
1.137041021667906e+00
4.587499920552364e+01
6.601902431157373e+01
5.294282052337324e+01
6.065293683700866e-01
1.343557676926049e+01
1.852386292001412e+01
5.677823054454208e+01
9.889454394527458e+01
6.305737656683539e+01
1.731688576625515e+01
1.610709736873726e+01
2.345059943546103e+01
1.006102194546770e+01
6.220262370174873e+01
6.474888006446365e+01
4.142232329650890e+01
2.582463339242369e+01
5.137322174914797e+01
6.081449541301210e+01
6.199574091564666e+01
5.843751735912520e+01
7.849083728086708e+01
1.282854509205955e+01
1.427359549062028e+01
5.247987324953073e+01
4.587122921173984e+01
2.949639923381452e+00
6.550412367354339e+01
9.541339091743035e+01
4.105492855471323e+01
3.443958881983514e+01
3.472410232514334e+01
1.679748954102280e+01
9.246134627259399e+01
9.712723325804212e+01
9.263115226879304e+01
7.737006991047880e+01
2.878689948878572e+01
7.238875570352596e+01
7.332842847021689e+01
6.286291571467319e+01
1.291867946876152e+01
6.669447779035870e+01
5.749340064706905e+01
7.512130317051025e+01
2.928856994457942e+01
4.245199879745580e+01
6.277211763093812e+01
3.878195585626268e+01
8.076044357417173e+01
7.673096814040605e+01
2.875217806024113e+01
9.936586567171190e+01
2.976538940787566e+01
4.302577355086141e+01
4.358938943761838e+00
4.745286817078146e+01
7.492164879800829e+01
2.856416400920794e+01
8.687248727626749e+01
3.893059652248891e+01
3.025871991657592e+01
8.424933598574685e+01
5.572808606351170e+01
1.902383031278096e+01
3.619259988711802e+01
7.567189097202936e+01
2.578670788825802e+01
9.744911589540965e+01
6.742200286473241e+01
5.057146868229447e+00
2.244160977305920e-01
6.802657380142556e+01
9.253050177010266e+01
9.208070523668114e+01
3.890734624066732e+01
4.108613451993379e+01
3.620772521766262e+01
1.398533536772492e+00
7.589317200514169e+01
6.735444398008028e+00
9.743546154230621e+01
1.986376429901634e+01
1.659649890689016e+00
8.415123623989115e+01
2.960541254356756e+01
6.641797337979915e+01
5.068744218474600e+01
7.733730970757888e+01
4.374164605687449e+01
5.871332295179056e+01
8.832459956795191e+01
2.800207837857403e+01
7.162796001491508e+01
1.876164088899346e+01
1.013695360633403e+01
7.291698449892783e+01
5.119795010015273e+01
9.389054542122899e+01
8.701670145942676e+01
8.572372560655872e+01
7.537831686221917e+01
6.185793846932144e+01
8.005228810014775e+01
1.329843360618615e+01
5.010574951307184e+01
8.046635015889366e+01
1.969461698070849e+01
1.952143219277329e+01
9.167336113363194e+01
4.464044386737069e+01
1.871963884621842e+01
3.765400514828693e+01
2.580580996619808e+01
7.803682329973059e+01
1.844881089331993e+01
8.435255828516212e+01
7.083371461873581e+01
6.913625312463206e+01
6.775546994421420e+01
3.695595131113937e+01
8.408174202036194e+01
9.331539659449616e+01
6.641021942086994e+01
5.210251968917555e+00
6.787088372179814e+01
8.523145657276336e+01
7.768049015555553e+01
6.351628539316183e+01
1.455346202224189e+01
5.237050496617822e+00
7.579276905199175e+01
2.167553502213002e+00
1.432775180522713e+01
8.805638290385546e+01
5.937620082841077e+01
2.367805769838302e+01
3.037378100230069e+01
1.659024805603095e+01
1.821175451307173e+00
8.331998455492779e+01
9.945497917917324e+01
3.509078455860298e+00
9.074090318323155e+01
6.941974054529319e+01
4.019256440931585e+01
7.936234645515789e+01
6.771035830849333e+01
6.485572302008779e+01
3.323085933608509e+00
2.756583081910658e+01
1.171615832099512e+01
6.863118674076684e+01
3.938864713506244e+01
9.343203948504852e+01
5.609874443900713e+01
6.549027909780399e+01
4.807621326673600e+01
5.149289018078376e+01
9.016471323099206e+01
4.225909385935361e+01
3.454068123108739e+01
8.944156360320819e+01
4.166057568120797e+00
5.399045862908962e+01
7.974182003165680e+01
2.357118689621388e+01
8.194591686220184e+01
3.226161810209119e+01
3.568219576761229e+01
7.814941246907665e+01
2.159365672692361e+01
2.588687680004485e+01
8.727617081593544e+01
5.567241984218006e+01
5.013259008998637e+01
3.404113339914062e+01
1.962650288810325e+00
9.522911039890214e+01
3.210683447872606e+01
5.285736222418834e+00
9.082741937172945e+01
7.059566461043231e+01
6.826023946900864e+01
5.180438810577821e+01
2.373840395535268e+01
7.348593951830918e+01
3.762832662911542e+01
6.133625212187705e+01
9.161147945169894e+01
2.122149710600334e+01
1.766176573823288e+01
9.577940478724399e+01
7.953603127018364e+01
2.590486846207868e+01
6.089945792262418e-01
7.836983747704413e+01
1.123647639119834e+01
7.083859004585007e+01
2.073284402523788e+01
9.974153181525949e+01
6.632200375493709e+01
4.886216067190382e+00
5.738777106506181e+01
8.213561912166682e+01
5.736946177546376e+01
1.035133125742494e+01
2.242024700270046e+01
4.312258066754908e+01
1.563890781981820e+01
6.600252658408253e+01
9.311066977358921e+01
3.987736890086781e+01
1.211343799350478e-01
1.480752113964759e+01
2.008505604233828e+01
6.897729745552749e+01
8.583205360259491e+01
7.186131010384361e+01
4.706690043540062e+01
6.502787501785340e+01
2.946193657324739e+01
9.267898774364916e+01
2.687828514113943e+01
1.930324389566819e+01
9.949841131432839e+01
6.817644460507502e+01
4.205409951603697e+00
8.919423138219594e+01
1.838266189134804e+01
3.394469131433623e+01
7.155053427980772e+01
3.807447237804274e+01
5.110904129739341e+01
7.546238111120761e+01
5.484635525143070e+01
2.697344530698538e+01
4.813747808716143e+01
2.955167774555817e+01
3.908293691421064e+01
9.155190866047140e+01
1.145472736631275e+01
9.983917535275182e+01
1.842117496692630e+01
2.696648632500623e+01
8.310943049523488e+01
3.403475276848057e+00
6.896155507721079e+01
7.001713405829720e+01
6.764756164869645e+01
8.960238834358863e+01
7.805293005800476e+01
9.199530384130557e+01
5.217706693903406e+00
5.557860986123728e+01
2.102190755355261e+01
2.108289805291355e+01
3.122681706735250e+00
8.078859121575420e+01
4.019148090863204e+01
7.081641013306398e+01
1.352023846168082e+00
7.279106228276670e+01
6.794639670660085e+01
4.992263785094146e+01
1.729367534503978e+00
2.227051184618404e+01
4.241338257790235e+01
7.673712436889164e+01
7.094481315973439e+01
4.779902880443215e+01
6.919427703562857e+01
3.820683669215386e+00
5.220089333700058e+01
4.740070227878201e+01
5.452926892532467e+01
4.766319880618862e+01
4.313403677341250e+01
8.652580850130217e+01
1.690516542499194e+01
7.138301686913847e+01
3.810326910489391e+01
8.047895235031794e+01
2.569591506649550e+01
7.227923421760985e+01
5.159947217982238e+01
3.349308368446914e+01
6.838348930160677e+00
1.022987994841760e+01
9.981011878690222e+01
9.307734723811846e+01
5.390640867590272e+01
4.805336107874911e+01
2.453389019916481e+01
4.709871082897238e+01
2.907607482237558e+01
8.774694939504701e+01
8.955110935007740e+01
8.540222630156308e+01
4.524014538398019e+01
5.713999618642963e+01
8.705731522620530e+01
7.637156950140911e+01
6.964562389517465e+01
2.246120470690597e+01
4.233358928111083e+01
1.594994101484769e+01
3.345783112266000e+01
2.007373078729665e+01
1.583379996746490e+01
2.552869311791318e+01
3.740454178182620e+01
9.874697499850159e+01
9.559964546728862e+01
9.834721893926486e+01
9.327998975910245e+01
2.401019121706960e+00
9.842311623432819e+01
7.862908238481222e+01
3.838005687034692e+01
6.860465820348108e+01
5.929367107306312e+00
2.535653250541376e+01
2.696045521970860e+01
3.725116943812518e+01
1.861243365267871e+01
4.677373326698957e+01
1.298955265106147e+01
5.969536111675918e+01
1.906642793634274e+01
6.158369260913864e+01
9.398564537707048e+01
2.491701022950793e+01
6.764093356562822e+01
5.650509235286390e+01
1.878082804325075e+01
8.997556105720605e+01
9.865917912621944e+01
7.737308832694455e+01
6.990781681142180e+01
2.044799077345430e+01
9.976014741685249e+01
1.722341632341194e+01
2.888063240278542e+01
7.915207728704068e+01
9.928602655384971e+01
2.946649893627805e+01
7.233533490092276e+01
4.079583396240875e+01
1.334561384904460e+01
4.779252947670991e+01
5.168652867511219e+01
6.705987847738893e+01
8.617413406547817e+01
8.505700583805191e+01
3.505450819388707e+01
6.394634990205353e+01
6.366625850259617e+01
6.997101095969370e+01
5.814384238708013e+01
3.497785378013638e+01
7.349889808031679e+01
2.236895776464090e+01
6.939805064787997e+01
5.150421417853991e+01
1.735189031686256e+01
8.513467809424489e+00
8.439873903263302e+01
5.785654744033540e+01
7.802056925279115e+01
8.175378184847244e+01
7.882985006032040e+01
8.698944462788731e+01
4.490310924356017e+01
6.428563104210684e+01
5.266178201542319e+01
9.530497798477532e+01
3.118114030509309e+01
4.999332765582638e+01
4.189827849245550e+01
1.202457952873063e+01
3.265250936739729e+01
7.172743853727702e+01
2.137398469325806e+01
2.816277305975686e+01
3.601784330607292e+01
1.217719256513621e+01
1.553231878929414e+01
7.766519765260871e+01
9.848712575551454e+01
6.713862534013512e+00
8.205178788958666e+01
6.865489313781956e+01
3.487201888806747e+01
6.558947012088703e+01
1.515078433563504e+01
8.626794446551610e+00
7.808336828746059e+01
1.541049313517776e+00
6.648334193345315e+01
6.123861640749435e+01
5.414847287076920e+01
4.313153011870176e+01
7.498651453060401e+01
6.510495974919989e+01
2.351551792748064e+01
7.703416919197615e+01
5.093451656910335e+01
9.922629678585861e+01
2.896391909055594e+01
8.704845364533759e+01
7.371334320572826e+01
2.734353930100032e+01
4.054259277905458e+01
7.432950822372433e+01
7.588208139682285e+01
8.938765762810952e+01
2.328686277535132e+00
6.664393081639145e+01
7.939653390990409e+01
6.486083653981837e+01
3.363585673907578e+01
9.304752880383633e+01
5.538296087429997e+01
9.482388524097571e+01
4.351431491948399e+01
5.821891359901936e+01
2.971140669179680e+01
9.232339989036480e+01
2.738162531861180e+01
6.329990721461359e+01
8.032046979308150e+01
3.437632575369269e+01
6.151597479428909e+01
9.503612778849720e+01
7.987383700901356e+01
5.400917355623523e+00
7.207029693390722e+01
7.136603476077599e+01
6.009757563476338e+01
8.680418184343920e+01
2.693292080747565e+00
6.658300695316075e+01
7.396120381260347e+01
1.930105952513453e+01
8.338898093597450e+01
6.374040528374743e+01
9.230830636448614e+01
8.128498475127154e+01
1.045063729884598e+01
2.365691946989713e+01
6.172539902000008e+01
7.856565251879657e+01
5.324080598225854e+01
3.387621605483639e+01
3.913961967413296e+01
1.870808797828298e+00
1.721782997121002e+01
4.794501040500822e+01
8.432383760079919e+01
6.370313394055847e+01
8.121591968518493e+01
2.748444631112946e+00
4.274658562743412e+01
2.789498452464817e+01
9.765259926098055e+00
3.057739465989983e+01
2.348348033776669e+01
8.111617103271008e+01
4.491708103796331e+01
7.838501896634000e+01
6.079106585159482e+01
2.009593114261326e+01
1.108414470734268e+01
4.751368227764670e+01
4.391236451636644e+01
4.460648579737473e+01
5.896014708977199e+01
8.253290987691511e+01
8.525635455048473e+01
1.212989665201395e+01
2.769370811418337e+01
8.102176849777892e+01
4.303446977540593e+01
9.661940797074671e+01
5.571619768427508e+01
3.896937493186881e+01
9.360298351086816e+01
7.600440712459590e+01
4.249452163581481e+01
1.692759279018622e+01
1.718390500973161e+01
2.842560709846467e+01
5.479932457897780e+01
3.652591073723785e+00
5.309017209945720e+01
1.746060984090930e+01
2.192694527186777e+01
2.368528471499927e+01
1.807897250078571e+01
4.717832861802463e+01
4.473078266937788e+01
1.750335265766054e+01
6.166127513240152e-01
6.666777905387235e+01
9.551829681523066e+01
2.275733152532826e+01
8.259142464147480e+01
7.189899015794461e+01
4.481277072094976e+01
5.085368922485676e+00
4.696485448952991e+01
4.896273917935916e+01
2.688519317977372e+01
4.861872645496332e+01
6.209146467134891e+01
9.808954051606801e+01
3.384398707833326e+01
5.569444813565092e+01
5.495839456792846e+01
6.457945320968491e+01
3.275988261809567e+01
2.373117116453646e+01
9.785524113003873e+01
9.196131159177111e+01
4.673707580507597e+01
8.136012716282166e+01
3.173295535693548e+01
7.201405245438872e-03
9.800303163845233e+01
6.964021826611841e+01
6.009290556427692e+01
6.392525740150607e+01
5.111761775385477e+01
5.002290371340835e+01
8.913550092332787e+01
1.939677978837713e+01
9.681001603454817e+01
2.639904894232706e+01
5.511295276466429e+01
5.213018811872704e+01
2.808960682157874e+01
4.184484497729915e+01
3.109882894488928e+01
6.929058263510959e+01
6.204908744527449e+01
6.755415767783028e+01
2.057121271294132e+01
3.769061283100891e+01
5.008058946117786e+01
1.871435056380664e+01
5.582665989912425e+01
9.015412162530893e+01
8.290304633923948e+01
8.935785884473373e+01
2.501010318520018e+01
4.719836895689292e+01
7.367459189783530e+01
8.970348610994569e+01
4.319690705425893e+01
3.088697173208323e+01
9.721671701279316e+00
9.946246980664435e+01
2.444082811681593e+01
5.592603159878684e+01
1.981663830569789e+01
5.578633982491975e+01
1.387757659604660e+01
8.748239003470279e+01
4.452333461703888e+01
7.378895230302072e+01
4.378216734332133e+01
1.585668130584838e+01
5.389771538502431e+01
7.562415645254038e+01
8.430411265432095e+01
3.130947636967035e+01
6.937080960225818e+01
9.840358844883907e+00
5.473074310213828e+01
7.282503152863356e+01
8.076313407195877e+01
7.494503067570972e+01
4.893585427149006e+01
5.079408062193267e+01
9.925431897829023e+01
1.432289630841599e+01
5.467532973488576e+01
6.931136202500731e+01
8.278602365534103e+01
2.228020435305322e+01
1.493578004414950e+01
3.913752336014878e+01
1.822968959725913e+01
6.610526375756845e+01
6.901887625875830e+01
1.120337746627786e+01
5.692108508987403e+01
1.636317945847436e+01
8.902698005038638e+01
6.394099246894056e+01
4.395688103696186e+01
1.148897857008920e+01
7.979767377478893e+01
6.063228587649403e+01
9.180959332352950e+01
6.410178638254376e+01
1.756899865230965e+01
6.999724952969572e+01
4.996061052659555e+01
8.716517164705562e+01
5.357033184430112e+01
3.513911177177872e+01
8.285714480227658e+01
1.663304544828508e+01
9.990751966829762e+01
1.205808655920349e+01
1.212454843899447e+01
2.959029680564548e+01
4.726912721398712e+01
4.408182885687884e+01
7.686305375623658e+01
4.145575102486450e+01
1.836113683803060e+01
3.863113007444475e+01
8.234400911365822e+01
8.298524077189398e+01
5.218540805028072e+01
8.205501813537209e+01
7.430989792305506e+01
2.242174345181405e+01
7.856065373800726e+01
2.362439745274577e+01
3.772870699769291e+01
3.991015438917566e+01
8.269654837562543e+01
8.378566670407805e+01
3.089524825610930e+01
3.133739872432193e+01
4.704818457693243e+00
8.495872853554725e+01
8.799210818856588e+01
4.358113810586796e+01
1.319316886979768e+01
7.991907190527724e+01
4.837498532066819e+01
7.907955910967643e+00
9.600449451059312e+00
3.276597733272518e+01
4.947659561851834e+00
8.888655462716079e+01
9.140458753863562e+01
3.321395434123182e+01
2.890869366419906e+01
7.921843700074518e+01
9.505047695480775e+01
9.288327609788779e+01
4.977685401671420e+01
5.903834978073759e+01
4.859631394436411e+01
8.719101375303744e+01
5.647395358256714e+01
2.933859826500462e+00
5.847044897194507e+01
4.986406795208531e+01
6.972732170006601e+01
3.458196624861190e+00
4.575254122994492e+01
6.517781688141535e+01
6.659013510988567e+01
9.953545746371870e+01
3.030797747443802e+01
7.614869576699506e+01
3.079770558085186e+01
7.448498181741917e+01
7.502004042035902e+01
3.409013270125265e+01
4.389255779976610e+01
4.726551335643302e+00
6.149207491497140e+01
3.623114490706062e+01
2.286815635062203e+01
6.280528598595657e+01
8.248478513326720e+01
6.399629603326148e+01
3.056871659614552e+00
3.520452102422924e+01
5.687957208458314e+01
4.483912347109948e+01
2.360711541194800e+01
9.957572654801223e+01
8.357342853377267e+01
2.322227141038621e+01
1.319438946116454e+01
6.237414468190360e+01
7.308633940903765e+01
4.547882533887346e+01
7.863441811810919e+00
1.970716869444920e+01
3.163238783908653e+01
1.151701710723202e+01
1.860717074880710e+01
1.352819335345560e+00
8.766571292079320e+01
8.151699205931135e+01
4.036520046198982e+01
5.624801197845862e+01
3.958364284577949e+01
4.319703082702916e+01
8.813136373093880e+01
3.369547772859013e+01
9.203724823521323e+01
4.598260812739963e+01
3.364947761113265e+01
9.998404798097165e+01
5.812810783187305e+01
3.202288790234499e+01
2.595661768035806e+01
4.678978442530604e+01
7.256251316171256e+01
6.351779651060598e+01
2.293000408584718e+01
4.442178413477809e+00
6.287731521896893e+01
1.069919537319764e+01
4.601184313465461e+01
8.707676790052874e+01
8.524617519473945e+01
9.901946815616427e+01
4.734571247703661e+01
5.569962763958593e+01
2.822788251947047e+01
6.328603348847760e+00
2.271615714892566e+01
1.935998612053692e+01
6.550317838112971e+01
8.907661959020263e+01
3.506026921563794e+01
9.040351160355075e+01
5.643189300616825e+01
6.417074253045523e+01
9.742364920555784e+01
2.835161482372862e+01
3.324230715317759e+01
6.941647304660476e+01
5.082845923063739e+01
3.131939285961883e+00
1.655476345520223e+01
7.399875837098749e+01
3.279712392613158e+01
3.742351338147350e+01
9.887031833588627e+01
2.847429580449792e+01
2.328607203591898e+01
8.392782233838355e+00
6.768859297395153e+01
7.822453816338654e+01
6.096200652465318e+01
3.487658926047226e+01
4.379783898768846e+00
3.089573091403383e+01
6.956079670673273e+01
2.223534165985665e+01
2.797206376119147e+01
6.172280882565435e+01
1.512585366849129e+01
2.039390058275028e+00
4.571812751037913e+01
2.491517505837380e+01
8.061279378859922e+01
8.841147603858796e+01
8.808623123359224e+01
9.252350693220436e+01
7.600293111801284e+01
9.674859745276561e+01
2.829794591679142e+01
1.955522332319767e+01
8.291860859977017e+01
5.186497659974963e+01
7.923645446041434e+01
7.719017019364524e+01
2.026290307765031e+00
2.650571927731192e+01
9.616684405885955e+01
1.120894072167992e+01
4.351662413380883e+01
4.548713413322677e+01
7.185078457549716e+01
7.483041285296456e+01
8.467105649629192e+01
2.570711640906852e+01
5.879357320200352e+01
6.034242061914058e+01
7.515035256517602e+01
6.477074705286452e+01
2.618472093072940e-01
9.096735892396764e+01
2.204779746106258e+01
7.731769349301126e+01
6.929613084965204e+01
3.338464821380779e+01
3.488862376422092e+01
6.587942105991739e+01
2.438755520823763e+00
8.092126226095542e+01
4.851022830629266e+00
1.754997112674171e+00
2.667915785064882e+01
1.553915395193694e+00
7.192076643552667e+01
8.208631844356951e+01
4.827167119284704e+01
4.487198211479559e+01
4.749946996918855e+01
3.964547996392729e+01
8.465340444103508e+01
3.033883442652358e+01
3.331159932227414e+01
4.809064988423635e+01
7.767447204220782e+01
8.990368130146697e+01
7.845538485723333e+00
9.825036614120489e+01
4.517672422583063e+01
2.830053429505813e+01
3.798770943562859e+01
8.557257800622497e+01
1.547142691699389e+01
7.341488156161033e+01
6.718039068727772e+01
9.104977724656918e+01
6.326647268760319e+01
6.147881562890429e+01
3.973834809834992e+01
1.910207351627856e+01
2.631700878325710e+01
7.493268697286616e+01
7.549712088680693e+01
8.407144014913190e+01
5.646160289480425e+01
4.766254073365710e+01
3.202958001384027e+01
8.399182398989416e+01
6.291720893369857e+01
5.789708190499670e+01
6.383112499668781e+01
8.408730937358332e+01
6.502043863992228e+01
4.363360458222851e+01
3.217795925781967e+01
4.882986589746078e+01
7.152715575486755e+01
4.820254046851888e+01
1.784804603916036e+00
2.027744754230485e+01
9.828738695862116e+01
5.386138667997968e+01
2.984613181550341e+01
1.821312695658446e+01
6.765634835122914e+01
5.481784071531978e+01
3.217066779368122e+00
4.673189639427322e+01
7.965370536765722e+01
8.598888627532352e+01
8.990584895476040e+01
3.704598761957418e+01
8.681166692954100e+01
9.501967550954767e+01
6.724200773390103e+00
5.237934391590736e+01
9.074114393011719e+01
6.180919821458366e+01
6.823219823103035e+01
3.011730440432081e+01
9.324147370329195e-01
8.139675901336444e+01
2.744037980560231e+01
6.387556691834496e+01
2.999845665413815e+01
1.602659007349359e+01
2.513211370684771e+01
9.488160810194984e+01
1.781938831220353e+00
7.262645031913483e+01
3.246430700293942e+01
9.453793596221969e+01
4.848996556759344e+01
3.681899967455259e+01
6.539713338268788e+01
5.666446911947078e+01
5.504684949063083e+01
7.730676544704789e+01
8.874548514780844e+01
1.651875787252503e+01
6.534285799848980e+00
7.565235322138871e+01
2.945996165716088e+01
1.452840166842956e+01
4.780053582405697e+00
1.375304535671745e+01
1.583953668169656e+01
5.811121648089551e+01
2.793827793930577e+01
5.907485096672310e+01
8.045349571874993e+01
7.808724347412922e+01
2.919526632372069e+01
1.141705937283908e+01
9.351945444639746e+01
7.946950540853176e+01
1.435886468475632e+01
1.830415423880525e+01
2.775024344574206e+00
2.828232479667400e-01
3.927871665883750e+01
8.520548510607587e+01
1.490827287310188e+01
3.511467386740943e+01
3.924932998570117e+01
2.452069149563121e+00
4.611612323025061e+01
6.658301598698972e+00
4.582335606488556e+01
4.108300201645261e+01
9.307465939460073e+00
8.043652748709383e+01
6.704948054023528e+01
5.757411842121469e+01
7.127821513976819e+01
9.803687631992479e+01
5.394563966148795e+01
4.380468425518120e+01
