8.662335173535317e+01
7.352192037437200e+01
9.493389124746150e+01
1.591670988868769e+01
7.186541895934633e+01
1.082526492459013e+01
5.739002388780472e+01
7.624791859474401e+01
8.489898707945784e+01
7.174888857256104e+01
4.011307379236123e+01
5.636034317145140e+01
2.457649606493139e+01
6.109561811252293e+01
6.886988774355029e+01
8.403186224588746e+00
4.817301237404952e+01
9.148067002719299e+01
8.695051138612932e+01
5.265860848718258e+01
4.654702658138565e+01
2.965401351901424e+01
6.828289081728221e+01
5.041745274812796e+01
5.267625257963140e+01
9.677575770615402e+01
8.024526507605113e+01
1.056765905142187e+00
5.976974692184932e+01
6.998624525497958e+01
1.903150184966228e+00
4.639309861063636e+01
3.485252197592171e+01
6.729135483842872e+01
4.706823725582484e+01
1.360252542123316e+01
6.594458365158391e+01
9.817034518260991e+01
4.872422579150844e+01
3.912194950465204e+01
2.230717117074279e+01
8.975998493365942e+01
8.895747092969599e+01
4.821954357820542e+01
5.085560299961623e+01
5.782735862668014e+01
9.460184867242436e+00
1.758545344583013e+01
8.381395283332745e+01
2.690535878152836e+01
8.323545362019699e+01
3.042371223234744e+01
5.646845239981472e+01
3.383518379825875e+01
6.661443368839772e+01
1.877684701177145e+01
5.051335284975980e+01
1.279571713544229e+01
5.843681313956009e+01
2.267445950893427e+01
7.602689595708013e+01
3.541017260188710e+01
9.336489317629713e+01
1.087941788643571e+01
4.713377409946815e+01
8.234377241802578e+01
3.298149566770601e+01
6.951165356184899e+01
9.938663844921936e+01
8.222128957613431e+01
6.392192838896156e+01
2.821288678246219e+00
6.204887929467898e+01
7.112584219832246e+01
9.226684001845626e+01
8.404246642442536e+01
3.712042949028333e+01
7.663562059245800e+00
2.186549283650960e+01
1.155020157413101e+00
6.952464173991450e+01
8.148296097362552e+01
5.539722743229811e-01
6.103973493959742e+01
1.531814477188426e+01
6.182278309102299e+01
3.218670218819133e+01
8.229580036471403e+01
2.930478846156262e+01
6.569372465167834e+01
1.669166349651835e+01
9.821455781264909e+01
6.892175421534188e+01
4.772654257143221e+01
3.505216596417696e+01
9.900164450472298e+01
5.607383668239873e+01
9.243884044347277e+01
6.851329802000583e+01
2.623287151857879e+01
9.959214478712163e+01
9.305581436169139e+01
9.342657234213621e+01
4.664140443626857e+01
7.473797494300547e+01
8.009499245327663e+01
1.225266336102628e+01
3.176107175264558e+01
8.790617626528542e+01
9.134377473562201e+01
2.856937974159111e+01
5.728319625243693e+01
7.282673566268140e+01
5.708141711404613e+01
1.832293114546823e+01
4.526236855669989e+01
3.110806691977571e+00
5.761294283792979e+01
1.701533320220901e+01
3.381350270184386e+01
2.121634903420524e+01
2.692437047461251e+01
8.759349625911261e+01
7.441723853089718e+01
2.759753480907415e+01
5.761080657020714e+01
2.111267983965235e+01
6.258729247496802e+01
8.366815298035189e+01
7.064635403018741e+01
6.225097759731625e+01
3.713835256040951e+01
1.907908195586833e+01
2.364447499795094e+01
6.135488313685864e+01
9.256498841222609e+01
6.823495340917025e+01
5.658875408423540e+01
1.293249605825753e+01
5.915868471337421e+01
3.571418106356365e+01
9.632418057710127e+01
7.273467912931679e+00
1.523616556787685e+01
4.086723981465551e+01
3.476481206471325e+01
1.540686395736731e+01
1.493898188459639e+01
8.048615966946173e+01
5.511159368563052e+01
4.198076261299698e+01
1.702508657100847e+00
5.751458362560466e+01
2.521565771904572e+01
9.184061195321409e+01
4.781393569326677e+01
3.441346964538725e+01
9.720771578010531e+00
8.383204177200425e+01
1.808162257917301e+01
2.917000145147089e+01
2.914726390929300e+01
4.492781029312304e+01
6.691235600361244e+01
3.738815707032948e+01
9.246545615255155e+01
9.776879921451621e+01
8.480656914636798e+01
3.351909650187898e+01
6.016602747150046e+01
6.794697198455547e+01
3.497569865313158e+01
9.429736779737163e+01
8.438885290380048e+01
4.407089582833969e+01
3.140994120920540e+01
1.915366492194760e+01
4.356394682245513e+01
3.804850854820037e+01
4.428110273754275e+00
7.415415997344729e+01
6.841910195928956e+01
1.717324877026176e+01
8.538815471594602e+01
5.556678676771316e+01
2.469097214038063e+01
2.501756466227470e+01
2.477561329713818e+01
1.134503735757668e+01
7.748653603600643e+00
1.238128250110023e+01
8.790220110113836e+01
9.397740340511193e+00
8.188156531279979e+01
3.209267167006278e+01
9.420326282000320e+01
5.072594636619367e+01
3.957374954576313e+00
4.606339230484487e+01
1.637995243835261e+00
2.872510907646507e+01
9.797987146208989e+01
1.336144102428176e+01
4.762692360562595e+01
7.910009523811754e+00
8.442310350221727e+01
4.047246162801630e+01
4.006048754791752e+01
6.872404546883145e+01
2.606573934949271e+01
3.149178471951363e+01
9.967701090484718e+01
3.237453579547561e+01
6.768914855443367e+01
4.384049295626603e+01
7.999548883177130e+01
2.419534526960707e+01
6.885805761854074e+01
3.240066735651375e+01
2.667738102687401e+01
3.617412151590647e+01
1.855359804749191e+01
4.753614694231010e+01
2.674208964535132e+01
7.681408830770016e+01
6.698598138382006e+01
6.759544539619024e+01
2.196967914792229e+01
2.024265533324455e+01
1.628772724246966e+01
4.433898359739175e+01
7.237718583661000e+01
5.262332845135747e+01
7.370245790747109e+01
1.198254908061705e+01
9.594953590815399e+01
5.006093408449597e+01
8.188309547579060e+01
7.764359031694177e+01
6.215160654957946e+01
1.832720712680705e+01
1.908879714044221e+01
9.446277408602776e+01
7.700534168491389e+00
5.648649551742081e+01
6.900972308079234e+01
4.400817046128594e+01
2.408081531714686e+01
8.527181934810794e+01
6.245235822277719e+01
5.188530937390649e+01
4.038370062614963e+01
7.587652703555140e+00
6.568864004951372e+01
5.889720672690180e+01
3.459850416267221e+01
4.679580100197149e+01
5.977484260675257e+00
1.950192652619533e+01
8.540277280165013e+00
7.787800495413970e+01
4.542025725609635e+01
1.530837557060103e+01
3.905966092788599e+01
3.485896593651686e+01
4.600551051367331e+01
4.581127313236300e+01
3.842244881131801e+01
9.970793151283075e+01
6.946192759529777e+01
5.513613384921855e+01
2.607371533572381e+01
3.529711437192611e+01
3.148214511176671e+01
1.283980077730483e+01
4.608492061779132e+01
7.634281133131256e+01
1.960724290442059e+01
6.466008660600525e+01
3.086932470596830e-01
8.223515613108647e+00
4.277937684337579e+01
5.646995969883630e+00
6.600793156121296e+01
7.560127371717303e+01
3.309748891419614e+01
5.160637099836318e+01
2.619686160525161e+01
3.342928277953960e+01
6.274497451388509e+01
9.567618146337391e+01
3.054104653677952e+00
6.922249685471063e+01
1.688554660272112e+01
6.413542295998681e+01
3.340044381720966e+01
6.024741724145013e+01
3.598673228918889e+01
8.043891400119240e+01
9.333622357497747e+01
8.134943478803591e+01
3.541030559475082e+01
7.681453180351041e+01
6.477599635942653e+01
4.661756052943764e+01
9.798009265120146e+01
2.331481409413499e+01
6.821762605952920e+01
2.361233701166340e+01
8.560529643930741e+01
7.478102621379357e+01
7.519630606993861e+01
9.982607546254344e+01
7.494526196967124e+01
2.061477588518279e+01
9.918909161313860e+01
9.002346568276336e+01
6.109271755492907e+01
7.472632759005126e+01
2.345274841573683e+01
4.555647775789558e+00
5.233019238912043e+01
7.389341521723820e+01
9.613325460633881e+01
7.550397057808189e+01
3.345030855082455e+01
7.178588401143713e+00
7.632370310664349e+01
1.740008863499392e+01
8.847177926845465e+01
8.313959864114393e+01
8.652842109395583e+01
5.722705319394687e+01
1.634732797571799e+01
5.964152890240845e+01
7.798572325985214e+01
9.246920924283062e+01
9.353963765014878e+01
9.459398868241998e+01
1.608154625449402e+01
4.872050157222920e+01
6.937501484964741e+01
1.407744531243920e+01
4.717160386367310e+01
1.970484280945027e+01
2.673092234261842e+01
8.770522018322033e+01
3.163533277420110e+01
3.532444761848284e+01
4.435923110896686e+01
4.084445943163916e+01
3.585837187052628e+01
9.668942349808729e+01
1.961936932970740e+01
5.331434693807473e+01
6.590516248992884e+01
1.894616676445406e+01
1.108236946681625e+01
4.222886555000621e+01
2.661896204884115e+01
9.144063889581740e+01
8.158600157200638e+01
1.429991676206697e+01
5.222603685791886e+01
1.595590669473443e+01
5.792191627338618e+00
2.611760186316334e+01
5.787888586422376e+01
4.129225250393723e+01
1.485999488032423e+01
3.829254574994210e+01
4.109618619135404e+01
7.267664027059294e+01
7.795202107073368e+01
1.142200772251096e+01
2.186618764971671e+01
5.265791665420770e+01
7.021698265812219e+01
1.954083885976153e+01
3.860606534341633e+01
4.348645896813202e+01
2.479095832667824e+01
3.264759803779777e+01
7.076332511881522e+01
7.813667137089031e+01
6.456063644241571e+00
4.243905406558842e+01
4.363527071831528e+01
2.239444247558454e+01
8.051204661862555e+01
4.640032874718324e+01
9.706905470093203e+01
7.367837460417225e+01
4.359867425803034e+01
3.130584956673246e-02
6.678300419206870e+01
9.563606199605206e+01
6.609135845959715e+01
1.338541042682967e-01
1.731007984714120e+01
5.668077294560185e+01
4.653128494812701e+01
5.689519818727635e+01
8.312804144021499e+01
5.685694741870135e+01
4.173091330646114e+01
6.536148212168435e+01
9.662973442889272e+01
5.836826160474133e+01
2.818451362111816e+01
4.018395395958049e+00
2.347169221540526e+01
9.345130663991500e+01
7.018969420818132e+01
6.364757468162458e+01
7.833746898841926e+01
8.231065947670054e+01
7.090189078399068e+01
8.216979814794371e+01
5.714750492812484e+01
8.690981841036576e+01
4.556650162933697e+01
7.972538363175717e+01
8.272727531507950e+01
8.345809210252860e+01
5.308305181240806e+01
1.352710882831696e+00
6.794829287936366e+01
3.523693621868125e+01
2.522773622778605e+01
7.445636721069755e+01
5.169618383594611e+01
3.043867537306560e+01
5.307974850436661e+01
2.051143926592145e+01
2.051108350069778e+01
6.466325594329427e+01
7.830699723135075e+01
9.400091408472551e+01
3.016037961009908e+00
5.753725276213942e+01
1.669625193658110e+01
2.849266958818430e+00
5.601292916387922e+01
1.223851005185326e+01
5.700124858738913e+01
3.204814448582388e+01
4.699157245782743e+01
2.086397186893224e+01
4.888183392997917e+01
4.139077339386138e+00
3.427211988450593e+01
9.444833560588226e+01
5.245949665664672e+01
6.608466821074703e+01
2.665402746137885e+01
6.731469704178846e+01
3.191039023544192e+01
9.883420476635648e+01
7.467483211060745e+01
2.570662974645692e+01
7.451128874649820e+01
1.337366174597929e+01
8.006042259748114e+01
6.999686941038671e+01
4.731572472831036e+01
5.507108301626103e+01
9.438379807136198e+01
7.569568901122346e+01
1.771232393463716e+01
8.120095556657806e+01
3.708232200568650e+01
3.440857587121827e+01
6.517743145356766e+01
3.872625545539253e+01
2.129452201598069e+01
6.852914419422352e+01
6.493836788690574e+01
9.049112759087753e+01
8.986038136755134e+01
1.382020177031877e+01
9.914126000327117e+01
7.700067664356934e+01
8.268537329634903e+00
5.524414798954695e+01
3.542030031579561e+01
7.469546928754797e+01
4.790092331725216e+01
5.215992743715641e+01
1.007584375798509e+01
1.113711009320668e+01
6.856621395264109e+01
5.092724028552288e+01
4.103496234912190e+01
9.436030178068219e+00
3.311730377986902e+01
3.842365412899463e+01
4.919814260173502e+01
6.530678219409045e+01
1.113131400716087e+01
5.794770860017636e+01
7.875438089424482e+01
7.670785238813043e+01
6.171048062933166e+01
9.505124655321764e+01
4.619405225207752e+01
2.261356442357114e+01
3.192029252272113e+01
3.726914196148009e+01
7.357320127709453e+01
4.843311190997861e+01
9.762132847570875e+01
2.281949251090153e+01
4.561570866294937e+01
4.382839367903229e+01
7.113349129032972e+01
9.139199354285002e+01
8.939887443063729e+01
2.754200460740459e+01
1.425925298326614e+01
4.919653327632534e+01
8.056144932311096e+01
1.610709736873726e+01
4.914406815038252e+01
5.706370922600092e+01
7.366397579836844e+01
1.278544040992178e+01
6.145143977433975e+01
4.681712484304659e+01
1.702988209064579e+01
9.606706402081395e+00
7.686257128457659e+01
5.424906944588249e+01
5.529211398926196e+01
3.857305186734211e+01
4.033832635746259e+01
4.326858070831214e+01
1.370519172107111e+01
1.460676342929097e+01
8.018661419869709e+01
9.127429006214919e+01
5.788146520866150e-01
3.091130383820799e+01
4.269922703630255e+01
5.644484886734041e+01
3.945296394613244e+01
7.156466086002283e+01
8.298330366750402e+01
1.162155718152484e+01
3.286713288764801e+01
5.311183866723992e+01
9.794213175677794e+01
9.909972404087881e+01
1.291867946876152e+01
7.765821622575551e+01
4.094077974601685e+00
3.392273841142782e+00
4.059591365074549e+01
8.160786548704276e+01
2.040766026843696e+01
7.913079386536535e+01
9.058418389902644e+01
3.322797591482661e+01
2.875217806024113e+01
8.564765792603029e+01
8.377728922468484e+01
2.547023772516764e+01
4.358938943761838e+00
2.082379614972686e+01
9.703719625111539e+01
9.999338961206067e+00
8.700723237684333e+01
9.697008561201864e+01
3.926463734324307e+01
9.033290687498307e+01
5.572808606351170e+01
2.081701998636919e+01
4.165625155049202e+00
8.909855451858535e+01
7.485744919388436e+01
4.712114797305369e+01
2.432090888001067e+01
4.911856695502929e+01
9.575314707856306e+01
2.351781135588783e+01
6.080500421151752e+01
6.284665379805801e+01
7.131705808980253e+01
2.211579900333462e+01
4.392672290277049e+01
6.072024659287196e+01
7.150883333362120e+01
8.616814067874483e+00
2.495269427306610e+01
8.657963899270614e+01
5.079229038711278e+01
8.729983451184808e+00
1.573418728808602e+01
5.459343774923749e+01
9.062006072635765e+01
1.882507410777038e+01
9.417901164581022e+01
7.762729310320098e+01
4.410189601783729e+01
6.233011822324718e+01
3.841697878130571e+01
6.810879445081055e+01
5.344786674410471e+01
4.545877116986493e+01
5.485514339751337e+01
9.339471514960505e+01
6.783759946368522e+01
7.917605227752405e+01
3.755774881577014e+01
8.993469648525803e+01
7.770813818914263e+00
3.062661258998635e+01
8.978192153842278e+01
5.710675448975840e+01
3.649681687191912e+01
1.092339912938112e+01
6.932266199464102e+01
6.423243063699101e+01
9.782740198905925e+01
2.378069070343892e+01
1.932498329287627e+01
1.386495214601278e+01
7.621905765320130e+01
4.568679441962708e+01
2.525519627391137e+00
2.573746402083778e+01
9.917885032444207e+01
5.095003915529234e+01
7.318583367075111e+00
2.551114052790736e+01
4.037680702301525e+01
7.709258165075099e+01
3.443733134047935e+01
5.204043986836469e+01
1.635864857414674e+01
3.505642210834493e+01
4.543515497140361e+01
9.265747363337198e+01
7.665049996071053e+01
5.967584217883453e+01
3.179513394450542e+01
7.723660267760819e+01
9.030245476882087e+01
2.861507815710040e+01
7.866136141990376e+01
3.117166465668551e+01
5.954321863108465e+01
3.676297363674406e+01
1.273697834123717e+01
4.145112658918422e+01
4.252047792194434e+00
1.615846530355442e-01
7.444745631629949e+01
6.312346228543831e+00
9.489471469768077e+01
1.729017063849148e+01
6.208569419667390e+00
4.809121691998617e+01
9.533685953139181e+01
1.352715278674250e+01
4.554617872719940e+00
5.808801039033011e+01
8.136356704931872e+01
3.899194921319930e+01
1.012845021212867e+01
2.909832034683708e+01
9.016471323099206e+01
5.556360518353228e+01
8.244748640919452e+01
7.151083372138014e+00
2.537027966481181e+01
6.842605432887844e+01
7.014574951964698e-01
7.625651884649717e+01
6.775335099909145e+01
4.479260921701444e+01
2.431067462279958e+01
2.316793386040625e+01
4.389893074701490e+01
8.808072977144306e+01
9.384856903639090e+01
1.211749259946751e+01
5.101375330752402e+00
3.404113339914062e+01
6.289633836732076e+01
9.480558954868727e+01
6.822839857462253e+01
8.111338544688810e+01
5.410030491375378e+01
2.442810694893268e+01
7.745216799781292e+01
5.180438810577821e+01
8.265325840686134e+01
2.450245200866016e+01
5.177625406150531e+01
6.962762487569248e+01
6.369612955660379e+01
4.087762666907051e+01
9.505851026394335e+01
7.167984110847108e+01
7.681929356270437e+01
2.042878992875516e+01
3.591702298071097e+01
8.318829284198037e+01
5.416596650805602e+01
5.875621403509574e+01
9.104015742942698e+01
2.590950770578790e+01
2.521912973617163e+01
7.811679922887906e+01
1.399023743066482e+01
5.354415432249390e+01
4.197631983178496e+01
4.308041270965730e+01
5.508969577732016e+01
5.842201507576835e+00
9.502430311172469e+01
4.785972859145129e+01
4.951658972982159e+01
6.774467903550001e+01
1.459466461771851e+01
4.483006561399906e+01
4.904886528339649e+01
9.814452067862476e+01
2.309168475824021e+01
5.831947208303934e+01
6.382168236366551e+01
2.465087702714413e+01
1.380227734977485e+01
5.577706599411418e+01
4.777190836508382e+01
5.955841637195945e+01
4.089935763780929e+01
2.747469769207514e+01
5.012823503936093e+00
1.228499906709651e+01
9.598919241502378e+01
1.120236302316299e+01
2.492670082716583e+01
9.763820231782189e+01
7.987778842443497e+01
6.844641294723675e+01
6.259853535452789e+00
9.062833664502405e+01
7.112915426079610e+01
9.431189815248917e+00
1.160891256835727e+01
2.079818049482916e+01
7.247787885017594e+01
6.725054446945458e+01
1.949844575463722e+01
4.884088735507843e+01
5.512767250422745e+01
7.891780924001607e+01
6.896155507721079e+01
8.432167642019766e+01
2.557236609308625e+00
7.339308456210098e+01
5.665910251283045e+01
6.788838336611556e+01
9.342597340858819e+01
4.208959841266721e+01
3.623496291052316e+01
3.432533099983136e+01
6.956429615130848e+01
7.187034607486351e+01
1.004760950340312e+01
9.119722861386707e+01
5.557737045715441e+01
8.803869308346822e+01
4.586297690210071e+01
8.383758551619835e+01
5.115235860047505e+01
4.816660156853804e+01
1.953613442347205e+01
6.626258001954414e+00
8.095399177677650e+01
2.265647334170363e+01
9.139978643106286e+01
7.219727391945071e+01
2.366979006848754e+01
4.981072035143651e+01
6.894485464736114e+01
9.873993582964872e+01
2.283580304255513e+01
5.756774142271268e+01
7.820093155754773e+01
4.278013517278253e+01
3.352816651273899e+01
9.203416565062207e+01
7.477107652219527e+01
8.801726120897442e+01
4.877862741648156e+01
4.757711670714296e+01
3.629893252453717e+00
3.932987490637688e+01
3.515667018255063e+01
7.878296583834242e+01
4.445882809556035e+01
1.424199357360694e+01
4.487119524035193e+00
1.567421123183994e+01
3.293203936560640e+00
9.596544410845517e+01
9.746050001003803e+01
7.112716495577580e+01
4.796889682671470e+01
7.841449174024839e+01
1.454404663040491e+01
6.529371205963834e+01
3.184636232063470e+01
6.229413517857628e+01
5.222576207119308e+00
2.119372082929766e+01
8.696660072867135e+01
9.192909374457277e+01
3.276711713185865e+01
4.409568321150527e+01
9.069441966279150e+01
9.510132130007321e+01
5.691837643129676e+01
7.022014808385639e+01
3.649521061987393e+01
8.158493576645149e+01
1.406985335707192e-01
2.219125219722802e+01
9.806927731170751e+01
7.085269450715403e+01
3.866726138566959e+01
3.476608103828788e+01
8.130108512998609e+01
8.348034689364971e+01
6.761427734401741e+01
2.274446763226039e+01
7.944579100210490e+01
2.600722952094266e+01
8.020108667211657e+01
9.321634308119134e+01
1.257747077037462e+01
5.414694764378805e+01
6.609127356954444e+01
1.250748369493870e+01
6.393765521419126e+00
8.034955266879386e+01
4.050465712347285e+01
2.082544002720408e+01
2.769295770101853e+01
2.857393917095565e+01
1.152351969458327e+01
3.939446166129525e+01
4.331679797885790e+01
7.382842212628033e+01
8.244273056389892e+01
8.229397976877819e+01
9.742273632316977e+01
2.741187448958488e+01
9.375397530093508e+01
3.173944504546907e+01
6.465660201602456e+01
6.750372865586715e+01
6.650552608375695e+01
3.094360573726874e+01
6.295608084786500e+01
2.282396756244077e+01
2.871647511083469e+01
7.583381355546128e+01
4.883119708338343e+01
5.089716704138423e+01
8.175979460671535e+01
3.566819929316090e+01
1.749450965667819e+01
4.937485812668449e+01
2.663605377387072e+01
1.454145569100112e+01
7.187035045207961e+01
4.724905255588193e+01
3.536689576477134e+01
5.531580907074540e+01
7.352106607217391e+01
8.317720092980993e+01
3.369111215401958e+01
2.931954382421428e+01
3.083056943995439e+01
9.530497798477532e+01
2.171839928334504e+01
6.339241418214162e+01
9.261486814013443e+01
1.745541091889861e+01
3.286986380483483e+01
7.185613050677634e+01
3.428576534347877e+01
4.568998522390145e+01
9.793990282245908e+01
8.865129523382117e+01
7.889839451708756e+00
1.310714907623229e+01
5.788280398486313e+01
3.409912522607442e+01
7.645471108912244e+01
5.299547354364557e+01
9.127490417625518e+01
7.316749793159192e+01
5.395652174668225e+01
6.655711385726795e+01
8.770895362259306e+01
5.264151755377721e+01
4.514685638488590e+01
1.457176684149158e+00
2.634268390310122e+01
4.000440795906093e+01
8.209251998089837e+01
3.032171634506514e+00
2.588278657099362e+01
1.292308937428663e+01
6.656185065701689e+01
3.595354693753345e+01
4.658099051871383e+01
4.656443649277298e+01
2.133730697507844e+01
9.650811366574285e+01
2.600326599832776e+01
7.352985487018240e+01
1.625922141422481e+01
5.796375039870094e+01
2.229118981505334e+01
6.451159252995234e+00
7.614088476455811e+01
6.901571618812891e+01
1.649228856735504e+01
6.675544384250205e+01
9.290526485671535e+01
6.220161717487574e+01
1.785630663757041e+01
7.104681482121666e+00
6.067212161639338e+01
5.640891476367084e+00
3.338503652875546e+01
4.789686796623136e+01
4.519296942520559e+01
3.437632575369269e+01
6.481098517068243e+01
8.020646571191328e+01
1.412534909980621e+01
4.590302558890685e+01
5.726380807220182e+01
5.989122319030167e+01
7.117939990534418e+01
9.363647973799914e+00
9.208089676316870e-01
1.750474722008442e+01
9.919075751639473e+01
6.865159630247001e+01
2.855099222089676e+01
7.500709717860776e+01
8.501206607791225e+01
2.291503288918875e+01
2.237346243223802e+01
3.528535228003066e+00
1.503869929119884e+01
7.671407348323336e+01
8.587924963137100e+01
3.387621605483639e+01
4.420643930519299e+01
3.303551382060886e+01
5.049771720101020e+01
9.241053824890896e+01
2.268588357730112e+00
6.788417886378438e+00
2.714471678582240e+01
6.648745982278486e+01
1.407470261402181e+01
3.830343128102992e+01
8.957312223015964e+01
9.991290788162169e+01
4.378431199294716e+00
6.985486935351737e+01
3.567428837328883e+01
7.147314500597918e+01
3.209567034248992e+01
3.659509734092052e+01
9.306257832472332e+01
4.216300171900681e+01
2.860264481445898e+01
6.962426559516427e+01
1.717009885104844e+01
2.076458536124070e+01
3.219155004815736e+01
6.634341611822295e+01
8.645851178395493e+01
4.548359692352060e+01
3.695440987914541e+01
4.080086473412852e+01
1.683439324462525e+01
2.842355455664152e+01
1.010317448997087e+01
3.323173529153305e+01
8.593483678341602e+01
1.692759279018622e+01
6.025854500953972e+00
7.309263398549176e+01
7.602164492757136e+01
4.532364757979458e+01
2.523933184577121e+01
3.863692876819378e+01
9.611892034118945e+01
8.290642820434013e+01
7.487240046023969e+01
3.179320866791215e+01
1.393872472175338e+01
6.074768205208130e+01
6.473835332539787e+01
6.633650831241930e+01
1.174718514631837e+01
9.369447068017649e+01
3.596077386101744e+01
4.871817708421414e+01
7.024902592890385e+01
6.640567144677307e+01
5.617999693200923e+01
5.737473166425467e+00
1.188926832372754e+01
2.539080852893684e+01
2.206302574931785e+00
4.877939310333663e+00
6.877944486624536e+01
6.488649606000935e+01
7.354803917629087e+01
7.554136224814754e+01
9.556605913469851e+01
8.695675781320629e+01
5.838414568378784e+01
3.000836899970116e+01
6.308881373288521e+01
1.106406562545526e-02
3.368320289705098e+01
8.744879331786595e+01
8.529307971954955e+01
2.001818559133363e+01
2.375389506283863e+01
7.375780622184175e+01
9.911702410276840e+01
4.805169852825426e+01
2.468207787009053e+01
3.155223514491330e+01
9.500699415570450e+01
6.698672746633493e+01
5.345947395705593e+01
2.062016908108265e+01
3.339239886654187e+01
8.610406140149760e+01
7.732770674737529e+01
4.528166723683555e+01
6.768123841270862e+01
6.373005689295478e+00
7.332537065880624e+01
9.722064775285342e+01
5.036371557524600e+01
6.768603346668465e+01
2.112710644543502e+01
4.175868311047493e+01
5.464279123332481e+01
7.038051992206859e+01
2.634572527666843e+01
4.188062126835837e+01
2.642107271888343e+01
8.253248435563057e+01
2.932941458622432e+01
2.553872993473836e+01
2.690518723191004e+01
5.955691894495716e+01
4.393762282279209e+01
9.662179746507751e+01
1.398622990305826e+00
7.496357642810958e+01
1.299934886069938e+01
9.191830455880533e+01
4.195030384787838e+01
6.040521876905357e+01
2.196455948146273e+01
7.534270271442026e+01
1.672998164628166e+00
9.419715781425924e+01
2.062436990468966e+01
2.170115333129705e+01
3.640196772124710e+01
5.762948326656105e+01
6.728689762171679e+01
4.552158347588106e+01
4.731619346296237e+01
6.059171052677171e+01
2.080872073807229e+01
5.320479201767817e+01
8.722827475854581e+01
1.549294582358233e+01
7.585684679255674e+01
4.775630177359856e+01
6.370069923051665e+01
1.140528694326304e+01
2.276135688776214e+01
4.131784278029475e+01
5.227515075927375e+01
6.835391650365382e+01
3.008781272456414e+01
7.190227642278293e+01
6.955009720732929e+01
8.355166231447443e+01
9.695102753907024e+01
3.303555964167955e+01
3.545485904228635e-01
3.063229845400541e-01
4.265472187784255e+01
4.904212739739666e+01
1.330563044795097e+01
2.706077011630906e+01
2.821883849251030e+01
4.861835681303327e+01
7.117877680397535e+01
6.407910681519617e+01
8.085854020009681e+01
5.400712362211529e+01
2.644418237099619e+01
7.919438000730908e+00
5.596610831840248e+01
1.189943296457614e+01
4.049482258991097e+01
2.551929886709866e+00
4.067496705831726e+01
3.870216265260343e+01
3.922878873498588e+01
4.430790955401394e+01
7.094679589893053e+01
8.386217867204090e+01
3.167976328715671e+01
5.899191203480210e+01
7.946881576416493e+01
7.107329730460108e+01
2.668030561259031e+01
6.110447457111648e+01
6.092150465628202e+01
8.660534982877101e+01
5.361646025144330e+01
5.887806464865713e+00
2.487110594514343e+01
5.591427830788972e+01
3.089524825610930e+01
1.186062107414967e+01
4.532635074356866e+00
7.332082114802712e+01
9.614128051145994e+01
9.666136279546718e+01
4.398925427533186e+01
4.768075698412990e+01
7.448210403066227e+01
8.335092849254185e+01
6.710926604788251e+01
8.172205974428080e+01
6.244693154583076e+01
5.938937103347358e+01
1.313211070985166e+00
7.753837498721590e+01
2.496450763426931e+01
3.750572150456986e+01
8.553789890629142e+01
9.383296579766692e+01
9.118424481301766e+01
1.507880660476108e+01
1.593807172772385e+01
2.536266540426885e+01
4.213094662042845e+01
2.933859826500462e+00
5.768420950401770e+01
3.759407868496798e+01
1.242500637305202e+00
5.472951403573598e+01
9.350835699285770e+01
9.519345219954543e+01
3.628610448738844e+00
9.804099206721456e+01
5.324908781482331e+01
5.359992871694264e+01
8.438304284791603e+01
7.857206830688382e+01
8.944515282728018e+01
2.121959697511960e+01
6.109945274009344e+01
9.357562553769705e+01
8.999498178716514e+01
1.156047466749347e+01
4.928049973644340e+01
8.328129778768928e+01
6.604633660337251e+01
1.297198064297996e+01
2.076290306670726e+01
1.076000337990001e+01
3.600144201703437e+01
2.721645749510101e+01
2.895222018889720e+01
3.480219674985958e+01
4.101240175823327e+01
6.188654944388501e+01
7.575150363880745e+01
2.409951785770222e+01
5.395526408867690e+01
5.057677717440612e+01
3.854560402154252e+01
4.726352400484659e+01
7.691297627841726e+01
4.698788390820282e+01
1.860717074880710e+01
4.015163008130697e+00
5.878125785793237e-01
7.636525858024380e+01
9.208990227994039e+01
9.812681516545211e+01
8.463818066969429e+01
9.720203159246688e+01
5.903250587127754e+01
7.463316241029332e+01
3.343317649952750e+01
4.752277096152434e+01
4.639000112488400e+01
7.666840570823680e+01
5.175041805568637e+01
3.480155376475377e+01
8.039721836354454e+01
2.325116555357872e+01
7.834617843774436e+01
7.047942516881946e+00
5.781422306681714e+01
2.751763068489620e+01
6.409790695835739e+00
9.335860809933330e+01
6.905465096656916e+01
5.963310508971713e+01
7.549083017534150e+01
7.515571609845185e+01
2.531297953115449e+01
8.693915241721047e+01
1.732993052216709e+01
2.955974444260809e+01
6.139759843302779e+01
2.313234802481362e+01
3.224111508216761e+01
3.152557347506544e+01
9.856384154342294e+01
7.061402223567200e+01
8.228328641610373e+00
5.759634741470047e+01
9.151245811558908e+01
1.155817891077985e+01
7.216687089398823e+01
3.473370835871143e+01
3.927228764596967e+01
4.371892742054487e+01
8.757951813171596e+00
1.301499657007633e+01
7.642462797296449e+01
9.775231107964754e+01
1.573778419556924e+01
4.062394427164641e+01
2.278081147129685e+01
8.034712126494718e+01
4.356844534332326e+01
7.822453816338654e+01
1.467346810487726e+01
7.611372562875680e+01
4.297453744475475e+01
1.953002648406198e+01
5.805334581902872e+01
5.005059938414516e+01
7.540588298598578e+01
2.976110700041107e+01
7.590342265363010e+01
8.968834955696406e+01
4.694086781094822e+01
4.026560785261244e+01
7.950870640553008e+01
9.087306744925355e+01
7.186054814227882e+00
7.105319778018314e+01
7.803825125006877e+01
1.656692010190660e+01
9.129033987004792e+01
6.716127873731837e+01
5.882568064091060e+01
5.721320694182683e+01
9.417661982317298e+01
1.092916345732713e+01
1.823767275467407e+00
5.932759291461092e+01
8.656898019209922e+01
7.168302571945033e+01
5.533087353935971e+01
7.276547354309143e+01
9.641871382315583e+01
3.499882311327328e+01
3.127838472429588e+01
7.871689599878941e+01
3.049728573788763e+01
3.586537420557131e+01
2.988651209971239e+00
6.477074705286452e+01
3.973602696309613e+01
4.715832450760450e+01
6.162669498549155e+01
2.402620563471047e+01
6.929613084965204e+01
5.927838741768077e+01
3.038559766969905e+01
8.851792383404351e+01
9.405932156092456e+01
4.974152187339101e+01
8.523005064820408e-01
1.421266059121707e+01
7.558512765708618e+01
7.670043645272983e+00
7.075558624731171e+01
1.648491477430096e+01
6.747601896872558e+01
4.146068028242359e+01
3.914873816033301e+00
6.160100533701526e+01
1.694104770056021e+01
2.014336032799601e+01
9.265019269317864e+01
3.727475611366087e+01
5.514218344126930e+01
4.152939177189459e+01
8.467174809643615e+01
3.676703867351964e+01
1.102570854640832e+01
8.024885029543604e+01
6.613461024413565e+00
3.932222874803573e+01
7.063852048974415e+01
6.106566296008680e+01
1.335154055308157e+01
6.488673950773046e+00
5.824008824221794e+01
9.432744155373771e+01
1.448973869648284e+01
8.972280150732157e+00
5.465478894983175e+01
1.957458263243296e+01
1.149970638169893e+01
2.400172032602211e+01
7.098639214922972e+01
8.938017645356253e+01
6.858900127401063e+01
2.246699762645504e+01
2.868076689945569e+01
8.249279567156583e+01
4.235171682310836e+01
2.934632498274852e+01
3.174962239887082e+01
8.694612900118629e+01
9.701262055757111e+01
5.739204010804745e+01
4.928784773186214e+00
4.921186973769770e+01
1.328161964811460e+00
3.507369711765726e+01
5.197443917951288e+01
9.286382333043210e+00
7.666070865311693e+01
1.821312695658446e+01
4.728094905022576e+01
9.001224920619849e+01
7.434997804199810e+00
2.797111772371974e+01
1.990850270721526e+01
2.120329375434820e+01
3.694339787445190e+01
7.045384453165059e+00
7.188123467931582e+00
8.541716033845076e+01
2.718651607967285e+01
5.291633836595171e+01
7.373322270518786e+01
9.577551735368348e+01
6.326201719383803e+01
3.150967291160937e+01
5.217634465181099e+01
4.272466485515454e+01
6.085599789435789e+01
6.387556691834496e+01
3.096937072974135e+01
3.540576642165229e+01
1.991643804121597e+00
7.622517499896939e+01
5.091917512515521e+01
4.664565112751241e+00
9.775112406245951e+01
3.085731478913562e+01
3.055948551304614e+01
7.569037707321829e+00
1.994752475058079e+01
2.533844612787405e+01
5.754370049459101e+01
3.504046152114890e+01
1.213022508292004e+00
1.609957302738892e+01
2.556219698188929e+01
3.113645484258256e+01
1.305980557252644e+01
9.324328940978427e+01
1.828326672235656e+01
4.853787033284915e+01
9.866113853578508e+01
5.811121648089551e+01
8.668146007074110e+00
2.154296372157660e+01
3.579975037639949e+01
7.808724347412922e+01
1.112661739398102e+01
5.558368137831972e+01
4.196281034590807e+01
9.033764972832876e+01
4.502637602622917e+01
7.927103926393717e+01
5.274117810313644e+01
2.486532229225399e+01
5.017490943436273e+01
2.113635522366332e+01
8.249081381712612e+01
8.073439494740889e+01
1.197679034060649e+01
8.136220885504140e+01
1.241584038940065e+01
8.022683992992474e+01
4.823615907143623e+01
4.108300201645261e+01
8.908673189072252e+01
7.720630102660800e+01
8.800350771658286e+01
4.087396391708123e+01
3.799841955210940e+01
4.703948108807182e+01
3.515360771452711e+01
3.665955804132836e+01
