2.736022264108072e+01
7.284760245720278e+00
1.600023080408584e+00
8.120887721013690e+01
3.727489432193101e+01
2.259912738697562e+01
4.151526374812949e+01
2.658218165234764e+01
6.982651304911194e+01
4.607226892657218e+01
4.011307379236123e+01
3.693403179614527e+01
2.094134782484795e+01
8.203453742062419e+01
7.510836090664769e+01
1.145202476133221e+01
5.547358684962317e+01
9.148067002719299e+01
6.047613432653068e+01
1.619507270687961e+01
7.576625178370917e+01
5.717992389443327e+01
1.328769778520227e+01
7.987636983388866e+01
5.267625257963140e+01
1.334261075283522e+01
7.248983372584443e+01
3.062647359009202e+01
9.031406254056564e+01
2.038585614430991e+01
2.029926326139796e+01
8.292642737875060e+01
2.973370315960315e+01
9.534014574966400e+01
5.488142154872484e+01
6.313569497463093e+01
2.484647344092209e+01
8.547335285016958e+01
7.699226121278119e+01
2.529993486837481e+01
5.677158113418687e+01
1.201442070864813e+01
2.200821718294556e+01
8.850262374081771e+01
8.341328198249139e+00
4.186568359931264e+01
6.642922450156381e+01
1.758545344583013e+01
8.859724811678625e+01
6.449152457736970e+01
9.603874715791957e+00
8.585225189377192e+01
7.454278113997671e+01
7.407042918450685e+01
8.689119810559377e+01
2.475073571538121e+01
8.404290130550177e+01
2.875080165860746e+01
5.039432283974919e+01
2.267445950893427e+01
1.995104272847578e+01
2.552246294241513e+01
3.145784420494821e+01
5.382651372525213e+01
9.658107124109803e+01
4.694083419020327e+01
3.298149566770601e+01
1.682528770380900e+01
7.603345246800848e+01
7.644883658571581e+01
2.701653341158132e+01
9.481578459721793e+01
2.553534089845389e+01
7.080945417788320e+01
6.102955525788924e+01
7.039020749292811e+01
9.715206180566552e+00
3.422755893982368e+01
3.420512254080042e+01
2.288287487946585e+01
3.506677659930045e+01
1.123179458604744e+01
3.995780774390223e+01
9.761884021461888e+00
2.615496726993237e+01
9.715721094848459e+01
6.887179625633722e+01
3.884365383481777e+01
5.658772311014483e+00
2.964040065633152e+01
9.104714025326406e+01
9.821455781264909e+01
4.862074044003186e+00
1.945415372934851e+00
4.745705521081437e+00
9.563326020521730e+01
1.525314464944096e+01
8.502256715904110e+01
8.387118525983355e+01
8.055621622156176e+00
4.354009816587907e+01
2.867986235240468e+01
6.154378110614781e+01
7.453009703873195e+01
2.368891561575649e+01
5.269767518746558e+01
6.927079719923009e+01
5.099369662394454e+01
7.666667833769074e+00
1.815266777675257e+01
7.872004223927857e+01
6.174597770988288e+01
9.258893816386767e+01
5.876471198106405e+01
5.049374920804694e+01
1.842800063007884e-01
3.110806691977571e+00
1.033804910738862e+01
1.701533320220901e+01
9.210851443563985e+01
5.288730797026646e+01
9.515505055671328e+00
8.759349625911261e+01
8.838112041744456e+01
1.398714627790598e+01
3.963456770388157e+01
7.352826035280165e+01
2.370452537373850e+01
4.159315239712277e+01
7.064635403018741e+01
7.006394437982884e+01
3.178865771358305e+01
2.514979984851079e+01
7.988169536920343e+01
1.166844955257534e+01
3.686424351151299e+01
8.398791345953379e+01
2.178898599082091e+01
4.323149348759628e+01
1.191990427296604e+01
3.571418106356365e+01
1.834486286078806e+00
5.728309608869399e+01
1.804092815985946e+01
5.151269754930991e+01
3.003905361054421e+01
1.540686395736731e+01
6.095068653158410e+01
5.700499753328273e+01
6.671301334477636e+01
4.198076261299698e+01
2.553302544426779e+01
3.581918344638272e+01
9.633997818284668e+01
1.733214343773767e+01
3.819694036533914e+01
1.740232203966115e+00
9.720771578010531e+00
4.700732838688760e+01
1.307327137937456e+01
6.190709074116643e+00
8.128990143597588e+01
3.100431395275719e+01
1.280192491263241e+01
1.719911020118702e+01
4.472957567532062e+01
1.606755024570392e+01
7.703829280894170e+00
9.857311560705915e+01
4.698155445371827e+01
8.346774232735287e+01
4.258473103055019e+01
8.065816391290079e+00
7.461515673185474e+01
4.072653643820740e+00
3.140994120920540e+01
3.726784667804272e+01
7.885086740313604e+01
3.531667829273114e+01
5.305832575683404e+01
3.662501379690367e+01
2.232722655047068e+01
3.000631883275058e+00
4.860042466251199e+01
2.822694374631482e+01
6.851353434310926e+01
1.859468548493212e+01
9.970706277513274e+01
7.591181997019417e+00
3.530838751946966e+01
1.124830637650951e+00
7.590166459600519e+01
6.876994393242986e+00
4.964588859567693e+01
3.209267167006278e+01
9.420326282000320e+01
9.231865214757559e+01
5.406663136280451e+01
4.606339230484487e+01
8.634410132018108e+01
2.872510907646507e+01
2.953113458563161e+01
3.263438014901913e+01
6.379054098566554e+01
7.028197300167847e+01
6.647703524980557e+01
9.874365958326666e+01
2.813274694054050e+01
6.287858260929519e+01
4.307260166065423e+01
9.919004300571514e+01
4.509368308125701e+00
7.495956727068851e+01
2.170319530260898e+01
3.355106675697074e+01
6.535479569125678e+01
4.800277689844499e+01
9.466945873325200e+01
3.240066735651375e+01
3.125033836404343e+01
6.997498952316819e+01
9.070004340759481e-01
4.753614694231010e+01
2.094833651601725e+01
2.666076399696095e+01
1.052620937606609e+01
7.022433498419092e+01
1.443174971008289e+01
9.509980529318554e+01
2.484907015452584e+01
8.458695243326339e+01
5.561102882754572e+00
4.581886187466740e+01
1.114282068384011e+01
1.550525306514709e+01
9.594953590815399e+01
7.436111218964733e+01
5.596577080710129e+01
7.764359031694177e+01
9.187938230665372e+01
5.732151430906799e+01
2.679657518248846e+01
9.155639316493478e+01
6.235173487213986e+01
7.567282364502215e+01
7.662155873916184e+01
2.604194824865179e+01
4.390057667340179e+01
8.527181934810794e+01
7.640883781779969e+01
6.976281957224143e+01
1.670733560654676e+00
7.567282713748180e+01
3.472809420653065e+01
5.889720672690180e+01
2.813921045890972e+01
1.093848376112919e+00
5.977484260675257e+00
5.559296764228166e+01
5.661206178209375e+01
1.426181123324754e+01
5.493044702100123e+01
5.663521618425623e+01
2.971043830258326e+01
1.687576627213311e+01
6.603825840448879e-01
4.581127313236300e+01
5.864710894350294e+01
1.490929523245864e+01
6.946192759529777e+01
5.052649125015666e+01
3.921595608779041e+01
9.230262506394770e+01
2.470573253217420e+01
5.816580306653204e+01
8.389265638957390e+01
8.474878668074905e+01
1.960724290442059e+01
5.558742957915526e+01
1.230183533034373e+01
5.319400655720104e+01
2.711344329971514e+01
5.646995969883630e+00
2.346716053945346e+01
2.897884944871946e+01
3.026510171138919e+00
5.160637099836318e+01
1.908620363990134e+01
8.722175661810756e+00
5.967731692813211e+01
5.040299480334064e+01
8.823364949237259e+01
7.848530974168577e+01
8.856934438858617e+01
8.423237413365040e+01
2.971071150606065e+01
2.746185382244263e+01
8.570187333305454e+01
5.400818491075569e+01
8.235296089311734e+01
8.878083121440412e+01
7.109839053410030e+00
7.636983174661633e+01
3.862801941047796e-01
4.661756052943764e+01
8.088172277476718e+01
2.331481409413499e+01
9.860340659441586e+01
1.677523232846299e+01
2.043548325096978e+01
2.530323975966463e+01
2.289760085889026e+01
5.696509878941117e+01
8.279241965282355e+01
1.142292665849576e+01
6.788966784621108e+01
7.887451428867621e+01
8.786484454193378e+01
5.178977961269663e+01
4.860213154396141e+01
6.061720869532656e+01
1.828489891173546e+01
3.358741897791038e+01
3.418446846035517e+01
1.796409721391466e+00
2.129200725876354e+01
2.964425656462286e+01
3.300306579703608e+01
2.462146162270636e+01
6.123960258496906e+01
3.714208800212577e+01
1.690566340317282e+01
4.469668438876825e+01
4.862380919448277e+01
1.251256885589686e+00
1.650131773972014e-01
8.451089997985908e+01
5.827634029941463e+01
3.359034496061054e+01
7.914014313329949e+01
2.840362280998548e+01
2.657805952549822e+01
1.407744531243920e+01
4.139735272219281e+00
7.413730028743730e+00
5.033591885600980e+01
3.414586136776295e+01
2.767935759745508e+01
9.068342851972368e+01
6.527960722580533e+00
3.298908007936044e-01
4.353172175750682e+01
3.165728311597243e+01
7.398135232458885e+01
4.826042803389040e-01
8.491297424068347e+01
6.624395985447055e+01
7.238408479484920e+01
9.568514618821682e+01
8.364404848946447e+01
4.838380094076683e+01
2.190488070338260e+01
9.037815597391602e+01
1.673324253257980e+01
9.063484780054300e+01
7.901192483446184e+01
9.348633531177711e+01
6.676965405548441e+01
4.129225250393723e+01
9.843235481457428e+01
9.951430982887480e+00
5.222317355322799e+01
9.776181029051627e+01
4.075989082491020e+01
8.483571516575093e+01
8.994204443411066e+01
4.703291116609839e+01
7.977770808142503e+01
7.387245207739642e+01
3.285248481335699e+01
2.316530897429460e+01
2.479095832667824e+01
7.292467992423320e+01
5.482259209026703e+01
9.110267622913358e+01
4.493621487400318e+01
4.243905406558842e+01
6.085847525897364e+01
6.437197447026706e+01
9.681998663433827e+00
4.640032874718324e+01
8.935283501136714e+00
6.474012670327916e+01
2.475135225092589e+01
3.160707318764509e+01
8.928963723093720e+01
6.011261272249400e+01
4.256678179025965e+01
8.310773441712732e+01
1.214289069741168e+01
1.463291119534192e+01
7.781631926904261e+01
5.689519818727635e+01
1.001619454939672e+00
6.716764758674783e+01
4.173091330646114e+01
2.286780715122251e+01
8.976189037308185e+01
5.836826160474133e+01
6.333355873978397e+01
2.261437513987272e+01
2.200096371676818e+01
8.182940328578903e+01
8.194815278144002e+00
2.630366605068727e+01
9.117526984362643e+00
8.160209948271611e+01
7.879521673489140e+01
7.028718612635842e+01
4.215358204308598e+01
9.094238942067250e+01
2.097097887702797e+01
6.893802255808284e+01
5.821079279212784e+01
4.572233112795387e+01
9.228035318305733e+01
1.700223796861350e+01
8.890417203721785e+01
4.860517287096249e+01
1.099723391746973e-01
5.500829455210282e+01
6.356191544959411e+01
5.726414022839820e+01
8.872034456055627e+01
6.275714634114743e+01
2.692660592818940e+01
2.971599704107084e+01
5.221825300353498e+01
3.280378316193995e+01
3.016037961009908e+00
3.396502059603343e+01
5.728411630600883e+00
2.928554314621051e+01
4.741126207979920e-01
1.293076105086634e+01
1.877997513803652e+01
4.369578326293071e+01
5.787083332327699e+01
2.880967186242792e+01
2.966502887646902e+01
7.223033740754721e+01
8.694669072839744e+01
5.063600775349699e+01
4.116835996563004e+01
3.453255558131848e+01
2.848840408422445e+01
4.651267167484047e+01
9.294740450240086e+01
3.155555624121594e+00
8.174960789352171e+01
5.164476588910667e+01
8.900928967120558e+01
8.222630106947678e+01
4.481390362829617e+01
6.999686941038671e+01
3.072684804477117e+01
5.507108301626103e+01
5.188725923741574e+01
5.329564435095323e+01
4.041386411544581e+01
3.483888629583591e+01
6.557653838096957e+01
3.449016391974416e+01
6.530903049991886e+01
3.872625545539253e+01
8.475651651842358e+01
7.189576652454946e+01
1.983526368617791e+01
6.947613319823338e+01
6.551007035444960e+01
6.135075532894151e+01
4.265176511493128e+01
5.791340091168573e+01
9.705749438007246e+00
8.287483057141063e+01
3.689612501156336e+01
7.469546928754797e+01
3.121798142381850e+01
4.963685681560862e+01
6.677536706755653e+01
1.113711009320668e+01
7.835987628361204e+01
3.812523611733934e+01
5.105686562650691e+01
4.609552633301146e+01
5.196952570787143e+01
4.251487536472961e+01
1.166609302706369e+00
8.083231564649954e+01
9.158314372952242e+01
5.794770860017636e+01
1.909227372104873e+01
7.670785238813043e+01
5.824423309333820e+01
3.642235032116172e+01
1.404474350346473e+01
3.115953879019224e-01
3.192029252272113e+01
7.384995951962190e+01
5.497363654662558e+01
2.433900550209871e+01
3.002721533646212e+01
8.559071034453378e+01
4.561570866294937e+01
4.490646424000452e+01
8.613213551516279e+01
8.561424616985687e+01
1.852386292001412e+01
9.914748840925632e-01
9.291938244966761e+01
9.647687389351282e+01
1.422876320510579e+01
1.610709736873726e+01
7.355073027943760e+01
9.512774813693377e+01
2.083210182414954e+00
6.474888006446365e+01
2.408498619873309e+00
9.697604216494413e+01
5.137322174914797e+01
1.454687035388633e+01
4.043338403125916e+00
5.424906944588249e+01
7.849083728086708e+01
1.282854509205955e+01
1.427359549062028e+01
7.854843236438391e+01
4.587122921173984e+01
3.191032904754874e+01
8.018661419869709e+01
1.944443048883436e+01
5.624933454964744e+01
7.048384289745421e-01
6.215571605700801e+01
1.679748954102280e+01
6.501651674742648e+01
3.287860473286295e+01
8.549497909168478e+01
4.502775610658701e+01
1.164177158458241e+01
9.593451651555230e+01
6.203186552134895e+01
1.273407480341106e+01
1.291867946876152e+01
6.669447779035870e+01
9.422747213124646e+01
7.512130317051025e+01
5.102130144416414e+01
8.817265671127133e+01
6.256120361506995e+01
1.668529120119535e+00
7.349960392969642e+01
5.570178840109230e+01
6.282924560961744e+01
2.610512395673670e+01
1.581638912475500e+00
9.164288392832637e+01
7.461382382298532e+01
3.794381652862943e+01
7.492164879800829e+01
9.471839139923378e+01
7.836893428041084e+01
4.360771125350507e+01
4.082278592550325e+01
6.707916383961177e+01
4.348844412876687e+01
8.398983212373678e+01
3.450000567105599e+01
3.438709957263763e+00
8.626258083910801e+01
4.712114797305369e+01
3.452577550640599e+01
2.736760709777829e+01
7.025364957295994e+01
4.717141773885648e+01
9.253050177010266e+01
9.208070523668114e+01
6.826971590904040e+01
8.332435231810639e+01
4.392672290277049e+01
1.104677059270757e+01
7.930747441915213e+01
1.869999026819132e+01
9.743546154230621e+01
5.381245322237371e+01
5.079229038711278e+01
2.244541105928151e+01
1.573418728808602e+01
2.011907092301132e+01
6.065905432247513e+01
7.834476073195448e+01
1.639142121020305e+01
5.871332295179056e+01
2.195247193889342e+01
2.050278290198314e+00
7.611492121411251e+01
6.507020912369257e+00
8.604011041393508e+01
7.291698449892783e+01
9.442433928811194e+01
1.019014167142573e+01
9.529586634379619e+01
1.812781790184221e+01
6.035038636082336e+01
7.884780535420767e+01
8.005228810014775e+01
8.794068139416198e+01
9.790316494084111e+01
3.999350845813449e+01
7.491788346083736e+01
7.420060069961501e+01
6.932266199464102e+01
3.740094715608328e+01
9.290059101437245e+01
6.820073764221777e+01
5.305216557022751e+00
2.158142492248743e+01
6.009941620756845e+01
3.050275246170477e+01
2.466315861077195e+01
4.321933814474351e+01
6.775546994421420e+01
6.435994113067163e+01
9.569223741800164e+00
8.464979090944389e+01
1.344046090424082e-01
5.210251968917555e+00
7.645391853361107e+01
7.988432351494409e+01
1.683779992947252e+00
9.019284727526495e+01
9.554009297654969e+01
4.596483593153062e+01
6.385732510306747e+01
2.882857119144340e+01
3.866221943807892e+00
9.084753416983760e+00
9.179175141816575e+01
9.468161593874991e+01
9.913426884409705e+01
3.117166465668551e+01
9.038686742558464e+01
6.737177458935034e+01
1.273697834123717e+01
9.637360521423332e+01
6.821856189901874e+01
6.941974054529319e+01
4.019256440931585e+01
7.936234645515789e+01
6.771035830849333e+01
6.176756069146448e+01
9.399818391259676e+01
3.546582825270752e+01
4.899269652040335e+01
7.624551061366010e+01
8.973483875847181e+01
9.343203948504852e+01
5.546180058990689e+01
9.997186600229324e+01
4.807621326673600e+01
4.680536638330918e+01
8.121364134420345e+01
4.537817199964923e+01
2.841799856555555e+01
5.243194757608322e+01
9.160703750867723e+00
1.327841370984838e+01
9.506085882664698e+01
3.027588801005664e+01
8.194591686220184e+01
3.226161810209119e+01
6.941629120587199e+01
4.571376198237471e+01
4.389893074701490e+01
1.891816981086422e+01
9.384856903639090e+01
4.587339402449941e+01
7.382638998042158e+01
2.985482654993181e+01
6.289633836732076e+01
9.522911039890214e+01
5.113304385502499e+01
2.957897522932802e+01
5.151407339215003e+01
7.126009560714481e+01
6.009130741473814e+01
9.272650424052333e+01
2.373840395535268e+01
8.709585731248178e+01
9.949010927206376e+01
3.577135649312817e+01
6.123872350959048e+01
4.757982597107991e+01
9.072407572098266e+00
2.921090728100897e+01
6.463635687932202e+01
9.344620690375855e+01
6.965786668921722e+01
8.490216610250164e+01
5.119414913989331e+01
2.749375674291223e+00
3.588274891296530e+01
9.139290437632840e+01
7.009084856607525e+01
7.389763070917577e+01
6.616589998182184e+01
7.762999114470091e+01
9.189917225944771e+01
5.285272437746298e+01
7.484817648066588e+00
8.782493355117037e+01
9.502430311172469e+01
7.641648826022470e+01
5.331634443873370e+01
6.828066793656008e+01
3.616295221083003e+01
9.376231687784303e+01
8.639082218817940e+01
8.550872098911028e-01
2.309168475824021e+01
2.286119992977995e+01
1.014768579515986e+01
6.502787501785340e+01
1.380227734977485e+01
7.033848472420988e+01
7.941551836180293e+00
9.233137447961205e+01
9.583703269988160e+01
4.493106787322604e+01
1.321184728909835e+01
8.919423138219594e+01
4.768044359408340e+01
2.818584788040530e+01
6.344427930351546e+01
8.842223574799590e+01
9.401803561207747e+01
3.156314121166390e+01
4.196639002392366e+01
2.261089981655167e+01
7.155543117390732e+01
4.061459188378164e+01
7.058780909077628e+01
8.183254300702016e+01
5.517448487466876e+00
9.983917535275182e+01
4.336171650484284e+01
7.544046527493767e+01
6.852252402739717e+01
2.017078032725061e+01
8.822260726626152e+01
6.924196661880332e+01
7.066711861205619e+01
8.960238834358863e+01
9.825601298280806e+01
6.192760475069639e+01
8.937297095049776e+01
4.933703404354725e+01
7.768638510149269e+01
5.791342312372915e+01
1.323368298506070e+01
8.078859121575420e+01
8.221310706912218e+00
9.188188616739674e+01
9.089960720897634e-01
7.279106228276670e+01
4.586297690210071e+01
9.492703168416723e+01
1.729367534503978e+00
5.857952491314128e+01
4.241338257790235e+01
7.466179848400029e+01
5.182218963830834e+01
8.771520596356839e+01
1.372013753918937e+00
1.767473370659851e+01
2.366979006848754e+01
9.413162730360945e+01
1.814266229893205e+01
4.600524327066040e+01
5.422145354292424e+01
9.988385895261722e+01
2.538070055906693e+01
2.733623735948291e+01
3.352816651273899e+01
6.570420068022990e+01
3.657471082945108e+01
1.834352245477192e+01
3.193935380873240e+01
5.245746157712185e+01
6.796253745814903e+01
3.653763604189159e+01
9.236302235739447e+01
1.644842648713310e+01
8.697647568163298e+01
9.808947141193295e+01
3.037200636713393e+01
7.320263156350825e+01
8.492395495293846e+01
5.971170112477229e+01
8.955110935007740e+01
7.229269471591930e+01
2.144946578026259e+00
3.328887835763808e+01
4.953162374418770e+01
1.443442241960877e+01
4.288689328492009e+00
8.579463231647138e+01
1.270861910316563e+01
8.778828619410670e+01
7.456853234887521e+01
1.033415277969751e+01
3.276711713185865e+01
9.994923290794215e+01
5.491355981440915e+01
9.874697499850159e+01
6.706122591489051e+00
6.310045689488783e+01
3.649521061987393e+01
4.513769747928610e+01
3.569602432460339e+01
9.140990129271984e+01
2.950884449738490e+00
6.239024291857622e+01
8.246789499300900e+01
2.535653250541376e+01
3.335383885230582e+01
3.725116943812518e+01
4.759409746508771e+00
1.438600556663517e+01
7.251831501373943e+01
8.218823935938453e+01
3.785969504986875e+01
7.466326163833182e+01
2.018132103615502e+01
2.491701022950793e+01
9.913694979582772e+01
8.982694493132966e+01
6.417521874614769e+01
5.197570377587141e+01
7.761523112543637e+01
9.331697756113344e+01
6.990781681142180e+01
9.663442992448546e+00
9.131677918663099e+00
5.832888048995700e+01
4.408287496496126e+01
9.201482650452053e+01
2.209011121750349e+01
7.012817271525421e+01
2.243754464315136e+01
9.730989020192526e+01
3.693542561351109e+01
7.902388394764806e+01
2.297699499082611e+00
2.651802521502507e+01
4.001324113459012e+01
8.304121055781899e+01
6.295608084786500e+01
2.696733923022046e-01
7.783439153704531e+01
7.583381355546128e+01
1.317911511900794e+01
5.418561261807830e+00
8.480720971003510e+01
7.618828950272328e+01
8.308930866564125e+01
4.937485812668449e+01
1.735189031686256e+01
6.394502449033085e+01
8.439873903263302e+01
2.997102538588039e+01
6.281383380424875e+01
5.743457682311283e+01
7.352106607217391e+01
1.506817714081527e+00
7.465799314652476e+01
1.090074000456405e+01
2.062798688217438e+01
9.530497798477532e+01
9.959846823457558e+01
4.218534410101611e+01
6.863275830104611e+01
1.446166104379187e+01
8.072896119241089e+01
7.172743853727702e+01
8.358013135547756e+01
4.635388732252358e+00
4.583445859413336e+01
5.801869014185792e+01
2.843244645205906e+01
7.507915262835061e+01
7.463410001929574e+01
6.713862534013512e+00
1.005700636192086e+01
2.231710852231696e+01
9.127490417625518e+01
6.995187037156516e+01
7.104992171332702e+00
3.361532559321044e+01
8.696978589844415e+00
4.344537921410305e+01
5.531605950338583e+01
6.123861640749435e+01
6.771008142629177e+01
9.628885630345384e+01
5.834260459912131e+01
6.510495974919989e+01
8.699698973772907e+01
6.157827911040665e+01
2.126831287577204e+01
6.168876367699762e+01
9.486659373849005e+01
9.333874722632521e+01
2.133730697507844e+01
6.161642845795323e+01
6.024254353728264e+01
9.508732794555246e+01
9.589145057643366e+00
1.018755040605904e+01
2.328686277535132e+00
4.476956987975611e+01
7.614088476455811e+01
6.901571618812891e+01
8.701816740772601e+01
6.586427947779386e+01
2.674585023277712e+01
8.934414074260003e+01
9.259859257964351e+01
6.824827122886119e+01
1.748568882117313e+01
5.569533726931333e+00
3.672820159081752e+01
8.857170976166228e+01
8.946377769553278e+01
1.525150556827500e+01
2.188192397443667e+01
2.144565010510648e+01
7.509487707870774e+01
4.211293754266246e+01
9.193758815151527e+01
5.989122319030167e+01
9.476352836692870e+01
6.901582580479599e+01
5.714016247407541e+01
1.488195020467134e+01
4.669031582152952e+01
1.930105952513453e+01
9.494130341100568e+01
7.876208498085015e+01
9.327217330842845e+01
8.466166387529191e+01
6.431707142121952e+01
3.719172367695334e+01
9.193074907731766e+01
7.284140417950293e+01
2.200865378696874e+01
4.896955878891496e+01
4.080389814488771e+01
9.509196425559556e+01
6.074065573547998e+01
5.410431868122161e+01
7.299253208236422e+01
6.370313394055847e+01
3.545147778254537e+01
5.585381344699013e+01
9.807945969425117e+01
3.375566212169624e+01
3.480176261384122e+01
3.057739465989983e+01
2.348348033776669e+01
1.818261887793551e+01
5.745196834087929e+01
2.729665251788527e+01
1.911075199912803e+01
8.277859705629693e+01
1.078571710306486e+01
4.488597952056955e+00
5.685581912140167e+01
3.072038839139062e+01
7.682891193629658e+01
8.078125351144990e+01
5.363542128057938e+01
5.838875740691496e+01
1.954105036311832e+01
5.525491053948873e+01
3.695440987914541e+01
9.661940797074671e+01
6.720394364893620e+00
7.634419620798165e+01
1.010317448997087e+01
7.600440712459590e+01
6.755464280375961e+01
1.692759279018622e+01
6.025854500953972e+00
7.312454323895487e+01
6.509459100900898e+01
2.942856602809791e+01
1.860111067937739e+00
7.518701538219444e+00
3.691838771892637e+01
1.007970753595219e+01
5.060590181993595e+01
3.465384367604453e+01
3.966941649078830e+01
6.841836346705368e+01
6.473835332539787e+01
8.998691811691360e+01
5.309496468542840e+01
5.806939022525651e+01
8.489950773534342e+01
2.132396792123279e+01
3.155605142542908e+01
5.085368922485676e+00
5.731125686192478e+01
1.323361737338529e+01
8.691116864183506e+01
7.754986080226948e+01
4.898354455315673e+01
9.113563797023876e+01
1.651923573413828e+01
6.488649606000935e+01
1.257793717672021e+01
5.898838027333300e+00
9.556605913469851e+01
2.373117116453646e+01
1.849041605297961e+01
9.972012238563975e+01
6.308881373288521e+01
8.742040213543008e+00
5.120870128795910e+01
1.251568832086198e+00
2.880502195507522e+01
4.577514289215912e+01
1.214929270192482e+01
9.154838402362000e+01
1.419350631264667e+01
3.409735603914474e+01
4.149954125354976e+01
7.556238396817929e+01
8.092293938664856e+00
4.166634340848137e+01
4.072074770960992e+01
4.694293762880514e+01
8.040388523619802e+01
1.222577212016367e+01
5.401551763248421e+01
6.844743130190643e+01
7.741176103121218e+01
6.755415767783028e+01
2.473137053881370e+01
6.513179892913057e+01
5.008058946117786e+01
1.871435056380664e+01
6.862247985257882e+01
9.015412162530893e+01
4.847619279682459e+01
7.038051992206859e+01
2.505203933690304e+01
9.696240718335025e+01
4.559389205909981e+01
8.970348610994569e+01
6.760487466473360e+01
3.088697173208323e+01
2.203588351702126e+01
5.955691894495716e+01
7.631278423420748e+01
9.708634177087170e+01
7.939009609603794e+01
6.013427984907026e+01
6.433235391244867e+01
8.283595255708134e+01
3.545279611621648e+01
6.040521876905357e+01
8.324603879975436e+01
5.100679060025457e+01
1.672998164628166e+00
7.562415645254038e+01
1.298463247389748e+01
7.074277529993223e+01
6.937080960225818e+01
7.214397945075481e+01
6.114992921294175e+00
3.992834721688570e+01
8.076313407195877e+01
2.633471108336687e+01
2.784268186792856e+01
9.291737228302162e+01
8.722827475854581e+01
1.432289630841599e+01
1.319131092782659e+01
3.282216677107949e+01
4.026382371795542e+00
2.228020435305322e+01
6.370913854972885e+01
1.374805407307486e+01
2.215449396621180e+01
8.213898627187078e+01
6.967408567186169e+01
6.530256334939159e+01
8.622821238181936e+00
2.642443232537454e+01
3.075163892039640e+01
3.154000501685776e+01
4.395688103696186e+01
2.345230766732819e+01
4.381458090795883e+00
9.644020502289766e+01
1.822838723577018e+01
4.855436168078071e+01
2.821883849251030e+01
7.089689563535940e+00
4.996061052659555e+01
1.776187350869266e+01
5.357033184430112e+01
1.610573931415833e+01
7.732400851199590e+01
4.793847168234105e+00
2.805648405480035e+01
8.211146373400067e+01
7.999651556834417e+00
6.357220013792263e+01
5.706476376255265e+00
6.346319674675501e+01
4.169346147295715e+01
6.881828749031681e+00
1.465454204690388e+01
4.256491537325313e+01
9.456659937024425e+01
9.381796265664416e+01
1.349130129138534e+01
1.468515117405222e+01
1.218806082019026e+01
3.313648543932312e+01
8.699578814534274e+01
8.484195200020538e+01
8.251343131182409e+01
7.620738804163756e+01
2.744267891507721e+01
2.103875182617397e+01
3.089524825610930e+01
1.186062107414967e+01
8.082969499790561e+01
8.495872853554725e+01
3.746596907147485e+01
1.725153909868167e+01
6.324447903933213e+01
8.991731204554313e+01
5.749943030881669e+01
8.335092849254185e+01
3.746372891471895e+01
6.958383799976848e+01
3.553107568786064e+01
4.121916449685542e+01
3.304703469995736e+01
5.594149709490197e+01
4.869791178437784e+01
8.897253414102482e+01
7.188470911788042e+01
9.383296579766692e+01
2.420678703310284e+01
4.261591785709184e+01
1.593807172772385e+01
8.719101375303744e+01
3.501185338711918e+01
2.933859826500462e+00
2.083181665317706e+01
1.752528469894327e+01
5.586565400281253e+01
8.073354246128982e+01
5.965943637288149e+01
5.530617500436779e+01
3.653575295421097e+00
9.114342606214034e+00
5.324908781482331e+01
5.686735019873239e+01
5.269548071208200e+01
7.058006975361150e+01
4.678466219770939e+01
1.070465986184062e+00
9.101221239707070e+01
9.357562553769705e+01
6.156999979241286e+01
2.406898239816957e+01
6.567961935218406e+01
6.615136240895436e+01
5.731892020316744e+01
9.463186240505048e+01
4.266450449017086e+01
8.099119755485617e+01
4.753844987020756e+01
1.330064889662929e+01
7.949995672306976e+01
3.353612345342344e+01
9.542857045094881e+01
1.451181006362280e+01
1.319438946116454e+01
4.405245140383600e+00
7.308633940903765e+01
6.906004346397707e+01
7.669648070665845e+01
4.276544751728208e+01
6.749621115973974e+01
1.776684355818054e+00
5.378655784474060e+01
3.760597009100298e+01
8.013853546238437e+01
8.151699205931135e+01
5.724251119291527e+01
1.916667382194040e+01
1.883106036988602e+01
4.989141046530168e+01
6.023429700184349e+01
8.857520119686387e+01
3.343317649952750e+01
2.591391630746141e+01
7.471971189357328e+01
9.075209670269494e+01
8.231869651112645e+01
9.940268206382295e+01
3.991068109865798e+01
7.332316058376951e+01
3.429324321183062e+00
6.351779651060598e+01
1.960742819104690e+01
8.870410089786355e+01
6.287731521896893e+01
6.486960205476247e+01
4.034237667934148e+01
9.457803037696426e+01
7.549083017534150e+01
4.257757330433353e+01
1.428519902484734e+01
8.693915241721047e+01
2.382301293491526e+01
4.310671037207670e+01
7.358497244938508e+00
9.967259559765114e+01
2.499936089152440e+01
3.152557347506544e+01
1.631039609960764e+01
7.313951895252779e+01
2.385686748840700e+01
5.120902101099911e+01
5.136861822165950e+01
2.627216434398301e+01
1.020338694108808e+01
9.073341218323139e+01
4.804214064406331e+01
6.388676365087124e+01
4.007926985625144e+01
6.742558584894314e+01
3.279712392613158e+01
7.378345130653281e+01
1.573778419556924e+01
4.062394427164641e+01
8.500425596023177e+01
1.131691476857146e+01
4.356844534332326e+01
7.652465569624894e+01
1.467346810487726e+01
3.487658926047226e+01
3.627363752400206e+01
6.621331556989500e+01
2.240260975547256e+01
9.565186328052164e+01
7.704002916675063e+01
2.976110700041107e+01
9.231011434100108e+01
5.199002840183211e+01
6.455460855018097e+01
6.513542410225395e+01
8.061279378859922e+01
1.408238849327079e+00
2.564054048882822e+01
9.252350693220436e+01
9.964526207169763e+01
1.932240040941276e+01
5.420094526102810e+01
9.374366067058577e+01
9.670289261113055e+01
1.528106565367480e+01
6.855603250142002e+01
3.196372186390856e+01
7.899624573951412e+01
2.609000565767754e+01
4.508888551271003e+01
2.414191450185232e+01
6.010603460488191e+01
4.769775408678584e+01
1.771451580231754e+00
2.577147401206730e+01
8.467105649629192e+01
7.731557538607883e+01
5.544976352502115e+01
5.213514005399082e+01
7.515035256517602e+01
3.481663164441317e+01
7.583447009131055e+01
9.096735892396764e+01
5.458560248584747e+01
4.597997471968642e+01
6.929613084965204e+01
5.894018619271935e+00
7.656423890803207e+01
2.289859811910363e+01
2.438755520823763e+00
8.092126226095542e+01
3.034138205942762e+01
9.889666982875050e+01
6.659223151700211e+01
1.863059258024701e+01
5.407675870418398e+01
7.611688383674104e+01
1.714468361676889e+01
5.793364404604474e+01
8.424177900154226e+01
6.080718560181892e+01
1.694104770056021e+01
7.049472051230013e+01
9.374364227696491e+01
8.800353090651498e+01
1.800930756982849e+01
4.766626155360893e+01
3.628186175426555e+01
3.171077744649294e+00
9.819015199234251e+01
2.895838112056180e+01
6.627202330449225e+01
3.932222874803573e+01
9.603350572103332e+01
6.748069360269265e+00
5.540600281926152e+01
8.922187089418148e+01
1.666331799545480e+01
9.432744155373771e+01
8.309972825604478e+01
1.910207351627856e+01
6.717601240015402e+01
7.493268697286616e+01
9.494050107660726e+01
2.213413287984865e+01
1.507053389915756e+01
3.416259201903017e+01
9.500445513753428e+01
3.078883398826646e+01
1.927330792847709e+01
5.122666459122052e+01
5.363452963234602e+01
1.216319539219290e+01
2.839180237073069e+01
8.694612900118629e+01
3.902786930046410e+01
1.246577702111834e+01
7.152715575486755e+01
4.222319556503705e+01
3.306887421434227e+01
5.506392803744596e+00
8.867199927972257e+01
8.685250570385368e+01
4.383597818381897e+01
4.555776624267817e+00
2.551345677371764e+01
2.450917094224560e+01
8.547252439217294e+01
6.714651322325064e+01
5.166578076391750e+01
9.053472606024459e+01
4.238533370307895e+00
1.632129462264539e+01
5.900036695366742e+01
4.157574420868221e+01
5.008953853980152e+01
1.674675616284216e+00
8.923828494233931e+01
1.819243282926848e+01
3.386809352499810e+01
9.788610902516456e+01
3.129361031171568e+01
2.546411306851735e+01
3.119837959818467e+01
6.387556691834496e+01
3.157456318455495e+01
6.337633885600433e+01
1.794258203261652e+01
1.296920925982725e+01
8.592395856321042e+01
4.253920490971729e+01
8.496873792492259e+01
1.252398631187341e+01
4.848996556759344e+01
7.819798001004288e+01
6.539713338268788e+01
7.576623376261733e+01
6.010401414712147e+01
9.384299590896956e+01
8.235140213852348e+01
1.609957302738892e+01
5.026749267720966e+01
6.923033542429579e+01
1.305980557252644e+01
1.452840166842956e+01
3.641369516794276e+01
9.047571317780563e+01
2.520675744172500e+01
5.811121648089551e+01
8.668146007074110e+00
1.320335972737677e+01
9.793047350734960e+01
7.808724347412922e+01
1.112661739398102e+01
9.350575962732815e+01
7.804727865292098e+01
7.893416289190490e+00
4.502637602622917e+01
2.562682285235581e+01
5.274117810313644e+01
1.775546372763601e+00
3.363802569622082e+01
2.113635522366332e+01
1.490827287310188e+01
9.238688340056078e+01
4.329850326445816e+01
5.198036020248213e+01
5.067798520935606e+01
5.506635660075878e+01
9.670378961446872e+01
5.407435072310006e+01
1.108434019195118e+01
9.647042895502896e+01
6.704948054023528e+01
4.467789453672147e+01
9.173470269503756e+01
3.411076573380770e+01
6.699721471732353e+01
3.954309506320539e+01
