7.553814913869750e-01
3.433419304636037e+01
6.931652099327954e+01
8.120887721013690e+01
5.870520912981835e+01
6.345485256214386e+01
2.907535127786703e+01
6.062891458190462e+01
8.300140406144848e+01
2.411738011246425e+01
4.245470587278470e+01
8.470615813727778e+01
2.094134782484795e+01
9.704421274226355e+01
8.822807669091415e+01
9.185018357441304e+01
3.215888660967298e+01
3.841121808551775e+01
8.215251843545236e+01
1.619507270687961e+01
5.636505193839086e+01
8.804245846720526e+01
1.328769778520227e+01
3.945945112009507e+00
3.252694789903562e+01
2.756794748248902e+01
6.152006353322419e+01
6.724593060428553e+01
9.031406254056564e+01
1.546570314814602e+01
2.602362475638447e+01
9.106944403195261e+01
3.033988947530272e+01
9.534014574966400e+01
7.227832124208953e+01
6.313569497463093e+01
5.879499826524174e+01
8.547335285016958e+01
5.424892467178820e+01
2.529993486837481e+01
1.878182684014636e+00
1.201442070864813e+01
6.550189213152132e+01
3.053208078748178e+01
3.532541326029478e+01
9.823416969656674e+01
4.203119130899720e+00
4.121752001401853e+01
7.245685307889099e+01
2.238111571519688e-01
5.741259276746428e+01
2.882190501728184e+01
5.429640140118841e+01
5.643837747929542e+01
3.276785012929134e+01
4.986632021603469e+01
8.404290130550177e+01
9.428791370908168e+01
1.752309343662257e+01
9.542238837826177e+01
9.884709450362581e+01
4.354671819300703e+01
3.416209804553636e+01
3.277580348438388e+00
3.888686394267104e+01
9.056009961783890e+01
8.764420216327728e+01
3.550342625728968e+01
9.393150978439093e+01
2.066219994829139e+01
2.701653341158132e+01
8.562418543064231e+01
4.645812876823271e+01
7.080945417788320e+01
8.162628071458371e+00
8.178354207509362e+01
2.656406053647588e+01
1.236574720235809e+01
8.295277412186972e+01
9.902091361536687e+01
3.506677659930045e+01
5.397950492518932e+01
8.004466974178547e+01
8.874777154473018e+01
1.106565739543441e+01
7.690797069897314e+01
9.567658463291664e+01
9.442420731970304e+01
5.489858242445559e+01
1.319967802297309e+01
9.053094703263181e+01
4.505866814640289e+00
5.674639626254625e+01
3.413442621665747e+01
4.745705521081437e+00
9.563326020521730e+01
1.525314464944096e+01
9.238990768435873e+01
8.387118525983355e+01
9.128659711744943e+01
9.485892248100552e+01
2.033165573157913e+01
6.154378110614781e+01
2.753554309137889e+01
1.548400051681511e+01
9.306704867308356e+01
6.927079719923009e+01
8.452762439126505e+01
2.729460761290724e+01
1.815266777675257e+01
3.843505537995838e+01
6.174597770988288e+01
9.258893816386767e+01
5.876471198106405e+01
5.049374920804694e+01
8.255005510642661e+01
2.688854272798101e+01
2.606487000643503e+01
7.697426237956354e+01
8.178712515243662e+01
5.570527066276654e+01
8.929410124630392e+01
4.583732180569196e+01
1.086813421494706e+01
1.398714627790598e+01
5.362076896877064e+01
5.923589321749093e+01
5.165586217849323e+01
2.781749140835250e+01
4.310707843075836e+01
2.052688799823024e+01
3.178865771358305e+01
8.778162486282253e+01
7.893373192238330e+01
5.021195698073691e+01
5.070197575292642e+01
9.050471912627329e+01
8.291589765945258e+01
8.779324972433655e+01
3.071229743338763e+01
7.170632545450066e+01
6.651329196361513e+01
4.785123041265236e+01
7.320073813814703e+01
9.482904695664955e+01
3.003905361054421e+01
5.575079319800753e+01
6.095068653158410e+01
6.942620969816400e+01
3.272505553100494e+01
2.282141476069643e+00
1.180919423317965e+01
5.600711459108029e+01
4.811946328176160e+01
6.982352592508472e+01
5.829719596463126e+01
1.129068946991614e+00
8.191322166561766e+01
9.953058143124476e+00
4.470400653998554e+01
1.154888105185185e+01
1.976143974799730e+01
7.649266425356859e+01
1.280192491263241e+01
1.719911020118702e+01
4.295317090253959e+01
1.606755024570392e+01
5.491688193516661e+01
2.586906856199218e+01
3.860799970040470e+00
2.550315602007469e+01
9.363517407031506e+01
1.877004174458331e+01
5.048460422571963e+00
5.793043764211724e+01
9.565209583176863e+01
4.428083749687338e+01
2.588029677322148e+01
3.531667829273114e+01
1.370704719503738e+01
9.259331011799785e+01
5.888492383942238e+01
3.000631883275058e+00
6.705813345828007e+01
8.876543216815472e+01
2.567796037796790e+01
2.535532937634519e+01
8.744619325150092e+00
1.881088508237660e+01
3.530838751946966e+01
3.830234298403484e+01
3.261148209339542e+01
6.265139647882962e+01
9.053648048571146e+01
7.976054171089109e+01
5.478978718388350e+01
9.298257496812501e+01
7.986329299391400e+01
2.384501924917335e+01
7.991341132666608e+01
6.534175726833836e+01
8.799677253141849e+01
8.546597561122196e+00
3.571584915542782e+01
4.295460839893418e+01
6.647703524980557e+01
2.451292193704886e+00
8.723544594237369e+01
6.287858260929519e+01
3.776797053300216e+01
9.424930908449428e-01
5.149280338151977e+01
7.658936356966819e+01
2.232481652047710e+01
1.855093679323371e+01
6.535479569125678e+01
8.068345276670691e+01
5.214575224190286e+01
6.260465749660724e+01
9.949433789564964e+01
6.997498952316819e+01
8.984780441496885e+01
8.820544103542596e+01
7.565666459298537e+00
9.389762305370422e-01
9.614645647636916e+00
6.235545368974817e+01
8.442605584134630e+01
8.947793864155092e+01
2.484907015452584e+01
9.933747937871958e+01
6.044156251495777e+01
4.411340539535200e+01
7.884076939841768e+00
4.841230397504395e+01
8.706801384085232e+01
4.873719296824988e+01
2.752535656444978e+01
7.430345973665987e+01
1.161577553097893e+01
1.549608382186670e+01
7.524595282750481e+01
6.310857891249870e+01
6.235173487213986e+01
7.567282364502215e+01
8.522015297097161e+01
3.057572591610985e+01
2.367560049690102e+01
2.556578182874517e+01
7.881643049363812e+01
7.926955939236542e+01
7.340894689476535e+00
7.567282713748180e+01
6.747500038122526e+01
1.490656114877507e+01
7.661180336801885e+01
1.093848376112919e+00
5.744067321412296e+01
5.559296764228166e+01
9.619365366929846e+01
2.111084946482948e+00
5.493044702100123e+01
9.983174209475133e+01
1.495692758586115e+01
8.239628285281187e+00
4.824404602322916e+01
2.084800313266367e+01
5.697682125353106e+01
8.031798441909159e+01
5.487182566657282e+01
6.859259678450999e+01
9.581406824095829e+01
8.219832744551745e+00
5.556316643746717e+01
5.296013911858207e+01
3.957874422873312e+00
1.336069130960884e+01
8.353586503469192e+01
7.568256839908780e+00
3.892647318492013e+01
6.936088775720488e+01
2.711344329971514e+01
8.549011931078979e+01
4.503371484812057e+01
5.431281661349946e+01
9.035339443495189e+01
2.164551816957328e+01
1.908620363990134e+01
4.779406764907486e+01
5.967731692813211e+01
5.160031861234471e+01
7.976978024457105e+01
1.973249326447607e+01
8.235534750034816e+00
7.606723298135550e+01
2.797212154975725e+01
7.433633323495105e+00
1.557471096309587e+01
8.494894284985445e+01
4.134614697720210e+01
9.689329103422038e+01
1.849200414423458e+01
9.428048440920212e+01
7.866636937422044e+01
8.524271528480702e+01
9.532601823812631e+01
6.255902571722820e+01
9.860340659441586e+01
6.970359430168924e+01
8.945036706954723e+01
3.752987973276986e+01
2.289760085889026e+01
5.696509878941117e+01
7.847783387567748e+01
5.581503834380537e+01
8.485631099196911e+01
7.159018287043561e+01
5.989938762965583e+01
6.668458034595687e+01
1.938425047294435e+01
1.957670451122183e+01
6.330035993051732e+01
5.925819811376659e+01
3.418446846035517e+01
2.248994723078327e+01
3.532543104855597e+01
6.776186459127901e+01
2.992358060084450e+01
3.465396321129704e+01
5.271080739456733e+01
2.889474324364902e+01
3.154725419895130e+01
4.469668438876825e+01
3.074534047895360e+01
1.251256885589686e+00
1.875185497047000e+01
6.138097660680347e+01
5.827634029941463e+01
3.359034496061054e+01
8.762452382949391e+00
6.436350101808249e+01
2.657805952549822e+01
8.899828609498138e+00
8.536872159939665e+01
5.055893354609560e+00
9.797210064622206e+00
9.664663695574116e+01
8.393040768985189e+01
6.969659769427804e+01
6.972613691805216e+01
4.046361718348395e+01
4.094477861232347e+01
8.161611621343350e+01
7.676660696825320e+01
2.345777061928891e+01
8.136549875203777e+00
9.442319948897845e+01
3.506452694305430e+01
9.568514618821682e+01
2.907716265370937e+01
1.207193593125415e+00
2.190488070338260e+01
6.062441689922679e+01
5.965891529790075e+00
5.265022118233620e+01
6.187567378481648e+01
2.471774654682621e+01
5.201582436078034e+01
3.678880773335174e+01
8.905307165768606e+01
3.939863752545725e+01
1.152308751434231e+00
1.668142015891216e+01
4.829846613495539e+01
3.921765756756890e+01
8.994204443411066e+01
4.687977705471207e+01
4.786324237839470e+01
6.001876949333528e+00
2.325691460783450e+01
9.919551177844195e+01
1.433606926088038e+01
6.420169322015796e+01
5.061587605188409e+01
9.110267622913358e+01
4.493621487400318e+01
8.894817782051311e+01
9.889898081258823e+01
6.437197447026706e+01
9.157234471830184e+01
5.329969392777406e+01
2.564118161128889e+01
1.347722537511830e+01
2.475135225092589e+01
3.160707318764509e+01
9.984806110144036e+01
1.093966845001079e+01
1.053938083841437e+00
9.676363169996237e+01
4.772847622992866e+01
9.010700974152751e+01
3.616226917885349e+01
4.888078498136289e+01
6.788429853873527e+00
8.446073531380888e+01
1.043223185019206e+01
8.946110670895368e+01
8.683012108636559e+01
4.629652637350211e+01
6.333355873978397e+01
1.008703564763397e+01
9.641302665528517e+01
7.766962800066435e+01
4.135267638664352e+01
4.702890266060312e+01
9.117526984362643e+00
7.066012391385628e+01
1.525184387120039e+01
6.767128499582003e+01
1.265754476779026e+01
9.988516783336419e+01
5.691952000228666e+01
7.297339480043082e+00
5.821079279212784e+01
4.572233112795387e+01
9.228035318305733e+01
8.946442189135794e+00
3.764265623765190e+01
4.860517287096249e+01
6.081032765135650e+01
5.500829455210282e+01
6.323808411287054e+01
5.726414022839820e+01
2.622286883472599e+01
7.346052447029414e+00
4.172487554220709e+01
4.449284940235916e+01
5.221825300353498e+01
2.855499658200657e+01
2.331649676119746e+01
1.555181174331895e+01
2.225108021975080e+01
1.972952341648262e+01
2.219621470300304e+01
1.293076105086634e+01
5.474733130761764e+01
3.131374168736569e+01
3.426388052025059e+01
1.991964877579345e+01
2.966502887646902e+01
6.929597890437394e+01
6.465321619280297e+01
5.063600775349699e+01
2.996925885322004e+01
2.286400898493082e+01
6.269671859345246e+01
6.150726380828176e+01
8.792916633557955e+01
7.961990175751033e+01
7.085478490723986e+01
6.830411938405787e+01
8.900928967120558e+01
3.409286897354427e+01
2.556825961245609e+01
1.523215850593157e+01
9.685001536125783e+01
1.233555828795562e+01
5.188725923741574e+01
1.954259118975261e+01
9.908363912211901e+01
3.483888629583591e+01
6.462008006154564e+01
3.449016391974416e+01
4.534287506031938e+01
5.784151980552893e+01
4.742092497061050e+01
1.802988281381776e+01
1.983526368617791e+01
1.920235642194858e+01
8.802905799263579e+01
5.086413493885851e+01
8.849833532632250e+01
5.791340091168573e+01
1.363003161439208e-01
7.650046836421846e+01
3.689612501156336e+01
7.027405736515023e+01
4.071720616925378e+01
6.674042342544553e+01
4.989395907609443e+01
9.965608832410354e+00
7.356478524094670e+01
1.950492394133700e+01
4.566486005003790e+01
1.807888751760073e+01
5.196952570787143e+01
6.234265983213795e+01
2.790593748349042e+01
5.426638054394461e+01
9.158314372952242e+01
2.375406917359404e+01
2.146322798052022e+01
7.944574569326161e+01
5.824423309333820e+01
8.474577953328648e+01
9.920245506763573e+01
3.577128012467701e+01
3.732390833893972e+01
3.388000723620877e+01
8.524178782722065e+01
6.934485825213829e+01
1.137041021667906e+00
4.347197182638197e+01
4.871812115829351e+01
8.351660016156575e+01
8.613213551516279e+01
8.561424616985687e+01
8.001123935916054e+01
2.656772128612162e+00
1.043953742386752e+01
1.050687362929195e+01
1.422876320510579e+01
8.734216554432277e+01
3.001179761719508e+01
5.989362325514370e+01
4.795496791971613e+01
6.474888006446365e+01
2.408498619873309e+00
7.586090540320654e+01
5.137322174914797e+01
6.081449541301210e+01
9.961497462336672e+01
7.283644972966819e+01
5.019486604733153e+01
1.282854509205955e+01
3.438616201020132e+01
6.423960959736240e+01
6.352436573408747e+01
6.035789151692664e+01
8.973560225671883e+01
4.876615356130812e+01
5.116261176353441e+01
9.087264327838675e+01
5.839782066568630e+01
7.073952866286949e+00
9.958702307175240e+01
4.452995613428296e+01
8.549497909168478e+01
4.502775610658701e+01
1.164177158458241e+01
9.593451651555230e+01
5.553462973587896e+01
2.775300202320935e+00
7.993883918036653e+01
3.050577278738179e+01
8.576415809139803e+01
8.202204936278147e+01
5.029530741753769e+01
8.817265671127133e+01
5.608681382429172e+01
1.668529120119535e+00
8.216429901410093e+01
5.570178840109230e+01
4.397059229387464e+01
9.936586567171190e+01
8.934399135845899e+01
7.835675435064209e+01
9.659877461222874e+01
3.794381652862943e+01
9.244509953653677e+01
2.856416400920794e+01
2.585151532006055e+01
9.112175325449637e+01
1.943680728759468e+01
8.424933598574685e+01
4.348844412876687e+01
1.902383031278096e+01
2.877929212002982e+01
9.082685834301024e+01
9.759929054304925e+01
9.189482829156091e+00
2.491793968943783e+01
4.179721052842085e+01
3.506001761884429e+01
4.856778823238229e+00
2.734363788149489e+01
2.082417566367619e+01
4.825248222251073e+01
4.108613451993379e+01
1.787743001146122e+01
4.339296000236318e+00
7.930747441915213e+01
9.116113134248235e+01
7.791397980317193e+01
5.381245322237371e+01
7.634892024861134e+01
7.360208042599358e+01
9.822051864965843e+01
2.011907092301132e+01
5.068744218474600e+01
7.834476073195448e+01
1.483746232224510e+01
7.653895750480656e+01
3.940909646423957e+01
6.317845334446916e+01
6.078829349055341e+01
6.544091606766028e+01
8.220228365725013e+01
8.956758561058324e+01
9.442433928811194e+01
7.980157415373324e+01
4.201897161175449e+01
1.934227893098364e+01
6.035038636082336e+01
8.724111755715735e+01
3.221386793638294e+01
2.042164063100779e+01
9.790316494084111e+01
8.046635015889366e+01
6.533296949478469e+01
6.899997269222512e+00
1.247641947701407e+01
3.740094715608328e+01
9.806112861170486e+01
4.484673051389247e+01
5.726471145509962e+01
2.158142492248743e+01
1.844881089331993e+01
5.548523005819192e+01
9.321430530083100e+01
6.913625312463206e+01
6.269731897055046e+01
3.695595131113937e+01
4.567521058287248e+01
8.464979090944389e+01
1.344046090424082e-01
6.463504026859768e+00
8.078647231719758e+01
8.233668831285867e+01
9.603108963744300e+01
9.218133152098456e+00
9.843749930078047e+01
1.969946172074390e+01
6.385732510306747e+01
4.699698344198847e+01
7.028890860746098e+01
8.805638290385546e+01
4.648190981078982e+01
9.468161593874991e+01
9.913426884409705e+01
2.892639922393784e+01
1.581613161406300e+00
7.089129144833018e+01
6.632734638002113e+01
3.509078455860298e+00
1.573802191565652e+01
2.359205778855461e+01
2.122416669559859e+01
5.964945794998178e+01
7.907728784674653e+01
6.292466258766347e+01
2.249961584922840e+01
8.284986111468163e+01
1.946262075540732e+01
4.899829651648099e+01
8.660788824158156e+01
6.705634923049078e+01
5.546180058990689e+01
6.818003164053896e+00
9.418725128946232e+01
5.460033107297511e+01
1.603613631615235e+01
4.537817199964923e+01
3.454068123108739e+01
4.507096644727093e+01
4.166057568120797e+00
4.829589838548372e+00
9.506085882664698e+01
7.074112117790669e+01
8.194591686220184e+01
3.226161810209119e+01
9.966752040184453e+01
6.734147284521789e+01
5.203779556417734e+01
1.891816981086422e+01
6.698421461832906e+01
6.777581747983388e+01
7.382638998042158e+01
6.882207252496019e+01
5.522851927915053e+00
6.866421232403452e+01
5.113304385502499e+01
2.802246777714345e+01
5.151407339215003e+01
7.059566461043231e+01
6.009130741473814e+01
1.653153962294177e+00
6.714900087898084e+01
3.701114837872383e+01
3.835174913441378e+01
6.133625212187705e+01
6.123872350959048e+01
1.956539043205110e+01
2.997085849287494e+01
6.591127224541793e+01
8.984130732242079e+01
3.413691606099574e+01
3.698951603704575e+01
8.490216610250164e+01
8.478488348647248e+01
2.749375674291223e+00
6.604867021834882e+01
9.139290437632840e+01
6.632200375493709e+01
1.808646573596004e+01
6.616589998182184e+01
3.707506313783819e+01
8.586228321579391e+01
4.697469554234981e+01
2.528344440519970e+01
8.782493355117037e+01
1.563890781981820e+01
7.641648826022470e+01
5.331634443873370e+01
6.715298121196822e+01
2.130096443989359e+01
4.739470251248903e+01
4.469858545097456e+01
8.844996531887443e+01
5.041880018562954e+01
8.129627121672792e+00
6.925685311167355e+01
1.837925935088622e+01
2.769501755372389e+01
6.744798313241823e+01
7.941551836180293e+00
9.233137447961205e+01
3.336462766554422e+01
1.476765867079033e+01
4.205409951603697e+00
1.814951110545057e+01
9.732257011221841e+01
7.025408016995252e+01
6.539724127640820e+01
6.364457382058938e+01
8.834054590591255e+01
2.893830529830340e+01
1.724274829832965e+01
7.420282912170646e+01
7.591300084065320e+01
8.012979965663040e+01
6.202776262631070e+01
2.463488943159343e+01
5.665521885112637e+00
9.239928135294434e+01
9.275961350312438e+01
2.696648632500623e+01
5.806933113283912e+00
6.253749149038340e+01
8.822260726626152e+01
5.622573334547958e+01
7.066711861205619e+01
6.520266899149989e+01
9.825601298280806e+01
6.192760475069639e+01
3.265065207735200e+01
9.221159414956887e+01
9.069351064539212e+01
2.108289805291355e+01
6.979252773793067e+00
8.078859121575420e+01
8.221310706912218e+00
4.301822886011481e+00
9.089960720897634e-01
7.279106228276670e+01
1.658036835332418e+01
9.492703168416723e+01
1.729367534503978e+00
7.142672360475488e+01
1.823371374897366e+01
7.764236842172330e+01
2.485214035252675e+01
8.026147637528436e+01
1.372013753918937e+00
8.102811038541985e+00
3.539990868205201e+01
9.413162730360945e+01
1.166125168635568e+01
4.600524327066040e+01
3.130264218491625e+01
7.290060015996015e+01
9.760671430155948e+01
2.733623735948291e+01
3.810326910489391e+01
4.869895058157805e-01
2.569837352526299e+01
1.407049121990357e+01
6.684554278238003e+00
1.639188412408898e+01
4.142290774799087e+00
7.485049123636004e+01
9.236302235739447e+01
9.307734723811846e+01
7.915231412237152e+01
4.805336107874911e+01
6.586840947431904e+01
7.320263156350825e+01
9.301650304953405e+01
6.759777700882302e+01
3.228785583390289e+01
1.732594939755553e+00
4.524014538398019e+01
9.618587833651615e+01
9.057943583027433e+01
1.443442241960877e+01
8.765765842406901e+01
2.597934451232634e+01
6.340461203986993e+01
1.594994101484769e+01
3.573517712565846e+01
2.007373078729665e+01
1.804240705354252e+01
6.151910231519449e+01
4.740996814677955e+01
5.614567615843642e+01
3.845314320104809e+01
6.310045689488783e+01
8.726761047135462e+01
4.513769747928610e+01
8.950022579613153e+01
1.873641652927567e+01
2.950884449738490e+00
6.239024291857622e+01
1.181376372082800e+01
5.957314765992255e+01
1.044360395075921e+01
7.768217319514703e+01
3.277577922343080e+01
7.778667550430944e+01
4.527995015740392e+01
7.740513434512781e+01
7.951927044406500e+01
4.882047388182043e+01
9.557935320566379e+01
2.905089418825269e+01
1.809345866464705e+01
8.323701158316666e+01
1.878082804325075e+01
4.728810724210371e+01
2.837881847674904e+01
9.331697756113344e+01
1.571801445247513e+00
4.642122553029155e+01
5.483607987632793e+01
5.832888048995700e+01
2.566901642161841e+00
9.201482650452053e+01
2.209011121750349e+01
2.946649893627805e+01
7.607299949790956e+01
9.145655794602658e+01
4.820291546555372e+01
7.696528778270132e+01
5.384680081803669e+01
6.531157668927293e+01
3.859703160757061e+01
6.429040481536202e+01
5.506723292873578e+01
4.216957932439148e+01
6.681825451870368e+01
8.297880253893267e+01
8.060893634362563e+01
4.034715645962728e+01
8.480720971003510e+01
7.618828950272328e+01
8.308930866564125e+01
7.845341604130968e+01
2.486597747768554e-01
8.817887869113072e+01
2.574152323684726e+01
9.407830284632664e+01
4.269488381347381e+01
8.597054052444666e+01
3.741745792209052e+00
6.064695555746879e+01
4.994742434935059e+00
8.660230803610864e+01
5.266178201542319e+01
5.704242133397722e+01
5.673048070479673e+01
4.218534410101611e+01
6.863275830104611e+01
1.446166104379187e+01
2.120922804866416e+01
7.172743853727702e+01
8.358013135547756e+01
6.270995943933257e+01
3.601784330607292e+01
1.217719256513621e+01
3.117907044067004e+01
2.836097778210462e+00
9.515599510406889e+01
7.995701557023311e+01
5.112004934396597e+01
5.944130968276472e+01
2.325973334874014e+00
2.051809994527981e+01
6.234197801088075e+01
2.110206560283064e+01
7.808336828746059e+01
4.674071704351377e+01
9.665293595597750e+01
8.389424396860146e+01
3.271125752139429e+01
4.313153011870176e+01
4.454119947950412e+01
6.766356759130190e+01
7.992377676066187e+01
9.720298149492731e+01
5.093451656910335e+01
4.372747044252579e+01
9.486659373849005e+01
9.333874722632521e+01
6.199602506216431e+01
7.362145621963845e+01
6.024254353728264e+01
3.512252365943162e+01
3.633141561240490e+01
7.656043613169362e+01
8.422352060872294e+01
7.061151790926769e+00
7.939653390990409e+01
5.885762062801869e+01
2.669942943691249e+01
6.189669536514985e+01
1.829893026421728e+01
8.837619400041932e+01
9.259859257964351e+01
5.821891359901936e+01
9.478259556683833e+00
5.569533726931333e+00
3.106874596842972e+01
1.838444467558732e+01
8.946377769553278e+01
6.009288284000609e+01
6.151597479428909e+01
3.400497712847077e+01
7.509487707870774e+01
4.143975150838482e+01
3.120795857683195e+01
2.602939360124497e+01
8.762227389385099e+01
8.680418184343920e+01
4.580118648978006e+01
8.168687665913575e+01
2.880003584027292e+00
6.043729980496564e+00
8.338898093597450e+01
7.876208498085015e+01
1.623128038655560e+01
1.148655359236829e+01
8.582323681834303e+01
3.719172367695334e+01
7.314440844261293e+01
7.284140417950293e+01
9.272216264750909e+00
8.864310448460425e+01
6.218554487553683e+01
1.870808797828298e+00
4.247392646152243e+01
5.385524269838596e+01
3.166379920750102e+00
7.354267242995215e+01
7.223968737397328e+01
5.585381344699013e+01
5.675852087175405e+01
3.375566212169624e+01
9.511015196103145e+01
8.451497130306204e+01
7.605800920913834e+00
8.704774006598058e+01
3.697741056651688e+01
2.729665251788527e+01
1.911075199912803e+01
2.009593114261326e+01
1.108414470734268e+01
7.673192549344708e+01
8.882232703679350e+01
9.447312564331718e+01
5.896014708977199e+01
6.743064851846110e+01
4.773311570646852e+01
4.131724719950801e+01
5.877475913556979e+01
9.830623119990631e+01
1.415865133244482e+01
5.151754741161948e+01
6.720394364893620e+00
8.863927898399498e+01
9.274253658612378e+01
7.600440712459590e+01
4.249452163581481e+01
5.655473617676401e+01
7.267004520290999e+01
1.473420896322197e+01
5.479932457897780e+01
2.270495557352200e+01
4.766963005423063e+00
7.518701538219444e+00
1.394353728459381e+01
2.368528471499927e+01
5.537803008005863e+00
4.717832861802463e+01
3.966941649078830e+01
2.464855505370002e+01
3.369954486084150e+01
4.865294562124319e+01
4.515028891393463e+01
2.275733152532826e+01
9.206024254302505e+01
5.447844385843652e+01
2.757547932098409e+01
3.263262344181194e+01
4.196154654117373e+01
6.982081042128652e+01
5.070991332210131e+01
8.700224649487168e+01
6.097830429718750e+01
5.743030768699493e+01
3.246439408160020e+01
7.472671404235378e+01
2.312471099343370e+01
6.291290897080345e+01
3.275988261809567e+01
2.170255385418541e+01
3.287025603133731e+01
4.368999974973966e+01
4.440750942770742e+01
4.080441521518138e+01
5.212379170214933e+01
6.633445474614132e+01
5.317717918808441e+01
4.577514289215912e+01
1.351278331759981e+01
9.154838402362000e+01
1.419350631264667e+01
3.409735603914474e+01
4.149954125354976e+01
5.934379527314743e+01
3.544374603565957e+00
2.639904894232706e+01
5.998809461481315e+01
8.419470725776381e+01
5.903167238413900e+01
7.504684099696895e+01
4.269509382671448e+01
1.394610512719774e+01
5.806983902960543e+01
3.673398123901989e+00
6.717189339323522e+01
3.769061283100891e+01
5.008058946117786e+01
3.516035663669945e+01
5.344714208200907e+01
9.015412162530893e+01
5.686291049088486e+01
8.948459424520125e+01
2.505203933690304e+01
1.270419918592284e+00
7.005704309328321e+01
7.626074067142827e+01
6.760487466473360e+01
8.346618860190091e+01
8.749871523468696e+01
9.211936862772301e+01
7.631278423420748e+01
6.980886499854218e+01
6.190470101400497e+01
1.781232544119112e+01
9.557318510281536e+01
6.544907561757093e+01
3.698208324470654e+01
7.994420192201818e+01
6.703065976827902e+01
3.243046767657179e+00
5.499104287242100e+01
2.104617740076323e+01
4.934599709200952e+01
1.558075981008856e+01
5.549922215542720e+00
8.015652591369884e+01
6.114992921294175e+00
4.648064228076517e+01
8.076313407195877e+01
5.956213500330324e+01
2.784268186792856e+01
8.747450224471955e+01
9.925431897829023e+01
3.081161153074894e+01
5.467532973488576e+01
7.933573866232099e+01
6.064873200871457e+01
2.228020435305322e+01
4.441381690297919e+01
4.814744719683539e+01
1.356012239752343e+01
1.106465575800494e+01
1.795631214881144e+01
6.530256334939159e+01
5.692703693962052e+01
8.299392027919829e+01
3.075163892039640e+01
1.138411323138704e+00
3.855519995026067e+01
8.993306923188878e+01
4.381458090795883e+00
5.288683811802736e-01
1.068963674394863e+01
1.736609061125950e+01
1.164688054083236e+01
7.089689563535940e+00
4.996061052659555e+01
1.776187350869266e+01
5.357033184430112e+01
4.650260985200415e+01
8.285714480227658e+01
1.340195947019475e+01
6.576025274850440e+01
8.211146373400067e+01
3.430773487049515e+01
9.547944911545116e+01
5.706476376255265e+00
6.346319674675501e+01
7.686305375623658e+01
9.583664261542104e+01
1.465454204690388e+01
3.048032532934115e+01
6.901298326859854e+00
7.096606240187123e+01
7.025717239373232e+01
6.455015198539485e+01
8.506919754905124e+01
7.631511831484508e+01
7.758537273741577e+01
2.362439745274577e+01
6.624818750016772e+01
7.007002144589556e+01
1.969051818348957e+01
9.320306805577272e+01
5.397311228046804e+00
1.953786705599067e-01
2.927575727425318e-01
8.495872853554725e+01
4.909927223301459e+01
1.572097293833316e+01
6.324447903933213e+01
2.642328074501049e+01
2.912293240852791e+01
1.768051228377992e+00
3.746372891471895e+01
6.958383799976848e+01
5.635090063156136e+01
5.850049483520002e+01
7.819880646569599e+01
3.321395434123182e+01
2.700889842911107e+01
3.120855662562351e+01
7.188470911788042e+01
3.463201352145151e+01
2.174618980928612e+00
4.214188146504661e+01
6.537678943266010e+01
3.484605151919930e+01
3.501185338711918e+01
6.487072881537989e+01
2.083181665317706e+01
1.752528469894327e+01
5.978050560680241e+01
7.816096715543465e+01
5.965943637288149e+01
2.237686222529824e+01
3.653575295421097e+00
1.102111032745853e+01
2.053573858949157e+01
5.859763811277116e+01
6.488419974450218e+01
7.058006975361150e+01
8.502091885778165e+01
5.992063798937976e+01
9.958480154144802e+01
3.781493727016027e+01
6.974414082697785e+01
2.406898239816957e+01
5.785124444302695e+01
1.145594781798122e+01
6.547336618670884e+01
4.257444159247654e+01
4.266450449017086e+01
3.735807525802313e+01
5.795634405592286e+01
4.483912347109948e+01
8.624239656433575e+01
9.957572654801223e+01
3.511565771657772e+01
1.451181006362280e+01
2.200923833158297e+01
4.405245140383600e+00
2.319752020910267e+01
5.694998854629230e+01
7.174707379739129e+01
8.285695658198416e+01
6.749621115973974e+01
8.124543967714787e+01
9.793368917793673e+01
8.803194974923132e+01
3.984307774335289e+01
1.867075754267664e+01
5.724251119291527e+01
1.916667382194040e+01
1.883106036988602e+01
5.682731273436328e+01
6.267893382472868e+01
8.857520119686387e+01
1.510776333283063e+01
5.899436593008897e+01
9.136637667723298e+01
2.883693973013989e+01
8.231869651112645e+01
4.185912890446332e+01
8.372773653069872e+01
4.027504052048318e+01
4.212873510184173e+01
6.322769320720234e+01
9.741355008325239e+01
4.442178413477809e+00
6.387924769142608e+01
6.486960205476247e+01
8.847423553861409e+00
8.707676790052874e+01
7.637277691456153e+01
1.671086536567233e+01
6.993372443594677e+01
3.468420744626047e+01
2.382301293491526e+01
6.786741356731739e+01
2.271615714892566e+01
1.589359539369754e+01
9.659880832610597e+01
3.314437709429505e+01
3.506026921563794e+01
4.383042130797655e+01
5.643189300616825e+01
5.120902101099911e+01
7.160015081595636e+00
3.732818809213498e+01
1.020338694108808e+01
2.377199913550727e+01
8.369784936481055e+01
5.773129079385255e+01
1.655476345520223e+01
6.772260799432294e+01
3.279712392613158e+01
7.759863095246192e+00
3.065327900957934e+01
2.818990919189058e+00
4.186569179495130e+01
8.392782233838355e+00
6.768859297395153e+01
5.071311534881271e+01
1.816938026722957e+01
3.487658926047226e+01
6.742398076105117e+01
3.089573091403383e+01
6.956079670673273e+01
9.565186328052164e+01
9.876314452791733e+01
9.227695390222452e+01
1.154545862765306e+01
9.536195280745716e+01
2.542133094995345e+01
7.443151952439524e+01
8.061279378859922e+01
8.010440928866360e+01
6.979736078986775e+01
8.777280887019485e+01
1.743259733423246e+01
3.584392742991631e+01
2.829794591679142e+01
8.768455259859775e+01
9.670289261113055e+01
4.485270937199365e+01
6.855603250142002e+01
6.116313480826241e+01
8.227622275346714e+01
6.541315157218517e+01
8.000916111283431e+01
2.414191450185232e+01
3.929839019630960e+01
4.769775408678584e+01
7.485502989723116e+01
2.577147401206730e+01
8.257434334725809e+01
1.468976415446483e+01
9.648289982997017e+01
5.213514005399082e+01
3.692510581432148e+01
2.991927211634781e+01
7.278731338343924e+01
2.282653810588016e+01
2.528122487723885e+01
9.645982966593458e+01
9.608206031661577e+01
5.894018619271935e+00
7.656423890803207e+01
2.289859811910363e+01
9.970756419920714e+01
3.899460529861721e+01
4.851022830629266e+00
1.754997112674171e+00
2.667915785064882e+01
1.553915395193694e+00
6.943355806611179e+01
6.368331534959530e+01
7.874408558883894e+01
4.487198211479559e+01
4.749946996918855e+01
5.875324670167326e+01
5.314662123711156e+00
8.679786016549815e+01
6.451000741892961e+00
4.809064988423635e+01
9.626619452436744e+01
4.766626155360893e+01
3.628186175426555e+01
9.274909435433759e+01
9.638563892635780e+01
2.830053429505813e+01
6.627202330449225e+01
8.557257800622497e+01
9.603350572103332e+01
4.183434231292193e+01
5.540600281926152e+01
7.385892708499865e+01
7.930890018088226e+01
4.219702074406530e+01
1.619016137728009e+01
6.297403684024422e+01
3.619385693976370e+01
7.493268697286616e+01
9.494050107660726e+01
3.132113978793898e+01
4.614328637073901e+01
3.416259201903017e+01
9.500445513753428e+01
2.488737195957795e+01
7.903457413382576e+01
5.789708190499670e+01
8.364061866125121e+01
8.408730937358332e+01
2.839180237073069e+01
9.009161940314416e+01
3.217795925781967e+01
8.751334552071680e+01
7.827738708736254e+01
4.222319556503705e+01
1.740709120286959e+01
7.466302596715420e+01
1.543016308705796e+01
5.386138667997968e+01
4.383597818381897e+01
1.146366876152515e+01
2.727626819502388e+01
9.468760019852203e+00
4.755232066267744e+00
6.585168329340019e+00
7.965370536765722e+01
4.222229595399568e+01
5.175396625499891e+01
8.785963770368119e+01
9.587808041641399e+01
1.648300020791730e+01
1.918077744505404e+01
5.791930372729865e+01
3.625938088458934e+01
8.727518631484136e+01
6.823219823103035e+01
2.968016631420710e+01
7.208231444101888e+01
1.819057265212320e+01
3.119837959818467e+01
1.387503371288769e+00
3.157456318455495e+01
6.337633885600433e+01
8.890084893857168e+01
2.707908527323933e+01
8.592395856321042e+01
9.462857893417988e+01
3.096897417258889e+01
7.762409503461053e+01
4.848996556759344e+01
3.681899967455259e+01
6.539713338268788e+01
7.576623376261733e+01
5.504684949063083e+01
9.384299590896956e+01
8.235140213852348e+01
7.772873336343501e+01
1.478838930595126e+01
9.226567181398426e+01
9.457226795822953e+01
1.066646972236525e+01
3.641369516794276e+01
3.589214870514914e+01
2.986999728245195e+01
5.939426420228288e+01
2.316733497342436e+01
8.771232249574378e+01
1.978414627713344e+01
2.059233375852570e-02
5.500854433281746e+01
5.098252587531811e+01
4.947091455081055e-01
3.810242518694253e+00
2.307456947074950e+01
1.438810202031774e+01
3.088932783849972e+01
8.526850141830207e+01
9.016680907931496e+00
3.263143907889325e+01
3.705493581344138e+01
5.750664652209107e+01
7.820952850310576e+01
5.198036020248213e+01
4.611612323025061e+01
3.325637794717046e+01
7.033315038789677e+01
8.662782878923593e+01
3.996900820171880e+01
8.043652748709383e+01
7.889350060322019e+01
2.982781228135704e+01
7.127821513976819e+01
8.764217257855562e+01
4.829432147009965e+01
3.986398854286596e+01
