7.553814913869750e-01
1.280670031570210e+01
9.622924942347652e+01
4.112982197717290e+01
5.870520912981835e+01
4.888211667951295e+01
9.671350335549261e+01
2.348753648041167e+01
2.359788023102930e+01
4.561482562944983e+01
4.245470587278470e+01
9.942766055438092e+01
1.256827340115247e+01
8.469109702142472e+01
1.144515462752672e+01
9.185018357441304e+01
6.880732209831817e+01
3.841121808551775e+01
8.215251843545236e+01
3.817036158320045e+01
7.432368270788513e+01
5.464078372094817e+01
1.328769778520227e+01
9.472837890252860e+01
2.988180831534872e+01
2.756794748248902e+01
2.921755995099319e+01
6.765677322058788e+01
5.339913529036527e+01
1.546570314814602e+01
2.602362475638447e+01
9.106944403195261e+01
4.430485844812583e+00
6.768243250794822e+01
4.093109576074923e+01
4.755069583074688e+01
6.860100667392882e-01
3.764459911624184e+01
5.940458972910633e+01
2.428389034433471e+01
2.534755022514032e+01
1.201442070864813e+01
6.550189213152132e+01
3.791582362629279e+01
3.532541326029478e+01
9.823416969656674e+01
6.206734062268740e+00
1.891257707910267e+00
7.245685307889099e+01
5.016780637678122e+01
4.006161929111072e+01
8.585225189377192e+01
5.429640140118841e+01
7.868607629960685e+01
6.902744275006812e+01
3.469039841307811e+01
4.890108362254737e+01
2.875080165860746e+01
5.350089075672481e+01
2.300218866346506e+00
9.884709450362581e+01
2.552246294241513e+01
2.101492649922843e+00
4.009350633253041e+01
9.320489545036335e+01
9.056009961783890e+01
6.641327532306931e+01
3.550342625728968e+01
8.067718752691391e+01
9.582381252936266e+01
3.084619670680081e+01
6.024737705488102e+00
3.267662065693951e+01
5.455774755895033e+01
8.162628071458371e+00
4.173525410785119e+01
8.971445308519269e+01
5.014729544061576e+01
1.697276766270994e+00
9.902091361536687e+01
3.445137009697564e+01
8.160433796309137e+01
2.784281858608258e+01
8.874777154473018e+01
1.041788235791860e+01
3.301634077588857e+01
9.567658463291664e+01
9.191497838679467e+00
3.126134343038376e+01
9.331498108492930e+01
6.874459477548702e+01
3.448408801783066e+01
4.738738390029752e+01
1.359320935494882e+01
4.745705521081437e+00
9.563326020521730e+01
7.180257889991746e+01
7.419672248614799e+01
8.387118525983355e+01
3.730298529253480e+01
9.485892248100552e+01
9.067218326529124e+01
6.154378110614781e+01
2.753554309137889e+01
1.548400051681511e+01
6.970640917760619e+01
7.496333121087557e+01
8.452762439126505e+01
3.741557977041955e+01
1.650604983629009e+01
3.843505537995838e+01
3.773068154125041e+01
7.213217270194188e+01
6.627787401260710e+01
6.294919734958057e+01
8.255005510642661e+01
2.163945684285809e+01
5.862578198249722e+01
6.759229990075916e+01
4.133145499105167e+01
7.598344482294445e+01
8.929410124630392e+01
8.738488833763864e+01
2.337082867667583e+01
9.267722596073395e+01
4.287616319157004e+01
7.663450887270015e+01
4.930302367978870e+01
2.781749140835250e+01
3.646049538462446e+01
8.660600897232349e+01
3.178865771358305e+01
3.785189447824466e+01
2.993373197034640e+01
1.934789331599506e+01
3.265625333071512e+00
4.864014109998948e+01
8.291589765945258e+01
8.779324972433655e+01
5.461759607056975e+01
1.081727431659460e+01
6.651329196361513e+01
9.234827761182017e+01
8.927662115976057e+00
2.527800389811304e+01
3.520265102163081e+01
6.732846417805574e+01
4.220378424143595e+01
1.787111475964594e+01
6.671301334477636e+01
9.510458456124393e+01
1.180919423317965e+01
5.600711459108029e+01
8.248947285231644e+01
1.722538825926622e+01
5.829719596463126e+01
1.129068946991614e+00
8.191322166561766e+01
5.598503023199039e+01
2.955772365888475e+01
3.032039251659084e+01
1.976143974799730e+01
6.469333733650545e+01
5.745307111994040e+01
1.719911020118702e+01
2.446094435847408e+00
1.606755024570392e+01
5.491688193516661e+01
2.192884861581440e+01
9.021886884710699e+01
4.434438345224800e+01
8.916972949596575e+01
6.906388507646689e+01
3.348040978120659e+01
1.383720432121177e-01
8.962821247504476e+01
7.189531208569898e+01
6.542585578999754e+01
3.183199666991457e+01
1.370704719503738e+01
3.466197756801824e-01
5.888492383942238e+01
8.362098642793529e+01
6.705813345828007e+01
9.426053990342680e+00
2.567796037796790e+01
2.535532937634519e+01
8.744619325150092e+00
9.470627181916790e+01
7.701843715134004e+01
3.459850760856574e+01
3.261148209339542e+01
3.759067698269649e+01
8.014234159148407e+01
4.541340700602783e+01
5.478978718388350e+01
6.418357224398459e+01
6.148095729829788e+01
6.249361651134380e+01
4.253602733022348e+01
6.534175726833836e+01
2.620541827110826e+01
6.851045278297292e+00
1.848197468485775e+01
4.295460839893418e+01
6.989417321509410e+00
8.110187113336375e+00
3.479339142087539e+01
9.522900418156246e+01
8.797072725741693e+01
1.932418459063591e+01
9.557562395724264e+01
7.658936356966819e+01
8.180804647589477e+00
9.927024324390583e+00
5.386003817145715e+01
9.027179334790995e+00
3.096043129030635e+01
5.524929680640310e+01
5.559395889546441e+01
7.921465373561468e+01
8.984780441496885e+01
2.876011539658537e+01
4.186605016787819e+01
9.144348091978742e+01
1.123985075915225e+01
6.235545368974817e+01
7.087142708286244e+01
2.353526666925069e+01
3.463920677762442e+01
1.340745441308592e+01
7.295335637077380e+01
1.284584263937820e+01
4.511321119270902e+01
9.143533105563155e+01
5.891075546802522e+00
4.873719296824988e+01
2.752535656444978e+01
2.548051598737041e+01
7.014536371927026e+01
8.863156670175100e+01
5.004033425359071e+01
6.310857891249870e+01
6.522093027141919e+01
7.567282364502215e+01
7.564801200090349e+01
1.621177299703088e+01
1.183061549059610e+01
2.556578182874517e+01
7.881643049363812e+01
7.926955939236542e+01
1.458731168629011e+01
2.031330830432163e+01
9.974188473994931e+01
4.217565639045818e+01
2.700116318976561e+01
5.079370301719462e+01
5.744067321412296e+01
3.159512236322981e+01
3.451700216835225e+01
9.207987999174738e+01
1.128004463914784e+01
7.470358492559920e+00
1.495692758586115e+01
5.639325587842300e+01
5.279262780807569e+01
2.084800313266367e+01
3.130961541613080e+01
9.910764219197800e+01
5.487182566657282e+01
6.859259678450999e+01
8.773920889372900e+01
5.747889553079331e+01
6.717596681191398e+01
5.296013911858207e+01
3.957874422873312e+00
1.336069130960884e+01
2.697666270051927e+01
7.568256839908780e+00
4.943242205746119e+01
2.074445771088100e+01
2.711344329971514e+01
8.549011931078979e+01
3.291743748491511e+01
6.829250066927285e+01
6.195390087643355e+00
6.805892925153437e+01
1.908620363990134e+01
6.809363866601774e+01
5.324064057936921e+01
5.160031861234471e+01
3.987394759425612e+01
7.721156416331026e+01
6.641102864705539e+00
7.606723298135550e+01
2.797212154975725e+01
5.546792412897009e+00
4.804480124639571e+00
6.491443541129792e+01
3.998000130056403e+00
1.224304140184216e+01
1.849200414423458e+01
4.193690984600079e+01
7.866636937422044e+01
3.354538131204684e+01
8.624228652857352e+01
7.366187710951169e+01
7.636936012486431e+01
3.077648846934386e+01
7.012728255713697e+01
3.752987973276986e+01
1.373761799826176e-01
2.230044590416385e+01
7.847783387567748e+01
5.581503834380537e+01
7.597245260885566e+01
7.159018287043561e+01
6.681660924424260e+01
4.062619476608289e+01
6.411054458660564e+01
2.005724977704568e+01
3.979693913822851e+01
9.568605874464198e+01
8.622318580105119e+01
2.652043370833641e+01
3.102969761520145e+01
1.160675627719925e+01
5.198483441583106e+01
2.333697370408893e+01
8.474244120751622e+01
2.889474324364902e+01
3.154725419895130e+01
5.111185570764908e+01
9.791974439188826e+01
1.251256885589686e+00
9.149506226717264e+01
8.416203087389563e+01
9.072392340317550e+01
3.359034496061054e+01
9.738098010298842e+01
5.909424734259687e+01
2.657805952549822e+01
3.134438699639607e+01
8.092731134077874e+01
7.664989511326417e+01
9.797210064622206e+00
5.736714585561637e+01
7.266680103385207e+01
6.969659769427804e+01
9.799334062169928e+01
4.046361718348395e+01
4.094477861232347e+01
8.161611621343350e+01
5.909776844042249e+01
4.468046959707535e+01
8.422832171629571e+01
7.796304536888518e+00
6.450847534672752e+01
9.568514618821682e+01
7.433287155550573e+01
4.925091650767760e+01
9.219599063144810e+01
9.912886661436822e+00
7.459540575491050e+00
9.063484780054300e+01
1.521483870000338e+01
8.502000928158873e+01
7.427776585066587e+01
3.678880773335174e+01
4.604660637958283e+01
7.165874590708816e+01
5.384893601473837e+01
3.287498561333631e+01
4.829846613495539e+01
3.921765756756890e+01
2.554655714218810e+01
2.369385725990583e+00
4.786324237839470e+01
8.219168171388641e+01
1.657637470242398e+01
1.788189030153765e+00
1.433606926088038e+01
5.849676907923854e+00
3.957846874351542e+01
9.110267622913358e+01
2.930744752721277e+01
6.132320038104579e+00
9.889898081258823e+01
2.646058366003474e+01
6.001994654537176e+01
7.676120101323407e+01
9.463979471225282e+01
9.213213300897372e+00
4.906399471176043e+01
7.607427238303902e+01
6.612744660402063e+01
1.888926328108146e+00
5.632481973447130e+01
9.676363169996237e+01
4.772847622992866e+01
7.140887951078306e+00
8.826818381821187e+01
7.121457432918929e+01
6.788429853873527e+00
9.127131667512995e+01
1.043223185019206e+01
4.954075424444897e+01
1.892662472972955e+01
4.629652637350211e+01
3.833686399196129e+01
3.550299947871966e+01
2.487143782194305e+01
7.766962800066435e+01
7.672600316662621e+01
6.444990661202461e+01
6.877230422979794e+01
3.867811143336730e+01
8.825669707183572e+01
6.847994218975303e+01
3.503209838412334e+01
9.988516783336419e+01
8.132342532338734e+01
4.085019526111437e+01
5.821079279212784e+01
6.799751299805823e+01
9.396674767786951e+00
4.282425285448518e+01
6.988643932616638e+01
4.860517287096249e+01
5.943369076560889e+01
7.771412775745343e+01
8.515963721329329e+01
9.577460838285023e+01
5.057482549481784e+01
2.517551077770792e+01
3.897319121238458e+01
6.986322587815263e+01
5.221825300353498e+01
3.961320069600512e+01
8.295162710498629e+01
6.448700933926134e+00
2.225108021975080e+01
1.781791249188498e+01
5.715016422660564e+01
7.579356821989342e+01
5.474733130761764e+01
3.131374168736569e+01
3.426388052025059e+01
6.999917517881802e+01
9.979368387711871e+01
6.929597890437394e+01
6.465321619280297e+01
5.063600775349699e+01
2.046056996121098e+01
1.929374040071561e+01
1.316722161749714e+01
3.738503760536436e+01
4.720224833451316e+01
3.400099511910276e+01
1.540378682101322e+01
2.155168402080968e+01
6.076778870111694e+01
3.409286897354427e+01
6.925355860463044e+01
1.523215850593157e+01
7.986155174666156e+01
1.233555828795562e+01
5.188725923741574e+01
4.906826831822669e+01
9.584813173666976e+01
3.483888629583591e+01
6.903900721531316e+00
2.133471929530367e+01
9.197022723591431e+01
6.405406494813694e+01
2.270108373961462e+01
1.210130109083899e+01
2.333812398060137e+01
3.717276339287532e+01
8.802905799263579e+01
8.718440736978521e+01
1.678313813953806e+01
9.667416610600155e+01
3.235411603579023e+01
3.724370810074905e+01
8.285746256953918e+01
4.552133765328738e+01
4.071720616925378e+01
4.497545577817385e+01
2.857499859695090e+01
9.965608832410354e+00
3.504454276293728e+01
8.934278729806783e+01
8.248110813204251e+01
3.578069835704784e+01
6.854014474364936e-01
6.234265983213795e+01
2.790593748349042e+01
8.189124152152391e+01
1.679009106792048e+01
2.375406917359404e+01
5.604355621898712e+01
5.620322374450193e+01
5.083280422297902e+01
4.801378340833531e+01
8.774805678415487e+01
6.145599794641882e+01
2.225182970159307e+01
3.388000723620877e+01
8.524178782722065e+01
6.701439217059611e+01
8.338029984542182e+01
1.541189943226609e+01
3.057811424628743e+01
3.062470412376556e+01
8.613213551516279e+01
1.343557676926049e+01
8.001123935916054e+01
2.728435323912853e+01
1.043953742386752e+01
2.888239618804417e+01
1.731688576625515e+01
2.493817234641787e+01
9.406382771863781e+01
7.912842281122153e+00
2.083210182414954e+00
6.474888006446365e+01
7.892924439112154e+01
3.249765598797130e+01
5.137322174914797e+01
4.103782467592406e+01
6.199574091564666e+01
3.268402681345307e+01
6.473181651194199e+01
1.282854509205955e+01
5.758222921638853e+01
5.247987324953073e+01
9.678462962470233e+01
2.949639923381452e+00
6.356605401428699e+01
9.541339091743035e+01
4.105492855471323e+01
6.183664214882844e+01
1.082529034969643e+01
7.073952866286949e+00
9.246134627259399e+01
6.348089792927769e+01
1.397772310952550e+01
6.860738804964693e+01
6.866982377537984e+01
7.238875570352596e+01
7.332842847021689e+01
8.082136888095242e+00
3.227094050136905e+01
8.554642735307404e+01
1.599497916921739e+01
5.804579875340955e+01
6.214148526179674e+01
4.024271277722097e+01
6.277211763093812e+01
3.878195585626268e+01
8.216429901410093e+01
5.570178840109230e+01
7.450497884978772e+01
4.601235391852090e+01
8.934399135845899e+01
5.216379284493802e+01
3.882856179905523e+01
3.794381652862943e+01
9.244509953653677e+01
2.856416400920794e+01
8.687248727626749e+01
2.507746481573091e+01
2.389492328460092e+01
8.856271178860344e+01
2.561961115599592e+01
1.902383031278096e+01
2.877929212002982e+01
2.898342317388553e+01
8.626258083910801e+01
9.744911589540965e+01
1.198608992248126e+01
5.829208603049260e+01
2.244160977305920e-01
6.802657380142556e+01
3.556291965561124e+01
7.602104278096047e+01
6.735881672583466e+01
8.782582738801177e+01
1.787743001146122e+01
1.398533536772492e+00
7.930747441915213e+01
9.116113134248235e+01
7.791397980317193e+01
1.986376429901634e+01
4.355664683671512e+01
8.415123623989115e+01
5.023755866579598e+01
1.517748200110043e+01
7.561033259872828e+01
7.834476073195448e+01
4.374164605687449e+01
7.653895750480656e+01
3.042845624984636e+01
2.800207837857403e+01
6.018059745439356e+01
3.760480253845677e+01
8.220228365725013e+01
2.135927296306904e+01
9.442433928811194e+01
7.980157415373324e+01
7.330319964015074e+01
7.631491547278824e+00
8.761409152653724e+01
3.332926315876155e+01
1.694450951970392e+01
1.329843360618615e+01
9.790316494084111e+01
8.046635015889366e+01
6.150777515094158e+01
6.899997269222512e+00
1.443426050917910e+01
4.464044386737069e+01
9.806112861170486e+01
3.911029968369300e+00
2.580580996619808e+01
7.803682329973059e+01
1.844881089331993e+01
8.435255828516212e+01
9.321430530083100e+01
6.367259880698872e+01
3.772573267935111e+00
5.653795821430998e+01
4.567521058287248e+01
1.182281631595586e+01
4.087310863699443e+01
8.633601608981193e+01
6.787088372179814e+01
8.523145657276336e+01
7.768049015555553e+01
6.351628539316183e+01
1.455346202224189e+01
8.099848864646559e+01
7.114777694044065e+01
2.167553502213002e+00
1.432775180522713e+01
8.805638290385546e+01
6.741862407299625e+01
2.367805769838302e+01
7.239561265911702e+01
1.659024805603095e+01
1.581613161406300e+00
1.161068832111111e+01
4.432229220137106e+01
3.509078455860298e+00
9.074090318323155e+01
2.359205778855461e+01
2.122416669559859e+01
3.418683285554258e+01
4.617147075299708e+01
6.292466258766347e+01
4.247576810534846e+01
2.756583081910658e+01
1.171615832099512e+01
6.863118674076684e+01
3.938864713506244e+01
1.185056297660366e+01
7.691984096398569e+01
6.818003164053896e+00
8.690494512529344e+01
5.149289018078376e+01
1.603613631615235e+01
1.458407100969184e+00
7.429979284028512e+01
4.192359314389694e+01
4.166057568120797e+00
5.798873228858632e+01
3.001587955747539e+01
5.064796742547675e+01
8.194591686220184e+01
3.226161810209119e+01
3.568219576761229e+01
6.734147284521789e+01
5.203779556417734e+01
8.000448796898336e+01
3.409382562809336e+00
6.777581747983388e+01
5.013259008998637e+01
4.257485719517565e+01
1.962650288810325e+00
6.866421232403452e+01
4.358227953481595e+01
1.261205971828292e+00
5.151407339215003e+01
7.059566461043231e+01
6.989239271259513e+01
6.325853879715248e+01
3.765201379435696e+01
2.485959549660776e+01
7.051806960744693e+01
8.459268653979184e+01
9.161147945169894e+01
4.129388581090322e+01
4.134142768631756e+01
6.591127224541793e+01
6.463635687932202e+01
4.496738828949974e+01
8.917180010544685e+01
9.776370618388229e+01
6.405933604764721e+01
7.083859004585007e+01
6.604867021834882e+01
9.974153181525949e+01
6.632200375493709e+01
4.886216067190382e+00
6.616589998182184e+01
5.206881698782966e+00
8.486848463531047e+01
2.987860982766310e+01
2.528344440519970e+01
4.365392250179030e+01
1.563890781981820e+01
6.600252658408253e+01
5.331634443873370e+01
6.812472407153096e+01
8.959053265377437e+01
1.480752113964759e+01
1.331110108332294e+01
4.256860806726321e+01
3.966711668282147e+01
2.906219285403480e+01
8.245162865261157e+01
2.718920401632283e+01
2.946193657324739e+01
6.744798313241823e+01
5.837227183318338e+01
9.233137447961205e+01
6.876044458186274e+01
4.493106787322604e+01
4.205409951603697e+00
3.281978058294383e+01
1.838266189134804e+01
3.721874460448453e+01
6.539724127640820e+01
2.018016102732167e+01
9.401803561207747e+01
2.893830529830340e+01
5.484635525143070e+01
2.697344530698538e+01
4.218594196354316e+01
7.316878162006326e+01
3.908293691421064e+01
6.836861268075583e+01
1.145472736631275e+01
5.513843235333377e+01
1.842117496692630e+01
2.696648632500623e+01
5.806933113283912e+00
3.403475276848057e+00
1.541645159731454e+01
7.001713405829720e+01
1.556144678758525e+01
2.606549669339577e+01
7.805293005800476e+01
4.068450328925834e+01
5.670717193591742e+01
5.557860986123728e+01
4.902503869916547e+01
1.861899756762152e+01
3.122681706735250e+00
8.078859121575420e+01
1.240527956392862e+00
9.880907628629780e+01
7.817677132700419e+00
7.279106228276670e+01
6.794639670660085e+01
4.992263785094146e+01
1.729367534503978e+00
7.142672360475488e+01
1.823371374897366e+01
7.673712436889164e+01
4.024132901813896e+01
4.779902880443215e+01
6.861977282381607e+00
5.169605643101784e+01
4.019831011081036e+01
2.528315224930791e+01
5.274131645110497e+01
3.793304354787480e+01
5.701542834612327e+01
9.635518453845529e+01
6.343309858973748e+01
2.733623735948291e+01
2.242068123185107e+01
6.063943661779139e+01
1.326137837640074e+01
7.227923421760985e+01
6.684554278238003e+00
6.228641707556621e+01
9.183681923515947e+01
1.934072818576392e+01
3.288534965034823e+01
4.233700993579673e+01
7.915231412237152e+01
4.805336107874911e+01
2.633710043799928e+01
4.709871082897238e+01
9.062566463399011e+01
9.116384670658216e+01
3.228785583390289e+01
6.752174774535081e+01
4.524014538398019e+01
5.713999618642963e+01
1.504519861892108e+01
6.799986505322153e+01
4.154150934961694e+01
7.811114577488561e+01
4.233358928111083e+01
1.594994101484769e+01
6.391238806020114e+01
2.007373078729665e+01
1.583379996746490e+01
3.496020884949723e+01
3.740454178182620e+01
1.305869152446217e+01
9.559964546728862e+01
7.310834167204254e+01
8.726761047135462e+01
1.181769189975117e+01
9.842311623432819e+01
9.140990129271984e+01
3.115842013208122e+01
8.668070108940857e+01
1.857316741653400e+01
7.200449196249455e+01
8.477017250134152e+01
4.491026785453328e+01
5.453606846487899e+01
6.263715725514906e+01
6.755479097718130e+01
4.140192365339115e+00
1.284580915833163e+01
2.869267870145509e+01
9.398564537707048e+01
4.520410361942095e+01
4.954517960992884e+00
7.787970201013596e+01
1.878082804325075e+01
8.997556105720605e+01
2.980998048084321e+01
5.451600516890921e+01
4.027400665929262e+01
2.044799077345430e+01
9.248215886414151e+01
6.314932739508773e+01
8.286056224389959e+01
2.540221392428606e+01
9.928602655384971e+01
2.946649893627805e+01
7.607299949790956e+01
1.159033696706888e+01
4.820291546555372e+01
6.837832600268457e+01
5.384680081803669e+01
6.001667918638172e+01
3.859703160757061e+01
6.429040481536202e+01
5.856420079179304e+01
9.491888643005811e+01
6.366625850259617e+01
3.598673578164854e+01
9.905907879539723e+01
9.382516350309605e+01
5.481167047042943e+01
2.236895776464090e+01
6.939805064787997e+01
5.150421417853991e+01
2.857187880602287e+01
6.234451647025744e+01
8.439873903263302e+01
9.407830284632664e+01
5.718687612432375e+01
8.175378184847244e+01
7.882985006032040e+01
8.698944462788731e+01
4.490310924356017e+01
1.233653231167073e+01
5.266178201542319e+01
5.704242133397722e+01
3.118114030509309e+01
4.961156442277672e+01
4.189827849245550e+01
2.626190582581884e+01
2.669188125370624e+01
7.091588711874368e+01
3.991583871651247e+01
5.837270829750817e+01
4.994500686877640e+01
1.217719256513621e+01
4.879538717157924e+00
3.561124677565473e+01
7.463410001929574e+01
5.235067347639737e+01
2.943641023218465e+01
7.941070170114315e+01
6.167676456350682e+01
6.846567735470165e+01
3.091491583311694e+01
7.396727636175568e+01
7.808336828746059e+01
7.239469106886288e+01
3.234913560205565e+01
5.139186240331822e+01
5.414847287076920e+01
4.313153011870176e+01
7.498651453060401e+01
6.766356759130190e+01
2.351551792748064e+01
9.720298149492731e+01
5.093451656910335e+01
4.618252233890003e+01
3.698973745898797e+01
8.513899635762860e+01
8.095856410495870e+01
5.497962783788314e+01
5.605488342980615e+01
2.087440277490504e+01
7.588208139682285e+01
2.799987174943083e+01
1.935444228321055e+01
6.664393081639145e+01
2.096044329039773e+01
5.885762062801869e+01
2.669942943691249e+01
9.304752880383633e+01
2.336417516850129e+01
8.934414074260003e+01
6.151320611197185e+01
5.821891359901936e+01
3.835727816371121e+01
9.232339989036480e+01
2.738162531861180e+01
1.838444467558732e+01
8.032046979308150e+01
8.082225494125032e+01
6.151597479428909e+01
5.530698432368551e+01
7.987383700901356e+01
5.400917355623523e+00
4.268515735989677e+01
2.311455482762053e+01
6.009757563476338e+01
8.680418184343920e+01
8.253551185249142e+00
4.105613969315595e+01
3.465452265676787e+01
3.538714062207711e+01
8.338898093597450e+01
7.876208498085015e+01
9.230830636448614e+01
8.128498475127154e+01
1.465078960855063e+01
5.591942488957170e+01
2.523845821862968e+01
3.364539385477332e+01
4.896695364684190e+01
4.860263338713098e+01
4.437698309513600e+01
1.870808797828298e+00
2.881724388749210e+00
3.639267386700617e+01
2.803559556046296e+00
2.955550641266420e+01
7.223968737397328e+01
8.312402939569392e+01
2.412711266620416e+01
3.164241981303432e+01
9.765259926098055e+00
9.025159836292806e+01
7.519541363008106e+01
8.111617103271008e+01
1.336615314398247e+01
5.448298000473668e+01
6.079106585159482e+01
2.009593114261326e+01
1.108414470734268e+01
7.673192549344708e+01
5.548307181125650e+01
9.447312564331718e+01
5.896014708977199e+01
7.823644530877306e+01
2.516182275729339e+01
5.810323690907249e+01
4.224533110030244e+01
6.399310513585485e+01
9.174863081041194e+01
8.312282379862053e+01
6.720394364893620e+00
8.978402646714078e+01
9.360298351086816e+01
7.600440712459590e+01
4.249452163581481e+01
9.640654311348057e+01
4.503296932439923e+01
1.473420896322197e+01
5.479932457897780e+01
2.942856602809791e+01
2.226027498126974e+01
6.456458455164199e+01
4.566232894810957e+01
1.664567935124304e+01
9.907775712156564e+01
4.717832861802463e+01
8.650297219236521e+01
2.464855505370002e+01
6.727425976063789e+01
6.666777905387235e+01
4.515028891393463e+01
2.275733152532826e+01
2.413744117325984e+01
9.876685878204501e+01
4.481277072094976e+01
6.289208809048500e+01
4.273995060601269e+01
4.896273917935916e+01
2.688519317977372e+01
4.861872645496332e+01
6.209146467134891e+01
3.948093165619343e+01
7.564152543230054e+01
5.569444813565092e+01
5.495839456792846e+01
6.457945320968491e+01
3.128145017255165e+01
9.999136389232770e+01
9.785524113003873e+01
4.368999974973966e+01
5.540209447750919e+01
8.136012716282166e+01
5.120870128795910e+01
4.947686332719255e+01
3.676119546255153e+01
4.867090682902882e+01
6.009290556427692e+01
9.284659567887270e+01
8.539729755623140e+00
4.074109198560058e+01
7.455763387240360e+01
6.385414123714629e+01
5.661922793677972e+01
2.639904894232706e+01
5.998809461481315e+01
5.213018811872704e+01
5.903167238413900e+01
1.949109561717654e+01
3.109882894488928e+01
8.847235631592216e+01
6.204908744527449e+01
9.319029361623818e+01
6.717189339323522e+01
6.512574947677821e+00
5.008058946117786e+01
6.066081582599357e-01
5.344714208200907e+01
9.015412162530893e+01
8.290304633923948e+01
6.894726924083534e+01
7.771332877581628e+01
1.270419918592284e+00
3.028900941381650e+01
7.626074067142827e+01
9.172155749598591e+01
2.582398076812922e+01
3.088135306298796e+01
9.946246980664435e+01
3.371383558666047e+01
3.622938982966793e+01
4.020356174567880e+01
5.578633982491975e+01
3.275224009191256e+00
4.752097914345608e+01
6.966544458161361e+00
5.556127967106238e+01
5.918143026492625e+01
6.855370759430980e+01
8.538731964555910e+01
1.876524091640731e+00
4.934599709200952e+01
5.349714171769896e+01
2.394028977674446e+01
6.138164273527528e+01
5.473074310213828e+01
7.282503152863356e+01
8.076313407195877e+01
1.055740300126253e+01
7.381076448308805e+01
5.079408062193267e+01
9.925431897829023e+01
6.428061009584023e+00
8.909922143868134e+01
7.933573866232099e+01
8.863850729010929e+01
2.144075381636655e+01
1.493578004414950e+01
4.814744719683539e+01
2.793125539456087e+01
4.864961563080998e+01
1.795631214881144e+01
6.530256334939159e+01
5.692108508987403e+01
6.221616722746573e+01
1.565579628369575e+01
3.833078781065102e+00
2.811239120928216e+01
8.993306923188878e+01
3.244133714234519e+01
9.606612077730993e+01
9.180959332352950e+01
8.946740100601102e+01
1.164688054083236e+01
6.999724952969572e+01
4.996061052659555e+01
1.776187350869266e+01
5.357033184430112e+01
7.828575055035098e+01
5.810831392095811e+01
1.663304544828508e+01
6.576025274850440e+01
5.815732793796683e+01
4.421357100094369e+01
8.223108909196736e+01
4.726912721398712e+01
1.169961374797840e+01
1.069987467988388e+01
9.583664261542104e+01
3.121947410107565e+01
3.863113007444475e+01
1.085452288894659e+01
9.016041727278402e+01
6.765947168118296e+00
6.777560797882062e+01
3.655968603517846e+01
2.242174345181405e+01
3.166323752685601e+01
2.362439745274577e+01
3.772870699769291e+01
6.410457466920120e+01
8.262638001825027e+01
8.378566670407805e+01
8.743611205715504e+01
3.133739872432193e+01
2.927575727425318e-01
8.495872853554725e+01
8.799210818856588e+01
1.572097293833316e+01
7.035651550179185e+01
5.535226522728441e+01
1.323824264725589e+01
6.348838315507788e+01
4.257749954358559e+00
3.629934915169112e+01
5.635090063156136e+01
8.888655462716079e+01
3.304703469995736e+01
3.321395434123182e+01
8.472319719601570e+01
7.921843700074518e+01
9.505047695480775e+01
9.162449552287558e+01
4.977685401671420e+01
5.903834978073759e+01
9.236191538738177e+01
3.873430506267319e+01
2.423816757474009e+01
4.296216217007589e+01
5.847044897194507e+01
1.601655549184259e+00
8.812972753687284e+01
9.623310081485337e+01
4.575254122994492e+01
2.237686222529824e+01
5.721863981206838e+01
9.953545746371870e+01
7.335590714279371e+00
7.614869576699506e+01
9.614065466268950e+01
4.007694699805088e+01
3.150096094771333e+01
5.992063798937976e+01
9.958480154144802e+01
9.556892001795066e+01
4.567824641507038e+01
4.928480230704174e+01
4.709579718629634e+01
9.367720931473990e+01
5.704149140838603e+00
2.332433053447135e+01
5.049275222723035e+01
3.735807525802313e+01
3.419893711535211e+01
4.483912347109948e+01
8.624239656433575e+01
7.777580436215541e+01
6.402993917652869e+01
1.451181006362280e+01
1.800957183260916e+00
6.627435347357502e+01
2.319752020910267e+01
8.993068472013374e+01
7.174707379739129e+01
8.285695658198416e+01
3.163238783908653e+01
1.151701710723202e+01
3.406409091971074e+01
1.352819335345560e+00
8.766571292079320e+01
3.020474553583411e+01
4.142976637996257e+01
5.624801197845862e+01
3.958364284577949e+01
4.499509648652518e+01
6.267893382472868e+01
8.526188926084987e+01
8.089629513253286e+01
4.598260812739963e+01
3.336512196500092e+01
9.998404798097165e+01
8.855704976644230e+01
5.183474479794258e+01
7.386740300518805e-01
2.275598683522827e+01
9.410924529382459e+01
6.322769320720234e+01
2.293000408584718e+01
4.442178413477809e+00
6.387924769142608e+01
1.942278836826924e+01
7.083049950694222e+01
8.707676790052874e+01
1.466164598924184e+01
1.671086536567233e+01
6.993372443594677e+01
5.569962763958593e+01
2.822788251947047e+01
6.328603348847760e+00
2.271615714892566e+01
7.158392820115384e+01
1.769250417952077e+01
8.907661959020263e+01
8.853008723283656e+01
8.525084102770818e+01
5.643189300616825e+01
2.319163290001062e+01
4.253803628615012e+01
2.835161482372862e+01
1.020338694108808e+01
4.052513704659656e+01
1.168162148058490e+01
9.252208345221452e+01
7.331187961311633e+01
6.742558584894314e+01
3.279712392613158e+01
3.742351338147350e+01
1.000599097926449e+01
6.386115777486058e+00
2.556030928416192e+01
8.392782233838355e+00
4.963346237765321e+01
4.997384718152408e+01
1.816938026722957e+01
4.577872312896826e+01
3.689483932074850e+01
3.482170488444236e+01
6.956079670673273e+01
2.223534165985665e+01
2.230946352812902e+01
2.406793601069038e+01
1.512585366849129e+01
2.039390058275028e+00
2.879622966460708e+01
4.295779384810375e+01
8.061279378859922e+01
6.286794574133491e+01
2.260666593099323e+01
8.777280887019485e+01
1.743259733423246e+01
3.897160181727801e+01
2.829794591679142e+01
1.955522332319767e+01
2.836601083556470e+01
3.460516544739025e+01
4.862956015794983e+01
2.292629076304207e+01
2.026290307765031e+00
8.101362119476015e+01
9.137380881764638e+01
2.414191450185232e+01
4.351662413380883e+01
4.769775408678584e+01
7.756044682001716e+01
2.491466129427527e+01
8.257434334725809e+01
1.445528609419953e+01
3.115612763499660e+01
5.213514005399082e+01
5.799721165466924e+01
8.204582975341279e+01
7.278731338343924e+01
2.282653810588016e+01
2.204779746106258e+01
6.679680355209709e+01
1.608085912469814e+01
2.143213037468126e+01
6.299167418060436e+01
6.587942105991739e+01
9.970756419920714e+01
2.088430976536326e+01
4.851022830629266e+00
1.754997112674171e+00
2.667915785064882e+01
7.932597127711678e+01
5.504051454134310e+01
8.906909329307689e+01
4.827167119284704e+01
4.487198211479559e+01
6.289262681402854e+01
3.964547996392729e+01
8.465340444103508e+01
1.359933857507973e+01
9.199415230750765e+01
2.159209755323459e+01
9.626619452436744e+01
9.820235911673045e+01
7.666913735525178e+01
9.825036614120489e+01
9.648332283668375e+01
7.320696756858703e+01
6.627202330449225e+01
3.448389663104150e+01
7.777686676838289e+01
7.341488156161033e+01
6.563278188259936e+01
2.387027341121355e+01
6.326647268760319e+01
4.219702074406530e+01
3.973834809834992e+01
7.297572767034906e+01
5.182975919536770e+01
7.493268697286616e+01
4.600445010978936e+01
9.226929233049475e+01
8.173956194973530e+01
5.628783239810161e+01
6.615775854613528e+01
8.399182398989416e+01
1.335463720064361e+01
5.789708190499670e+01
4.995837446765898e+01
8.408730937358332e+01
6.502043863992228e+01
7.550644831522668e+00
6.022189285616479e+01
8.751334552071680e+01
7.911696344572910e+01
4.222319556503705e+01
1.784804603916036e+00
2.236326691804606e+00
7.155737912820530e+01
8.208100045196758e+01
4.383597818381897e+01
7.934679341472071e+01
8.442499376108171e+01
9.468760019852203e+00
3.217066779368122e+00
6.094899264208460e+00
7.965370536765722e+01
6.577486524627305e+01
8.690686812014638e+01
8.785963770368119e+01
6.818845591889156e+01
8.815418597690491e+01
1.304542436871930e+01
4.992801782206075e+01
3.625938088458934e+01
8.727518631484136e+01
6.823219823103035e+01
4.711107022460134e+01
9.324147370329195e-01
4.148294382797692e+01
3.119837959818467e+01
4.741168117495798e-01
5.702697916749258e+01
1.602659007349359e+01
2.513211370684771e+01
6.277998311574569e+01
6.219393194755257e+01
1.614459167055068e+01
1.742111240393534e+00
2.447499936654931e+01
4.848996556759344e+01
3.681899967455259e+01
6.539713338268788e+01
5.173177614423064e+01
5.504684949063083e+01
7.038859514072006e+00
8.874548514780844e+01
8.683829572370197e+00
1.478838930595126e+01
7.565235322138871e+01
2.945996165716088e+01
9.691504402873807e+01
3.641369516794276e+01
1.375304535671745e+01
9.093019845473124e+01
8.248557526733986e+00
2.793827793930577e+01
2.485004017355388e+01
6.604521310238411e+01
8.269410588904009e+01
2.919526632372069e+01
2.184991031971290e+01
9.351945444639746e+01
3.135335367701638e+01
3.787650039320648e+01
7.879241466465984e+00
9.413333679276208e+01
9.079412063155048e+01
6.816602776207310e+01
5.914964655374626e+01
6.289259640634647e+01
5.750664652209107e+01
7.820952850310576e+01
5.198036020248213e+01
4.611612323025061e+01
3.325637794717046e+01
4.582335606488556e+01
8.662782878923593e+01
9.307465939460073e+00
8.043652748709383e+01
6.929784946576592e+01
2.982781228135704e+01
7.127821513976819e+01
3.310438861749339e+01
8.127281362250113e+01
3.087587604805635e+01
