3.200717048347330e+01
2.910481911576577e+01
5.100065327761725e+01
9.184991302520498e+01
4.326995017159263e+01
6.096936113246222e+00
1.631441885433831e+01
5.402369552944959e+01
1.199836284480913e+01
2.834125297532475e+01
1.314881826431901e+01
3.145045551073293e+01
4.134983394357833e+01
9.204449583405838e+01
8.446023849978123e+01
1.860693531046013e+01
2.339093756088565e+01
5.463436034258192e+01
8.834967077167224e+01
7.286681028682125e+01
8.439610110800531e+00
4.704396629102713e+01
2.214532467636528e+01
8.340442058788818e+01
8.045212290270818e+01
1.566891810655078e+01
7.261810385278338e+01
1.305494132128309e+01
6.205041523186975e+01
5.847875152643712e+01
8.384718870923258e+01
5.887335518322575e+01
8.923657559288506e+01
7.267623402768571e+01
5.072326820843074e+01
3.250652576447769e+01
9.912235201295574e+01
6.703768706276905e+01
6.748777533298720e+01
6.397609383052965e+01
8.249156865407321e+01
8.443728838322558e+01
8.114039761998709e+00
2.384140255108541e+01
2.200509487744658e+01
1.584215136982601e+01
4.244833786154555e+01
3.880773346815619e+01
3.626203547989113e+01
3.079800858665165e+01
7.273953197185860e+01
7.891612186977459e+01
6.048696099803175e+01
9.488485669479000e+01
2.042744682190355e+01
4.093908385417382e+01
6.889841736708694e+01
3.376810878225049e+01
5.399402522202303e+01
2.983647642183885e+01
2.146116631173583e+01
1.129174647447269e+01
8.870983165163074e+01
7.983043090432437e+01
8.396798050215838e+01
5.501882795012502e+01
9.329451070786197e+01
1.624639104876965e+01
4.197906420658299e+01
6.078228604084919e+01
8.022248487929929e+01
5.728055343836572e+01
4.879601860828512e+01
7.564903417399573e+01
1.280375798829075e+01
2.170135850166034e+01
5.420100160604390e+01
5.525209584983629e+01
2.157408018669769e+01
9.046303708593503e+01
2.930538963028481e+01
4.346313189876412e+01
2.900241107167789e+01
8.199674043897389e+01
8.919846880678016e+01
4.942985789358143e+01
1.019199705225974e+01
5.809688612730098e+01
3.697247027278527e+01
4.147017446415041e+01
8.904571872625766e+01
6.393657488000419e+01
5.276192093862310e+01
6.024391914729211e+01
9.049761392664985e+00
3.672990144078149e+01
6.907096489755016e+01
1.783858440715754e+01
9.947105203730568e+01
6.147805743919595e+00
6.312655814137615e+01
4.490117544536534e+00
9.511016122769107e+01
5.606033702197500e+01
1.461045891726877e+01
7.913919169415682e+00
3.004749097397900e+01
7.163033721578789e+01
6.316601501925197e+01
3.647029736846233e+01
3.359803447201756e+01
1.843674695977790e+01
7.993342926722646e+01
7.448185359802183e+01
9.575318484369349e+01
6.467934170024438e+01
3.770676648137475e+01
8.322933408582087e+01
9.323053820674798e+01
1.465868536134189e+01
2.469950850340515e+01
7.791104036286056e+01
4.387801589624864e+01
7.746142948859438e+01
3.815495946358654e+01
1.875306666770627e+01
1.419133088280974e+01
6.539935873141482e+01
5.527204943600672e+01
1.366238287354930e+01
4.397978416829360e+01
4.385596953511982e+01
4.692268438959619e+01
3.908994539598466e+01
9.991630655709483e+01
8.125657741038901e+01
4.700386456540034e+01
5.679223097711440e+01
9.869217332391635e+01
1.016987958465232e+01
8.413802091224959e+00
9.342535403250967e+00
5.938599904039222e+01
4.318148356079192e+01
9.761944403761041e+01
5.513918383751958e+01
7.860825261036318e+00
3.532621047241902e+01
3.836851792334045e+01
8.271317565008680e+01
9.911696175072201e+01
6.306802642674560e+01
6.498943248996018e+01
4.299497764697065e+01
4.052945586877384e+01
3.030377786155035e+01
9.592275498245040e+01
7.643551513386682e+01
2.671718505523968e+01
1.497185319427953e+01
1.886808197892647e+01
3.166572844221523e+00
6.959341190270773e+01
6.579076636852267e+01
4.794654317570224e+01
9.633815190584313e+01
9.285260247665113e+01
5.819986567748704e+01
5.313038283639140e+01
6.635390336921154e+01
8.379229953689142e+00
4.876994050516279e+01
7.569643877246251e+01
6.776522899408137e+01
9.195142411252084e+01
7.331588276350679e+01
2.290441278503482e+01
9.981224937355717e+01
8.642093189359686e+00
2.254128508388125e+01
8.808898333836765e+01
2.415047871142183e+01
7.066817356770308e+01
5.307841578176171e+01
5.717726049813314e+01
6.487041300389468e+01
1.439624210558657e+01
6.215781628254700e+01
5.374269655614285e+00
4.638379860966643e+00
4.294819759342270e+00
8.797436942717729e+01
1.675392026861847e+01
3.595749220622587e+01
9.003311800306342e+01
9.222654318075001e+01
7.022638352132699e+01
3.928952298094030e+01
5.042640881167092e+01
8.022350765775121e+01
5.643426303585724e+00
8.010954320435856e+00
8.490095123876861e+01
9.826547959738666e+01
8.341692671338883e+01
7.941214371445224e-01
2.887252430844704e+01
7.707781320301714e+01
2.075712150929361e+01
6.329784098234859e+01
2.649055888247236e+01
9.425891246379302e+01
8.744831974033653e+01
5.083151601759322e+01
4.100599467801209e+01
1.529738875818317e+01
1.570192897492178e+01
6.173357035114131e+01
6.839740419220058e+01
4.600295985397089e+00
8.214699816058716e+01
1.051341956970907e+01
2.884264761993785e+01
9.890091842920562e+01
4.647091177593494e+01
1.887576557643514e+01
3.935354060463306e+01
4.117253317552271e+01
1.761486009583569e+00
3.302908094275234e+01
2.139604078670779e+01
9.120410489440155e+01
9.779090378330596e+01
2.506455654514234e+01
7.445746174755388e+01
4.989028272679554e+01
2.585867798228686e+01
2.719971767030643e+01
1.510791090089265e+01
3.202860715427837e+01
9.049755869922114e+01
4.159846978336502e+01
2.689863155917201e+01
7.794587839299155e+01
9.242998580095824e+01
7.362484781706000e+01
2.068534848312165e+01
8.131914729313886e+00
4.541324449023848e+01
8.908275267532223e+01
3.201833592356105e+01
2.756024260425952e+01
6.177497658029895e+01
6.086098354349890e+01
2.646116098689901e+01
3.953989364185366e+01
1.296369722716682e+01
9.332148553492571e+01
8.071242681737637e+01
8.149823517608374e+01
2.635056643111192e+01
2.108467604084158e+00
5.769021727968483e+01
3.392763381541130e+01
5.249795655370595e+01
6.227245058970175e+01
8.381791654220685e+01
1.624911102291621e+01
3.547766503667350e+01
9.892582744309951e+01
1.592380028028218e+01
8.274549650156196e+01
9.655022579084626e+00
4.282243183945419e+01
5.791560530565475e+01
3.784703618746579e+01
4.819008556575984e+01
8.818804709622080e+00
4.108619771017050e+01
5.614030252031065e+01
8.964297980519150e+01
9.728341209575693e+01
8.370054512457016e+01
8.271196167111022e+01
5.120378278717575e+01
7.086332285351276e+00
2.225185526639775e+01
6.416748001434257e+01
3.177228594747013e+01
2.964282083774117e+00
6.269185583232522e+01
4.623818897932684e+01
5.072749687858275e+00
7.706959716839231e+01
5.849499574792338e+01
5.757070624156422e+01
1.469278704127892e+01
4.757930838855883e+01
6.515965776758253e+01
4.469494118573839e+01
4.650513578509220e+01
1.343737589821097e+01
8.413468226051641e+01
1.336493623133979e+01
4.014925600036479e+01
4.205028751960504e+01
5.121197241880557e+01
3.619269921267065e+01
4.913770502858688e+01
1.647704854443532e+01
1.974120285349954e+01
3.878068478721226e+01
4.558115477933602e+01
9.071716172188388e+01
2.149264645832248e+01
7.190485627944807e+01
4.858145445984856e+01
4.374450172472024e+01
9.786000992071815e+00
4.362059386615670e+00
4.670878380849435e+01
2.916538088077930e+01
2.659192934007940e+01
1.717106998766357e+00
6.234978002605484e+00
8.508692508800277e+01
5.062765374343267e+01
1.545225415167038e+01
3.704655796151914e+01
1.578731151101520e+01
9.492235225388890e+01
4.075647161377429e+01
8.808208777945586e+01
7.905703451440532e+01
5.412140784511408e+01
2.823134373325452e+01
3.161526845377650e+00
9.905480234839712e+01
7.910765781025759e+01
2.755422546880051e+01
2.181042880835497e+01
7.316120316887330e+01
4.984848147716768e+01
3.557088944854721e+01
1.465632525023833e+01
3.051835826156584e+01
2.490808257130351e+00
7.772030386967599e+01
7.426285998628607e+01
6.344322583798470e+01
8.208236325629166e+01
2.501902073855467e+01
4.642712755428028e+01
1.627818062728186e+01
7.275317729113306e+01
6.315210906935488e+01
5.527037445235550e+01
7.736378152731982e+01
6.811435975512227e+01
5.977190754365731e+01
7.286068060102903e+01
2.826155504596492e+01
3.307340398108279e+01
2.237578040099506e+01
2.788889269711864e+01
3.088464733720042e+01
3.960308150369817e+01
1.901071491605170e+01
2.993944963903141e+01
9.302308177250580e+01
1.924124170059396e+01
1.433862085190537e+01
6.618428489481299e+01
9.641342190858602e+01
4.990951030045260e+01
3.124748027475899e+01
2.823269331279802e+01
5.738525598188176e+01
4.407838985513821e+01
3.304817170512312e+01
7.464700265538274e+01
8.766990997254379e+01
3.507374154174409e+01
2.107413016309688e+01
5.785335933689650e+01
6.180986927906511e+01
7.373623571998264e+01
2.156371787263254e+01
8.878409773520385e+00
4.185059542853878e+01
8.133562541628983e+01
3.232474375158769e+01
1.468504276810449e+01
3.314918635094035e+01
4.268185866190207e+01
4.257393546522313e+01
6.403383373470690e+01
9.430360570284707e+01
4.972053414663325e+00
1.823707400739057e+01
8.732668742878674e+01
5.153699384608166e+01
8.403744892405227e+01
5.454378475181003e+01
4.795041570810154e+01
8.248520515974853e+01
8.579126502656902e+01
9.786365711962043e+01
3.987046109506417e+01
7.842997232378924e+01
3.091182877817742e+01
3.977239999909531e+01
6.609988224976691e+01
2.131157127270082e+01
3.559159386697765e+01
9.313752441347461e+01
1.170463706911757e+01
9.327829586960295e+00
3.707697537591540e+01
2.229509131158473e+01
6.636083273513282e+01
4.251764153247589e+01
2.322137170621258e+00
8.104587550323730e+01
8.103171171668531e+01
4.500399583252333e+01
7.251914035180544e+00
9.321988774147810e+01
3.623964918602242e+00
1.518996111824641e+01
2.497766768791604e+01
7.699770707497267e+01
2.600135296862636e+01
5.755336259377811e+01
3.154149178021657e+01
1.171137695746095e+01
4.003856770696051e+01
7.881320709307361e+01
8.789448597836052e+01
2.910643477416897e+01
1.209180588465734e+01
9.385518417407535e+01
6.887883477326429e+01
2.334306162006364e+01
9.544388702858420e+01
5.744280426643920e+01
9.103852673016421e+01
9.049146552127388e+01
3.934591600640952e+01
8.437327858264246e+01
8.604188919348730e-01
9.052434102190861e+01
1.776636532403825e+00
5.548025400167344e+01
1.181491651191139e+01
3.096269053917504e+01
6.480061326399475e+01
2.897697152987913e+01
2.418257823408701e+01
3.526061183552287e+01
3.129079799693580e+01
3.964089320024517e+01
5.937523048341984e+01
9.505175933942746e+01
8.260636929543985e+01
3.836855107842411e+00
3.524798389302939e+01
3.723282345441768e+01
6.113256745093156e+01
9.465762227524893e+01
1.714185225644235e+01
3.989324157121277e+01
6.878993798456618e+01
3.162974386086210e+01
7.112537569884461e+01
6.423382496658425e+01
8.907254817386742e+01
6.216390238244268e+01
4.279915254693439e+01
8.093234723477268e+01
9.490588502721204e+01
7.239932970721243e+01
7.133428564822967e+01
6.968030783798559e+01
9.913982544054269e+01
8.327160472202655e+01
6.429983771606340e-01
4.419662451566971e+01
5.668417739527495e+00
2.482557661124765e+01
7.945723635119258e+01
3.362923326605430e+01
8.402355559357608e+01
9.174024727742200e+01
2.000363600440492e+01
8.121781134103323e+01
9.557710238526440e+01
5.525161989743431e+01
1.845063474888477e+01
7.822716458618044e+01
3.010175103792071e+01
1.520307865701759e+01
6.987230664578840e+01
9.889168902248689e+01
4.683282256444582e+01
8.135670934866961e+01
1.632283442482484e+01
3.590537069174712e+01
9.188931579323919e+01
5.924666489439395e+00
6.967961027737690e+01
8.679520077388510e+01
4.958423792830865e+01
4.113629844092592e+01
8.592005823083225e+00
3.584296071708340e+01
2.440790316295247e+01
3.831144270408500e+01
8.003958523275313e+01
2.674633838550482e+01
8.269410509741590e+01
5.949682158394569e+01
8.645787117372168e+01
2.415464679904033e+00
5.121237675250153e+01
6.461507131560476e+00
4.793547193889295e+01
3.234686834381282e+01
6.171312702899478e+01
7.367532941218248e+01
8.337567592196896e+01
5.460244405763337e+01
1.978593739670978e+00
2.869443899425419e+01
6.064556877158842e+01
4.913942560047816e+01
9.424566486582424e+01
7.696840324297939e+01
7.161660132539301e+01
1.940464089596860e+00
2.254431351206466e+01
7.566298873893125e+00
6.847250543929287e+01
4.663036486442683e+00
4.870259731481904e+01
9.732767068656518e+01
4.050599720352609e+01
3.976173230435780e+01
5.060663132490899e+01
2.054558243627920e+01
9.985683890984247e+01
1.833321844149997e+01
7.854663537747535e+01
6.023241051483546e+01
8.505087908592581e+01
1.531640128945764e+01
4.928897472531021e+01
3.298635102481877e+01
1.798252333792975e+01
7.378966774502288e+01
9.937245775916263e+01
1.358199213332589e+00
4.617284454692754e+01
3.013132048311239e+00
8.693174155751791e+01
8.188624483621038e+01
3.872436268195713e+01
9.698288990044169e+01
9.850589185883565e+01
1.034096396078401e+01
9.892335399003855e+01
2.105020532433419e+01
9.594346456972113e+01
8.765901880695439e+01
9.317875676470750e+01
7.369356577922291e+01
8.498668944695345e+01
8.357190526256892e+01
1.345529808358070e+01
2.062580274447138e+01
4.117487652281992e+00
1.761340117902187e+01
3.895902118597134e+01
2.609512341492583e+01
5.268167534502302e+01
1.061330670985082e+01
1.541467235210104e+01
2.713478637260142e+01
5.699625129671593e+01
3.339719569003079e+01
5.300206497917048e+01
5.636870900931243e+01
4.731209690091763e+01
2.931656587371443e+01
5.771976046157990e+01
8.936157668445333e+01
5.993322798047831e+00
8.210237467759400e+00
3.821342319166913e+01
9.708702522194340e+00
9.658740316358740e+01
3.015008220921740e+01
2.818301079244493e+01
9.253086768674240e+01
9.920412069149506e+01
7.124891885148776e+01
3.717692947815029e+01
2.795790369992978e+00
5.482082406749056e+01
6.932068437771903e+01
2.342159311446435e+01
5.893831171977255e+01
7.254689297291770e+01
8.908716518855057e+01
4.309820334571330e+01
1.184191080361694e+01
9.970047189840137e+01
5.851287569781434e+01
7.752749103937647e+01
5.077317317518087e+01
4.209896667958189e+01
8.682928243038677e+01
9.975547487836121e+01
2.666546629120850e+01
7.768510984149069e+00
8.420115582840570e+01
1.602704292909570e+01
1.897132164750775e+01
9.114607590769701e+01
5.424046616733096e+01
8.177765402094352e+01
6.227287587815565e+01
8.503171242076519e+01
5.943893206279676e+01
9.060378041612161e+01
3.791710605747863e+01
8.337659667403278e+01
4.646916666369381e+01
5.636603713797687e+00
2.134563267293649e+01
1.578985099484671e+01
5.878099052178719e+01
6.863156802422905e+00
1.946105771672961e+01
4.786815566377163e+01
1.847580439340128e+01
6.985376238350466e+01
7.782932574759673e+01
9.657979840253471e+01
4.738125342288113e+01
2.121609157007937e+01
1.359894332177888e+01
2.583319853331577e+01
1.432239907529317e+01
3.010006855712275e+00
9.345268909514542e+01
9.852355495026501e+01
2.666490880151508e+01
5.257303116497260e+01
8.966963081139589e+01
8.542284517801500e+01
8.125305538124081e+01
9.810159071260206e+01
6.657825138726190e+01
7.718852259087772e+01
8.870537108215754e+01
6.941906473106661e+01
2.406858402493809e+01
3.517453774585134e+01
7.505566844486430e+01
9.442851389498847e+01
5.096438874069806e+01
4.113865273126338e+00
8.939723325399554e+01
2.591447524070482e+01
2.977298001282522e+01
7.075317794026489e+01
8.941855164683356e+01
7.338200219598691e+01
4.225315458246188e+01
3.332568725260239e+01
7.568340817265371e+01
1.253382405849817e+01
6.263300355646434e+01
9.000580729451300e+01
5.886210480651917e+01
9.623471307392917e+01
8.852936219821189e+01
8.552701365460037e+01
1.967707719638808e+01
3.814873627300781e+01
6.707355262109709e+01
8.690493497387736e+01
4.455388651441498e+01
6.843021487278408e+01
6.409345756475508e+01
5.762780274154050e+00
3.048315142769513e+01
2.249156372737678e+01
1.804923639541922e-01
7.812653718428990e+01
1.692007762236524e+01
5.114488115121838e+01
3.551180969714737e+01
6.317310829794645e+00
7.705935639192320e+01
6.528478975653871e+01
3.378146678851054e+01
8.976582888968561e+01
5.117508100866110e+01
5.519293623752563e+00
2.309151609572187e+01
4.577317477472740e+01
7.035924516169320e+01
6.386570048698490e+01
6.134283494266813e+01
2.023349638107861e+01
6.370694090784851e+01
9.684497485721715e+01
5.691994449911637e+01
1.776965107664915e+01
9.350803303229996e+01
7.283406261020995e+01
4.674586050526512e+00
5.134455135620411e+01
6.964454370068597e+01
6.876804361528160e+01
4.382469982086899e+01
1.276950818149816e-01
9.125960734265838e+01
2.777046804678183e+00
8.768327249571833e+01
4.838523010182438e+01
6.767587953604566e+01
6.992367490656845e+01
4.089819124941630e+01
4.473523588140274e+01
5.453127988359485e+01
4.164330290706983e+00
3.450106472452221e+01
9.889183477446988e+01
9.683623961025674e+00
1.333263670715160e+01
4.466500950263115e+01
7.105501553558511e+01
8.080486463420320e+01
2.378309514549705e+01
7.451153410343059e+01
1.955085523405618e+01
2.062806995614807e+01
9.704902190577658e+01
3.732050631070533e+01
5.487517419032528e+01
3.264580738388273e+01
4.199509236123185e+01
9.293709373704021e+01
2.290351038002572e+00
1.293024677454040e+01
3.676179351134309e+01
2.418046119817554e+00
2.107988922907035e+01
7.989809344517910e+01
7.360895884857000e+01
1.020242819106319e+01
4.757397293465863e+01
4.353263370857231e+01
2.469942398588146e+01
4.182595864023359e+01
9.124938747438108e+01
1.452764091758413e+01
5.031937102336407e+01
9.708817368237682e+01
7.908177020916798e+01
8.440285436082763e+01
3.480623165834985e+01
9.526628041419492e+01
4.445687236471888e+01
3.633875131436565e+01
3.005643306768333e+01
2.541199090211279e+01
5.696682131707986e+01
8.360381419006913e+01
6.273249721281813e+01
5.263885900035448e+01
5.348689865948953e+01
4.559714367873834e+01
4.999348504934157e+01
9.642407009211558e+01
1.549072550399728e+01
6.302254310018501e+01
9.884211621193315e+01
7.960727968234907e+01
2.629411883013980e+01
5.499484276165946e+01
2.771589701423230e+01
2.766608443468161e+01
3.292312865747284e+01
5.241532100011377e+01
8.280381820295185e+01
3.245559988192078e-01
7.396335055770508e+01
9.614091650403148e+00
9.741272972776216e+01
4.474977731925891e+00
9.401694605779693e+01
9.968385850064635e+00
9.344089580394369e+01
9.987808172585353e+01
4.630713716443029e+01
7.999568808823622e+01
2.529007258140020e+01
3.273958434944022e+00
5.156422148065838e+01
8.802256979421831e+01
5.591281748186463e+01
4.569794048820526e+01
8.481284141764643e+00
5.556826552169782e+01
4.212201053375472e+01
6.700867459504339e+01
1.859080857531671e+01
4.096412669912173e+01
4.661595423082633e+01
1.221453692401505e+01
9.595896950734732e+01
9.568835329063626e+01
3.988062135869666e+01
8.503741039197772e+01
5.512406288419108e+01
9.372664433611867e+00
9.209926477265510e+00
3.127877923253867e+01
2.918407857845727e+01
9.409031467237060e+01
3.575375696446456e+01
3.844091027902481e+01
4.058700475869095e+00
9.577363375377544e+01
3.831899195831222e+01
5.036583764029938e+01
6.986126306925959e-01
6.360906453971242e+01
5.363979612180954e+01
3.741416499829580e+01
5.163163433393074e+01
3.864598182898293e+00
8.311210548650105e+01
4.438179365563290e+01
3.029737716088881e+00
2.523411597368965e+01
9.583086590088479e+01
8.895015580996413e+01
6.619824267281138e+01
7.837703222333316e+01
1.164692687413047e+00
4.316483491247745e+01
3.813517332921511e+01
9.722918714267630e+01
5.851024107938178e+01
3.773285450308251e+01
5.041797852628770e+01
5.518782602399020e+01
2.234664956217010e+01
7.960205710474497e+01
4.927814064979466e+01
4.960867834724890e+01
9.224955755856334e+01
5.333684112566376e+01
7.031160293627138e+01
3.281735215932939e+01
3.702678719397019e+00
7.101021556696398e+01
9.027411886037984e+01
5.734247484120656e+01
3.530833042939581e+01
1.061502597789049e+01
5.471469357363633e+01
1.669284618305641e+01
3.943721728373190e+01
3.201596743055431e+01
4.501961262199078e+01
3.526808313805055e+01
1.572765503811075e+01
3.607016579996337e+01
7.771490322319553e+01
4.785927978710237e+01
6.050480914325678e+01
1.585007655241065e+01
8.890459387977822e+01
7.437245970329850e+00
9.109312719250710e+00
9.021903452939310e+01
4.484941770548440e+01
8.243690053114523e+01
1.892462946424476e+01
5.785254158910948e+00
8.720229123123097e+01
8.158599277100805e+01
3.936472527653198e+01
5.137624356494111e+01
4.399153913557136e+01
3.552187696822075e+01
7.413028356345849e+01
5.164090970141856e+01
8.637197235895879e+01
5.769478951473478e+01
2.010453474712769e+01
4.108666588602897e+01
4.848654803283817e+00
8.431790121100745e+01
9.883109717575419e+01
1.940724831978197e+01
9.841805077084248e+01
4.552568418231126e+01
5.547741416631145e+01
4.226318017685003e+01
1.345251007632004e+01
3.471241483218614e+01
1.315096403153193e+01
8.228955780262572e+01
1.486546542256394e+01
3.138085921824950e+01
6.185151942160518e+01
8.699907855456652e+01
5.371623912533570e+01
4.053675962637028e+01
1.254935837935161e+01
3.478087975400541e+01
1.011957061016912e+01
3.214905799000945e+01
8.876136661915173e+01
9.570248573818360e+01
6.988775291009236e+01
8.543582404285475e+00
9.656939930122783e+01
7.750764353084734e+00
6.082506662273084e+01
1.667393400178940e+01
9.512957315665183e+01
4.062600766337756e+01
5.916672873271942e+01
4.928293155938523e+01
2.671730566151314e+00
4.804193822110162e+01
1.784653869357265e+00
1.551067010290486e+01
9.030511839795165e+01
1.523716394567730e+01
5.022308498165714e+01
8.920456459243063e+01
8.686964888445551e+01
9.237274578417313e+01
1.146484134321326e+01
4.872116825949455e+01
7.937182429217353e+01
5.345932978832132e+01
7.730976593555407e+01
7.215615700565100e+01
9.996196022255437e+01
2.902071249160018e+01
4.305214949094325e+00
4.324074734153261e+01
2.472319818321764e+01
7.197614990732454e+01
9.466266599235249e+01
5.469134182422019e+01
2.601905713138127e+01
6.090103791137275e+01
2.954016934593216e+01
2.986551510629501e+01
3.263118547975606e+01
9.517002706191037e+01
1.510930048074075e+01
6.156030151134371e+01
4.321196528301200e+01
5.459565490232578e+01
7.332025276185956e+01
3.351708363439752e+01
8.746697329332446e+01
2.729405659590571e+01
3.271777612749383e+01
2.627849440382724e+00
1.966680233351272e+01
4.418261747070710e+01
3.940085574956650e+01
9.372278102381284e+01
9.363697892689938e+00
1.671062168512057e+01
7.119478363133724e+01
9.325658068678184e+00
9.639014443214523e+01
8.379183191982649e+01
9.544474165674521e+01
7.045453240650451e+01
9.339771838551280e+01
3.873121982381270e+01
5.756515621094274e+01
7.349520557257124e+01
5.100844546733817e+01
5.468604357665686e+01
4.061988431057888e+01
3.831986931074405e+01
9.828132279137211e+01
9.753136248212837e+00
1.409579246029993e+01
4.149328802781798e+01
7.014314647304972e-01
9.116676412111462e+01
5.436576425766840e+01
5.181576444386307e+01
1.846082067045421e+01
1.678816611729011e+01
5.444361388424580e+01
1.005226476586064e+01
3.126615780930321e+01
1.167269084214824e+01
3.775045743107351e+00
4.062985570199315e+01
1.055509127236674e+01
8.361033260990416e+00
2.244429994488335e+01
1.707866290448171e+01
3.164057593403411e+01
4.540025538085040e+01
2.674095785559200e+01
2.503829431954692e+01
3.550766293681583e+01
3.336769716505319e+00
4.832385762050928e+00
9.946302599248618e+01
6.572875569841301e+00
9.947622157608915e+01
3.778289530323022e+01
4.996581722514975e+01
9.618087881066877e+01
5.314739185997629e+01
4.622267626515714e+01
9.688231027539928e+01
4.431415593452480e+01
1.518413411229110e+01
9.375400622084457e+01
1.247976143494237e+01
2.267674450887216e+00
7.983752720981721e+01
2.253202624736914e+01
3.353383226019043e+01
7.368199684362952e+01
2.630707199047649e+01
6.931496964270015e+01
8.423708811599626e+01
4.642988259272179e+01
9.175926963414963e+01
4.052351356508374e+01
3.029091438757764e+01
6.951945711370531e+01
6.887710130255535e+01
6.162809462362346e+01
4.057673404020105e+01
7.221387101906066e+01
6.646048038567439e+01
4.003975998612110e+01
7.866193651159385e+01
4.303989770963783e+01
3.059482776121927e+01
7.568999625541736e+01
7.516605969293325e+01
8.922833594923296e+01
3.650836611004004e+01
4.874420857464160e+01
2.805637555572035e+01
5.084704894146279e+01
7.413812194677914e+01
9.083135220726550e+01
8.886826303269167e+01
3.522708408312271e+00
9.173395186277756e+01
8.749400693340880e+01
8.886101473535459e+01
2.980280114794280e+01
6.165769484902624e+01
1.189473402308986e+01
7.623268374066460e+01
8.577689658188118e+01
1.799332723859387e+01
8.884812239038204e+01
3.297363884419838e+01
8.687042854114921e+01
1.968280869521331e+01
7.355037288439942e+01
3.883402246927565e+01
3.461217304440783e+01
1.359013282395440e+01
6.455820149954324e+01
5.488749130390933e-01
8.246152986886982e+01
2.113756072760446e+01
6.857083270725367e+01
8.064112406253867e+01
5.075156169512848e+01
4.673919409827292e+00
9.426012499921961e+01
1.598610590025136e+00
9.859726508082694e+01
8.509147715991897e+01
9.046687362271682e+01
3.805372078812388e+01
7.086383703670643e+01
6.990324569395895e+01
2.691473547691234e+01
7.975975134398776e+01
9.975858642708445e+00
9.212529412104064e+01
8.286091381817168e+01
1.733783703173410e+01
4.454354170921423e+01
8.938451189984778e+01
7.263419068075446e+01
6.422626071806357e+01
5.753620455858120e+01
3.295766433372984e+01
8.575063035159867e+01
5.765257126542394e+01
1.626125006762392e+01
6.761848464031634e+01
8.700262749893713e+01
6.728589621711797e+01
4.463442705787459e+01
5.557346020619080e+01
3.348964566061722e+01
9.538598879956919e+01
6.024737961601809e+01
2.774977061327070e+01
9.698459938959432e+01
9.477839199582971e+01
4.808335567269630e+00
9.548154906159338e+01
3.283211273738747e+01
7.567217260397607e+01
3.015354277107564e+00
5.974684826086594e+01
5.543192390139770e+01
9.694573525197140e+01
1.639736360702541e+01
7.915582064499884e+01
9.138318481453842e+00
2.134532552275123e+01
6.854033254484662e+01
3.825906288729006e+01
2.516716598773709e+01
4.124542234523474e+01
1.987542725162368e+01
3.376228666573869e+01
1.822491465985073e+01
4.699793599871822e+00
9.584593381539264e+01
1.092216712931272e+01
7.198568986355592e+01
3.712616117537309e+00
7.933435425131319e+01
5.318063062298140e+01
8.833586237781489e+01
1.721460838672454e+00
3.322510609087772e+01
9.426416824304692e+01
9.649985288106829e+01
4.606635386406740e+01
9.688972174045151e+01
2.933196557188964e+01
5.019447964159514e+01
6.227451640287159e+01
8.907881383275557e+01
5.626403496426717e+00
9.772220840571551e+01
4.838522227871475e+01
2.386980905377763e+01
7.350382389198235e+01
9.326127594954393e+00
7.972409058349398e+01
6.042158680987618e+01
3.998521894215849e+01
5.800627640355670e+00
8.604976985885286e+01
7.374750565446332e+01
3.391623456679109e+01
4.324120001087021e+01
3.100665865047214e+01
3.494770942951912e+01
5.698249747836147e+01
6.227929264413160e+01
1.428206363426618e+01
6.245783295596848e+01
5.061515502194648e+01
8.648774809506151e+01
9.568293909341233e+01
5.202332765423849e+01
5.016202779959982e+01
5.523577567899403e+00
6.159616916514755e+00
5.787781693873826e+01
5.571805720949455e+01
1.118756575099545e+01
8.986567561042760e+01
9.510260917949612e+00
8.861282076156364e+01
4.855126703556220e+01
2.069401900316310e+01
4.391164120468853e+01
4.757702543753061e+01
7.898708837059657e+01
4.059293728349401e+01
8.207031906678822e+01
6.218737180446618e+00
2.664270709578074e+01
5.425755421363635e+01
4.792156389352007e+01
6.988390710665095e+01
8.526421286410849e+01
6.519198895673826e+01
2.660954712266547e+01
6.563703090214965e+01
2.902935637581598e+01
8.906738012520009e+01
4.834425912627217e+01
6.596180068606594e+01
7.027914508724545e+01
6.827551357833460e+01
5.155400468574558e+01
7.580272265514486e+01
1.718856287989233e+01
7.400164537783789e+01
3.981935560694866e+00
2.837612863088778e+01
1.832125076014607e+01
9.286524052399454e+01
9.878394603672621e+01
6.687251784227441e+01
3.418621548180758e+01
5.392463242352225e+01
4.969524422180617e+01
3.460432506846465e+01
9.451756970701626e+01
3.176556324202827e+01
7.107192788788673e+01
2.116027675623087e+01
7.655662502001815e+01
1.899349173484067e+01
1.286106836649639e+00
7.991436327803618e+01
8.673191125818151e+01
6.903475935991609e+01
4.559361466467083e+01
1.576126758743137e+01
1.696303408451520e+01
6.180358005771580e+01
7.803021700961060e+00
1.713353209995363e+00
6.672610862493799e+01
5.935702638670664e+01
5.439450156613928e+01
4.567396037544773e+01
9.975524721655773e+01
3.219490080708400e+01
7.564378514683050e+01
1.807649793013767e+01
4.568709733229461e+01
7.396370934972713e+01
3.780619736658698e+01
5.686003205220217e+01
2.788834172668324e+01
9.234636323170101e+01
1.447763783600072e+01
2.240591138713337e+01
1.926700478385529e+01
5.530070013147811e+01
4.356618814336424e+01
2.241870952882744e+01
3.992050236087316e+00
9.709729757024780e+01
7.573799303534348e+01
9.072396149426883e+01
3.645131319596028e+00
9.544148733627121e+01
6.485229081700197e+00
4.195598561407811e+01
8.309296718011284e+01
1.428825078266126e+01
4.366933882407348e+01
1.317206072303097e+01
5.787495200423288e+01
7.188230411702874e+01
6.043971723897369e+01
2.969560969141107e+01
3.085932709782353e+01
1.729185456283943e+01
6.538358827372248e+01
4.976430220984123e+01
9.125556391256654e+01
7.642603804190924e+01
2.963761502394341e+01
1.914390563924979e+01
9.069122718213649e+01
8.042651162502659e+01
4.154981702638316e+01
4.902616047720711e+01
9.941595299142224e+01
8.759787594322016e+01
5.781861676732945e+00
2.578399480589851e+01
1.972637717599346e+01
2.129274263106880e+01
8.841136735324346e+01
2.337150849558949e+01
1.673422992077387e+01
6.662631089176345e+01
3.532927373206675e+01
8.590220901458628e+01
8.091456167442472e+01
9.531344948118247e+01
9.907426978418337e+01
8.470301478388859e+01
7.082286368628165e+01
6.399849074147571e+01
2.796036309001984e+01
1.682190737539060e+00
9.559748931582899e+01
1.943738535951701e+01
2.103726063903294e+01
6.108722698925400e+00
9.586342340142625e+01
7.782192075523638e+01
9.168981480956535e+01
7.366322552490199e+01
5.824843233369683e+01
3.323963183594850e+01
1.366198505911137e+01
9.420608151434273e+01
1.312783552013702e+01
8.940331916762671e+01
1.999007627367511e+01
3.808201418168937e+01
7.092317383313700e+01
5.323170458582776e+01
6.145352267727886e+01
2.313382757042247e+01
1.985801543102507e+01
9.678279645591174e+01
5.963462468219670e+01
2.001629491337403e+00
5.446869402866285e+01
9.146647923228632e+01
5.533241590267626e+01
2.166444753374180e+01
1.822288134983875e+01
1.103268703959542e+00
9.293740600949964e+01
3.675531518494492e+01
8.088548145298169e+01
6.488708456274452e+00
1.992909331802702e+01
6.385747974918107e+01
8.431062921151083e+01
5.367236773188802e+01
3.752070522751692e+01
4.255906149864153e+01
3.423067095420820e+01
2.114216267184455e+01
6.623256395861161e+01
9.233016292207417e+01
6.199825241323479e+01
7.363582852931499e+01
9.015317190911303e+01
8.146865562604212e+01
8.203727215623357e+01
5.212184481887233e+01
5.520107129365256e+01
3.241290670466279e+01
4.890464122821793e+01
1.483569592928314e+01
5.921246835925265e+01
7.156625556366809e+01
7.354459034909708e+01
4.591711258791253e+01
3.295269204906779e+01
6.771054536463252e+01
7.181067870548492e+01
2.589009801200130e+01
4.465860503011318e+00
2.790586269828764e+01
3.986476461396774e+01
1.376708485827180e+01
9.176334249403484e+01
5.101673987275769e+01
7.918930332138636e+01
3.636384305374876e+01
9.357580141796535e+01
5.839163067675738e+01
5.042621034683018e+01
5.980836533001083e+01
5.072179359883153e+01
6.097169213973530e+01
9.123555831203031e+01
9.224342507880341e+01
4.365134283138967e+01
7.327283042169773e+01
4.436526985110961e+01
3.518302046469554e+01
3.048366924304686e+01
9.535882184065824e+01
1.247711494214698e+01
9.728483375966775e+01
6.647066262851966e+00
6.820769206071631e+01
3.561325014364591e+01
2.988690008869716e+01
7.778917694361377e+01
5.761341213137536e+01
6.548985632392106e+01
8.337701921508508e+01
1.053949413380562e+01
5.354620891322670e+00
8.893954758017303e+00
5.288685907278530e+00
9.868927723667085e+00
8.808325807940366e+01
4.165252896102729e+01
7.382290534387478e+01
1.789810178703540e+01
8.201309464965625e+01
6.121131962221643e+01
9.719668235499257e+01
3.016126208480506e+01
8.265819339205427e+01
1.171662975648261e+01
8.542513455516898e+01
1.202931479179734e+01
5.608189965415834e+01
8.306655356803283e+01
8.641469301023274e+01
7.196974091789208e+01
6.495774200416996e+01
7.611083056596613e+01
1.418797728334925e+01
3.316543401832014e+01
1.172408066304591e+01
1.821656549266380e+01
