3.336385960381658e+01
1.160245151799286e+01
8.644019257577146e+00
6.964204887377193e+01
1.224310794484015e+01
6.967709994394197e+01
3.987276481458581e+01
9.147494234679031e+01
2.569304221574825e+01
9.679521536305325e+01
6.431393044270293e+01
5.153266706109637e+01
3.834643887278924e+01
8.063638400316069e+00
2.418283295081129e+01
4.992338775187888e+01
1.714912635141477e+01
7.166742471590052e+01
6.533310379150002e+01
9.406150392911466e+01
1.857632865131662e+00
6.625001848035026e+01
5.655152213599138e+00
2.980863513881743e+01
5.463324578229023e+01
7.884227232022317e+01
7.717023011165216e+01
1.941702776561353e+01
1.540879077064283e+01
3.825667194940926e+01
6.032703288846045e+01
4.264789640095453e+01
7.503282515100801e+00
4.537515744817217e+01
6.508490823446070e+01
1.974639045994095e+01
1.505225734554802e+01
4.957673049046505e+00
7.075435168610623e+01
9.551038448489754e+01
9.479243769067919e+01
3.506828208224302e+01
2.930835132920572e+01
8.376035358931885e+01
6.259195565366743e+01
1.243127673511918e+01
3.368374129463162e+01
3.583751094333712e+01
4.190372975631791e+01
4.234958139357603e+01
2.989901482588565e+01
4.376136266801570e+01
6.526686356648192e+01
6.596694214547377e+01
3.001687267330330e+01
9.304516897212955e+01
2.378466074531183e+00
2.529658294529495e+01
3.184537320949388e+01
6.910134687512245e+01
6.355325489470422e+01
2.659565425785056e+01
1.174924322951084e+01
7.227146610257749e+01
9.313358557090796e+00
7.683415151053768e+01
3.033760671053902e+01
2.436561590263882e+01
8.179182455958419e+01
3.980501226140419e+01
1.987600034097024e+01
9.530705814031282e+01
3.616024043232214e+01
5.473338400699822e+01
6.152462002892263e+01
1.969461698070849e+01
8.245493149499173e+01
6.320147526599536e+01
7.849327813763790e+01
9.750323826330865e+01
5.551056613005258e+00
9.637431972491291e+01
5.282975316645100e+01
5.949206997616778e+01
1.991051347922092e+01
1.221321076723431e+01
5.253723890173121e+01
8.709524873974513e+01
3.750979375909539e+01
1.880586031768744e+01
5.619659556830143e+01
1.063048607233469e+00
7.155807608345434e+01
6.636143711691789e+00
7.333451475637709e+01
8.087143464054513e+01
9.161075022612268e+01
3.405048522821185e+01
8.861756938910929e+01
2.657181482136799e+01
2.344029495652779e+01
1.404260202033566e+01
2.187887291511468e+01
7.130268405717922e+01
6.877598602733389e+01
1.387146544357364e+01
1.885290733485152e+01
3.594064676945128e+01
3.224907877494073e+01
4.854815823424056e+01
4.500903726788658e+01
3.780013538794599e+01
5.981617800882839e+01
8.409917693776040e+01
1.146291662541354e+00
1.121426285766729e+01
9.631238770499471e+01
1.533434200814662e+01
9.830951159741241e+01
3.382218141752396e+01
8.454066840211892e+01
2.719820748418486e+01
6.384080702617803e+01
5.609874443900713e+01
2.245194591695999e+01
6.755368554385085e+01
2.050993783423209e+01
2.544510142199933e+01
1.604170725496566e+00
4.220722957617009e+01
2.768039704658110e-02
3.674661435035365e+01
2.317010924367705e+01
5.237452590482986e+01
1.445361283349507e+01
3.150738069392153e+01
6.624599134840349e+01
3.330652021491272e+01
7.814941246907665e+01
7.532581811553139e+01
2.665233678494223e+01
7.289577930834879e+01
7.863085129234514e+01
6.750773343607213e+01
6.393859305602432e+00
4.142795435219443e+01
7.872199629373941e+01
2.706247010597143e+00
3.284652672374925e+01
7.703150784458570e+01
2.213913058961701e+01
1.738719507930204e+01
5.072798456564917e+01
7.141365849944468e+01
7.044421558754715e+01
8.456233580809194e+01
5.353362311307976e+01
1.045611855129531e+01
1.000743718352515e+01
7.148843080340346e+01
5.266334817403152e+01
1.502524810611515e+01
9.188440823549610e+01
2.325176988879767e+01
3.070787206790776e+01
1.237366069684441e+00
5.149100928171119e+01
2.865563483380510e+01
3.454388628459716e+01
2.964042175078784e+01
3.241740573775834e+01
4.223544175840702e+01
1.598038646205346e+01
8.261230419511548e+01
9.743175147913012e+00
8.671495615817372e+01
2.404025854730991e+01
8.846517148821856e+01
6.103521052796170e+01
8.080255490765094e+01
6.549667928623812e+01
6.027407257830448e+01
9.335630247060037e+01
9.703429424997154e+01
4.625401014753339e+01
4.214926913480706e+01
7.149294012761345e+01
4.861070068954057e+01
3.310342251002017e+01
7.224535223666828e+01
5.492542705262332e+01
3.318508315514079e+01
9.153549493827647e+01
6.882884682567271e+00
4.994533725545990e+01
5.394513837711193e+01
8.120250798817841e+00
1.436346490604964e+00
3.341657194933694e+01
2.478142698518067e+01
3.107676824139281e+01
6.583397768709528e+01
2.947164887072130e+01
8.301187245315494e+01
6.919453030880285e+01
5.736685453791490e+00
1.741466793111277e+01
9.615340572602740e+01
1.840952817276564e+01
5.554960991980025e+01
7.212251307075960e+01
5.461214797320410e+01
9.993968536143176e+01
6.547881549479385e+01
4.154275229272561e+01
6.207769259907197e+01
8.789166644583068e+01
1.303569242033907e+01
1.752768345993370e+01
9.619417884209854e+00
9.453606973147768e+01
1.679075281917618e+01
5.418017206442551e+01
5.617870658458151e+01
6.360058810729561e+01
1.061702506179783e+01
4.001670300029996e+01
5.262995043426284e+01
9.096281034451110e+01
2.261747616465086e+01
3.512555688392629e+01
2.203957853933777e+01
9.199702278338235e+00
8.019366635949987e+01
5.051450945926574e+00
7.839423263370722e+01
7.033389125500521e+01
4.639228686987995e+01
7.162902144325386e+01
5.794434578062238e+01
6.350582002825375e-01
4.566636516045144e+01
4.335556735440883e+01
4.870801863666066e+01
9.140876247147506e+01
8.489831969370056e+01
7.574955970150373e+01
9.251434523263683e+01
4.885060347097488e+01
4.040175901744597e+01
2.133763116846682e+00
9.247008179895117e+01
7.277949977329908e+01
5.447568984444984e+01
7.393741634392059e+01
1.728919936217796e+01
6.509271495281379e+01
1.855834937587304e+01
6.991914979644081e+01
4.734445817179254e+01
4.117582554052390e+01
6.626278677315581e+01
4.431552679478914e+01
2.907607482237558e+01
3.085999252780340e+01
4.929519330584220e+01
2.876976045256935e+01
2.024332388315505e+01
9.568748017572216e+01
3.987818492570808e-01
7.818766966377743e+01
1.770681371805575e+01
7.282106013634292e+01
3.329287051842216e+01
3.416555441644301e+01
3.301434793184248e+01
3.692446953473821e+01
1.270198762076999e+01
2.552869311791318e+01
8.577507305227921e+01
4.594151826852072e+01
1.706985613194753e+01
3.533782718486051e+00
1.029625852140424e+01
6.937734595005277e+01
7.747119906240665e+01
3.108935846532199e+01
3.663826088264504e+01
5.695279783427380e+00
6.222658830798537e+01
2.282286315356514e+01
8.123414059227059e+01
7.114260437485883e+01
6.706660546691464e+01
9.724663318937952e+01
5.934936756237846e+01
1.636179872619072e+01
6.582484383407274e+01
6.054325134518707e+01
1.204927890191287e+01
2.641517549120597e+01
5.048055450920042e+01
3.506312227578048e+01
1.675249166635447e+01
9.971712166430294e+01
6.922867669222349e+01
4.976683959819695e+01
1.964615193179164e+00
6.045775779544271e+01
7.529553271611013e+01
1.808981742620925e+01
6.399276017397305e+00
4.379842646596880e+01
2.668510145819052e+01
4.533066947261369e+01
7.233533490092276e+01
1.382203186574487e+01
6.113051137008262e+01
5.198223332501121e+01
1.951731164917225e+01
3.864661624592106e+01
9.577689743404132e+01
6.638841701968965e+01
6.713599128049611e+01
6.284350285438984e+01
2.053179620789913e+01
5.475199080759287e+01
7.920530162714668e+01
8.965144380445193e+01
8.702861018806165e+01
9.125458052905955e+01
3.028807157198343e+01
6.525324101804440e+00
1.696718200899995e+01
4.704056323833790e+01
2.128258963175239e+01
9.742859722926683e+01
9.680740283653485e+01
4.288403691858241e+01
5.788635497814341e+01
2.522974411269172e+01
4.133702229770693e+01
3.160933918860245e+00
7.506092450351497e+01
6.802212375589745e+01
8.940592505475782e+01
4.739625935787161e+01
9.467279398565776e+01
2.491163132940961e+01
2.035029359178166e+01
1.361467270814566e+00
1.759631485566325e+01
1.612719097925685e+01
6.774988429050421e+01
5.579879770791102e+01
7.897069383364669e+01
3.138493445300727e+01
1.055078846893776e+01
5.817599541422724e+01
4.077025136946247e+01
2.095611115030763e+00
4.943057589672067e+01
3.710299745998485e+01
8.620935216835205e+00
1.519965008608981e-03
2.564993920999111e+01
2.999962076079083e+00
9.461884591477869e+01
1.490628896975251e+01
2.624716694757676e+01
5.250520089292210e+01
4.938085705478716e+01
6.758418924528368e+01
5.748483559930923e+01
1.840902763344768e+01
1.429926693174023e+01
6.196756896654496e+00
9.466408290651817e+00
8.972060870831861e+00
3.088807032019276e+01
2.981670188243347e+01
3.263229510403811e+01
9.444631794208955e+01
4.594389286169032e+01
8.656182018414225e+01
2.514055675135020e+01
2.491458669533701e+01
2.092772155112015e+01
4.067909440057310e+01
8.309058210956425e+01
3.898313280147646e+01
4.277470551560386e+01
3.252115800628492e+01
3.275629581546238e+01
5.139564073243906e+01
3.220353868426920e+01
1.736069424886289e+00
6.625902171538166e+01
1.840091735050125e+01
2.588718241354785e+01
3.749286371166485e+01
7.683545349949759e+01
5.277069548739618e+01
4.705455854863606e+01
3.020965453712719e+01
1.484084446674252e+01
6.135382548037629e+01
3.618609352791034e+01
2.430725275739434e+01
5.813383448782090e+01
5.655623560610983e+01
5.412395468639394e+01
7.694577038145893e+01
3.088574378326803e+01
6.784750151813379e-02
6.947229167887582e+01
8.666103854154285e+01
2.498243419685515e+01
9.040001322999596e+01
6.898119294502828e+01
8.073016306419399e+00
2.043747795766102e+01
9.550955518871059e+01
4.059417431270433e+01
9.652360821912234e+01
9.586349031695327e+01
8.659301143446612e+00
9.825967769057475e+01
6.212251198576880e+01
2.706021849394786e+01
1.470934879719715e+00
5.249385035247256e+01
9.978503752489809e+01
9.941489952589147e+01
3.318351010474540e+01
6.509757240540235e+01
9.309196662767417e+01
9.453733558512168e+01
6.492061469001725e+01
8.955020433736509e+01
5.638810366223943e+01
2.147685024956095e+01
2.514398895443603e+01
6.782140329844384e+01
5.236259403282897e+01
7.219264934407205e+01
3.729369493075353e+01
1.337664365460008e+01
6.727871227417081e+01
7.829580971891797e+01
5.041766262167025e+01
1.153245601408764e+01
7.979169421819583e+01
4.592721776381471e+01
8.798821851983118e+01
6.464597613767069e+01
4.968250759396819e+01
9.153673559964483e+01
9.351657349314381e+01
6.468349418820975e+01
2.370773815722565e+01
1.766343350413415e+01
3.652591073723785e+00
5.764385622816340e+01
5.606800525266119e+01
3.683610117846919e+01
5.348746765101676e+01
1.017029961113366e+01
7.300251693138969e+01
1.966825319438626e+01
1.854020767777237e+01
9.623665860678845e+01
5.292320263242498e+01
2.486449285636865e+01
6.272449459076137e+01
6.150148755940678e+01
1.363541968801777e+01
5.956595910692864e+01
7.487813121400686e+01
6.433585447461151e+01
2.904546490360306e+01
7.955276611240244e+01
6.683636399304325e+01
3.659505640929335e+01
4.948555619897579e+01
6.385652896196420e+01
3.185195225842853e+01
7.516249142361920e+01
7.960425418783177e+01
7.383857526529513e+01
2.241032320186977e+01
8.421178673590151e+01
4.303195925570650e+01
5.702333010594516e+01
2.342067953358436e+01
3.173295535693548e+01
3.177157786291632e+01
6.119203002247588e+01
7.028059189686580e+01
9.427245217108748e+01
3.382415144416697e+01
7.542364312122746e+01
3.416471534136902e+01
3.378348584928712e+01
9.486558865516706e+01
5.456717258997595e+01
8.148211966337735e+01
5.511295276466429e+01
5.645516903905904e+01
1.061722315410954e+01
5.625858528365315e+01
8.496439428299870e+01
9.016998926651198e+01
8.148700421745284e+00
3.091199422763288e+01
1.564997309616300e+01
9.598342468775037e+01
6.728468861770102e+01
9.081246451978221e+01
5.648747321986009e+01
4.112326383643004e+01
3.065845008504505e+01
4.069925995576160e+01
3.116443140020800e+01
7.213606004237015e+01
4.840382228065460e+01
9.127472368594013e+01
3.503507544986675e+01
1.118008415735331e+01
6.155531553623980e+01
2.930752762095422e+01
4.500423564808641e+01
3.155641128847208e+01
5.839216823614769e+01
2.423962132271362e+01
2.230578089240276e+01
5.528137812171195e+01
5.721740939524835e+00
7.741873365706705e+01
1.173654711420487e+01
7.177447684657503e+01
1.873107008576909e+01
6.053484932544402e+00
6.508953360146355e+00
2.687977050751437e+01
9.068687869733520e+00
2.215892645630936e+01
2.713636356738227e+00
7.635337653400069e+01
8.350402078754455e+01
5.920110957659833e+01
1.747664032386459e+01
4.362984106113661e+01
4.051375907869718e+01
1.902632919094820e+01
1.713226456992899e+00
4.830419181301453e+01
1.030105283032220e+01
3.674830195342577e+01
5.790004406957890e+01
8.819062839643593e+01
6.605582957437998e+01
4.835617954300538e+01
3.412779655034086e+00
8.587246788007788e+01
4.968333549317128e+01
2.983477959867324e+01
8.866597851210553e+01
7.831754185180996e+01
6.874339080822813e+01
9.055901900425508e+01
1.388962539559678e+01
8.747446089399720e+01
6.456010558854794e+00
1.165459259024569e+00
1.435423135494545e+01
4.342148971903207e+01
1.479588309991913e+01
3.222667441341405e+01
4.315091531870463e+01
9.829990388746369e+01
3.636668349447040e+01
3.101281306287870e+01
2.787707030208645e+01
7.688044257316758e+01
5.003914225382691e+01
2.959029680564548e+01
3.963234528882072e+01
2.577573611669975e+01
6.633859875907126e+01
9.912399696145393e+01
1.396636451313568e+01
3.239442828688512e+01
4.588856890140500e+01
3.560934315231133e+01
1.826689612039686e+01
1.052338728239918e+01
7.430989792305506e+01
7.852317489614859e+01
9.680191161893397e+01
4.305328873128318e+01
6.908219390040365e+01
9.145841751781218e+01
3.052774957871425e+01
7.490834736959467e+01
9.262387682340288e+01
4.488198098022583e+01
9.325255178532215e+00
1.594826249217068e+01
8.233220185261789e+01
5.247617049723685e+01
3.457863309168193e+01
1.869888530052215e+01
8.977626487136644e+01
6.245570344033451e+01
8.090210947250114e+01
3.352812581394246e+01
9.204600024597998e+01
7.799150551575772e+01
9.386832094465770e+01
5.838459895848511e+01
1.806684411972148e+01
2.606488439536881e+01
9.077902724537022e+01
3.795555421987341e+01
5.549331873445460e+01
1.278301533906861e+01
4.847894154883872e+01
2.711835029866469e+01
7.182824465996970e+01
1.117477426825779e+00
4.074198344756941e+01
3.127599956061505e+01
7.070011187843053e+01
3.384254920940965e+00
9.717976506668133e+01
8.912848494440712e+01
4.826623590116679e+01
6.505020198647409e+00
2.540721414862537e+01
3.059843770721854e+01
2.414234775311423e+00
5.998584728687343e+01
3.078806834797750e+01
9.219049964667786e+01
2.244155068064181e+01
4.487665088143044e+01
2.495647697940305e+01
1.448755088005567e+01
2.286815635062203e+01
6.986662092146771e+01
7.287214983854076e+01
5.029147670152200e+01
9.593150531683654e+01
6.365117703734487e+01
3.793921300114096e+01
5.760573286451667e+01
6.768873704955388e+01
8.641815454997968e+01
4.130280378335286e+01
6.026619857189534e+01
8.753563197680546e+01
1.415930912557957e+01
1.691749064108240e+01
5.518127072378120e+01
1.754356409308667e+01
6.797274624368769e+01
4.430975562162220e+01
6.580979999425345e+01
6.983995832029728e+01
6.971696977024757e+01
8.689656233736154e+01
7.225419309560871e+01
2.970281701055487e+01
4.570556070921270e+01
7.592913134765305e+01
5.214436769119667e+01
9.058221159064314e+01
5.192743132446307e+01
6.663191857125234e+01
1.345036794126517e+01
7.289936015051759e+01
3.950406836322698e+01
1.343402672253271e+01
1.772555751620119e+01
5.892747792365378e+01
5.137323972367367e+01
7.533129038071785e+01
7.585234575711766e+01
3.779139427365335e+01
6.005537354389921e+01
6.613319663616511e+01
9.875284675450663e+01
8.552144010808385e+01
3.692617781317149e+01
4.538132536475608e+01
8.813594960986448e+01
1.513165049959517e+00
5.533379267683895e+01
7.922069271058808e+01
7.937669049919430e+01
9.453502231954364e+01
2.071496179360662e+01
1.283564759084752e+01
2.423783928353239e+01
3.839959247894566e+01
8.052009115019818e+00
4.972647575183142e+01
6.777440098476335e+01
4.069221021639752e+01
4.124627478478769e+01
2.937384202581543e+01
7.035253894066091e+01
8.251819395577451e+01
4.126475976838952e+01
8.021182002509563e+01
4.195508828477705e+00
6.740256723361210e+01
3.966338315031649e+01
3.081172380168537e+01
2.796573127990856e+01
2.137140260141874e+01
9.764432934934474e+01
8.897989382454189e+01
1.119923964664305e+00
3.387109820445585e+01
3.380105441147511e+01
8.925587357452879e+01
5.219352932283353e+01
8.969501186613692e+01
2.307427303077386e+01
1.814671276050932e+01
3.425352290936444e+01
8.549924697051721e+01
6.715396906582359e+01
7.739196851728110e+01
8.218882734989226e+01
1.974713924329129e+01
4.927951844841220e+01
1.875044066400753e+01
7.265915701755283e+01
9.678830108455769e+01
7.933707036047106e+01
4.301169595821374e+01
7.930649499376607e+01
2.060183008229445e+01
4.226986339421471e+01
3.998933301306764e+01
7.309294565259150e+01
8.193324654453119e+01
7.080105681475301e+01
1.058676885933930e+00
3.304649099383805e+00
6.774597720603737e+01
6.721133821048370e+01
2.054338032405050e+01
1.617075410493219e+00
1.572557353215552e+00
6.465482365556751e+01
4.038709767180826e+01
9.126756921935247e+01
6.106332077694280e+01
5.057059477575616e+01
9.992572502229629e+01
4.656256770089388e+01
1.772456379501362e+01
7.731769349301126e+01
1.370715876748188e+01
9.263309980399585e+00
7.435365327370988e+01
6.367038710213750e+01
6.558969903997597e+01
2.788017002301298e+01
1.626425763418165e+01
8.601394951623583e+00
7.186664970212926e+00
6.360928749833688e+01
5.087125834583829e+01
7.216659922719309e+01
7.227581188654332e+01
5.444624552244611e+01
1.146366042618810e+01
7.333448877247724e+01
2.872527163882054e+01
2.282236703802942e+01
2.768592318877854e+01
4.124221719859271e+00
8.082671308928482e+01
9.862902481045063e+01
7.845538485723333e+00
2.467672197365981e+01
6.261000780510251e+01
6.890885926266613e+01
7.524731674941597e+01
1.541768606538776e+01
1.547142691699389e+01
6.926379193051895e+01
4.049182084411933e+01
1.733632246839643e+00
8.590242256685274e+01
1.484547407126309e+01
4.101447902667079e+01
5.149212156026258e+01
7.972492057817287e+01
8.411476718453446e+00
4.085803275967857e+01
8.039819117654031e+01
5.646160289480425e+01
3.662373602233070e+01
2.106079478797540e+01
2.873741473478145e+01
4.376927974809393e+01
7.685104789065711e+01
5.347957823121901e+01
7.987843373784722e+01
1.173409289295510e+01
5.053604559532182e+01
2.391947490345662e+01
9.732619481968050e+01
4.559623871259216e+01
4.437650653737435e+01
1.377461665020074e+01
3.906166434244330e+01
1.328536580004048e+01
9.352223784361139e+01
7.074197925196121e+01
3.723313577344322e+01
9.022211408718587e+01
9.497117125195041e+01
9.762452538014600e+01
4.131313168504887e+01
8.154070069153826e+01
4.370787369260000e+00
8.954289308262192e+01
8.954156590138635e+01
9.591774106766924e+01
8.771017472618733e+01
6.993975703136053e+01
5.237934391590736e+01
9.867494958391177e+01
6.455702547196161e+01
8.437477382103669e+00
4.244422928543958e+01
2.352500708006556e+01
8.318866220451363e+01
2.232266297672068e+01
4.108148824473912e+01
1.245310116207837e+01
5.885363102837169e+01
3.840768306441963e+01
6.161817156785082e+01
3.230137565746036e+00
4.159452255889518e+01
6.674897403770544e+01
1.651550336578651e+01
3.511676040250657e+01
3.749095324310053e+01
8.094768979630791e+01
9.790279017663691e+01
4.808635867577343e+01
4.289682146296688e+01
2.400748404860845e+01
2.962705932074555e+01
2.428524518585077e+01
5.162414221634349e+01
9.993225201029901e+00
3.706750932013034e+01
3.933431689596470e+01
1.942832568633758e+01
2.187053767120025e+01
3.800926643331035e+01
1.042887750567350e+01
1.094966941091682e+01
8.427904573468446e+01
2.336619981721332e+00
9.413833161543046e+01
6.216894223455756e+01
4.341810827302658e+01
4.678171828704966e+00
6.397831363788728e+01
9.703289046745415e+01
6.629634339655578e+01
5.848620532010040e+01
4.223639114864002e+01
6.697617926028380e+01
8.137543065537486e+01
7.374417338228979e+01
6.986747522366581e+01
8.314844904614075e+01
7.164696351236056e+01
1.795383385287311e+01
3.062906816165385e+00
1.086288528091409e+01
4.758089322018479e+01
5.108037397781404e+01
3.962170013208953e+01
5.757411842121469e+01
6.441566136871263e+01
6.274611505807663e+01
1.129620057125399e+00
8.628619908647900e+01
7.553814913869750e-01
1.155849756279890e+01
1.659421409321680e+01
9.244888885526400e+00
4.551238214853796e+01
6.345485256214386e+01
7.141383112008396e+01
6.062891458190462e+01
1.349745658854835e+01
4.561482562944983e+01
1.175825708161958e+01
3.616722092785277e+01
1.047475287247205e+01
5.038567010796893e+01
6.854374290841805e+01
9.185018357441304e+01
2.412984344369259e+01
3.841121808551775e+01
7.922755832747909e+01
3.236849337460869e+01
5.636505193839086e+01
8.229046514364447e+01
6.639692236967242e+00
3.945945112009507e+00
9.638617145660620e+00
4.626139241562290e+01
5.508508777948333e+01
7.405427856093938e+01
4.504283314805610e+01
1.546570314814602e+01
2.602362475638447e+01
7.000867634546417e+01
6.777320544597376e+01
7.693469169406904e+01
7.925356523099055e+01
1.328558754794560e+01
8.575397645391243e+01
5.626335710113093e+01
2.801095425524328e+01
9.925143304246079e+01
1.878182684014636e+00
5.063431628543619e+01
7.904523298099880e+01
1.235293560305281e+01
9.015488144483179e+01
2.581521213325449e+01
4.203119130899720e+00
1.991373473774350e+01
9.472055681735303e+01
2.270102939694237e+01
5.228222815891832e+01
3.589162441710552e+01
3.753502366018250e+01
5.643837747929542e+01
3.276785012929134e+01
4.986632021603469e+01
6.296261649716768e+01
6.436050551215210e+01
2.122791932021637e+01
7.432038745578396e+01
2.057521334876083e+01
8.156839692106863e+01
7.801412599068793e+01
8.834841879473460e+01
5.850308861513766e+01
3.766815268325999e+01
8.764420216327728e+01
9.768186220791277e+01
9.393150978439093e+01
2.964496055135735e+01
4.350849806494475e+01
9.399462844896811e+01
6.941417193478632e+01
2.255373099937743e+01
7.393251940325486e+01
8.178354207509362e+01
2.656406053647588e+01
1.236574720235809e+01
7.385377822157638e+01
9.902091361536687e+01
3.506677659930045e+01
8.391531006615391e+01
7.898112436709046e+01
4.272910176903434e+01
6.165341476986810e-01
8.825654214632537e+01
8.990274257487745e+01
9.442420731970304e+01
5.489858242445559e+01
1.113066189509382e+01
6.874459477548702e+01
6.465219923511715e+01
5.674639626254625e+01
3.413442621665747e+01
6.154067970884064e+01
5.120214738473396e+01
7.180257889991746e+01
6.317468605152084e+01
9.331512236656394e+01
1.480150479581277e+01
8.821372021372139e+01
3.896771047216268e+01
6.154378110614781e+01
6.223381849109839e+01
1.285008127468176e+01
8.272865260146961e+01
2.180287182415038e+01
9.890384604172029e+00
3.267817219378342e+01
1.815266777675257e+01
5.297988460072310e+01
3.787225030263525e+01
7.213217270194188e+01
6.627787401260710e+01
6.294919734958057e+01
8.018849425957933e+01
2.688854272798101e+01
5.862578198249722e+01
7.697426237956354e+01
8.178712515243662e+01
8.163475649507473e+01
4.571885710848442e+01
4.643932434098764e+01
7.433381531123715e+01
7.985328332514189e+01
7.567539302430832e+00
2.553596264940499e+01
7.181738879150589e+01
4.357493754642780e+01
2.099517505662291e+01
1.738995081623548e+01
3.178865771358305e+01
3.785189447824466e+01
7.893373192238330e+01
2.579569040136211e+01
2.148432700032570e+01
7.814367938700303e+01
4.759856222551250e+01
9.011611756408406e+01
1.082185153422032e+01
4.325521222467311e+01
8.435459620522083e+01
4.785123041265236e+01
2.282717228998764e+01
1.631560512646828e+01
2.929545386195903e+01
3.015666503000849e+00
3.653315614747496e+01
9.979954850850605e+01
4.678331140744654e+01
3.504714743934904e+00
4.125166970363431e+01
6.213555655541623e+01
4.994403908492254e+01
5.576812022168567e+01
5.829719596463126e+01
1.129068946991614e+00
9.402864235175244e+01
9.890391668253761e+01
4.470400653998554e+01
2.299257927713570e+00
8.552281026985628e+01
9.726625094062939e+01
4.940077553009650e+01
8.093783705538969e+01
4.295317090253959e+01
8.374647050339100e+01
5.491688193516661e+01
7.066050352093787e+01
1.512118206132258e+01
6.990336797661305e+01
1.391571574561099e+01
1.877004174458331e+01
3.348040978120659e+01
1.383720432121177e-01
1.579138339301170e+01
4.789292367542765e+01
3.975855458516560e+01
5.232453954048666e+01
1.370704719503738e+01
8.861422081879071e+01
6.169229436744577e+01
5.495871689867169e+01
6.705813345828007e+01
1.708690874142894e+01
8.489489731606790e+01
2.535532937634519e+01
8.004906246440908e+01
1.881088508237660e+01
7.466786707503155e+01
3.459850760856574e+01
6.849823811487212e+01
6.265139647882962e+01
1.101969234227188e+01
3.076038157137129e+01
4.112851430714527e+01
3.408163368426339e+01
7.986329299391400e+01
2.100306564057389e-01
4.742137158635136e+00
2.962803413608486e+01
7.011339863301879e+01
6.851045278297292e+00
2.910381240262828e+01
8.871086844648741e+01
6.989417321509410e+00
4.489519579563998e+01
8.723544594237369e+01
6.287858260929519e+01
3.776797053300216e+01
9.424930908449428e-01
5.149280338151977e+01
5.891202965700628e+01
5.590120998951663e+01
1.855093679323371e+01
6.535479569125678e+01
9.831793853003435e+01
4.390626616957889e+01
5.524929680640310e+01
6.451691867062679e+01
8.081040139347799e+01
8.984780441496885e+01
3.301515678549891e+01
4.100107864523357e+01
8.082113465332479e+01
9.614645647636916e+00
1.079418748188493e+01
5.498331904177709e+01
7.828239043163246e+01
3.463920677762442e+01
1.964490544965719e+01
5.956010043600579e+01
5.245302224180336e+01
3.830275840046944e+01
4.841230397504395e+01
8.706801384085232e+01
4.873719296824988e+01
8.190943271941946e+01
7.430345973665987e+01
1.161577553097893e+01
7.912916800897996e+01
7.524595282750481e+01
6.310857891249870e+01
6.522093027141919e+01
3.114716277045531e+01
9.425403088994977e-01
3.057572591610985e+01
7.380492662722475e+01
7.085074627345929e+00
8.582502272251295e+01
3.832184529785152e+01
8.789547606739005e+01
7.567282713748180e+01
4.117905736955770e+01
4.664648573223803e+01
2.071071370537892e+01
5.079370301719462e+01
1.102614761843632e+01
3.159512236322981e+01
1.339493077872085e+01
9.336577127378702e+01
5.525838749262429e+01
9.983174209475133e+01
3.619328538709939e+01
9.356114589309374e+01
4.824404602322916e+01
2.326129918138557e+01
8.726464523340792e+01
4.022902489650483e+01
9.756475891804544e+01
7.612744009873245e+01
8.773920889372900e+01
7.281071169898414e+01
4.669139643511334e+01
5.296013911858207e+01
3.957874422873312e+00
1.336069130960884e+01
8.353586503469192e+01
7.610622843546152e+01
3.892647318492013e+01
4.152766342345982e+01
2.711344329971514e+01
4.261448739218269e+01
8.141724256864620e+01
6.829250066927285e+01
7.151104210480629e+01
2.127956227458993e+00
2.087761616375186e+01
4.779406764907486e+01
3.774143827042609e+01
5.935784529864687e+01
7.590296095046352e+01
1.973249326447607e+01
5.918958734683207e+01
2.172175437292166e+01
8.656097160957799e+01
7.433633323495105e+00
8.704438483670558e+00
8.494894284985445e+01
5.412651940906724e+01
7.345480535805915e+01
4.995305684858609e+01
7.348471231455203e+01
2.691190225394066e-01
9.664445328369943e+01
3.088410283945692e+01
2.570420830776179e+00
4.427838998114616e+01
3.077648846934386e+01
7.867664926623770e+01
9.899740135250492e+01
4.385129285224308e+01
9.310472299955073e+01
8.123678848204985e+01
4.517109102810318e+01
8.485631099196911e+01
7.159018287043561e+01
2.739649160178215e+01
9.974741488683382e+01
1.938425047294435e+01
2.005724977704568e+01
3.401996182930654e+01
5.925819811376659e+01
5.813775558869250e+01
2.248994723078327e+01
9.328483580298948e+01
6.776186459127901e+01
2.992358060084450e+01
1.989274286660028e+00
1.852434390155801e+01
3.646485611631761e+01
3.154725419895130e+01
6.252346982365636e+00
3.110659021470071e+01
1.251256885589686e+00
6.512185398727742e+01
6.199069305415763e+01
7.828361949803477e+01
9.400243921857440e+00
6.431432248294090e+01
6.436350101808249e+01
2.762834854779222e+01
8.899828609498138e+00
8.092731134077874e+01
5.000953401904997e+01
5.407091963760132e+01
6.578362228618172e+01
6.313246482197775e+01
2.088752883527778e+01
2.868220523404060e+01
5.879258530158204e+01
4.094477861232347e+01
3.302649680200335e+01
3.035566668508373e+01
8.410632772562388e+01
5.551644403278662e+01
2.364050244150707e+01
4.849638624512422e+01
5.579538971921214e+01
2.907716265370937e+01
4.732939877888626e+01
1.341726761936083e+01
6.062441689922679e+01
1.580679952903036e+01
5.265022118233620e+01
6.187567378481648e+01
8.092865351630778e+01
6.514550888219174e+00
3.678880773335174e+01
8.905307165768606e+01
3.939863752545725e+01
1.152308751434231e+00
1.668142015891216e+01
4.829846613495539e+01
8.207962009221298e+01
4.873607673157755e+01
1.242863927615277e+01
4.786324237839470e+01
6.001876949333528e+00
7.325928158744205e+01
1.971293046125813e+01
5.841447275989432e+00
9.922785372437343e+01
5.061587605188409e+01
1.016793447088820e+00
8.333418140343120e+01
6.132320038104579e+00
5.936241520539038e+01
1.213923623419331e+01
9.051051837881585e+01
8.843957785909976e+01
9.463979471225282e+01
1.347722537511830e+01
5.136092898964925e+01
7.527543458867606e+01
4.845164383223823e+01
2.814798398322797e+01
1.053938083841437e+00
9.676363169996237e+01
8.321865842827533e+01
9.010700974152751e+01
2.579506809161746e+01
4.888078498136289e+01
4.525952820911050e+01
4.789556751395369e+00
3.096040502700973e+01
3.233498699606162e+01
8.683012108636559e+01
4.837626160512504e+01
5.864146401111105e+00
9.047747761499019e+01
9.641302665528517e+01
7.652527320968233e+01
8.970533129279750e+01
4.702890266060312e+01
9.117526984362643e+00
1.922494369522899e+01
8.521941825059216e+01
2.199362545367033e+00
8.517874893042202e+01
4.473356741700953e+01
5.248643520869615e+01
4.464738394350157e+01
7.965772253445243e+01
5.983514714047087e+00
9.396674767786951e+00
2.433823934958235e+01
1.692318316405787e+01
7.612690659059534e+01
2.110187104954471e+01
1.521400656328258e+01
2.265989204061212e+01
8.870629178765522e+00
1.046360810774546e+01
7.346052447029414e+00
1.366018593016089e+01
4.449284940235916e+01
6.191502519041067e+01
3.087838200427516e+01
1.618540613734415e+01
7.801790348161846e+01
2.135585957269923e+01
8.427459820372732e+01
4.430444480120411e+01
1.293076105086634e+01
6.675842607708574e+01
2.184651145797526e+01
3.215570479266145e+01
1.999830595217566e+01
9.979368387711871e+01
6.927945244558130e+01
9.572824253501754e+01
5.671320387940537e+01
5.211058904049480e+01
2.286400898493082e+01
6.269671859345246e+01
6.150726380828176e+01
4.720224833451316e+01
7.961990175751033e+01
9.976561418723577e+00
8.657089252330870e+01
4.427156115149686e+01
3.263645350590183e+01
2.556825961245609e+01
3.805263616985298e+01
5.558737556244591e-01
9.101707632235115e+00
5.861780702072093e+00
1.954259118975261e+01
3.998008963651028e+01
2.561335164383676e+01
9.756049467137106e+01
3.449016391974416e+01
4.534287506031938e+01
7.455451538532716e+01
4.742092497061050e+01
1.210130109083899e+01
9.640102684330243e+01
7.957662976327195e+01
6.109897874346887e+01
2.044690080007859e+01
2.577729603544683e+01
9.667416610600155e+01
9.697921001211704e+01
3.970413242452970e+01
3.221318630139026e+01
7.027405736515023e+01
7.355378729922407e+01
3.570851769098478e+01
4.989395907609443e+01
8.353034876451379e+01
3.504454276293728e+01
9.416552022759129e+01
8.248110813204251e+01
1.772093182323544e+01
5.196952570787143e+01
1.672267597947394e+01
2.790593748349042e+01
6.123734976222616e+01
8.188525106845668e+01
6.680272909198084e+01
7.987973218778136e+01
7.944574569326161e+01
2.813867830119034e+01
2.522260720153461e+01
9.920245506763573e+01
5.358183293304492e-01
3.732390833893972e+01
8.039918764512947e+01
5.703366196576211e+01
9.180597313298190e+01
1.137041021667906e+00
9.631667104378188e+00
4.863319436490219e+01
8.714379793365664e+00
2.251509037917251e+01
8.555719940250609e+01
7.898843715851588e+01
9.606887767839659e+01
5.229762278138549e+01
2.888239618804417e+01
3.410547647350723e+01
8.734216554432277e+01
8.224101936548995e+01
1.658658455898361e+01
5.655524030167388e+01
3.761658837907789e+01
1.248870455310154e+01
7.586090540320654e+01
2.928382262088536e+01
9.168227952517675e+01
5.018060884912526e+01
9.163554808666722e+00
4.026024110627372e+01
7.831928715031560e+01
3.438616201020132e+01
3.946269612734331e+01
6.352436573408747e+01
7.171007034914105e+01
6.552327338863316e+01
4.876615356130812e+01
9.425776372396282e+01
6.636936178727511e+01
5.839782066568630e+01
