9.058097614468121e+00
8.393185775910124e+00
7.707898927716491e+01
2.419905775422187e+01
7.178543944460594e+01
7.735004093374593e+00
3.492319408567771e+01
6.533296949478469e+01
4.483692154513529e+01
1.700615301588837e+01
4.464044386737069e+01
7.187379457609438e+01
9.039039928018599e+01
8.201754613873435e+01
5.947125333336706e+01
5.764837034868467e+01
8.435255828516212e+01
4.170049589206488e+01
2.819981348151332e+01
6.269731897055046e+01
5.653795821430998e+01
9.569223741800164e+00
8.257434819013548e+01
4.343951020549960e+01
2.719433215781783e+01
5.009070693053804e+01
7.988432351494409e+01
1.474658060574279e+01
4.451504617208384e+01
7.556530752944076e+01
1.652176241228439e+01
9.816707190972150e+01
5.878788561503770e+01
4.524503315111856e+01
6.065755489312929e+01
9.750836370396817e+01
5.298003724449316e+01
9.558074902537314e+01
8.290547751025552e+01
9.016248862732319e+01
6.755741190517200e+01
2.989227316802939e+01
6.203628315685143e+01
4.840545349214480e+01
1.190981926019761e+01
2.150753644365237e+01
5.074256530531801e+01
6.150781217101395e+01
6.292466258766347e+01
2.249961584922840e+01
1.958097332137682e+00
7.687830360460947e+01
2.223900175757660e+01
9.327784930042823e+01
3.519853317886523e+01
4.943333391539442e+01
3.669859517211960e+01
4.361148348246304e+01
1.276454046031672e+01
1.601832779870291e+00
4.537817199964923e+01
7.429979284028512e+01
9.976890468959179e+01
7.041074022204184e+01
9.343211357175937e+01
6.042645958272109e+01
9.792400901109168e+00
2.588919560699220e+01
5.600720856152811e+01
9.269787841136468e+01
1.605168418774926e+01
4.393155530278177e+01
3.272531504404047e+01
7.808796734460070e+01
8.396212490460003e+01
7.382638998042158e+01
9.959550383481918e+01
3.140223456146299e+01
1.308716838857493e+01
7.393002764970531e+01
2.802246777714345e+01
1.504526572071261e+01
5.080833120774866e+01
8.177947210230840e+00
2.489266685438001e+00
3.765201379435696e+01
5.761128112562525e+01
2.935007555845663e+01
1.473762845375465e+01
7.037582163250811e+01
3.095190838489304e+01
2.997085849287494e+01
6.661789392429306e+01
3.072081302791872e+01
8.796288761681080e+01
3.698951603704575e+01
6.241259899102738e+01
9.775528856448609e+01
5.009211914152472e+01
3.878674238863715e+01
9.045316692928466e+01
8.158115054554359e+01
8.271829769141893e+01
2.317848197332513e+01
3.341920675403401e-01
8.879701890461009e+00
3.999228991567729e+01
2.030860996819502e+01
2.529387661502411e+01
5.307945830425223e+01
9.537205113813843e+01
2.622088190457825e+01
2.902247040952671e+01
1.531181489830455e+01
3.439882911480909e+01
6.152236920852324e+01
6.068284845011441e+01
5.041880018562954e+01
9.088549804449337e+01
6.764837231843191e+01
8.298142812353625e+01
2.769501755372389e+01
6.890062339087046e+00
7.941551836180293e+00
9.851912464877550e+01
3.013355812529733e+01
3.137498378352028e+01
6.738999018789734e+01
3.488722328789868e+01
4.768044359408340e+01
1.454447131349913e+01
5.930109823090075e+01
4.110326945833083e+01
9.401803561207747e+01
1.807756070889419e+01
5.484635525143070e+01
1.378906025262040e+01
7.155543117390732e+01
2.265467775177894e+01
6.752047439456008e+01
9.806719981043935e+01
8.715816144233483e+01
9.239928135294434e+01
2.708967017339993e+01
2.469976294073265e+00
5.806933113283912e+00
6.253749149038340e+01
8.822260726626152e+01
2.015029560781564e+01
2.687958699040096e+01
9.609685614523332e+01
8.253622743419196e+01
7.506895040863610e+01
8.811260205139993e+00
6.197564772422223e+00
9.069351064539212e+01
9.007179960146165e+01
3.434468127523767e+01
8.078859121575420e+01
1.994779534635497e+01
2.550374298612761e+00
9.089960720897634e-01
7.361855198332042e+01
4.365364375694359e+01
4.893750667056884e+01
5.181693194984315e+00
7.706552007098939e+01
7.617604465977105e+01
2.927237047314289e+01
3.903092119797641e+01
4.369651900776500e+01
3.097094093960288e+01
8.102811038541985e+00
4.019831011081036e+01
9.004563511817048e+01
6.413400879322272e+01
4.600524327066040e+01
5.666911874742672e+01
9.988385895261722e+01
2.230976569573849e+00
2.923481288796049e+01
6.700914165331476e+01
4.869895058157805e-01
2.569837352526299e+01
7.582040190502089e+01
1.122668972761682e+01
5.028051354469756e+01
4.142290774799087e+00
5.781318697045240e+01
6.631471284959220e+01
9.279444375671187e+01
5.662226321018407e+01
4.451128483959999e+01
2.611695487337045e+01
5.371378769805366e+01
4.583089009198867e+01
5.904138966418867e+01
7.502663045890007e+00
2.200693470519359e+01
9.951866562455830e+00
5.892206265540890e+00
6.570345375952472e+01
8.688611974329041e+01
6.617860233698907e+01
3.141329019861915e+00
7.693175481489476e+01
3.031261108364566e+01
1.077940254974151e+01
7.928698071245429e+01
5.638320895674788e+01
5.444774597624678e+01
8.521793553848655e+00
2.339235061006264e+01
2.271232964597285e+01
7.310834167204254e+01
9.921275251508352e+01
3.393901937358967e+01
6.114619161424626e+01
2.802746343800214e+01
1.950279889605138e+01
2.675332432927253e+01
1.805118611923008e+00
9.843939985075937e+01
8.477017250134152e+01
2.792207348529346e+01
3.277577922343080e+01
7.778667550430944e+01
8.696346319604827e+01
8.293249527128995e+01
9.454578747718865e+01
3.155651177817793e+01
7.359101268164395e+01
5.718798630739934e+01
9.777973769129241e+01
7.787970201013596e+01
6.032931532726126e+01
7.471149245962104e+01
2.367712237112090e+01
5.451600516890921e+01
5.399847317207534e+01
8.006033137443491e+01
6.227163731226308e+01
6.252026672592399e+01
3.452681937931423e+00
2.831280172258280e+01
7.267836470747291e+01
2.665434406448824e+00
4.014779992408483e+01
3.311697618715324e+01
1.497167670865156e+01
5.965059882013620e+01
5.987030051642576e+01
6.531157668927293e+01
6.280195469167175e+01
8.304121055781899e+01
5.506723292873578e+01
6.652301878972120e+00
6.082788601556229e+01
9.891127566756275e+00
5.353971531313830e+01
4.447913865767379e+01
8.480720971003510e+01
5.063036156381963e+01
1.667124918507005e+00
2.900668328116028e+00
5.053886554694682e+01
6.199644024576826e+01
9.327597561910561e+01
7.421598796463384e+01
4.269488381347381e+01
4.727444874461482e+01
5.427631929250263e+01
9.529861123082163e+01
3.495231006990760e+01
5.772900123043405e+01
8.075037672219349e+01
8.572437189785967e+01
6.039443563688287e+01
2.089817664627832e+01
6.863275830104611e+01
7.653405045929088e+01
8.054877546641454e+01
6.690379635752356e+01
4.860049879578897e+01
4.781632700367660e+01
5.897736514870886e+01
7.152816321306311e+01
5.446862892921484e+01
1.077289288433869e+01
8.141929077981939e+01
8.008344195787023e+00
5.645110986961569e+01
1.724963538220601e+01
1.432767920863241e+01
5.811823478812269e+01
6.234197801088075e+01
6.486654475557923e+01
8.696978589844415e+00
2.707279442207552e+01
8.681459104959602e+01
1.115982016136861e+01
8.622356242790052e+01
3.946817016204268e-01
8.656890503436742e+01
7.111365924175533e+01
5.108785315001749e+01
6.645179305526045e+01
2.470598887871298e+01
1.148228874033424e+01
8.734996970153878e+01
6.917679578493200e+01
6.507719665070864e+01
1.607582174058809e+01
4.819766224743690e+01
1.367769544649762e+01
5.640127000231355e+00
3.614517722099329e+00
8.520585865956073e+01
7.061151790926769e+00
2.096044329039773e+01
6.662514943938011e+01
7.819204525006565e+01
7.208049263436371e+01
6.882918568739164e+01
9.251972445869806e+01
3.015583354521349e+01
1.604606956990719e+01
5.738626921427728e+01
3.708960136263147e+01
3.642200121489446e+00
8.857170976166228e+01
8.773759663465320e+00
2.934242637331710e+01
8.896639146328270e+01
7.575652919512081e+01
3.607480313446131e+01
8.684383131882353e+01
9.193758815151527e+01
5.654564251031058e+01
1.969085155040531e+01
6.478452080152208e+01
5.883833829259423e+01
9.119746572859468e+01
6.883225285859417e+01
9.973662472317770e+01
3.115268779506566e+01
7.876208498085015e+01
2.219439271008335e+01
1.635854645462639e+01
8.582323681834303e+01
3.719172367695334e+01
7.034417422038698e+01
7.284140417950293e+01
9.471409641891442e+01
6.141160114734042e+01
2.029964189059084e+00
2.486992991756179e+01
4.141058662971975e+01
5.410431868122161e+01
7.445014597589622e+01
4.505278675120920e+01
4.267602839631775e+01
8.322390563936155e+01
4.991896108254742e+01
6.912552051671106e+01
8.370251221754705e+01
5.000080957543143e+01
5.008992806546853e+01
2.533114642153082e+01
3.697741056651688e+01
6.243882321866175e+01
9.821955799042227e+01
8.277859705629693e+01
7.991381556722979e+01
2.553617876280853e+01
9.806410544461762e+01
1.106650336229545e+01
5.159913573954215e+01
5.154114032701642e+00
2.742504981692184e+01
6.325686139206256e+01
8.755172197127330e+01
8.677112217376526e+01
3.925323292578256e+01
2.647984965074800e+01
6.222162719919422e+01
7.634419620798165e+01
4.741463793786924e+01
3.632213828913967e+00
3.044851484263712e+01
3.829054023990899e+01
4.868500058012316e+01
2.682296006326701e+01
5.912584357854251e+01
5.869893122403833e+01
9.594848062654421e+01
4.282835579608956e+01
4.613669926586407e+01
7.946142790813997e+01
9.456644160420002e+01
4.053794124188737e+01
3.030497917453990e+01
3.833396399316097e+01
3.369954486084150e+01
4.865294562124319e+01
2.147787307457899e+01
3.319066121857178e+01
8.355955643745117e+00
6.442993416657203e-01
3.834477525127343e+01
8.683369997275699e+01
5.133155181600318e+01
3.615875902406814e+01
5.070991332210131e+01
5.612019792018468e+01
8.872009491954003e+01
5.946407283631343e+01
3.246439408160020e+01
3.613473285740928e+01
6.309628666522740e+01
1.478942707869663e+01
5.868980924537862e+01
3.696386969506921e+01
4.161238714196364e+01
1.781565282392113e+01
3.309975938550186e+01
3.756086772194173e+01
6.677886963206291e+01
7.526788342523756e+01
9.242201977987867e+01
7.584146227493951e-01
3.191961000297200e+01
1.197870700246594e+01
3.909237861591036e+01
5.093238044107910e+01
6.032085384257178e+01
5.934379527314743e+01
8.412304165965088e+01
3.428950767698209e+00
5.998809461481315e+01
2.246781691092431e+01
5.903167238413900e+01
6.477813621274109e+01
5.401551763248421e+01
9.741585706240304e+00
4.412548497511330e+01
7.736329872969692e+01
6.717189339323522e+01
3.461077503609042e+01
1.349803154054006e+01
6.358964371662104e+00
4.940020211478704e+01
7.218784078591868e+01
3.814729621547614e+01
9.101258925675070e+01
3.621572071510168e+01
4.224469416879336e+01
2.857345697869242e+01
5.064750218328437e+01
8.389539806353645e+01
8.346618860190091e+01
5.140591680603377e+01
8.757866206000496e+01
8.410253980388052e+01
3.622938982966793e+01
3.026683792949972e+01
4.442339359988616e+01
3.497644883346578e+01
3.475664478482523e+01
4.421137443008431e+01
1.226969669213039e+01
5.722446169574953e+01
3.243046767657179e+00
5.751092082704926e+01
4.586766550590642e+01
7.452175103804178e+01
1.558075981008856e+01
2.323096418903720e+01
5.157694404552549e+01
6.114992921294175e+00
3.672899572957726e+01
6.415748235963167e+01
5.257506740865067e+01
2.784268186792856e+01
1.258742437352772e+00
4.358765666540138e+01
9.892033012533575e+01
1.093229316684059e+01
7.933573866232099e+01
4.956783226205400e+01
9.482769123037704e+01
4.428494635237612e+01
9.737490680877814e-01
2.091904996005774e+01
2.838748610969050e+01
5.020899616657244e+01
3.977684706439118e+01
7.281087970957667e+01
2.644849332349770e+01
2.261279957490638e+01
3.696377726130363e+01
3.855519995026067e+01
8.964345938975153e+01
4.381458090795883e+00
3.834963810553292e+01
9.163895775174673e+01
2.098524087154550e+01
3.266974540085986e+01
4.779815745903093e+01
1.999310307204402e+01
3.421486864528379e+01
4.297124894474226e+01
8.415058543167569e+01
7.732400851199590e+01
8.141301371222967e+01
6.576025274850440e+01
3.200733476877554e+01
3.430773487049515e+01
9.738765712705796e+01
7.812362535769289e+01
6.346319674675501e+01
9.221534831086888e+01
2.398202154970822e+01
4.436785566823922e+01
8.674426222534117e+01
7.684088087493595e+01
2.075277223286814e+00
7.025717239373232e+01
4.965176053794649e+01
8.506919754905124e+01
1.182594113602580e+01
8.661553779925012e+01
8.215854078631780e+01
8.251343131182409e+01
7.007002144589556e+01
1.395526319460723e+01
9.320306805577272e+01
7.649704621941645e+01
3.133739872432193e+01
3.822310694410611e+01
9.649014929146047e+01
7.234565800630752e+01
8.119435588884836e+01
7.952606253303870e+01
3.198230035229694e+00
3.527610308270720e+01
6.709609859022130e+01
3.520556480400523e+01
8.389085679496213e+01
6.448375567071315e+01
5.850049483520002e+01
5.685371856989978e+01
4.140438378853927e+01
2.700889842911107e+01
4.770157674686125e+01
7.188470911788042e+01
3.463201352145151e+01
7.843914268465673e+01
7.535014547191101e+01
1.741234740121865e+01
7.475481609569621e+01
8.717608660793681e+01
9.355870545541807e-01
5.036044123133665e+01
5.147368779940237e+01
4.335311420418002e+01
6.431570442594388e+01
6.812650499312511e+01
7.172804976428301e+01
5.066355180491859e+00
1.102111032745853e+01
6.821819905574350e+01
7.479215174670897e+01
6.488419974450218e+01
7.058006975361150e+01
2.304313719414321e+01
2.714753943828286e+01
1.595503227596871e+01
5.824870199814845e+01
4.569632045258597e+01
8.043878794668186e+01
9.762271521502301e+01
2.791175480369094e+00
4.387652745650919e+01
2.332433053447135e+01
7.440147161223064e+01
8.058125808862097e+01
5.011841182136835e+01
5.284061425032122e+01
5.593140351396585e+01
4.079705059565467e+01
7.432485524300712e+01
4.310749007533653e+01
2.200923833158297e+01
3.041850963161258e+01
7.925314133952052e+01
7.202273550071881e+01
8.900100090028765e+01
4.737964628607950e+01
9.184163403317407e+01
6.161727875546426e+01
5.378655784474060e+01
8.666244148586991e+01
3.984307774335289e+01
1.867075754267664e+01
9.061431982117440e+00
2.486399655456841e+01
6.189963489859348e+01
6.871726045790932e+01
6.275402506010329e+01
3.460430434653735e+01
8.089629513253286e+01
6.037674022856017e+01
5.520127092264651e+01
9.297068616979321e+01
8.231869651112645e+01
2.960274253487715e+01
8.372773653069872e+01
4.027504052048318e+01
8.244335678519838e+01
1.945460774910385e+01
6.038373613747942e+01
1.482085083370137e+01
6.256209782444039e+01
2.575778426870601e+01
6.341215794133589e+01
4.181523911739477e+01
4.888984563243103e+01
2.850714816176665e+01
5.254204555067329e+01
1.869593733860922e+01
2.382301293491526e+01
4.292414353365272e+01
1.419981383448458e+00
6.366609067826815e+01
2.066827342876618e+01
6.865747197002986e+01
6.754786910840677e+01
4.383042130797655e+01
7.919867387004135e+01
3.030189412194392e+01
4.418056166925493e+01
2.829283253675924e+01
9.067863435050410e+01
8.133490499171191e+01
6.276873893233423e+01
3.023193037613850e+01
9.731791843535281e+01
6.742558584894314e+01
3.245077265074978e+01
7.976127522055118e+01
6.250692525063963e+01
3.021067400938397e+01
1.275492348370837e+01
8.308648741016466e+00
4.963346237765321e+01
7.616708147161039e+01
5.012388790497737e+01
4.955128955168244e+00
4.559100332930265e+01
7.051689744485398e+01
2.365106634034359e+01
6.554564608519229e+01
8.224291684210436e+01
2.406793601069038e+01
4.075306921301087e+01
5.009299980015168e+01
1.155577605197009e+01
8.300938274851505e+00
5.966925712286925e+01
8.010440928866360e+01
2.564054048882822e+01
2.505119551208392e+01
2.540530707938844e+01
2.253139397247294e+01
2.047432913467024e+00
8.817404601172268e+01
2.836601083556470e+01
7.445585125799098e+00
1.446598917919490e+01
9.039569301083483e+01
6.984556502189746e+01
9.920931151099937e+01
9.107224582278739e+01
8.260048855217197e+01
7.602093698271593e+00
4.100727114873345e+01
5.876756997721623e+01
1.864507674176483e+01
6.701351044094818e+01
1.045500860105036e+01
7.079187583680817e+01
2.827624139761377e+00
3.260825599199546e+01
2.166021616275432e-01
5.656589845035500e+01
7.336132520500632e+01
7.556231905499581e+01
9.645982966593458e+01
9.725805763027540e+01
1.918434361889229e+01
3.830332878898053e+01
2.026509592321939e+01
4.423553913097621e+01
3.591514175567549e+01
6.383021732970617e+01
1.754997112674171e+00
2.888985449862194e+01
1.533352700776119e+01
6.943355806611179e+01
6.368331534959530e+01
1.357126404231939e+01
7.666142893799646e+01
4.796214697321977e+01
4.643509818540658e+00
5.314662123711156e+00
9.508240003841109e+01
1.430804869826327e+01
8.930558431395590e+01
1.372747678017592e+01
7.264663445420872e+01
9.319755676817036e+01
7.169132683039238e+01
9.638563892635780e+01
7.576124755468278e+01
6.259133380958407e+01
4.836748896556324e+01
9.603350572103332e+01
1.854514666765236e+01
6.563278188259936e+01
8.082940144502996e+01
3.772949028654466e+01
1.702969089012113e+01
1.094497321683214e+00
8.196502946408700e+01
4.310426797862363e+01
5.064105999220212e+01
1.896693996105666e+01
9.498694985871526e+01
6.597458704652944e+01
4.218086108666885e+01
9.500445513753428e+01
7.954585108884883e+01
4.298490576585052e+01
8.789683202649319e+01
4.995837446765898e+01
4.328386902030738e+01
2.827724960086739e+01
2.549367259512361e+00
6.081698353440360e+01
2.465799689509813e+01
2.742512609224074e+01
5.401454025600783e+01
1.740709120286959e+01
5.067026030769119e+01
1.543016308705796e+01
4.482617086955634e+01
8.271041739858241e+01
1.161313104052708e+01
2.551345677371764e+01
8.408336908746668e+01
8.009859313261629e+01
3.657076616611833e+01
6.347900119772134e+01
6.091138960836054e+01
1.853579558363920e+01
6.583269129778850e+00
1.155244960056266e+01
3.750273559126199e+01
1.570218941927989e+00
7.752703664709210e+01
5.064559222694746e+01
6.290583981336366e+01
6.823219823103035e+01
1.406039973444324e+01
5.080267179329072e+01
4.126224855019815e+01
4.905794134785325e+01
4.159921824075245e+01
4.880169823244293e+01
9.874924835690727e+00
6.145932369933432e+01
9.060137443738123e+00
6.219393194755257e+01
9.888664814591718e+01
1.742111240393534e+00
4.370981801473992e+01
2.621831937051300e+01
4.799426768347354e+00
8.908776384270180e+01
5.173177614423064e+01
5.504684949063083e+01
2.210678608254845e+01
4.051170555898533e+01
3.054282713241075e+01
1.198966452478881e+01
9.226567181398426e+01
3.605351119118441e+01
7.548704565292552e+01
7.063335057843166e+01
6.051528507867609e+01
2.919247105214394e+01
9.242507242244905e+01
2.342112484547362e+01
8.957796468845474e+01
6.485472156892285e+00
7.422379663876436e+01
3.084021319208677e+01
3.103833088233989e+00
8.005700403827102e+00
3.810242518694253e+00
3.966287432222761e+01
2.562682285235581e+01
5.433421719555474e+01
8.526850141830207e+01
5.982615014530074e+01
9.959301664475026e+01
6.442293155213023e+00
4.834648168103140e+01
4.392443366531489e+00
4.845048619827744e+01
9.458779161543949e+01
3.448240576986336e+01
5.247366747468415e+01
2.144825962439564e+01
4.563703622931477e+01
6.061174541740294e+01
4.231322595957351e+01
4.582102319496731e+00
5.087729862466329e+01
1.294657649143905e+01
6.509738744473894e+01
3.986398854286596e+01
6.713580296707144e+01
8.851851229021257e+01
7.296034026563183e+01
6.173548086627176e+01
6.274230892897691e+01
3.800553411152471e+00
7.765376059229196e+01
7.074800933280402e+01
7.440042480565627e+01
1.731663486795343e+01
8.107207952117179e+00
6.639007491357162e+01
4.755777122804791e+01
7.054075154966711e+01
9.902151399246488e+01
6.181820922615855e+01
6.318702174499027e+01
4.890991493543140e+01
3.809059790246682e+01
5.777481331386362e+01
8.339232075186088e+01
9.056426537715097e+01
3.232201926052664e+01
5.045642859789376e+01
6.337290446431045e+01
9.793999292791821e+01
8.499770471127597e+01
4.014404436580094e+01
2.221722669071389e+01
3.329202618137563e+01
2.072319775853455e+01
8.935302970435146e+01
9.524625544214912e+00
9.368353802416638e+01
4.735202782198415e+01
7.602312666178827e+01
5.468654239302806e+01
3.315640568414536e+00
4.677113594802615e+01
2.388124476367665e+01
3.218923622378578e+01
5.601345820166797e+01
8.406959659609458e+01
9.641376924534039e+01
3.544119355987813e+01
4.943654977224606e+01
2.118934212307881e+01
1.980120680285674e+01
1.201823382266715e+01
5.927994002554563e+01
3.067496643898775e+01
8.173878545953835e+01
4.984420540269660e+01
9.055600086718611e+01
3.015633902054110e+01
4.641477779783997e+01
8.563911602163647e+01
3.621174713420297e+01
7.364855118731435e+01
2.170190784228123e+01
6.097405262336789e+01
6.656685507230779e+01
3.771684576650934e+01
5.182959048628323e+01
2.325684820453490e+01
4.861574817850057e+01
8.733517289503253e+01
8.553937840533415e+01
6.348834953433291e+01
9.704913296599366e+01
9.367995224598793e+01
9.567758580468482e+01
5.306259116766163e+01
2.578991028749845e+01
3.944747184377512e+01
3.927252676304082e+00
3.734118465210366e+01
6.992513838686288e+01
2.152309591021533e+01
8.160662002936314e+01
2.920507836584239e+01
4.401523016580159e+00
7.082343179305244e+01
4.032618195765008e+01
2.477762374318094e+01
1.039015609323520e+01
1.535701272792975e+01
3.550432433164880e+01
8.358200797046629e+01
2.695507347907641e+01
5.754820208882364e+01
4.455606054726805e+01
8.337731281452687e+01
2.134557982038035e+01
9.959060889649699e+01
1.499256515642282e+01
1.756085763571824e+01
4.065050773352874e+01
5.697197809674404e+01
8.104920721661728e+01
9.765009097645529e+01
2.366027455947374e+01
7.672679297473599e+01
1.272218390960348e+01
8.972462350024125e+01
6.287911285780329e+01
7.489998465166427e+01
7.452085864475036e+01
2.165035252536198e+00
9.642308056187959e+01
4.258996687950099e+01
2.459280589809306e+01
8.010750318882404e+01
5.324970733060022e+01
6.647130114327710e+01
7.722242627163530e+01
6.078365950881673e+01
6.867552458712622e+00
1.272675055671798e+01
4.436566747928302e+01
8.004666263239768e+00
7.027495264554162e+01
8.892172802655108e+01
9.138197907776664e+01
3.922006210275929e+01
7.732658883432234e+00
6.281457881574266e+01
5.678091978504365e+01
7.568507137507436e+01
1.978655686592057e+01
3.783012695509480e+01
4.295964764568938e+01
3.647416696719554e+01
1.455691988326466e+01
7.117656952290636e+01
9.007179336160040e+01
2.516980540248090e+01
2.336865953326629e+01
8.330234181289670e+01
4.163659882807946e+01
9.907463970551018e+01
2.589230864583156e+01
7.889294427767999e+01
7.502811778105242e+01
6.245204911681454e+01
6.364213217219437e+01
5.225054405268773e+01
8.936682720173468e-02
8.746528000918462e+01
6.497729460940570e+01
4.445503430648476e+01
9.064590082999594e+01
1.077207965346616e+01
9.721535565201908e+01
8.202787990776258e+01
4.204168396165673e+01
6.287033467687216e+01
4.484245867693911e+01
4.744381413210361e+01
1.793100797474897e+01
6.462901554285968e+01
5.545734961305622e+01
6.089065562043835e+01
9.881144510526742e+01
3.211700368305529e+01
1.463232455525190e+01
8.888323846686782e+01
2.365978496319604e+01
6.011123948735708e+01
7.218558023319839e+01
5.933289875245323e+01
1.122731813752433e+01
7.639450583439064e+01
1.906706407622763e+01
5.664034618839637e+01
3.738359619741495e+01
8.270919624842200e+01
6.159340104162385e+01
3.747296302461669e+01
6.535043081517817e+01
6.412305504275628e+01
5.565436084552405e+01
5.599633159860797e+01
2.110280786692296e+01
1.530475957100501e+01
3.802421145980443e+01
3.457328748636566e+01
5.458512536929228e+01
4.198490504267854e+00
2.682834632081368e+01
9.314053137467268e+01
2.041149009969621e+01
2.003802089953703e+01
5.031099638450471e+00
9.377173804387997e+00
7.955197830663620e+01
5.828679961072598e+01
3.519036915860622e+01
3.648693200037206e+01
1.839803905151693e+01
7.375949345238483e+00
6.227878484049756e+01
8.042792299782295e+01
3.460021723741676e+01
4.048130616568090e+01
8.061536535649344e+01
4.283743442168340e+01
2.702195105469877e+00
5.433075132515782e-01
8.031039744630009e+01
9.822293380192617e+01
8.733919201760514e+01
6.151728241775059e+01
6.103317237507234e+01
3.835777195094050e+00
9.268462499262981e+01
2.342601899217163e+01
4.017117109157666e+00
3.395733508931349e+01
2.689677538671381e+01
3.187867702538086e+01
4.669401857382339e+01
5.378837476195226e+01
2.675716580206397e+01
4.353836823419591e+01
9.550550025678496e-02
4.952223023843124e+01
1.825167844921894e+00
3.528587465886300e+01
9.520907378532414e+00
2.022320689643882e+01
4.266182405066761e+01
7.179969221902996e+01
2.939412432228873e+01
4.811566227493606e+01
5.120132647045018e+01
1.498184195485983e+01
9.095309669661945e+01
7.901927553071607e+00
1.431984687890850e+01
7.126349409635341e+01
4.660606218809544e+01
7.346713429943991e+01
3.350188878062269e+01
3.200786967389652e+01
1.010103878104176e+01
6.468250014105928e+01
5.543388866606816e+01
1.411815589019943e+01
4.500237812521047e+01
2.334795409038102e+01
8.116714366766026e+01
4.941634268007071e+01
6.247636450569908e+01
7.172078516880087e+01
9.684327025750804e+01
7.990761025804449e+01
2.805657956193042e+01
9.866843810242993e+01
3.692835035590844e+01
4.743013430732774e+01
4.851340062381392e+01
9.355815676672299e+01
1.583000021792482e+01
5.110749520878657e+01
4.167381899509291e+01
1.621060870411369e+01
6.393871072863169e+01
3.262691564514624e+01
2.969665617202253e+01
7.825855765410633e+01
3.890409694933524e+00
7.630271836011798e+01
1.406101324318955e+01
3.739229847555621e+01
8.310588034014492e+00
5.528479169834628e+01
4.843734151145320e+01
6.374447670008264e+01
4.136791175295036e+00
9.343971968322980e+01
8.431623325884166e+01
4.028989423079877e+01
1.971722441712265e+01
4.679259776454074e+01
1.882424355429795e+01
6.793753531199765e+01
5.659646501606166e+01
9.885112489520159e+01
4.225632988021538e+01
7.492797685550897e+00
9.431095742355610e+01
3.021748928828979e+01
1.050954405707752e+00
4.219061366384412e+01
9.390566018126238e+01
4.272477340080066e+01
5.824856025085252e+01
1.668263651276130e+01
7.535168904594690e+01
8.794521646944118e+01
5.445273837747645e+01
7.924209874088042e+01
6.424793478299303e+01
7.133752874626663e+01
1.381755965473948e+01
4.806697808581729e+01
6.270145353055627e+01
6.251347864163736e+01
5.017733026769820e+01
5.715731627175460e+01
3.281436037868930e+01
3.449356352653986e+01
7.762617188395289e+01
5.256079931397029e+00
2.760060924459277e+00
9.844736750165343e+01
4.884397180231473e+01
5.935652598708706e+01
9.729849239685502e+01
9.110030168253012e+01
6.684932367263796e+01
8.370045385495780e+01
3.239069801400914e+01
6.790027812491184e+01
8.878592457100095e+01
6.450374655635271e+01
1.062505147914638e+01
8.525021285063131e+01
4.069792732628898e+01
8.597674057165941e+01
7.782948770459251e+01
9.515066570376543e+01
5.160995891858357e+01
3.162479020265154e+01
1.722194813993850e+00
8.185323648241034e+01
1.245317841528597e+01
5.390997075192163e+01
8.116947169470110e+01
4.875617793237613e+01
3.420100278882357e+01
5.436433481721409e+00
8.140984004429069e+01
6.006190397779546e+01
1.069251341311844e+01
1.352046570438913e+01
5.850927143288277e+01
5.953648521543317e+01
8.773757838073074e+01
5.580776378317166e+01
5.063678689796328e+01
3.949614243558429e+01
3.950821763812947e+01
6.596265801506240e+01
7.396420513929995e+00
6.406562615375296e+01
6.738880996936412e+01
4.654175953312859e+01
5.666266617209774e+01
8.086737249086955e+00
8.756175012679851e+01
5.780529331313693e+01
3.237402906286252e+00
6.921705183070948e+01
8.943008351578847e+01
6.544089911758941e+01
5.107028826655367e+01
3.224237544100842e+00
8.666837429006974e+01
2.212343831645485e+01
4.407429115105155e+01
3.354220736471108e+01
6.244324648866581e+01
4.394363078472374e+01
8.487274627428164e+01
1.412421032512757e+01
3.900459689973136e+01
9.332243953520546e+01
7.366069554056072e+01
3.314955715702360e+01
4.348304553119608e+01
3.311429164983066e+01
7.361111262515705e+01
8.299126316932555e+01
2.718254580496929e+01
9.710399568877369e+01
5.195242490244677e+01
9.457135577433340e+01
9.479477740581835e+01
8.615091074544514e+00
2.658092976854226e+00
9.879298997055412e+01
4.092447806192771e+01
5.895495883140478e+00
6.801004180126360e+01
2.836722467484289e+01
3.865389942128859e+01
9.079236797559651e+01
9.778574169510311e+01
2.532227366479220e+01
1.707559345153886e+01
3.119914058186074e+01
4.239838381409569e+01
2.050729031698186e+01
7.514277141315060e+01
8.601711401064746e+01
3.463150064210943e+01
3.237669497373360e+01
1.126767201873831e+01
8.292196182670162e+00
7.358915455340834e+00
5.475071754993439e+01
1.717242226804254e+00
3.163432219607491e+01
1.377396016091758e+01
5.977222437959734e+01
9.225740506884522e+01
7.512611810822325e+01
5.434358010736461e+01
3.202404921502995e+00
4.773104905510836e+01
2.197614378387860e+01
1.995394845490994e+00
5.647053474396026e+01
3.022178235939787e+01
7.000543664675459e+01
5.236249540576827e+01
9.043445130364711e+01
7.403438145948313e+01
1.909787581260217e+01
2.702124017617723e+01
6.161360119544603e+00
3.375603576831335e+01
6.941962399027292e+01
2.666865043652647e+01
7.389832687280062e+01
4.489211237285850e+01
6.130015112520203e+01
7.616002018384637e+01
5.615978439159682e+01
6.959234730787219e+01
5.112428136687925e+01
2.687134082749083e+01
2.182025835934107e+00
8.275860356295416e+01
4.865248261422500e+01
6.195425026209757e+01
9.116623112520493e+01
7.178984590423751e+01
1.629783032289605e+01
9.436863604670792e+01
3.665638483905065e+01
5.191964425701631e+00
9.636403089219891e+01
7.589035959722956e+01
9.759567011967100e+01
6.636946753895351e+01
2.825285495643171e+01
3.774774080968822e+01
5.545523420695925e+01
9.360366728790275e+01
6.462108286312832e+01
6.161659432650385e+01
5.974846964690297e+01
6.529959154562074e+01
8.828524476303032e+01
1.623861864965345e+01
6.323519156465083e+01
4.958539584166621e+01
3.031674890328047e+01
5.565138974024513e+01
1.917774310297228e+01
5.622974403958290e+01
9.788320357812718e+01
2.135976898547251e+01
3.898834760253707e+01
4.653568619235217e+01
8.331401924757009e+01
3.015457868117586e+01
8.503630803201176e+01
3.519131170361830e+01
2.452321468131766e+01
2.153895922076840e+01
7.291135297758102e+01
2.088724552695045e+01
9.742931881799797e+01
7.979965609488993e+01
5.859922178024390e+01
2.568217372786355e+01
4.685576616174345e+01
5.954268563517494e+01
4.083265692034394e+00
1.147684897830563e+01
4.633489290547320e+01
6.383173538550350e+01
2.000214169733326e+01
3.969170141019472e+01
8.007035403515694e+01
2.821057109544546e+01
6.772037510188314e+01
8.517581670786059e+01
1.365343994165465e+01
9.550222027837401e+01
4.140556074744350e+01
1.306647626360249e+01
8.273669424594226e+01
8.039390834998056e+01
5.960216245595467e+01
6.605071344694622e+01
9.706864617628447e+01
4.448473683767241e+01
9.602927840129905e+00
1.754079289619848e+01
6.602369605844082e+01
3.857391594842724e+01
5.595894719285841e+01
6.345301482987264e+01
1.805924797340261e+01
6.206311474650312e+00
8.913518855773620e+01
1.878236570338829e+01
8.592760748505947e+01
9.321845424977059e+01
2.142018159917564e+01
5.945429124843995e+01
9.467731727970640e+01
3.412210337543958e+00
8.286993530712553e+01
4.734763617038151e+01
3.162278143298942e+01
6.686636776051780e+01
3.793386371710052e+01
4.680605416503085e+01
8.644604263196049e+01
8.560550980530935e+01
5.987253047519947e+01
6.918273683133663e+01
4.409582933601729e+01
1.947469288458801e+01
3.034469705556738e+01
1.209216258120358e+01
6.395942972226042e+01
8.960132025629344e-01
8.971601798651555e+01
2.998312573413510e+01
3.946992915099018e+01
4.567496517937396e+01
9.343614056400776e+01
8.715187045147263e+01
7.310833408176356e+01
6.666768904154546e+00
9.431723584156356e+01
8.582805538821410e+01
1.042965571881722e+01
1.573741744073919e+01
6.507438186792395e+01
3.283997286709025e+01
5.715974073724809e+01
4.794431712848336e+01
6.996051649095514e+01
2.273912612476345e+01
5.811399056488368e+01
9.038847288600563e+01
6.954518033636043e+01
5.945947713193459e+01
5.351929774206099e+01
2.941771076499378e+01
2.864221396327122e+01
9.695584489822194e+01
4.889240364958178e+01
9.645043304024750e+01
5.469894346534225e+01
6.844694016894650e+01
6.477167739755086e+01
4.441496145185780e+01
3.116194188183264e+01
4.241606501974913e+00
6.863057169533828e+01
3.627109966998505e+01
9.139347700001368e+01
7.898055202280196e+01
6.195880782881697e+01
7.308305486714609e+01
5.379878485286552e+01
9.463221202354516e+01
4.761612324398762e+00
1.887316672078947e+01
6.672956336603015e+01
5.190353391315021e+01
5.868648679865827e+01
6.075140305829766e+01
7.464266008447980e+01
3.983091834924692e+01
8.968957815770506e+01
4.418784037427411e+01
9.929039552774765e+01
1.084367591461338e+01
7.360555113926789e+01
7.294891177348276e+01
4.570300311115710e+01
7.026456448727500e+01
9.180827363944066e+01
4.019465299332265e-01
3.534978811412574e+01
5.657995103699152e+01
9.797071702683844e+01
4.067523174019308e+01
4.237896904460106e+00
3.490683456645666e+01
6.084422136696253e+01
4.724170302378093e+01
