6.897055617020025e+01
3.433419304636037e+01
6.227472748713322e+01
5.841351997033392e+01
7.186541895934633e+01
9.436127631662472e+01
2.907535127786703e+01
6.062891458190462e+01
3.550074707507191e+01
2.411738011246425e+01
5.417561794359964e+01
8.470615813727778e+01
2.094134782484795e+01
8.203453742062419e+01
1.160769118536622e+01
9.185018357441304e+01
7.062199035222734e+01
3.841121808551775e+01
8.215251843545236e+01
1.619507270687961e+01
1.048742039617497e+01
8.254083855195942e+00
6.220703528365448e+01
5.307319576529469e+00
3.252694789903562e+01
1.167535586826287e+01
9.592683813345005e+01
3.062647359009202e+01
9.031406254056564e+01
8.619733815370003e+01
4.665750644479762e+01
7.822326308964904e+01
7.559856943581187e+01
9.534014574966400e+01
9.965794943257139e+01
1.360252542123316e+01
5.455142378553349e+01
9.817034518260991e+01
4.872422579150844e+01
2.529993486837481e+01
4.885599801729247e+01
3.459022870966709e+01
6.550189213152132e+01
6.280140488538957e+01
9.058633404345546e+00
9.823416969656674e+01
9.460184867242436e+00
6.381491504787231e+01
7.245685307889099e+01
2.238111571519688e-01
8.323545362019699e+01
6.130711411186825e+01
7.454278113997671e+01
7.181091004601257e+01
3.276785012929134e+01
4.641477779783997e+01
8.404290130550177e+01
5.291755872448793e+00
1.752309343662257e+01
9.542238837826177e+01
3.418061371621705e+01
7.814477057109809e+01
7.096223592337326e+01
7.374224200553365e+01
2.325684820453490e+01
8.234377241802578e+01
6.641327532306931e+01
3.550342625728968e+01
7.603345246800848e+01
3.585617059648790e+00
8.031050827368652e+01
6.338795417146196e+01
3.707900333082257e+01
7.080945417788320e+01
8.162628071458371e+00
8.404246642442536e+01
9.715206180566552e+00
3.422755893982368e+01
3.420512254080042e+01
1.943871524158805e+01
3.506677659930045e+01
1.123179458604744e+01
5.881630119812502e+00
4.165276253672911e+01
3.910450261975848e+01
7.690797069897314e+01
9.567658463291664e+01
1.041373345554515e+01
6.711453896347179e+01
2.964040065633152e+01
5.926794333349352e+01
4.937641236436387e+01
5.464661128569702e+01
2.469304503160205e+01
4.745705521081437e+00
1.443145238535081e+00
4.571875401107536e+01
8.502256715904110e+01
2.728578207422317e+01
4.143103614516139e+01
9.485892248100552e+01
1.953423620179958e+01
6.154378110614781e+01
7.054147732934983e+01
8.972462350024125e+01
9.705396508660817e+01
5.458394370720906e+01
3.998185616917063e+01
3.557775408754951e+01
5.688194295246245e+01
3.843505537995838e+01
7.248982762568157e+01
6.744365816351197e+01
8.276287977712363e+01
5.049374920804694e+01
5.048636274900584e+01
3.111754545528327e+01
2.606487000643503e+01
1.701533320220901e+01
8.178712515243662e+01
5.570527066276654e+01
2.692437047461251e+01
7.397714423666575e+01
2.734455444260712e+01
6.513455792569302e+00
2.520043632257750e+01
5.923589321749093e+01
8.322717122883870e+01
2.781749140835250e+01
7.064635403018741e+01
2.052688799823024e+01
3.713835256040951e+01
8.778162486282253e+01
4.092855040958550e+01
6.135488313685864e+01
5.070197575292642e+01
9.050471912627329e+01
4.510072769834694e+01
1.293249605825753e+01
1.191990427296604e+01
1.312591229245342e+00
6.651329196361513e+01
7.954530444906341e+01
1.523616556787685e+01
2.527800389811304e+01
3.476481206471325e+01
1.924261209519702e+01
7.041689770781291e+01
5.610392361697924e+01
3.625794529740603e+01
3.921685905159305e+01
1.297704075136084e+01
1.254122183310856e+01
4.374952849175293e+01
1.276596077380979e+00
6.999426086898626e+01
4.544462731361605e+01
8.191322166561766e+01
9.953058143124476e+00
8.500136951217492e+01
1.528352201696649e+01
1.976143974799730e+01
7.649266425356859e+01
1.280192491263241e+01
9.263446493662636e+01
7.638288791122982e+01
3.986299589269934e+01
3.061698033968777e+01
6.607300265043648e+01
3.860799970040470e+00
2.550315602007469e+01
1.236820705810944e+01
8.191892378121565e+01
8.438885290380048e+01
5.793043764211724e+01
6.110005409508014e+00
3.508751403311617e+01
3.670684994976355e-01
3.531667829273114e+01
9.119143769666154e+01
7.415415997344729e+01
5.888492383942238e+01
5.905913610898850e+00
4.860042466251199e+01
7.671206834572929e+01
2.567796037796790e+01
1.859468548493212e+01
8.744619325150092e+00
1.881088508237660e+01
3.530838751946966e+01
1.124830637650951e+00
2.662855942110929e+01
2.003802089953703e+01
7.656293482359635e+01
3.209267167006278e+01
4.678589745740681e+01
4.251782295411351e+01
9.923135088720888e+01
5.557418472858806e+01
5.357343878297761e+01
6.534175726833836e+01
8.799677253141849e+01
6.594164584108705e+01
3.460021723741676e+01
7.028197300167847e+01
4.706610224538767e+01
6.189018458215993e+01
8.169405445535391e+01
6.872404546883145e+01
8.797072725741693e+01
3.149178471951363e+01
8.405818458835510e+01
5.205826733822854e+01
2.232481652047710e+01
8.506516557422708e+01
6.535479569125678e+01
8.068345276670691e+01
1.445333474057416e+00
6.260465749660724e+01
5.559395889546441e+01
1.734434930484013e+01
2.888921370212418e+00
8.820544103542596e+01
9.570878068716674e+01
9.389762305370422e-01
8.997156945521550e+01
4.952223023843124e+01
2.754003462732771e+01
1.666259659298817e+01
1.937355474539732e+01
8.458695243326339e+01
7.486830804258040e+01
4.411340539535200e+01
5.770042462167350e+01
4.841230397504395e+01
1.610083482977973e+01
8.855086606394075e+01
4.448788871266316e+01
3.402382248734302e+01
1.161577553097893e+01
3.558031615595348e+01
3.380007717469711e+01
9.547778907952727e+01
5.029550127233169e+01
1.860718024829737e+01
6.900972308079234e+01
7.346470517733353e+01
3.851248120819800e+01
3.837958864792231e+00
7.881643049363812e+01
7.926955939236542e+01
1.670733560654676e+00
7.567282713748180e+01
6.568864004951372e+01
8.392058326113995e+01
7.116691184750150e+01
7.990761025804449e+01
4.065377737425909e+01
6.213853878999992e+01
9.619365366929846e+01
8.389157647448199e+01
6.477522340825537e+00
4.804069877045261e+00
2.971043830258326e+01
6.281452396084299e+01
1.678661895766231e+01
2.084800313266367e+01
5.697682125353106e+01
5.489110707067471e+01
4.949489964614385e+01
6.859259678450999e+01
9.581406824095829e+01
6.121602769066394e+01
4.208288436852530e+01
3.468079345053099e+01
8.389265638957390e+01
8.474878668074905e+01
9.848338528465638e+01
7.568256839908780e+00
2.728469880637000e+01
5.319400655720104e+01
9.912633621093182e+00
8.549011931078979e+01
4.503371484812057e+01
5.431281661349946e+01
3.966804129987399e-01
2.164551816957328e+01
8.704213336438040e+01
3.329815549463879e+01
5.029027115101473e+01
5.700228677922966e+01
7.976978024457105e+01
9.571052840711108e+01
9.470892967409870e+01
6.413542295998681e+01
9.536107601381887e+01
7.561596975457667e+01
3.830273404638410e+00
9.836870436480675e+00
4.134614697720210e+01
9.257927490052734e+01
4.534676114346216e+00
7.681453180351041e+01
9.551572901919285e+01
7.214776578924980e+01
9.532601823812631e+01
2.331481409413499e+01
8.574229198775360e+01
2.405903638529546e+01
7.890224371985637e+01
9.298771461145380e+01
3.281436037868930e+01
4.770954775051658e+01
4.489677690197563e+01
3.625847354357060e+01
8.128616129108060e+01
3.754115502235533e+01
4.181067330847060e+01
6.668458034595687e+01
8.541781203142266e+01
5.131817886201580e+01
3.794414048918716e+01
5.746323455006966e+01
7.377814463050018e+01
2.248994723078327e+01
3.102969761520145e+01
3.446359435769897e+01
6.153787186440912e+01
7.672795237820966e+00
3.613322863175218e+01
4.101999054710380e+01
1.690566340317282e+01
6.667945527782638e+01
3.074534047895360e+01
5.498247195732895e+01
5.822055854751754e+01
3.796890533434642e+01
1.379415407487850e+01
7.307052275774559e+01
6.598201555478479e+01
6.436350101808249e+01
2.657805952549822e+01
1.407744531243920e+01
3.261254156595680e+01
5.055893354609560e+00
9.797210064622206e+00
9.578243656818869e+01
2.634797684212586e+01
6.315291270760489e+01
8.965519880394228e+01
4.046361718348395e+01
2.705198210992477e+01
1.632524873890227e+01
4.696348851870908e+01
7.408068933248552e+01
4.496007610343401e+01
1.176823676180478e+01
5.718258379827373e+01
9.568514618821682e+01
2.907716265370937e+01
1.207193593125415e+00
8.756175012679851e+01
5.497118926372900e-01
8.666304530886144e+01
1.595590669473443e+01
4.438631052355576e+00
6.888250590715674e+00
5.787888586422376e+01
4.073359577019401e+01
8.905307165768606e+01
2.386090137244244e+01
5.384893601473837e+01
8.488615107950109e+01
2.784255003921806e+01
6.566076975579409e+01
5.986691655584933e+01
4.687977705471207e+01
1.663734825171407e+01
7.387245207739642e+01
2.839171990211667e+01
3.950685790716989e+01
1.433606926088038e+01
6.420169322015796e+01
9.373770155652319e+01
4.909023849716887e+01
4.493621487400318e+01
2.378907661130143e+01
3.832329112958317e+00
2.168810578141739e+01
8.463332396216380e+01
5.329969392777406e+01
2.468997613745275e+01
5.028803690815719e+01
2.475135225092589e+01
7.335766822721700e+01
9.607653207894253e+01
9.563606199605206e+01
2.989262446290470e+01
9.676363169996237e+01
4.772847622992866e+01
2.832497923091286e+01
7.781631926904261e+01
5.841016250588473e+01
1.001619454939672e+00
2.007367323156152e+00
1.043223185019206e+01
3.644494588321305e+01
8.683012108636559e+01
4.458851094571338e+01
6.333355873978397e+01
4.018395395958049e+00
2.200096371676818e+01
7.766962800066435e+01
1.540192599194214e+01
2.630366605068727e+01
9.959061541575503e+00
6.470594702507645e+01
7.090189078399068e+01
6.767128499582003e+01
4.309691821369199e+01
8.690981841036576e+01
2.097097887702797e+01
7.719400109592546e+00
5.821079279212784e+01
5.621976356777352e+01
3.022178235939787e+01
1.893877485717590e+01
3.764265623765190e+01
4.860517287096249e+01
1.938126316265262e+01
5.500829455210282e+01
6.442599048112798e+01
5.894538399714296e+01
5.307974850436661e+01
5.496168874900867e+01
4.172487554220709e+01
4.449284940235916e+01
2.652095711162358e+01
7.917700441515865e+01
9.974014293390333e+01
1.228089403001633e+01
5.728411630600883e+00
8.454960858661198e+01
3.296780420139795e+01
2.113033762254302e+01
5.474733130761764e+01
4.875257222389456e+01
3.426388052025059e+01
2.086397186893224e+01
5.392631546311375e+01
4.947388090634433e+01
9.197275330870075e+01
6.096160554371849e+00
2.996925885322004e+01
1.414359710837882e+01
6.269671859345246e+01
1.347971065597595e+01
1.588663799496677e+01
3.026421695494290e+01
4.680868128631668e+01
2.570662974645692e+01
8.900928967120558e+01
3.409286897354427e+01
2.556825961245609e+01
6.999686941038671e+01
9.875058247649605e+00
2.626059065864449e+00
6.175588847219753e+01
4.906826831822669e+01
7.739620086615729e+01
6.335923767805064e+01
6.557653838096957e+01
4.524802772572638e+01
5.708541858805596e+01
3.872625545539253e+01
4.742092497061050e+01
6.105070950512341e+01
6.902366456064566e+01
1.920235642194858e+01
8.986038136755134e+01
9.731838940517902e+01
9.914126000327117e+01
5.791340091168573e+01
1.363003161439208e-01
7.650046836421846e+01
3.542030031579561e+01
2.646500795449364e+01
7.979965609488993e+01
5.859922178024390e+01
1.007584375798509e+01
1.113711009320668e+01
5.407433451808726e+01
1.950492394133700e+01
3.106098246344411e+01
4.609552633301146e+01
6.134923801820224e+01
4.251487536472961e+01
4.919814260173502e+01
5.426638054394461e+01
3.268072504209388e+01
5.541368250521537e+01
2.146322798052022e+01
5.620322374450193e+01
9.550222027837401e+01
7.342791467599008e+01
4.208778792158132e+01
4.097068078861138e+00
6.131019329713201e+01
5.737758207012786e+01
7.066718981166706e+01
2.433900550209871e+01
1.303049154255097e+01
4.587499920552364e+01
4.871812115829351e+01
4.382839367903229e+01
2.934636856864503e+01
4.760708974097254e+01
8.001123935916054e+01
2.656772128612162e+00
6.206311474650312e+00
1.050687362929195e+01
2.219030881402563e+01
8.400432271138035e+01
3.001179761719508e+01
5.325129127746974e+01
5.383455704610542e+01
4.917848047296446e+01
1.108696098024350e+01
7.586090540320654e+01
4.521453871634534e+01
6.081449541301210e+01
9.961497462336672e+01
2.400379023701129e+01
5.019486604733153e+01
7.655898163866203e+01
5.758222921638853e+01
7.308141052400758e+00
4.859982521673656e+01
6.182382528755060e+01
8.973560225671883e+01
9.942337647053570e+01
5.788146520866150e-01
7.780794267440585e+01
4.704543354317799e+01
7.073952866286949e+00
9.958702307175240e+01
3.287860473286295e+01
8.198610743600229e+01
1.099692094651839e+01
1.164177158458241e+01
4.690958794528133e+00
7.473794793465078e+00
9.909972404087881e+01
7.993883918036653e+01
9.530303729479343e+01
8.576415809139803e+01
8.202204936278147e+01
5.029530741753769e+01
8.817265671127133e+01
3.811672131443243e+01
7.450310866092477e+01
8.216429901410093e+01
5.570178840109230e+01
9.038847288600563e+01
4.587629784172228e+01
1.581638912475500e+00
4.302577355086141e+01
2.297539143961639e+01
4.745286817078146e+01
9.244509953653677e+01
7.460476862015425e+01
4.451667444990793e+01
4.360771125350507e+01
1.943680728759468e+01
3.100979776634360e+01
4.087872106622845e+01
6.386052824736598e+01
7.018286332962236e+01
6.863057169533828e+01
6.036952685581964e+01
9.189482829156091e+00
2.491793968943783e+01
8.233124403391557e+01
3.506001761884429e+01
4.856778823238229e+00
2.734363788149489e+01
2.082417566367619e+01
8.687882823258583e+01
7.618925090701751e+01
8.996832328381405e+00
5.316447743827686e+01
4.182460300709335e+00
9.116113134248235e+01
6.919145456943264e+01
7.432114266526007e+01
2.352029635734870e+01
8.171349651259999e+01
8.589966124198384e+01
2.897776222274534e+01
5.068744218474600e+01
7.834476073195448e+01
3.969678251989967e+01
3.679557784311267e+01
2.195247193889342e+01
6.233011822324718e+01
3.510044181491268e+01
6.544091606766028e+01
5.311770693078530e+01
3.282948878259840e+01
4.037129322084193e+00
2.797515612466966e+01
6.783759946368522e+01
1.812781790184221e+01
6.035038636082336e+01
5.018250176225906e+01
2.419905775422187e+01
2.042164063100779e+01
9.681994421259498e+01
1.107788594024158e+01
9.213906856819012e+00
6.899997269222512e+00
6.932266199464102e+01
3.274534434673625e+01
3.224965395976307e+01
3.765400514828693e+01
5.726471145509962e+01
2.713774690736911e+01
6.009941620756845e+01
6.891886250531249e+01
2.525519627391137e+00
4.321933814474351e+01
9.917885032444207e+01
3.806972999035834e+01
9.569223741800164e+00
8.464979090944389e+01
1.344046090424082e-01
7.709258165075099e+01
8.078647231719758e+01
9.489294667490429e+01
1.911279774229638e+01
5.852268205886831e+01
9.843749930078047e+01
9.265747363337198e+01
7.665049996071053e+01
5.878788561503770e+01
3.179513394450542e+01
1.754306523014934e+01
9.030245476882087e+01
9.468161593874991e+01
9.804911259470931e+01
1.181487925900839e+01
2.833285021052363e+01
7.089129144833018e+01
6.632734638002113e+01
4.602468830813872e+01
5.703128825734895e+01
7.999350413679774e+01
8.074640905519315e+00
7.936234645515789e+01
7.907728784674653e+01
6.393185074624226e+01
2.249961584922840e+01
8.284986111468163e+01
2.921566410419329e+01
4.047531464159270e+01
8.660788824158156e+01
6.705634923049078e+01
4.512158639036193e+01
6.818003164053896e+00
5.311809813283296e+01
8.979001282238868e+01
1.799868569616167e+01
4.537817199964923e+01
7.429979284028512e+01
5.153320173338670e+01
4.166057568120797e+00
6.021313251006097e+01
7.974182003165680e+01
3.027588801005664e+01
8.194591686220184e+01
3.998473158105497e+01
7.800317410286664e+01
6.734147284521789e+01
4.389893074701490e+01
4.135725849371276e+01
8.264001346316189e+01
1.211749259946751e+01
1.339248084155492e+01
4.404634448888076e+01
5.522851927915053e+00
9.480558954868727e+01
7.538902399846774e+01
2.778492478084980e+01
9.082741937172945e+01
7.059566461043231e+01
6.009130741473814e+01
4.050458122068299e+01
6.439549991134344e+00
8.709585731248178e+01
7.381233469294959e+01
7.323799811920057e+01
6.123872350959048e+01
7.807791851371429e+01
1.175755737896895e+01
6.591127224541793e+01
8.087754914577935e+01
1.735030529897208e+01
3.698951603704575e+01
2.001849330031243e+01
9.615286323062743e+01
2.749375674291223e+00
6.604867021834882e+01
9.139290437632840e+01
7.009084856607525e+01
4.476668110339282e+01
6.616589998182184e+01
3.707506313783819e+01
9.189917225944771e+01
7.545109995428990e+01
8.758528776820064e+01
5.842201507576835e+00
9.502430311172469e+01
7.641648826022470e+01
5.564163190109731e+01
9.870026530637418e+01
2.130096443989359e+01
2.056755694587135e+01
4.113345059618980e+01
4.997850006910902e+01
8.397733209839899e+01
2.286119992977995e+01
5.968851505764226e+01
1.837925935088622e+01
2.769501755372389e+01
9.267898774364916e+01
4.777190836508382e+01
9.233137447961205e+01
8.612519460084158e+01
3.380678572403583e+01
5.012823503936093e+00
1.814951110545057e+01
4.768044359408340e+01
8.799678263626843e+01
6.539724127640820e+01
8.842223574799590e+01
9.401803561207747e+01
3.156314121166390e+01
2.303624666437332e+00
1.408194588221700e+01
7.155543117390732e+01
5.149879164597895e+01
7.883021891062624e+01
8.183254300702016e+01
5.665521885112637e+00
9.983917535275182e+01
3.891715600104870e+01
2.696648632500623e+01
5.806933113283912e+00
8.796602133101132e+01
6.232737016972497e+01
5.622573334547958e+01
1.082722121422515e+01
6.520266899149989e+01
9.825601298280806e+01
5.586185439297084e+01
3.667176050910342e+01
6.197564772422223e+00
1.546655409758284e+01
5.137885545910282e+01
5.922902392187576e+01
8.078859121575420e+01
3.608277972605209e+01
7.709712217426726e+01
1.088505648583409e+01
7.279106228276670e+01
3.164972743561945e+01
9.492703168416723e+01
4.672724387921730e+01
8.852026555152622e+01
8.303346716940099e+01
7.470562428920792e+01
2.485214035252675e+01
8.026147637528436e+01
1.372013753918937e+00
8.102811038541985e+00
3.539990868205201e+01
4.611997122230007e+00
9.848449802886904e+01
9.873993582964872e+01
9.257801845324134e+01
3.702899484756821e+01
8.306161224984639e+01
4.278013517278253e+01
8.502659647959592e+01
4.869895058157805e-01
3.406217300056581e+01
8.801726120897442e+01
6.684554278238003e+00
4.157990684806364e+01
4.142290774799087e+00
7.092455782504965e+01
3.999522805213706e+01
7.095005506228193e+00
5.390640867590272e+01
4.134725189830515e+01
4.487119524035193e+00
5.706793612664004e+01
8.809369778637480e+01
6.759777700882302e+01
8.955110935007740e+01
1.732594939755553e+00
4.432225164227292e+01
6.797076653128991e+01
6.863377716794319e+01
8.410543323685668e+01
2.679326768349543e+01
2.246120470690597e+01
6.340461203986993e+01
1.594994101484769e+01
8.696660072867135e+01
8.955826418919408e+01
1.583379996746490e+01
7.571456240290523e+01
4.623486271418392e+01
3.035686585603136e+00
1.301305043185737e+00
8.323856279404767e+01
2.351157643064464e+01
8.158493576645149e+01
6.584274599600711e+01
1.263087150297634e+01
3.838005687034692e+01
6.155444274728858e+01
7.506758001403306e+01
5.957314765992255e+01
1.044360395075921e+01
7.768217319514703e+01
8.396566816790293e+01
3.059399222517106e+00
8.091950289947889e+01
7.952337864764192e+01
4.674855016486186e+00
7.357464538587939e+01
2.356153825463799e+01
5.414694764378805e+01
6.609127356954444e+01
3.818715682168825e+01
1.878082804325075e+01
8.149807070451699e+01
4.502047418850496e+01
6.295119540903308e+01
1.571801445247513e+00
7.778759136692975e+01
1.152351969458327e+01
7.837530308327419e+01
3.737967397895626e+01
1.061452413472092e+00
2.209011121750349e+01
8.057808563140132e+01
3.256184474218723e+01
9.145655794602658e+01
9.375397530093508e+01
4.779252947670991e+01
9.185354467102026e+01
4.367192468776923e+01
4.001324113459012e+01
8.304121055781899e+01
6.259844641322197e+00
2.397890925592692e+01
6.681825451870368e+01
8.297880253893267e+01
1.317911511900794e+01
4.034715645962728e+01
3.741750611803378e+01
8.456104164224166e+01
2.347288374950778e+01
5.058439637095872e+00
2.486597747768554e-01
6.394502449033085e+01
3.498660257784026e+01
5.785654744033540e+01
4.269488381347381e+01
8.597054052444666e+01
4.600150349829416e+01
3.517704263104919e+01
3.585897085064042e+01
6.165100916365674e+00
7.884216908311572e+01
9.161737495642964e+01
3.241957725604045e+01
1.991135967891261e+01
6.863275830104611e+01
1.446166104379187e+01
3.286986380483483e+01
7.172743853727702e+01
9.650223087356530e+01
4.568998522390145e+01
4.384967239752862e+01
3.249174921423744e+01
4.571435923954209e+01
1.310714907623229e+01
7.463410001929574e+01
6.713862534013512e+00
8.911414183169330e+01
5.773013409121434e+01
5.723954893520082e+01
2.011626726953139e+00
7.104992171332702e+00
2.110206560283064e+01
5.789424523613148e+01
2.877359186707698e+00
6.063090519077652e+01
5.525638524222020e+01
3.141384759518032e+01
4.313153011870176e+01
7.956035415621491e+01
6.766356759130190e+01
1.366285072344488e+01
9.720298149492731e+01
2.470598887871298e+01
3.924423984216723e+01
9.694552887088877e+01
5.347761681930982e+01
6.199602506216431e+01
9.650811366574285e+01
9.459817320788193e+00
5.506514127136447e+01
9.589145057643366e+00
1.018755040605904e+01
8.422352060872294e+01
7.061151790926769e+00
8.808603318784667e+01
3.990979131306977e+01
5.866146211450057e+01
7.208049263436371e+01
1.829893026421728e+01
6.220161717487574e+01
9.259859257964351e+01
3.514680561383572e+01
9.815720990214368e+01
4.439061742480408e+00
2.738162531861180e+01
5.349240212398227e+01
6.224819871701682e+01
6.307088549391874e+01
2.581413976187545e+00
9.503612778849720e+01
1.448150790039520e+01
4.590302558890685e+01
5.527471660416327e+00
3.666592763581590e+00
9.476352836692870e+01
6.901582580479599e+01
2.477459517529914e+00
2.360433271322601e+01
9.469098942107101e+01
6.043729980496564e+00
4.233060229678200e+01
7.228552413745109e+01
6.840237652342878e+00
2.291503288918875e+01
1.045063729884598e+01
3.719172367695334e+01
9.193074907731766e+01
7.284140417950293e+01
8.952119894769098e+01
7.767563098002022e+01
6.218554487553683e+01
6.191364632077219e+01
9.484826363383246e+01
3.366539512465959e+01
7.935724629990628e+01
6.788417886378438e+00
2.623523074492590e+01
2.477814817092295e+00
5.232652870580858e+01
5.847540561038787e+01
5.413362912560517e+01
7.759906890690283e+01
4.378431199294716e+00
8.704774006598058e+01
5.745196834087929e+01
2.251912030508701e+01
6.902474880638754e+01
8.277859705629693e+01
1.078571710306486e+01
8.556101093327673e+01
8.882232703679350e+01
3.809731869869741e+01
7.682891193629658e+01
5.012799238326400e+01
4.773311570646852e+01
4.131724719950801e+01
5.877475913556979e+01
8.267932091033055e+01
1.769604762908818e+01
4.154970415008707e+01
2.498154036001374e+01
5.226944165875643e+01
9.274253658612378e+01
7.600440712459590e+01
3.044851484263712e+01
8.309570657233508e+01
8.335849167004157e+01
7.309263398549176e+01
1.757724504805041e+01
2.942856602809791e+01
6.863741361006974e+01
7.518701538219444e+00
3.595145211366538e+01
3.328501392774517e+01
5.537803008005863e+00
4.717832861802463e+01
3.966941649078830e+01
5.082698634398495e+01
2.803167022207364e+01
2.627809128085062e+01
1.369760120925382e+01
2.252187189763499e+01
2.070730646173810e+01
1.009112853095454e+01
2.757547932098409e+01
5.085368922485676e+00
1.731413380117814e+01
6.982081042128652e+01
1.990889810021450e+01
8.700224649487168e+01
5.478332157003848e+01
4.877939310333663e+00
8.104911897380329e+01
5.762738737167203e+00
7.826336169534520e+01
6.698395571065319e+01
4.798220258577830e+01
6.947733511658262e+00
3.287025603133731e+01
4.368999974973966e+01
6.530011676498694e+01
4.980237639965600e+01
5.120870128795910e+01
9.762453623005401e+01
9.586204904870226e+01
4.577514289215912e+01
3.978111317371070e-01
3.469515979974305e+01
1.419350631264667e+01
3.409735603914474e+01
4.149954125354976e+01
7.556238396817929e+01
9.161627324838949e+01
9.646204854196965e+01
5.998809461481315e+01
8.530884025865646e+01
1.973211212071223e+01
7.732738907324494e+01
9.854245767860787e+01
6.211609996953798e+01
6.107066341725675e+00
7.535387546539022e+01
2.379267789600076e+01
9.053423315777175e+01
4.619262397577643e+01
6.768603346668465e+01
5.414014097961604e+01
9.015412162530893e+01
5.686291049088486e+01
8.948459424520125e+01
2.505203933690304e+01
9.696240718335025e+01
1.642567548734400e+01
7.626074067142827e+01
6.760487466473360e+01
8.346618860190091e+01
2.690518723191004e+01
9.211936862772301e+01
6.614794026415234e+00
5.592603159878684e+01
7.608617473211426e+00
6.013427984907026e+01
7.338492249761937e+00
1.344390400380078e+00
4.452333461703888e+01
5.279157271273041e+01
8.324603879975436e+01
7.848281780187172e+01
5.751092082704926e+01
2.104617740076323e+01
1.298463247389748e+01
7.780064552919969e+00
5.549922215542720e+00
7.963016004284385e+01
9.644127529880092e+01
5.461424293677054e+01
8.076313407195877e+01
5.956213500330324e+01
6.798356215841302e+01
8.747450224471955e+01
9.925431897829023e+01
3.060366401011295e+01
9.586570965864961e+01
4.775630177359856e+01
8.553727226589679e+01
5.183053293816305e+01
6.280192726422192e+01
7.090699866921966e+01
4.463338989048889e+01
6.835391650365382e+01
6.967408567186169e+01
4.652998631192836e+01
9.065648107354365e+01
8.299392027919829e+01
2.824293977033484e+01
4.623635348222980e+01
1.876577572839604e+01
8.993306923188878e+01
7.979767377478893e+01
2.043877393959033e+01
1.820785315623873e+01
2.706077011630906e+01
1.164688054083236e+01
2.387312502780609e+01
4.996061052659555e+01
2.560534799732517e+01
5.357033184430112e+01
7.828575055035098e+01
1.081508663986581e+01
1.340195947019475e+01
3.936167417064387e+01
2.111623302154068e+01
3.430773487049515e+01
4.999829300213526e+01
5.706476376255265e+00
1.764617758693461e+01
4.169346147295715e+01
5.253448018456552e+01
5.517196392415649e+01
5.679782552495497e+01
4.513505401328907e+01
9.381796265664416e+01
1.349130129138534e+01
3.416574966822088e+01
4.088507096324352e+01
7.641984330323518e+01
8.699578814534274e+01
9.456360917285252e+01
5.361646025144330e+01
3.576226487558440e+00
8.736782147892184e+01
9.902209378733397e+01
8.229032698194045e+01
1.186062107414967e+01
2.927575727425318e-01
6.933777382100828e+01
9.614128051145994e+01
9.666136279546718e+01
8.776562967699283e+01
2.642328074501049e+01
7.184047977060102e+01
1.768051228377992e+00
6.762116144766154e+01
6.958383799976848e+01
3.590391359101232e+01
4.181608303534616e+01
3.304703469995736e+01
3.321395434123182e+01
2.700889842911107e+01
4.657655146279212e+01
7.188470911788042e+01
9.383296579766692e+01
9.118424481301766e+01
2.941979245721353e+01
1.593807172772385e+01
3.484605151919930e+01
8.645360883625858e+01
6.943962158143503e+01
5.768420950401770e+01
3.676198815776128e+01
1.242500637305202e+00
1.413880480180439e+01
5.965943637288149e+01
6.097020369999586e+01
3.653575295421097e+00
9.735176768030588e+01
2.053573858949157e+01
3.852449899470643e+01
6.488419974450218e+01
2.015191317543011e+01
8.492091707183090e+01
8.272922042884362e+00
9.958480154144802e+01
9.500329242786546e+01
6.974414082697785e+01
3.623114490706062e+01
5.785124444302695e+01
1.145594781798122e+01
2.522210447360859e+01
4.257444159247654e+01
4.266450449017086e+01
3.735807525802313e+01
5.650192352780230e+01
4.483912347109948e+01
8.748959195217564e+01
9.240882848035955e+01
4.101240175823327e+01
7.988018564874315e+01
2.200923833158297e+01
6.237414468190360e+01
5.506398987726494e+01
5.057677717440612e+01
7.669648070665845e+01
4.398915914073081e+01
2.785250410803244e+01
1.748488648677472e+01
1.860717074880710e+01
9.935048306330594e+01
3.984307774335289e+01
6.118584934677271e+01
6.620878803832866e+01
3.441545359530274e+01
5.250317214639074e+01
5.682731273436328e+01
9.313010754675145e+01
1.757890485114367e+01
1.510776333283063e+01
5.899436593008897e+01
4.639000112488400e+01
4.636966127267557e+01
8.231869651112645e+01
4.185912890446332e+01
1.137332595483089e+01
4.027504052048318e+01
4.212873510184173e+01
7.047942516881946e+00
3.414020037005665e+00
8.870410089786355e+01
3.027021392726815e+01
4.036813627014315e+01
3.221839192892350e+01
8.707676790052874e+01
7.549083017534150e+01
8.083914899306333e+01
5.257129061621208e+01
2.354462422595575e+01
9.832403547983805e+01
6.786741356731739e+01
8.628963548051642e+01
3.541393346870967e+01
2.527517100110425e+01
3.152557347506544e+01
4.315692793724916e+01
2.266000906129368e+01
5.643189300616825e+01
5.120902101099911e+01
9.151245811558908e+01
6.587928001111339e+01
3.611546179098797e+01
2.377199913550727e+01
7.875933483185216e+01
6.388676365087124e+01
8.757951813171596e+00
1.840874553583970e+00
3.022532329439434e+01
7.320346388649357e+01
1.573778419556924e+01
2.818990919189058e+00
3.221269502873192e+01
8.392782233838355e+00
4.356844534332326e+01
5.071311534881271e+01
5.324673887959063e+00
3.450872159307297e+01
3.627363752400206e+01
1.953002648406198e+01
5.805334581902872e+01
9.565186328052164e+01
2.797206376119147e+01
3.789977265424084e+01
4.834624521822960e+00
7.646998021587263e+00
2.542133094995345e+01
1.906035054431313e+01
7.950870640553008e+01
8.010440928866360e+01
7.186054814227882e+00
6.067467334711676e+01
7.803825125006877e+01
3.584392742991631e+01
9.540838175239432e+01
4.276783282066129e+01
8.320916406028400e+01
3.634509110653079e+01
6.855603250142002e+01
5.703227131489304e+01
7.899624573951412e+01
8.124895164801224e+00
8.656898019209922e+01
5.900740370108159e+01
3.929839019630960e+01
2.000007169321183e+01
8.943347893163258e+01
8.849246454820617e+01
8.129595940992979e+01
1.468976415446483e+01
5.544976352502115e+01
4.607336309089948e+01
2.122365018409847e+01
5.903168677307278e+00
7.278731338343924e+01
8.407834455560816e-01
6.162669498549155e+01
3.535950283303833e+01
9.608206031661577e+01
5.894018619271935e+00
5.760332232229566e+01
8.851792383404351e+01
7.606329958702592e+00
7.284857089298245e+01
4.851022830629266e+00
1.754997112674171e+00
9.512728289474140e+01
7.670043645272983e+00
5.610987672401121e+01
6.368331534959530e+01
2.808913189363160e+01
2.871792988326304e+01
3.914873816033301e+00
8.913216446020276e+01
1.516054124346028e+01
7.049472051230013e+01
6.451000741892961e+00
7.186551330232318e+01
6.120625988636458e+01
1.798265581856606e+01
9.977391823184392e+01
7.102923005401587e-01
9.638563892635780e+01
7.320696756858703e+01
2.629268994847904e+01
7.711280597239399e+01
3.506825647087221e+01
4.183434231292193e+01
5.540600281926152e+01
7.960706771333099e+01
5.824008824221794e+01
3.404670159055232e+01
8.474554688890723e+01
8.986494042438685e-01
6.717601240015402e+01
9.206426473896217e+00
8.117862696814286e+01
2.213413287984865e+01
3.001833023969937e+01
3.416259201903017e+01
9.825101671658969e+01
4.496560201280080e+01
1.988523999223730e+01
8.249279567156583e+01
8.364061866125121e+01
8.434923625753690e+01
5.520659100972423e+01
2.187370919709732e+01
3.217795925781967e+01
8.751334552071680e+01
4.928784773186214e+00
4.921186973769770e+01
3.306887421434227e+01
8.743562925953215e+00
5.197443917951288e+01
5.386138667997968e+01
2.984613181550341e+01
1.146366876152515e+01
2.551345677371764e+01
1.477545919584830e+01
1.909671082119304e+01
5.608552985642363e+01
5.855587253279791e+01
8.598888627532352e+01
4.238533370307895e+00
8.785963770368119e+01
7.033089151155710e+01
2.045712281039782e+01
1.909436542498617e+01
2.406459358710078e+01
1.162443291937207e+01
1.734538209500973e+01
6.903019559990157e+01
2.968016631420710e+01
6.827939239716129e+01
8.139675901336444e+01
3.119837959818467e+01
2.901479603211153e-02
1.889381316438961e+01
6.049104903847493e+01
2.513211370684771e+01
4.414629132679956e+01
3.387587449228199e+01
4.361511172895092e+01
8.496873792492259e+01
7.762409503461053e+01
6.388805795641991e+01
4.135602686617339e+01
6.539713338268788e+01
9.077480276616980e+01
5.504684949063083e+01
3.500954962103141e+01
1.279466227292766e+01
7.772873336343501e+01
1.478838930595126e+01
8.237571207917097e+01
9.457226795822953e+01
1.323945890797277e+01
3.641369516794276e+01
4.127100098006008e+01
3.546027440366348e+01
6.321801057235245e+01
8.111862143553729e+00
2.584510959025710e+01
5.111774711456045e+01
7.808724347412922e+01
1.112661739398102e+01
9.350575962732815e+01
4.382499588831561e+00
7.946950540853176e+01
2.307456947074950e+01
7.346569284492438e+00
3.088932783849972e+01
1.775546372763601e+00
6.191926596775617e+01
8.520548510607587e+01
8.249081381712612e+01
6.239007099642887e+01
7.820952850310576e+01
8.491586399493546e+01
6.936303953144841e+01
9.505007047906986e+00
7.033315038789677e+01
8.662782878923593e+01
3.996900820171880e+01
6.061174541740294e+01
7.889350060322019e+01
4.467789453672147e+01
9.173470269503756e+01
5.142747426937683e+01
7.302813496115996e+01
3.954309506320539e+01
