9.390830271593683e+01
8.940123132867795e+01
6.227472748713322e+01
5.759634829945692e+01
6.443325712551980e+00
9.100432684226163e+01
2.278208957183272e+01
8.697454397891394e+01
7.579364104931878e+01
2.411738011246425e+01
8.688053585909332e+00
9.047133596170291e+01
4.424997034680563e+01
7.375109948858204e+01
1.160769118536622e+01
2.252067156253414e+01
8.654270027137487e+01
8.202682239097861e+01
4.806410421061521e+01
1.920776288919512e+01
9.996693423016319e+01
6.970409446847816e+01
9.779354925164652e+01
6.868976357797617e+01
3.252694789903562e+01
1.844974547552399e+01
3.188750070141977e+01
6.724593060428553e+01
6.420472379038330e+01
6.388792398566749e+00
7.664802539006249e+01
9.106944403195261e+01
7.559856943581187e+01
3.892275287719571e+01
9.965794943257139e+01
6.313569497463093e+01
4.694802707384714e+01
2.316321955209748e+01
6.901643912727778e+01
2.529993486837481e+01
4.000929931179122e+01
4.193848173224296e+01
8.571011856464209e+01
3.053208078748178e+01
3.532541326029478e+01
9.711657813615938e+01
1.807129276826572e+01
4.121752001401853e+01
4.537560019892435e+01
5.484404543174619e+01
5.506593615518229e+01
4.534253438252142e+01
5.429640140118841e+01
5.643837747929542e+01
9.686330100375380e+01
3.709091340987520e-01
7.130923088235279e+01
9.959136047381506e+00
8.898420649999017e+01
2.267445950893427e+01
9.615647420108154e+01
6.563223184348654e+01
3.416209804553636e+01
7.175504359032729e+01
4.554984674116123e+00
4.694083419020327e+01
6.641327532306931e+01
5.516225474661321e+00
4.986398762551322e+00
2.281337786596891e+01
8.945147324793575e+01
4.499569807434254e+01
4.600543489028021e+01
7.080945417788320e+01
5.104083225645164e+01
9.532090793145863e+01
3.851036962052359e+01
4.713766041544157e+01
3.117908115087966e+01
8.388596981944795e+01
9.087895433925044e+01
8.624501730606194e+01
2.922850420196937e+01
9.387072045070617e+01
1.106565739543441e+01
4.326080216246694e+01
1.862145611952127e+01
6.837268069776366e+01
4.897569960401193e+01
4.782209733865321e+00
9.019681247426050e+01
4.937641236436387e+01
9.352192855138422e+01
7.236204229870906e+01
2.113145590812501e+01
3.805424647315137e+00
4.358886123801994e+01
2.571022288208372e+01
3.407583475768372e+01
4.143103614516139e+01
9.485892248100552e+01
2.033165573157913e+01
4.167318252924512e+00
4.374720740306527e+01
1.548400051681511e+01
4.046139812118439e+01
6.927079719923009e+01
8.452762439126505e+01
6.945719489336814e+01
7.024719643883742e+01
2.108523916503658e+01
6.033614918605246e+01
4.559754857122784e+01
5.876471198106405e+01
7.576324333239498e+01
8.255005510642661e+01
9.357454552947290e+01
9.156124665940239e+01
7.697426237956354e+01
4.679448369275521e+01
7.116064884288267e+01
2.692437047461251e+01
8.759349625911261e+01
6.675789797061957e+01
9.029935211422823e+01
1.730235191867796e+01
4.172732426865367e+01
2.275452596263705e+01
4.303690048076068e+01
7.580315902633740e+01
2.052688799823024e+01
8.997251912484529e+01
2.514979984851079e+01
8.930835094736346e+01
5.021195698073691e+01
5.070197575292642e+01
7.125931469316562e+01
7.278784181586832e+01
3.100615783175740e+01
9.740009913099934e+01
3.921576456130285e+01
6.651329196361513e+01
4.930909445942803e+01
9.952725195303897e+01
4.949101747455588e+01
3.476481206471325e+01
6.794985913110425e+01
1.921640244276095e-01
5.610392361697924e+01
1.134418044767537e+00
2.282141476069643e+00
1.297704075136084e+01
9.734168033923100e+01
3.743193728729707e+01
4.778860139091900e+00
5.829719596463126e+01
4.544462731361605e+01
8.191322166561766e+01
9.953058143124476e+00
5.449006145563445e+01
1.154888105185185e+01
4.608301932275436e+01
3.100431395275719e+01
1.280192491263241e+01
5.668512147696927e+01
7.638288791122982e+01
9.461525566625187e+01
7.703829280894170e+00
4.917072968053200e+01
4.747965365996568e+01
8.346774232735287e+01
1.125451708736574e+01
8.613776694337733e+01
5.048460422571963e+00
1.064441307012197e+00
9.275538553146431e+01
2.003883087078055e+01
2.588029677322148e+01
2.920224286113039e+01
5.618883383282872e+01
6.583999081786722e+01
5.888492383942238e+01
3.000631883275058e+00
8.533308645027368e+01
8.876543216815472e+01
4.890081335273609e+01
5.124407124297883e+01
4.355163664722426e+01
1.881088508237660e+01
3.990958204488716e+01
9.624227895226436e+01
8.442501499523642e+01
3.756306405997046e+01
3.890544028901748e+01
1.576552387129773e+01
5.478978718388350e+01
1.528832815368116e+01
5.883964288925735e+01
4.338723236852663e+01
9.158016969057739e+01
8.867353461155368e+01
8.799677253141849e+01
5.666482576945090e+01
3.460021723741676e+01
2.304396118179148e+01
4.839784561116149e+01
6.756668699326305e+01
2.706367444575936e+01
9.235733202302704e+01
9.109242744329032e+01
1.878804444278965e+01
2.324623983504541e+01
4.484337756635779e-01
2.232481652047710e+01
3.355106675697074e+01
6.535479569125678e+01
4.800277689844499e+01
5.982339752829792e+01
3.240066735651375e+01
7.217808676519343e+00
9.973297957318508e+01
2.333409032939658e+01
8.820544103542596e+01
9.736720570240506e+01
9.144348091978742e+01
3.907069421330034e+01
7.742057902618338e+01
7.752785877209523e+01
9.791033710255769e+01
2.080781134814388e+01
4.198691655974226e+01
8.658387166754522e+01
4.581886187466740e+01
7.884076939841768e+00
9.615741167038559e+01
1.610083482977973e+01
4.873719296824988e+01
2.752535656444978e+01
1.501203268534133e+01
5.158456869031516e+01
8.947609667176199e+01
3.380007717469711e+01
9.155720094757024e+01
8.992453044742557e+01
3.920398924462683e+01
9.108944544153728e+01
7.346470517733353e+01
5.860872862795774e+01
2.303935132130950e+01
7.640883781779969e+01
6.582653730447709e+01
1.670733560654676e+00
7.413722960005386e+01
6.747500038122526e+01
8.392058326113995e+01
7.116691184750150e+01
4.679580100197149e+01
6.134116224075722e+01
6.365799622780550e+01
7.765387556406384e+01
2.111084946482948e+00
5.644912787547760e+00
6.423774718504293e+01
1.151783443592388e+01
3.374822020239580e+00
5.279262780807569e+01
4.581127313236300e+01
5.134624301052943e+01
5.459478039042781e+01
5.487182566657282e+01
3.365066458175455e+01
9.581406824095829e+01
1.003904431594491e+01
9.308581296032565e+01
3.399540741648311e+01
5.293394529862979e+01
5.333131363304858e+01
7.437757611012906e+01
7.863155276450865e+01
7.473504784271822e+01
8.016629148282403e+00
5.893202850545385e+01
9.710634597442409e-01
6.341059802258881e+01
9.960487280022579e+01
9.035339443495189e+01
2.164551816957328e+01
5.540666498961237e+01
4.623280891507529e+01
8.169536980879278e+01
5.700228677922966e+01
7.976978024457105e+01
8.734028259634053e+01
8.235534750034816e+00
3.989961689333413e+01
9.536107601381887e+01
6.102816260467664e+01
3.004364721944726e+01
8.494894284985445e+01
1.467734575955074e+00
7.044653662966869e+01
7.663384521223318e+01
3.716021517159427e+01
7.866636937422044e+01
4.971534993951924e+01
7.953401905462799e+01
3.001249154564575e+01
6.532200359055865e+01
8.699413164844462e+01
7.919905813373582e+01
9.298771461145380e+01
9.501076079672703e+01
5.696509878941117e+01
7.847783387567748e+01
4.120423758458544e+01
8.165488400573604e+01
8.231389382030531e+01
5.989938762965583e+01
6.668458034595687e+01
7.083931056356025e+01
1.957670451122183e+01
3.794414048918716e+01
3.630298978476925e+01
1.399102272186010e+01
2.248994723078327e+01
9.682810208612499e+01
1.160675627719925e+01
8.342103272835773e+01
6.583754441972708e-01
4.861114101885406e+01
3.055263433165505e+01
3.154725419895130e+01
2.524498618452111e+01
6.605495841524329e+01
1.251256885589686e+00
6.981023879247263e+01
1.265893523239481e+01
5.827634029941463e+01
1.024664217152011e+01
9.050725358096288e+01
3.207754135694240e+01
6.697825764630839e+00
1.407744531243920e+01
1.412755256245264e+01
5.055893354609560e+00
2.158182445987213e+01
9.664663695574116e+01
8.393040768985189e+01
6.315291270760489e+01
6.527960722580533e+00
4.046361718348395e+01
8.927330220549987e+01
7.479131369608982e+01
7.190915451939645e+01
9.933786005682211e-01
8.136549875203777e+00
6.873725655895531e+01
1.280691805892015e+01
4.654175953312859e+01
6.939563204971870e+01
6.085586401673773e+01
5.539313194127433e+01
6.062441689922679e+01
5.386231939953859e+01
2.086672038811572e+01
3.177403715987412e+01
2.774320264707469e+01
5.201582436078034e+01
4.073359577019401e+01
6.107084777256048e+01
8.310039526927304e+01
5.384893601473837e+01
4.468767058322564e+01
1.843054756449095e+01
8.693868968958905e+01
8.994204443411066e+01
7.436479519790262e+01
8.272112621121161e+01
3.524171003850257e+01
1.256555854928007e+01
9.919551177844195e+01
5.022237936510815e+01
9.149504317505986e+00
8.081162794530933e+01
2.213153383793846e+01
1.632846203461683e+01
4.243905406558842e+01
6.992243662007267e+01
1.587772030191390e+01
2.849060060851770e+01
3.045129116179947e+01
9.055343921787731e+01
8.416661721848260e+01
5.411619700217442e+01
7.721648448017262e+01
9.984806110144036e+01
4.486542965512044e+01
4.959687080681179e+00
7.062478078092671e+01
3.159146221894373e+01
2.832497923091286e+01
3.803503189144425e+00
7.121457432918929e+01
8.763720248250161e+01
3.164605327492862e+01
4.534885214890765e+01
8.946110670895368e+01
9.145283689324411e+01
7.936967275076064e+01
7.168665592171561e+01
9.703199714284018e+01
6.757683622072304e+01
2.190903524025764e+01
4.135267638664352e+01
8.187500777741661e+01
4.219609463689667e+01
2.250996349496300e+01
7.090189078399068e+01
6.767128499582003e+01
5.164534363506611e+01
9.988516783336419e+01
5.691952000228666e+01
6.067327999541223e+01
5.493311423572391e+01
4.572233112795387e+01
1.941526728654991e+01
9.203223939614008e+01
4.134964027504886e+01
4.860517287096249e+01
6.081032765135650e+01
3.872962935768516e+01
6.732448631307319e+01
9.577460838285023e+01
9.713979186356990e+01
5.496168874900867e+01
9.810657664113984e+01
4.464777640283470e+01
9.140663463222171e+01
1.710016234642834e+00
7.055862227946456e+01
6.309329050737120e+01
7.620900151143269e+01
1.972952341648262e+01
8.500232574762884e+01
2.113033762254302e+01
5.474733130761764e+01
3.573004456038123e+01
4.900466373609595e+00
1.991964877579345e+01
2.966502887646902e+01
6.929597890437394e+01
6.892128440966889e+01
5.063600775349699e+01
9.874459286161911e+01
9.594150078293938e+00
6.739121040673517e+01
9.265677537427133e+01
8.792916633557955e+01
1.693885071060567e+01
7.085478490723986e+01
7.854365817203357e+01
1.585970926837051e+01
3.409286897354427e+01
4.500418149167866e+01
5.639123551379481e+01
2.481712038853072e+01
1.233555828795562e+01
9.887987947970623e+01
9.730640034997202e+01
9.908363912211901e+01
6.943850171260466e+01
6.887828813347886e+01
4.524802772572638e+01
5.708541858805596e+01
1.264598589048068e+01
8.088726689149033e+01
2.758442630413194e+01
6.902366456064566e+01
8.578773331166605e+01
8.802905799263579e+01
9.731838940517902e+01
8.849833532632250e+01
2.672628566004628e+01
1.363003161439208e-01
4.107813608882862e+01
5.058068430543909e+01
7.027405736515023e+01
4.071720616925378e+01
6.646732230040587e+01
4.435745014080659e+01
1.157199107649363e+01
4.501098042587330e+01
6.039322291519177e+01
1.163211139460658e+01
1.807888751760073e+01
6.000012930482632e+01
5.726563076361345e+01
3.312592000380435e+01
8.662434168468431e+01
3.268072504209388e+01
5.541368250521537e+01
2.831851040400495e+01
8.250345572945823e+00
9.550222027837401e+01
8.474577953328648e+01
4.667133588654517e+01
3.479771336298329e+01
2.775662300538114e+00
8.969101514187223e+01
2.058544662808322e+01
3.001166695263780e+01
1.137041021667906e+00
1.588934330078277e+01
4.800818373822057e+01
4.345382989545065e+01
3.997125990687463e+00
8.561424616985687e+01
6.728946569715136e+01
6.323512218111899e+01
1.043953742386752e+01
1.050687362929195e+01
6.500793284038451e+01
6.868479576366245e+01
2.345059943546103e+01
7.664004428155722e+01
8.233259435851713e-02
2.620394668830742e+00
5.309314516051353e+01
3.320825259816286e+01
5.137322174914797e+01
9.399164234939573e+01
8.862193514994435e+01
6.245445798265490e+01
3.777550982207782e+01
4.253238157487120e+01
9.834692850631984e+01
7.825381503359127e+01
6.352436573408747e+01
6.035789151692664e+01
8.379140495499196e+01
9.791554156593770e+01
5.116261176353441e+01
7.780794267440585e+01
3.455936477266223e+01
3.111390710394546e+01
8.738240938977451e+01
3.287860473286295e+01
2.970277510103899e+01
9.836251162847621e+01
1.164177158458241e+01
9.475896544510451e+01
9.319102083947092e+01
2.587053478968820e+01
4.826136075344931e+00
8.446830421894244e+00
6.971475671497861e+01
8.202204936278147e+01
8.370276930914390e+01
2.280790182892601e+01
5.608681382429172e+01
1.668529120119535e+00
8.581772031533426e+00
2.673865641781066e+01
8.029317487044874e+01
4.635728185361125e+01
8.934399135845899e+01
7.864010337676858e+01
4.857042918380836e+01
3.794381652862943e+01
9.639127095993202e+01
2.424907662172293e+01
4.151727824542545e+01
2.356965198347794e+01
9.504988607720001e+01
5.351205871138352e+00
5.468355908742340e+01
1.902383031278096e+01
7.018286332962236e+01
9.082685834301024e+01
8.626258083910801e+01
9.189482829156091e+00
3.452577550640599e+01
2.950424422952544e+01
9.402033900563622e+01
8.397143570891183e+01
9.248648164443973e+01
6.103911207105923e+01
8.887990437861527e+01
7.763894529903259e+01
6.192135306164685e+01
2.699662564648158e+01
3.583751094333712e+01
2.468716643037608e+01
7.791397980317193e+01
7.432114266526007e+01
3.878606778512992e+01
2.244541105928151e+01
5.296124599546253e+01
5.515122937744075e+01
6.960745298751046e+01
9.342517461321557e+01
3.492816027017690e+00
1.412412739085226e+01
3.940909646423957e+01
9.854270210421770e+01
1.947533330855674e+01
6.544091606766028e+01
8.604011041393508e+01
8.965819663817911e+01
9.442433928811194e+01
9.869585782228776e+01
8.790783956083834e+01
1.934227893098364e+01
8.273550899826712e+01
1.987600034097024e+01
3.221386793638294e+01
7.522199059614073e+01
9.790316494084111e+01
8.061359407408796e+00
5.141124150315824e+01
2.411832084139731e+01
3.505798505389038e+01
4.543920925140344e+01
9.806112861170486e+01
8.879326716474876e+01
1.976035187009738e+01
5.533317451147977e+01
1.179958717515673e+01
5.548523005819192e+01
3.457691396334065e+01
8.140704016266719e+01
6.269731897055046e+01
3.806972999035834e+01
9.553116755351945e+01
8.314159902890287e+01
3.661243209457604e+01
4.485100132639101e+01
5.481998466645367e+01
7.988432351494409e+01
4.664697453689155e+00
1.088470444590072e+01
4.315551730951086e+01
9.257253701452750e+01
4.420006910534579e+01
1.982202288686392e-01
7.180473193144647e+01
9.084753416983760e+00
4.648190981078982e+01
1.207603882629240e+01
7.333753829511699e+01
5.252425836051081e+01
1.581613161406300e+00
1.161068832111111e+01
7.438503525889713e+01
3.509078455860298e+00
7.285512116404954e+01
5.490822016955737e+01
8.074640905519315e+00
5.712203795887625e+01
6.771035830849333e+01
4.265155486885996e+01
2.600955633726416e+01
5.659218982634702e+01
1.946262075540732e+01
7.615331503383504e+01
2.518774686622794e+01
3.571366650784093e+01
9.330860809111438e-01
2.245194591695999e+01
8.219744781134532e+00
5.597783534600299e+00
1.603613631615235e+01
1.071668467983449e+01
3.454068123108739e+01
5.153320173338670e+01
1.091490495526926e+01
6.997505248057425e+01
1.680938057452877e+01
3.195293696222498e+01
6.575985968381160e+01
9.014691886964576e+01
8.447719532273578e+01
6.734147284521789e+01
9.854244217208701e+01
6.887127033847908e+01
7.098691741516204e+01
4.587339402449941e+01
7.097430530515234e-01
7.906155832068136e+01
4.719610188491461e+00
9.060989981079935e+01
5.113304385502499e+01
8.111338544688810e+01
9.771332666171404e+01
3.652842842812111e+01
8.104161325890647e+01
8.693587839926401e+01
6.439549991134344e+00
8.197469933981760e+01
5.398956088069340e+01
8.156149149013753e+01
8.757248292098403e+01
8.692812974887347e+01
8.651038524066583e+01
8.574280347011182e+01
3.846133143569405e+01
3.413691606099574e+01
5.571785590411995e+01
5.527071201022282e+01
8.478488348647248e+01
3.776894716442048e+01
2.317302437646921e+01
2.993884693362697e+01
3.716036925891432e+01
7.389763070917577e+01
3.444042472841238e+01
3.389918097942098e+01
3.969130559810032e+01
1.638558288867845e+01
4.850356134050692e+01
4.441091578659179e+01
1.563890781981820e+01
2.777598701779544e+01
4.451742700511470e+01
5.419757224349192e+01
3.021038506655506e+01
2.056755694587135e+01
4.113345059618980e+01
4.997850006910902e+01
5.041880018562954e+01
8.129627121672792e+00
3.153999151268042e+01
7.483598504906334e+01
1.380227734977485e+01
9.922771160454849e+01
7.585754263021869e+01
9.154992578157686e+01
3.336462766554422e+01
9.219899898963003e+01
1.797847241069119e+01
8.470392426694926e+01
6.934434565219300e+01
4.870090645211791e+01
1.848436180431599e+01
2.535874379116984e+01
9.266097945750737e+01
3.156314121166390e+01
1.724274829832965e+01
5.857579710827013e+01
7.591300084065320e+01
5.842293312699670e+01
6.441799861584697e+01
8.310792547795359e+01
8.619892014479214e+01
9.239928135294434e+01
1.228410001484868e+01
1.640930516478108e+01
3.685670152160186e+01
4.563889896759712e+01
6.638780523389009e+01
5.622573334547958e+01
7.604065308162973e+01
6.520266899149989e+01
4.407795162130052e+01
8.559188525452832e+01
3.762681490631160e+01
7.095623676243994e+01
7.768638510149269e+01
9.007179960146165e+01
3.694663803882275e+01
3.688772443537029e+01
5.262995043426284e+01
4.301822886011481e+00
9.089960720897634e-01
8.803869308346822e+01
2.354647173711400e+01
8.383758551619835e+01
8.927260380670083e+01
8.400978678092817e+01
1.060189535403712e+01
7.764236842172330e+01
5.155652321481915e+01
8.026147637528436e+01
1.372013753918937e+00
2.863164000615088e+01
9.471447239383798e+01
9.413162730360945e+01
4.504094517093196e+01
6.019328784206569e+01
6.415182732238985e+01
1.142875040482206e+01
9.760671430155948e+01
2.733623735948291e+01
9.356547104826451e+00
9.423596928559055e+00
2.578436556541564e+01
1.834352245477192e+01
1.479483647960929e+01
5.245746157712185e+01
7.671357606384605e+01
3.932987490637688e+01
9.627653886390689e+01
1.279635574333200e+01
5.803245820944778e+01
4.134725189830515e+01
4.487119524035193e+00
8.968218564506721e+01
6.011478009639065e+01
5.663610103383478e+01
7.369197237942925e+01
1.732594939755553e+00
9.699974995898071e+01
9.618587833651615e+01
5.724558050615973e+00
9.544992665548340e+01
8.765765842406901e+01
6.173601227893308e+01
6.340461203986993e+01
1.594994101484769e+01
6.103407100822500e+01
7.033603064265849e+01
1.226027776126763e+00
3.796615369523231e+01
1.052851100011194e+01
1.058257492751934e+01
9.158045146222248e+01
1.015110137413773e+01
8.726761047135462e+01
4.513769747928610e+01
9.570169099406418e+01
9.140990129271984e+01
2.950884449738490e+00
9.197822985797107e+01
2.542722724630834e+01
5.957314765992255e+01
3.423022764466248e+01
9.279072452000841e+01
5.831406221646539e+00
3.395817961262455e+01
4.942682550727708e+01
7.952337864764192e+01
4.674855016486186e+00
3.679283183850014e+01
7.359101268164395e+01
2.905089418825269e+01
1.809345866464705e+01
4.040440308880266e+01
2.449263889551751e+01
4.806070534887756e+01
2.837881847674904e+01
9.331697756113344e+01
1.839673599153605e+01
3.142770828280025e+01
5.483607987632793e+01
2.892524699164799e+01
2.888063240278542e+01
4.768992310747966e-01
8.280395724941229e+01
7.792757869601603e+01
7.607299949790956e+01
6.093981455123975e+01
9.375397530093508e+01
6.496894963317035e+01
5.384680081803669e+01
1.598567744530071e+01
8.111817025631581e+01
2.676144387887858e+01
5.506723292873578e+01
8.694957647796235e+01
6.681825451870368e+01
5.820322747258619e+01
6.099950334103755e+01
6.539447855455543e+01
8.480720971003510e+01
2.236895776464090e+01
4.908767079426332e+01
1.814138540911553e+01
2.486597747768554e-01
4.704056323833790e+01
6.242445719541258e+00
9.742859722926683e+01
7.938333744154467e+01
5.531580907074540e+01
7.053714057921299e+01
7.778071662307751e+01
4.188899325294839e+01
8.660230803610864e+01
9.747381508232738e+01
7.127116763557828e+00
8.833909187854225e+01
4.218534410101611e+01
9.261486814013443e+01
7.465112981137406e+01
3.724778994789710e+01
2.098497563087613e+01
6.472089768607211e+01
6.690309521132292e+01
3.388181511959146e+01
3.864736423764721e+01
2.864556793526074e+01
5.441361132749059e+01
4.821410050998167e+01
6.713862534013512e+00
5.112004934396597e+01
5.944130968276472e+01
2.325973334874014e+00
2.011626726953139e+00
6.234197801088075e+01
5.976497794490540e+01
7.808336828746059e+01
3.319554777499081e+00
9.461884591477869e+01
3.403870818858906e+01
3.271125752139429e+01
5.664690512076341e+01
4.454119947950412e+01
5.817229429174787e+01
1.679083188846280e+01
7.703416919197615e+01
6.529941105530570e+01
7.241789618153959e+01
9.486659373849005e+01
9.333874722632521e+01
6.199602506216431e+01
6.726187088864943e+01
5.435131800097941e+01
9.567519696227983e+01
8.957862345947820e+00
1.018755040605904e+01
1.160583189297739e+01
3.760343028120856e+01
7.939653390990409e+01
6.922226858754748e+01
3.272195329550745e+01
8.442430220750362e+01
8.318681706822795e+01
8.828071117786723e+01
9.259859257964351e+01
4.022105268213016e+01
9.815720990214368e+01
1.295571122921803e+00
4.354060745962924e+01
8.857170976166228e+01
6.224819871701682e+01
3.437632575369269e+01
9.886547266452827e+01
9.744850136220850e+01
2.775645038474186e+01
6.110311982273270e+01
8.523679249232485e+00
8.329561379891615e+01
8.582164211469777e+00
1.520772884376707e+01
1.666195612245330e+01
3.013797962578851e+01
5.412395468639394e+01
7.101327416999884e+01
4.483034952768607e+01
9.142746207836431e+01
8.635500473266234e+01
5.393643418975940e+01
2.903089235957288e+01
8.367479228585715e+01
7.314440844261293e+01
7.284140417950293e+01
9.272216264750909e+00
5.462721095170230e+01
5.171434788578858e+01
1.870808797828298e+00
4.247392646152243e+01
1.440828014836101e+00
9.562632306275253e+01
3.838887104689557e+01
7.223968737397328e+01
2.560031233616188e+01
9.807945969425117e+01
4.252486817656311e+01
9.511015196103145e+01
9.756074519714375e+01
4.202346785088231e+00
8.704774006598058e+01
2.333904803886034e+00
2.729665251788527e+01
8.271540807686533e+01
2.009593114261326e+01
4.292249066891264e+01
4.751368227764670e+01
8.717982633373693e+01
8.525309301226078e+01
7.682891193629658e+01
5.053607423349101e+00
4.773311570646852e+01
5.838875740691496e+01
4.396563020719477e+01
8.295817718978886e+01
5.661704021348481e+01
9.661940797074671e+01
1.697544083789710e+01
8.331388052707252e+00
6.659974798867468e+01
1.182370442516343e+01
6.755464280375961e+01
6.222607100486107e+01
8.335849167004157e+01
1.473420896322197e+01
1.240854957718800e+01
2.270495557352200e+01
9.595647989583969e+01
1.187234232755021e+00
6.463433721318577e+01
1.588266343617936e-01
7.791574582360487e+01
6.413893325447056e+01
1.294333767748593e+01
6.841836346705368e+01
8.030548541820863e+01
5.586582839296471e+01
4.425782633212294e+01
6.748531170537943e+01
4.111892135865936e+01
7.189899015794461e+01
2.757547932098409e+01
3.263262344181194e+01
4.955323042792884e+00
7.174177988047794e+01
4.265667844687434e+01
8.700224649487168e+01
4.898354455315673e+01
5.963211928477143e+01
6.990375135555107e+01
5.040625243000976e+01
2.312471099343370e+01
5.527468070167800e+01
1.263232343487084e+01
2.170255385418541e+01
3.310757909580487e+01
4.561472537257463e+01
7.009375419937714e+01
2.906405894507843e+01
5.212379170214933e+01
3.472809136599679e+01
8.529307971954955e+01
2.471770538236839e+01
9.437755746505110e+01
9.154838402362000e+01
7.542364312122746e+01
5.911591074388284e+01
4.149954125354976e+01
5.422324922598118e+01
3.544374603565957e+00
2.639904894232706e+01
5.998809461481315e+01
6.213035758683940e+01
8.040388523619802e+01
1.949641109420751e+00
6.389863787400473e+01
1.394610512719774e+01
5.806983902960543e+01
2.998225559945323e+01
7.332537065880624e+01
8.535008411172316e+01
8.038850807602913e+01
9.320404296424428e+01
6.502605153481757e+01
8.136203963372951e+01
7.950953011378158e+01
9.813363067718858e+01
3.863555683690848e+01
8.496619634561530e+01
2.719768957570088e+01
8.543751648880425e+01
3.503507544986675e+01
3.088697173208323e+01
8.749871523468696e+01
9.211936862772301e+01
7.631278423420748e+01
4.724913418630564e+00
6.190470101400497e+01
6.013427984907026e+01
4.355243139134367e+01
4.439164392854629e+01
7.433310769234464e+01
7.994420192201818e+01
6.703065976827902e+01
5.522924473287036e+01
5.389771538502431e+01
6.500136636430462e+01
8.430411265432095e+01
1.558075981008856e+01
9.498362196375784e+01
7.963016004284385e+01
4.714146421623484e+01
7.537212999322085e+01
3.229760682782978e+01
1.684775483647723e+01
6.839296145755470e+01
8.747450224471955e+01
9.925431897829023e+01
5.289472120483160e+01
3.213624527311709e+01
3.749883595737574e+01
9.246603478326743e+01
5.183053293816305e+01
9.391941120564911e+01
8.819062839643593e+01
7.039184522367634e+01
9.250620971084862e+01
6.752879608773105e+01
3.977684706439118e+01
8.912505986593899e+01
8.355166231447443e+01
6.025627877575172e+01
1.138411323138704e+00
3.855519995026067e+01
3.134292658946613e+01
4.381458090795883e+00
9.606612077730993e+01
9.634429295377075e+01
1.736609061125950e+01
1.164688054083236e+01
9.132791487096246e+01
3.656303628187768e+01
1.776187350869266e+01
5.924495433422036e+01
6.886064310970747e+01
1.081508663986581e+01
1.340195947019475e+01
1.603069203720926e+01
2.111623302154068e+01
4.212152456963506e+01
4.816693731032635e+01
7.583401812046488e+01
1.764617758693461e+01
1.692020288525159e+01
2.621268286659041e+01
3.720881591421031e+01
3.048032532934115e+01
3.167976328715671e+01
8.298524077189398e+01
7.025717239373232e+01
6.455015198539485e+01
3.417842063781732e+01
7.631511831484508e+01
5.263853592455319e+01
2.362439745274577e+01
8.237522089964487e+01
3.918476046025043e+01
1.969051818348957e+01
7.871951380684949e+01
3.665423287854262e+01
8.004409981893566e+01
2.927575727425318e-01
8.495872853554725e+01
7.869167075431518e+01
3.674747344886300e+01
4.207791222356163e+01
8.950675739418099e+01
5.751705568168175e+01
2.900473178783652e+01
6.762116144766154e+01
3.276597733272518e+01
6.275541524531106e+00
6.923805944120421e+01
4.854956364657244e+01
4.140438378853927e+01
9.831667672764355e+01
3.120855662562351e+01
7.188470911788042e+01
6.681322942805161e+01
2.174618980928612e+00
1.517731007895307e+01
9.789790497063562e-01
7.503696068890251e+01
6.620960438913181e+01
6.003961179407295e+01
6.459021929865247e+01
1.752528469894327e+01
3.494075021470932e+01
9.312821244500959e+01
5.965943637288149e+01
6.097020369999586e+01
2.543816423296843e+01
9.735176768030588e+01
7.335590714279371e+00
5.186398292512818e+01
3.409924108260276e+01
5.117378647028179e+01
4.137074031930917e+01
1.603028272093752e-01
5.683683113047705e+01
3.781493727016027e+01
2.495647697940305e+01
1.448755088005567e+01
2.123179012966891e+01
6.845128879344617e+01
5.731892020316744e+01
6.399629603326148e+01
5.420966830766278e+01
9.849327118065825e+01
5.795634405592286e+01
2.696061973784148e-01
7.949995672306976e+01
1.079653814006436e+01
1.028998648295644e+01
7.988018564874315e+01
7.575150363880745e+01
5.730774223679106e+01
2.846501084438759e+01
7.006052223502682e+01
7.174707379739129e+01
5.576934989344764e+01
5.939127321326699e+00
4.118073039743152e+01
9.793368917793673e+01
8.803194974923132e+01
3.984307774335289e+01
9.518024786151025e+01
6.620878803832866e+01
4.570556070921270e+01
8.463818066969429e+01
7.549117872281521e+01
8.640918433033357e+01
7.463316241029332e+01
9.104911093183287e+01
5.899436593008897e+01
7.289936015051759e+01
1.288005482073876e+01
8.231869651112645e+01
3.572276161784435e+01
2.595661768035806e+01
4.678978442530604e+01
2.024579533387245e+01
6.322769320720234e+01
9.741355008325239e+01
3.053578181682889e+01
4.924092816619246e+00
4.209555133343467e+01
5.415987551871682e+00
5.303603497009540e+01
7.637277691456153e+01
7.342440577849020e+01
8.915845355445448e+01
3.468420744626047e+01
2.382301293491526e+01
6.595288322584372e+01
4.236206907888971e+01
7.649849405349163e+00
2.949992964486588e+01
9.933899044959759e+01
3.506026921563794e+01
2.266000906129368e+01
7.638220702129519e+01
2.847448733098548e+01
9.535724799863866e+01
5.729004398793450e+01
1.020338694108808e+01
1.723490693477677e+01
7.875933483185216e+01
8.879198361597582e+01
1.655476345520223e+01
9.013266083324918e+01
4.722362912596373e+01
4.350859417743450e+01
3.065327900957934e+01
2.796573127990856e+01
3.739245656756333e+00
2.010066081774452e+01
6.057858181212963e+01
9.155233208628015e+00
1.816938026722957e+01
2.600623929221473e+01
8.257963898711822e+01
4.264821803320582e+01
6.956079670673273e+01
9.718477511647380e+01
2.198528620506883e+01
2.396005854194987e+01
8.590143233812481e+01
2.039390058275028e+00
2.329904894498133e+01
6.833737998657738e+00
4.586981136625158e+01
5.377417549201016e+01
7.537441490002648e+01
6.067467334711676e+01
6.400849803537525e+01
1.148987664444832e+01
2.047432913467024e+00
8.768455259859775e+01
9.825064260431130e+01
6.269916289611680e+01
6.855603250142002e+01
6.116313480826241e+01
1.620558063322938e+01
6.541315157218517e+01
8.000916111283431e+01
1.994482628998572e+01
1.291585956370265e+01
4.100727114873345e+01
2.910005954517986e+01
2.577147401206730e+01
6.701351044094818e+01
1.167969848573194e+01
6.431570493817129e+01
3.628119367001634e+01
3.692510581432148e+01
6.477074705286452e+01
9.992572502229629e+01
2.282653810588016e+01
6.367121267303415e+01
3.535950283303833e+01
9.725805763027540e+01
7.589403543430103e-01
3.348872085730020e+01
3.597344054653004e+01
9.970756419920714e+01
9.749721889267546e+01
4.746331723754449e+01
8.056423351194907e+00
4.026505166677062e+01
1.044374760726641e+01
6.615046787362101e+00
7.316554532068108e+01
7.874408558883894e+01
2.871792988326304e+01
2.124260688258456e+01
5.514553359483626e+01
9.461084990511221e+00
8.942032935536481e+01
9.734830595429442e+01
7.186551330232318e+01
1.108781621376417e+01
7.695195673822982e+01
3.628186175426555e+01
9.274909435433759e+01
6.505235208433696e+01
9.240968539026085e+01
2.464701506525605e+01
7.711280597239399e+01
9.603350572103332e+01
4.183434231292193e+01
5.540600281926152e+01
7.385892708499865e+01
3.873626936168236e+01
3.602533039451825e+01
2.681249707323150e+00
6.264564984601254e+01
4.345824846227572e+01
7.372618302410756e+01
2.625857979350657e+01
3.132113978793898e+01
9.585852674015729e+01
3.416259201903017e+01
9.500445513753428e+01
2.521725367997646e+01
7.903457413382576e+01
7.813145233231199e+01
4.995837446765898e+01
8.408730937358332e+01
6.755178164111068e+01
2.187370919709732e+01
3.217795925781967e+01
7.863959785487484e+01
7.827738708736254e+01
5.387043280241566e+01
6.727376783605375e+01
7.206091050620233e+01
1.543016308705796e+01
8.685250570385368e+01
3.334746469433767e+01
2.875679271703437e+01
6.700836176379042e+01
5.346313265779201e+01
4.755232066267744e+00
8.877992946132083e+01
9.942416227395840e+01
2.177796052851619e+01
6.804516262749451e+01
8.785963770368119e+01
9.587808041641399e+01
4.498975944937661e+01
6.724200773390103e+00
6.778105416697498e+01
7.373322270518786e+01
8.349455622187563e+01
2.776222938101843e+01
2.968016631420710e+01
7.208231444101888e+01
9.702010401385841e+01
3.201734783687505e+01
4.741168117495798e-01
8.318700244798652e+01
6.337633885600433e+01
8.890084893857168e+01
1.771947905315062e+01
5.621300165365124e+01
9.462857893417988e+01
8.159749702624860e+01
7.762409503461053e+01
4.055064084965300e+01
3.749095324310053e+01
6.539713338268788e+01
7.559002566877288e+00
5.504684949063083e+01
9.384299590896956e+01
8.235140213852348e+01
7.547561576379259e+01
9.575669285643691e+01
9.226567181398426e+01
1.835802640689445e+01
1.066646972236525e+01
2.736547152854757e+01
4.127100098006008e+01
3.546027440366348e+01
5.228857558792856e+00
8.111862143553729e+00
9.028808669666205e+01
3.878649763706443e+01
2.059233375852570e-02
8.730819066395433e+01
3.103833088233989e+00
4.947091455081055e-01
6.202003781777808e+00
2.307456947074950e+01
6.665226638626879e+01
2.392148283492843e+01
2.935941593226018e+01
6.816602776207310e+01
5.518979814610900e+00
8.137543065537486e+01
2.949062754842016e+01
6.986747522366581e+01
5.198036020248213e+01
3.704963011529745e+01
4.158754183053390e+00
2.693880834939834e+01
8.662782878923593e+01
7.963436994684598e+01
5.646998237654100e+01
3.159055031444437e+01
2.087645159143789e+01
2.414920261322949e+01
8.764217257855562e+01
4.295613348621695e+01
5.960947701689297e+01
