6.897055617020025e+01
9.585386630885949e+01
7.668196022356021e+01
7.398159200045354e+00
8.561153900139571e-01
1.082526492459013e+01
2.586868988623316e+01
9.437556983641142e+01
5.430371861639605e+01
6.712456991296474e+01
2.374723787593992e+00
9.047133596170291e+01
2.466146025092409e+01
8.980551561797294e+01
9.920850372836389e+01
4.665878002841900e+01
7.062199035222734e+01
9.840547828860836e+01
2.200025265198213e+01
3.213299956737691e+01
1.048742039617497e+01
2.084252709562077e+01
6.244364383744245e+00
5.174692345398800e+01
5.267625257963140e+01
1.779570813188129e+01
2.427333724884006e+01
3.062647359009202e+01
6.420472379038330e+01
2.888885784376825e+01
8.817354603119826e+01
9.082876122129558e+01
9.524625544214912e+00
1.843630066999993e+01
9.822692042134094e+01
8.683445993197823e+01
6.165263110848732e+01
8.656672820754663e+01
1.893984555217430e+01
6.640581729188833e+01
4.885599801729247e+01
3.459022870966709e+01
9.507141220153841e+00
6.280140488538957e+01
8.341328198249139e+00
5.585006114833526e+00
5.662272980279416e+01
9.600137104094092e+01
8.859724811678625e+01
6.929486467004514e+01
4.942945183693872e+01
5.735825726639398e+01
7.454278113997671e+01
7.181091004601257e+01
4.286416691861309e+01
7.114696729516004e+01
5.544554570477715e+01
6.713750421401929e+01
9.468382438397212e+01
9.273897288029033e+01
7.268365503879434e+01
7.441730227992744e+01
7.096223592337326e+01
3.659139193435730e+01
2.325684820453490e+01
5.140595191689486e+01
2.095609112687227e+01
7.703577814485682e+01
9.784217495370757e+01
3.989593672561270e+01
9.224845412757642e+01
7.348050171205797e+01
3.707900333082257e+01
5.053515092029011e+01
2.618935901028540e+01
5.051142720063749e+01
9.715206180566552e+00
5.170481286556684e+01
4.565265916551121e+00
3.006629819519180e+01
6.710998144331853e+01
1.123179458604744e+01
3.775781366869705e+01
4.165276253672911e+01
4.826246753719750e+01
1.650907132612032e+01
4.039625131543551e+01
1.041673971825128e+01
6.711453896347179e+01
1.330528045692727e+01
8.187040699732975e+01
1.295152633122705e+00
5.464661128569702e+01
6.337498163961571e+01
1.364682629408633e+01
1.320352745857254e+01
3.030745560783309e+01
6.080587951503967e+01
6.815958324268441e+01
4.143103614516139e+01
3.346247399852727e+01
1.953423620179958e+01
6.864611863561259e+01
1.872583786897633e+01
8.504799263786896e+01
9.705396508660817e+01
5.458394370720906e+01
3.176107175264558e+01
3.557775408754951e+01
5.621186357746453e+01
8.641398739368374e+01
5.728319625243693e+01
8.474667616409560e+01
8.276287977712363e+01
6.647130114327710e+01
6.065943467461478e+00
9.497308875200017e+01
6.867552458712622e+00
6.943814534202131e+01
2.966861684325552e+01
6.684417513517857e+01
9.516061753740563e+01
8.733613192445418e+01
2.734455444260712e+01
4.058314619613027e+01
5.674167492275204e+01
4.336057195596423e+01
3.601810607873747e+01
4.419946304718007e+01
8.927226308233675e+01
7.006394437982884e+01
3.713835256040951e+01
3.647416696719554e+01
4.092855040958550e+01
6.135488313685864e+01
1.147042173495070e+01
4.894524582146912e+00
4.510072769834694e+01
6.404494390079982e+01
1.191990427296604e+01
2.883400541210268e+01
6.672813774399839e+01
7.049951477465197e+01
6.875624939275731e+01
4.949101747455588e+01
9.651700835512813e+01
1.924261209519702e+01
7.041689770781291e+01
6.198669786657519e+01
3.625794529740603e+01
4.284649577124347e+00
1.477803337144574e+00
5.441661330611287e+01
9.452462754888676e+01
1.276596077380979e+00
9.499975950224314e+01
5.126630247163880e+01
5.663962599664909e+01
8.164197014721202e+01
9.546576551881887e+01
6.176479051903113e+01
7.680177436061287e+01
6.701895332290742e+01
6.690397070110961e+00
9.263446493662636e+01
2.701645955770112e+01
2.796820273062596e+01
3.061698033968777e+01
1.105561582886410e+01
7.803322550749091e+01
4.319016101918656e+01
1.236820705810944e+01
8.191892378121565e+01
8.438885290380048e+01
5.674877341685294e+01
5.547986107667901e+01
5.405705271012013e+01
4.356394682245513e+01
7.652690311732093e+01
9.164022337256010e+01
4.214813459764613e+01
2.599252794216970e+01
6.543127329341661e+01
5.292021425111230e+01
7.671206834572929e+01
2.295451654258860e+01
2.575368770666127e+01
4.566203316005973e+01
7.803970360105843e+01
4.986288340290211e+01
2.714991719794921e+01
2.662855942110929e+01
2.003802089953703e+01
5.234296296366629e+00
3.209267167006278e+01
5.215502458259231e+01
3.225075585406774e+01
8.315888749582642e+01
1.297316654258089e+00
5.357343878297761e+01
5.332955580825431e+01
2.953113458563161e+01
5.887431267596517e+01
3.003548701761080e+01
7.028197300167847e+01
4.706610224538767e+01
6.375939588237526e-01
4.130446782396383e+01
5.010803963528389e+01
3.673556309041361e+01
9.919004300571514e+01
4.287820539571261e+01
5.205826733822854e+01
6.187624249694694e+01
1.062449459481262e+01
1.438699882216146e+01
8.327632010135628e+01
7.738276760903316e+00
7.600586487725650e+01
6.131602365584858e+01
5.130821692352566e+01
8.319034421965030e+01
5.787889778515273e+01
4.481363554709294e+01
7.681408830770016e+01
2.646179037469523e+01
4.952223023843124e+01
4.535824341948993e+00
1.666259659298817e+01
6.948509647952631e+01
8.458695243326339e+01
7.486830804258040e+01
9.802376856004064e+01
1.326807249023955e+01
1.198254908061705e+01
6.282158292030059e+00
8.855086606394075e+01
8.295243493418788e+01
4.997914789709223e+01
5.158456869031516e+01
1.418136461366963e+01
6.124861308431654e+00
1.585428659611116e+01
5.029550127233169e+01
1.860718024829737e+01
9.783887569691933e+01
6.203979414982712e+01
3.851248120819800e+01
1.222406421425942e+01
6.556668256668685e+01
1.630826686337044e+01
1.670733560654676e+00
6.845560393689927e+01
6.247636450569908e+01
5.150583877763982e+01
3.096606579188540e+01
7.990761025804449e+01
5.977484260675257e+00
1.444853717202718e+01
7.052979998780870e+01
8.389157647448199e+01
2.348065051412240e+01
3.281872157604374e+01
3.151289142273035e+00
3.674872300436195e+01
1.678661895766231e+01
1.176401153754630e+01
7.545588704545790e+01
5.489110707067471e+01
5.010969939181101e+01
6.871755727041399e+01
5.260055631054591e+01
6.121602769066394e+01
4.208288436852530e+01
3.468079345053099e+01
4.608492061779132e+01
6.186501121235314e+01
9.848338528465638e+01
7.202430976183355e+01
6.744216362360966e+01
1.053401916778368e+01
8.431623325884166e+01
9.067088458252647e+01
8.038807543012689e+01
2.816933357537227e+01
8.310021701413217e+01
1.135414122201230e+01
8.704213336438040e+01
4.688082311622836e+01
6.274497451388509e+01
5.083410043773898e+01
8.823364949237259e+01
1.384491697598478e+01
8.522213128638553e+01
6.413542295998681e+01
4.067040548691079e+01
7.561596975457667e+01
1.852361658519302e+01
9.836870436480675e+00
3.943830711740922e+01
7.885562580956874e+01
9.342652586913972e+01
7.681453180351041e+01
7.624257205810517e+01
6.121791743730098e+01
2.557565114720522e+01
3.542599777478073e+01
6.527407926752888e+01
2.405903638529546e+01
7.919905813373582e+01
3.271624284457240e+01
3.281436037868930e+01
4.770954775051658e+01
6.963136627787321e+01
3.625847354357060e+01
8.128616129108060e+01
9.914451157634356e+01
2.046912010780960e+01
3.472294450491804e+01
5.540082173207813e+01
8.027556602855938e+01
3.794414048918716e+01
5.746323455006966e+01
8.419724846454210e+01
5.218604726353010e+01
2.827352226165753e+01
3.446359435769897e+01
9.018068536658804e+01
7.672795237820966e+00
1.280127126388311e+01
4.101999054710380e+01
1.690566340317282e+01
5.722705319394687e+01
3.305885397505893e+01
5.964152890240845e+01
5.822055854751754e+01
8.451089997985908e+01
1.379415407487850e+01
4.396285048870502e+01
5.396928622106523e+01
9.946205611315652e+01
1.262931228272119e+01
1.407744531243920e+01
3.783219328049206e+01
3.734548861968587e+01
7.470589558347402e+01
6.430999821252655e+01
8.345806565296746e+01
6.315291270760489e+01
2.961481410526429e+01
3.885888738504559e+01
6.616780248757816e+01
2.759933929312943e+01
4.696348851870908e+01
7.408068933248552e+01
4.496007610343401e+01
2.989283014549540e+01
7.523270485700699e+01
7.103749465711297e+01
9.983367198139135e+01
4.197528531866860e+01
8.127035199723689e+01
5.497118926372900e-01
4.866769208976426e+01
1.595590669473443e+01
6.557541446088599e+01
1.683749678397434e+01
3.267147477374947e+01
3.765129849205320e+01
5.085110107942070e+01
3.829254574994210e+01
9.744032481566086e+01
7.267664027059294e+01
9.572254814939693e+01
7.070775100528624e+01
5.986691655584933e+01
5.265791665420770e+01
1.663734825171407e+01
4.902750726278289e+01
2.839171990211667e+01
7.741245277105480e+01
2.349138028150954e+01
1.209493964542399e+01
4.400369010120802e+01
4.909023849716887e+01
2.952439134452696e+01
4.243905406558842e+01
6.085847525897364e+01
2.168810578141739e+01
6.455627906348383e+01
3.045129116179947e+01
2.468997613745275e+01
7.140105956764941e+01
9.119743094369649e+01
7.335766822721700e+01
9.607653207894253e+01
2.799759359471388e+01
2.989262446290470e+01
7.448482721787171e+01
4.937982780364334e+01
2.832497923091286e+01
6.015734782449778e+01
5.689519818727635e+01
2.956413353307365e+01
5.587989597389470e+01
3.566658410041899e+01
8.601711401064746e+01
4.030381256728611e+01
4.458851094571338e+01
1.537105371960022e+01
4.018395395958049e+00
3.109124024915101e+00
9.368372843306685e+01
1.540192599194214e+01
5.165513188189600e+00
5.789127520187351e+01
3.095639414664190e+01
7.879521673489140e+01
7.028718612635842e+01
8.639405280649385e+01
3.590316024418136e+01
2.385367118932943e+01
4.016597286805789e+01
6.711066554631603e+01
7.796986819150385e+01
3.022178235939787e+01
1.893877485717590e+01
7.147348745329002e+01
3.332897058377461e+01
1.938126316265262e+01
4.602166490909721e+01
9.572553699637089e+01
5.894538399714296e+01
3.939352698595893e+00
5.390207518539489e+01
7.781549597988626e+01
8.840830209125220e+01
2.652095711162358e+01
7.477014180029283e+01
3.016037961009908e+00
1.228089403001633e+01
1.669625193658110e+01
8.454960858661198e+01
1.026171902672468e+01
2.113033762254302e+01
8.892538998691616e+01
6.815299422859820e+01
2.563586776407243e+01
2.880967186242792e+01
5.392631546311375e+01
7.978562893335970e+01
9.197275330870075e+01
7.595896747706409e+01
6.039665889013403e+01
1.383903790909752e+01
3.343948984213150e+01
9.265677537427133e+01
2.853292493546983e+01
8.361083580349145e+01
4.680868128631668e+01
5.303667432304317e+01
6.836785938049101e-01
1.123467172087853e+01
7.497227432903473e+01
6.076660503669018e+01
9.875058247649605e+00
5.570217354954321e+01
2.214188455703756e+01
2.739395491191836e+01
7.739620086615729e+01
6.335923767805064e+01
7.723354505246205e+01
9.326341878309073e+01
5.708541858805596e+01
5.511721458989997e+01
9.283411698082188e+01
6.105070950512341e+01
2.458402641331033e+01
6.947613319823338e+01
5.760728244558317e+01
1.629204699596951e+01
9.914126000327117e+01
6.356950768435816e+01
1.075476166361699e+01
5.524414798954695e+01
2.491096189474266e+01
3.074761108995770e+00
7.979965609488993e+01
5.859922178024390e+01
1.007584375798509e+01
2.257575542785961e+01
5.422343595615749e+01
9.135236865438165e+01
2.809000715058763e+00
9.965034411272515e+01
6.237779751530746e+01
2.000214169733326e+01
5.535251761570225e+01
6.990606499365813e+01
5.377789184161364e+01
5.794770860017636e+01
7.875438089424482e+01
4.631579557727827e+01
9.550222027837401e+01
7.342791467599008e+01
3.443064942696628e+01
4.097068078861138e+00
6.436662704887178e+01
7.702081081318707e+01
3.861740983026912e+01
4.802013721690520e+01
1.303049154255097e+01
4.587499920552364e+01
3.304583343353394e+01
9.078029635864324e+01
7.113349129032972e+01
5.795679532827660e+01
9.385505746763900e+01
2.754200460740459e+01
6.206311474650312e+00
2.193227686077928e+01
2.219030881402563e+01
1.271972130645053e+01
8.782924250132834e+01
5.325129127746974e+01
5.383455704610542e+01
4.917848047296446e+01
1.108696098024350e+01
4.681712484304659e+01
9.273587599989767e+01
2.508153171515163e+01
2.131694160463146e+01
1.338517596637140e+01
9.892612742210093e+01
2.661829820210966e+01
9.743170495956750e+01
7.308141052400758e+00
2.875618665886865e+01
3.191032904754874e+01
5.162937718053785e+01
9.942337647053570e+01
5.624933454964744e+01
2.274341509805220e+01
3.455936477266223e+01
1.929493281957458e+01
1.352371141012931e+01
3.287860473286295e+01
8.198610743600229e+01
1.099692094651839e+01
3.475742746831729e+01
9.230476594171708e+01
7.473794793465078e+00
9.909972404087881e+01
5.558731479364788e+01
9.450115468096973e+01
1.573741744073919e+01
1.276028343139229e-02
4.059591365074549e+01
4.569797056992444e+01
1.919876710474434e+01
5.762579574139127e+01
9.689028845023843e+00
3.085521149023213e+01
8.978633582116400e+01
2.732704441404298e+00
1.581638912475500e+00
4.302577355086141e+01
2.297539143961639e+01
2.082379614972686e+01
1.541762902188004e+01
7.809940514997551e+01
1.710706763766104e+00
8.243361631521657e+01
8.428202014615853e-01
3.100979776634360e+01
6.085323629009223e+01
6.386052824736598e+01
3.619259988711802e+01
4.080493140071860e+01
8.676441828103941e+01
3.703275804269722e+01
3.452577550640599e+01
8.233124403391557e+01
7.025364957295994e+01
7.880175792556338e+01
7.763428128214287e+01
6.502994669835547e+01
7.881451820899477e+01
2.211579900333462e+01
4.661849133978527e+01
6.105629432064309e+01
4.182460300709335e+00
4.379722510641312e+01
5.050188687187708e+01
4.490565785435292e+01
5.241238132697175e+01
8.171349651259999e+01
5.768318155672549e+01
3.461766440170708e+01
6.989827923006298e+01
8.404536018336441e+01
2.824080997530409e+01
3.679557784311267e+01
2.723007338458210e+01
8.925717872998545e+01
7.162796001491508e+01
1.348375664720487e+01
7.214524493186978e+01
3.926606696996189e+01
4.037129322084193e+00
9.465762562801019e+01
7.877058721090229e+01
1.812781790184221e+01
1.030640011201911e+01
9.173006321849770e+01
3.316818058172622e+01
9.050439232518170e+01
5.676000991685316e+01
1.283071577215135e+01
5.813095418649304e+01
5.465201626282745e+01
3.821288758805622e+01
3.274534434673625e+01
3.547389471692680e+01
9.420534418626006e+01
1.932498329287627e+01
1.386495214601278e+01
6.009941620756845e+01
4.220515882699059e+01
4.927060708835283e+00
4.321933814474351e+01
4.990797026544249e+00
6.990145001090198e+01
5.198243118449227e+01
9.134163907325903e+01
5.809171230443367e+01
5.210251968917555e+00
3.899489717511223e+01
6.598491965140445e+01
1.911279774229638e+01
2.417114443339926e+01
6.064254527941465e+01
9.265747363337198e+01
7.665049996071053e+01
1.982202288686392e-01
8.046635961181781e+01
3.144253479849665e+01
2.111518425918891e+01
3.182219664185410e+01
9.804911259470931e+01
3.117166465668551e+01
5.954321863108465e+01
3.605523963275144e+01
1.273697834123717e+01
6.058250417028670e+01
4.407317272577117e+01
8.974233902513159e+01
3.591272087577391e+01
3.560387475211353e+01
8.141310870713234e+01
3.149997565499505e+01
2.600955633726416e+01
4.209131325692465e+01
2.921566410419329e+01
4.047531464159270e+01
8.023075670014637e+01
6.681864399780456e+01
7.343136420167581e+01
8.665787386086670e+01
5.311809813283296e+01
7.126871872286719e+01
1.799868569616167e+01
7.719827232751915e+01
9.139706049645183e+01
5.082349621263496e+00
3.043312063926511e+01
9.332866188759388e+01
7.974182003165680e+01
7.625651884649717e+01
9.473604266286644e+01
6.572913237182848e+01
7.800317410286664e+01
3.679619498401703e+00
2.547765543008114e+01
3.420978758214498e+01
8.365139704367677e+01
1.211749259946751e+01
4.534039653155040e+01
4.941448846338992e+01
2.021893342967095e+01
5.386746765760121e+01
2.501428351971055e+01
7.932645183956552e+01
9.082741937172945e+01
9.295700541369477e+01
3.314003280044535e+01
4.050458122068299e+01
2.373840395535268e+01
5.524520322459061e+01
7.381233469294959e+01
7.323799811920057e+01
4.067354497531128e+01
9.941437109346239e+01
9.195538363044867e+01
2.783778595171766e+01
8.087754914577935e+01
2.091826112983667e+01
2.116644783931153e+01
7.787407072161979e+01
9.615286323062743e+01
5.471401757314523e+01
6.234097823609643e+01
4.205803356229237e+01
7.271059242669054e+01
4.476668110339282e+01
6.724672655912430e+01
8.749120989231915e+01
5.736946177546376e+01
7.545109995428990e+01
3.560586005244677e+01
5.842201507576835e+00
9.502430311172469e+01
8.061039581923298e+01
1.169003276698758e+01
6.828066793656008e+01
1.459466461771851e+01
4.733124843208643e+01
9.175533963914744e+01
3.829527974049341e+01
2.576451610110910e+00
2.286119992977995e+01
5.968851505764226e+01
3.901717711194287e+01
7.411930997582120e+01
9.696949589856411e+01
6.685496311022665e+01
5.881577472147335e+01
8.612519460084158e+01
8.802141094953819e+01
5.012823503936093e+00
8.785248016372904e+01
1.786809825239149e+01
8.799678263626843e+01
1.779132705078988e+01
8.842223574799590e+01
8.931916225204205e+01
7.546238111120761e+01
2.844258049896107e+01
3.708066606758194e+01
4.379294349057272e+00
8.799377623386391e+01
7.883021891062624e+01
5.723668963519702e+00
1.603382188642110e+01
8.189091076231139e+01
3.891715600104870e+01
1.355759986376278e+00
7.099324347031919e+01
8.796602133101132e+01
6.808414024677320e+01
9.408492822855941e+01
1.082722121422515e+01
2.727919729765467e+01
5.473190427512484e+01
5.586185439297084e+01
8.888493920158825e+01
2.158686733878537e+01
2.102190755355261e+01
9.776261048287274e+01
5.922902392187576e+01
9.238366153667852e+01
1.004760950340312e+01
1.104349489838048e+01
9.313630619698033e+01
1.891150647723652e+01
8.030412186882650e+01
5.246106519012762e+01
4.672724387921730e+01
8.852026555152622e+01
8.303346716940099e+01
4.308073941761662e+01
8.095399177677650e+01
6.831381147183190e+00
6.569484116774743e+01
5.575379592168788e+00
1.673664665629000e+01
6.848137684561377e+01
1.169123091348039e+01
4.034743273646917e+01
6.745272226047364e+00
3.702899484756821e+01
8.306161224984639e+01
3.405239667466488e+00
8.502659647959592e+01
9.203416565062207e+01
1.988140662195227e+01
3.615568510077693e+01
4.877862741648156e+01
5.569164462186939e+01
6.796253745814903e+01
7.092455782504965e+01
3.999522805213706e+01
7.801014696155217e+01
5.390640867590272e+01
4.134725189830515e+01
4.487119524035193e+00
5.706793612664004e+01
8.775262850697740e+01
1.805429696946139e+01
7.824850607581833e+01
6.648509291302651e+01
4.432225164227292e+01
7.841449174024839e+01
6.863377716794319e+01
2.884632932434153e+01
8.762782979180470e+01
2.953942819942694e+01
9.732770616995529e+01
7.486163837595919e+01
8.696660072867135e+01
6.328958969716430e+01
7.515986150836565e+01
7.571456240290523e+01
4.623486271418392e+01
9.239215687494360e+00
1.301305043185737e+00
8.323856279404767e+01
4.539490078827129e+01
8.158493576645149e+01
3.569602432460339e+01
6.244338953981335e+01
3.838005687034692e+01
8.655920540288054e+01
7.506758001403306e+01
9.563293009793057e+01
3.423022764466248e+01
5.279915903359612e+01
8.396566816790293e+01
6.430619031391394e+01
4.342351520593441e+01
5.255337746467133e+01
8.020108667211657e+01
7.357464538587939e+01
5.388313953479898e+00
5.414694764378805e+01
5.768007857616995e+01
6.855872141595870e+01
4.865692753747894e+01
7.647105892024518e+01
9.893588414366165e+01
6.295119540903308e+01
3.623497348103438e+01
7.778759136692975e+01
1.495411108012968e+01
1.239136355574772e+01
9.245854848644629e+01
1.061452413472092e+00
2.320768731795609e+01
5.505989960164758e+00
3.743834730118436e+01
1.071255943305444e+01
9.435449451876547e+00
4.779252947670991e+01
3.715607809701752e+01
6.750372865586715e+01
2.739837678493856e+01
8.786747184948412e+01
6.376919465315025e+01
2.397890925592692e+01
7.806927043854691e+01
8.690206165746882e+01
1.317911511900794e+01
5.373244888788668e+01
3.741750611803378e+01
7.734645431737715e+01
6.398401933907718e+01
5.058439637095872e+00
1.744176420264028e+01
7.966669769010818e+01
9.577236706194113e+01
5.785654744033540e+01
5.051577405562428e+01
2.346532471639352e+01
6.225377543003009e+01
1.832173774872056e+01
3.585897085064042e+01
6.428922478309332e+01
8.751588500454830e+01
5.906665816859652e+01
3.241957725604045e+01
5.567256214826953e+01
3.726354885718951e+01
8.209306717947734e+01
8.743800888184366e+01
7.182437166190910e+01
9.650223087356530e+01
4.568998522390145e+01
4.384967239752862e+01
7.098074237396044e+01
4.571435923954209e+01
1.310714907623229e+01
3.275571485644007e+00
6.713862534013512e+00
8.911414183169330e+01
5.299547354364557e+01
2.201423902158357e+01
9.394922074580063e+01
7.104992171332702e+00
1.748150876605953e+01
5.789424523613148e+01
3.934514962106251e+01
6.096372164830739e+01
5.903260431207372e+01
3.141384759518032e+01
4.000440795906093e+01
7.956035415621491e+01
9.458554493942556e+00
5.852170584654515e+01
8.408182160187597e+01
4.978490474158195e+01
6.072977043722280e+01
3.043154400327780e+01
8.704845364533759e+01
2.776335968066163e+01
9.650811366574285e+01
9.459817320788193e+00
5.506514127136447e+01
3.270593845877141e+01
5.559414371642942e+01
1.907729679675647e+01
9.392733596913858e+01
8.808603318784667e+01
6.486083653981837e+01
5.434061105099535e+01
6.586427947779386e+01
5.538296087429997e+01
6.220161717487574e+01
8.758171190860760e+01
3.514680561383572e+01
9.815720990214368e+01
8.597071221376336e+01
7.941369315582034e+01
5.349240212398227e+01
6.224819871701682e+01
6.216026645254357e+01
7.148061295574560e+01
9.913960909430851e+01
1.448150790039520e+01
6.708037777202222e+01
5.527471660416327e+00
9.059331384049418e+01
3.272183990698394e+01
6.901582580479599e+01
2.477459517529914e+00
1.750474722008442e+01
9.469098942107101e+01
3.023843762010263e+01
1.018988029574504e+01
5.565883319622783e+01
6.840237652342878e+00
2.291503288918875e+01
1.045063729884598e+01
6.941305802642044e+01
9.193074907731766e+01
7.860228101657810e+01
4.226270324655935e+01
7.767563098002022e+01
4.080389814488771e+01
2.984441510860082e+01
7.619957042681034e+01
7.833836282526066e+01
7.610288107586227e+01
8.925564325845598e+01
8.715779724864187e+01
2.477814817092295e+00
5.232652870580858e+01
5.232929710872904e+01
5.413362912560517e+01
7.759906890690283e+01
5.490162030556315e+01
3.839464436210442e+01
4.352833537549169e+01
5.704320648547411e+01
8.271540807686533e+01
7.879923501927370e+01
1.078571710306486e+01
8.556101093327673e+01
9.993558339771609e+01
7.259668273506531e+00
7.682891193629658e+01
8.253290987691511e+01
8.558051045312570e+01
7.461819847795097e+00
1.702091843682384e+00
7.149885528325049e+01
1.769604762908818e+01
4.154970415008707e+01
2.498154036001374e+01
7.586646837921182e+01
5.535682684525700e+01
3.780397690730354e+01
2.364989464341192e+01
3.145970787455315e+01
3.944271609161176e+01
2.842560709846467e+01
1.757724504805041e+01
5.533858563533919e+01
1.624684963200560e+01
1.325987722410815e+01
3.595145211366538e+01
7.114846993756875e+01
2.957841550446042e+01
4.137368544068825e+01
4.557622645309951e+01
9.860316435741407e+01
8.670875559873356e+01
2.627809128085062e+01
1.824319493875056e+01
5.663431503653261e+01
8.608496486492686e+01
9.122983128355342e+01
9.369256705683310e+01
5.085368922485676e+00
1.731413380117814e+01
5.584323567144723e+01
1.576615162927944e+01
2.877967731504686e+01
8.584085217949043e+01
4.877939310333663e+00
8.104911897380329e+01
4.119767897818129e+01
7.826336169534520e+01
4.076649571804632e+01
7.265738685273445e+01
6.947733511658262e+00
4.485034711884816e+01
3.000836899970116e+01
6.530011676498694e+01
6.109719675085377e+01
9.809388588093869e+01
7.459224070170532e+01
3.224566668842252e+01
6.326161840151140e+01
4.902859979729568e+01
6.727086508985184e+01
6.792241552282238e+01
4.805169852825426e+01
3.223752497333918e+01
7.556238396817929e+01
9.681001603454817e+01
2.843736797964078e+01
8.027041222912744e+01
8.530884025865646e+01
1.973211212071223e+01
6.197942954580273e+01
9.854245767860787e+01
8.011182797146581e+01
6.107066341725675e+00
5.332577920208023e+01
2.379267789600076e+01
4.558574424385360e+01
4.619262397577643e+01
5.163988086936990e+01
6.164518625552077e+01
3.391310648709215e+01
3.166229041836331e+01
6.495533327802798e+00
6.262010189826604e+01
9.696240718335025e+01
6.759273007865657e+01
2.396830391323580e+01
4.260554525191223e+01
9.983839676707909e+01
2.869938189568901e+01
5.955691894495716e+01
6.614794026415234e+00
8.501701335656318e+01
7.608617473211426e+00
6.013427984907026e+01
7.338492249761937e+00
9.922489072160093e+01
4.452333461703888e+01
8.444444792552126e+00
4.378216734332133e+01
2.754798877404443e+01
1.563379728031987e+01
9.689202285226995e+01
1.554239271932393e+01
7.780064552919969e+00
6.937080960225818e+01
9.840358844883907e+00
9.644127529880092e+01
3.537182925984814e+01
8.456661341924529e+01
8.841400406715181e+01
6.798356215841302e+01
1.001497088466537e+01
9.827807363973841e+00
6.962207791843549e+01
3.551571608312229e+01
5.971879696460385e+01
8.553727226589679e+01
1.140528694326304e+01
3.191460153642791e+01
4.131784278029475e+01
4.982315890948435e+01
7.331251891949798e+01
6.967408567186169e+01
4.652998631192836e+01
2.848819630615795e+01
9.442016663701281e+01
9.279998154044151e+01
3.303555964167955e+01
1.876577572839604e+01
1.060342230396505e+01
7.979767377478893e+01
2.043877393959033e+01
1.458150461063791e+01
7.871410049438202e+01
7.386532722686665e+01
8.180760125713776e+01
7.388104455260608e+01
2.560534799732517e+01
4.300652073836257e+01
3.513911177177872e+01
7.506850663342910e+01
2.722851644606726e+01
3.936167417064387e+01
6.248633617651013e+01
8.427888033179514e+01
4.999829300213526e+01
6.250354436342770e+01
1.764617758693461e+01
9.210776248579276e+01
3.509886075514316e+01
6.055482200372723e-01
2.519572024475584e+01
4.513505401328907e+01
4.474559679848403e+01
4.232130299430401e+01
4.475914186088328e+01
4.088507096324352e+01
4.090226396960312e+01
8.699578814534274e+01
5.438354478887447e+01
5.361646025144330e+01
3.991015438917566e+01
8.269654837562543e+01
9.902209378733397e+01
8.229032698194045e+01
1.186062107414967e+01
9.514626464580478e+01
6.933777382100828e+01
4.936812242929270e+01
1.955065411494610e+00
1.319316886979768e+01
2.258546283588999e+01
7.448210403066227e+01
1.582211368522705e+01
5.502909089207141e+01
7.793935531654365e+00
6.244693154583076e+01
4.181608303534616e+01
4.894062692715815e+00
9.502367027803496e+01
4.869791178437784e+01
5.270865282635607e+01
3.478266356269953e+01
5.664427096799215e+01
8.868176140295424e+01
2.941979245721353e+01
1.593807172772385e+01
3.618205955074264e+01
8.645360883625858e+01
7.007548030003696e+01
5.768420950401770e+01
3.676198815776128e+01
2.639002144634259e+01
5.678734106793411e+01
6.721518797204605e+01
6.097020369999586e+01
4.078840582668241e+01
7.302922912548726e+01
6.129181294762148e+01
3.852449899470643e+01
4.966781826208710e+01
5.048433912474864e+01
8.492091707183090e+01
8.272922042884362e+00
1.169142327815826e+01
3.722578191069224e+01
8.999498178716514e+01
7.555047547237504e+01
7.766228247325043e+01
9.510362599748355e+01
2.522210447360859e+01
7.631151619195543e+01
2.446549154094676e+01
7.405160445442964e+01
7.056835669584962e+01
1.150273383199365e+01
7.576671805035635e+01
9.240882848035955e+01
8.527477657668049e+01
1.972916834975088e+01
5.733248314696014e+00
5.665415895946984e+01
5.395526408867690e+01
7.254632910366465e+01
8.624801416241006e+00
4.260535679878917e+00
9.062770558084719e+01
1.748488648677472e+01
1.860717074880710e+01
5.191951852846868e+01
8.634011050981475e+01
7.636525858024380e+01
9.208990227994039e+01
6.136015088360763e+01
5.250317214639074e+01
5.323792302666135e+01
4.496877637923172e+01
1.757890485114367e+01
7.673573921282578e+01
6.907156462272236e+01
7.471971189357328e+01
2.842848795858607e+01
4.115307007038643e+00
9.548261496028053e+01
6.949542559194165e-01
6.371105884374634e+00
7.868769326186165e+01
2.366695251486588e+01
2.553577652458836e+01
3.698384386346854e+01
5.677841001040228e+00
4.036813627014315e+01
9.363800286950450e+01
7.799150230269484e+01
7.549083017534150e+01
2.262804239179382e+00
5.257129061621208e+01
3.343334236807812e+00
9.832403547983805e+01
7.208257549073667e+01
6.515018738114749e+01
2.313234802481362e+01
2.527517100110425e+01
5.419789955681092e+01
7.276146038098329e+01
8.859255113107737e+01
1.086290092713335e+01
8.812570431648088e+01
9.572054035762349e+01
3.622422098937641e+01
1.213634559518487e+01
7.044025220463064e+01
3.261777825309792e+01
6.388676365087124e+01
8.757951813171596e+00
6.002256854438343e+01
9.597833338006322e+01
7.149513297318254e+01
1.573778419556924e+01
2.953670887720618e+01
8.478976790084959e+00
9.600328067131493e+01
4.356844534332326e+01
7.822453816338654e+01
5.324673887959063e+00
2.815732840828473e+01
3.627363752400206e+01
2.742978675636919e+01
5.805334581902872e+01
7.295012822046417e+01
3.708202109536250e+01
6.172280882565435e+01
7.590342265363010e+01
5.199002840183211e+01
1.830643528062219e+01
1.906035054431313e+01
7.950870640553008e+01
9.783162739958224e-01
7.777449524857779e+01
6.067467334711676e+01
4.675433614605774e+01
1.656692010190660e+01
5.552011181391781e+01
2.423346085671031e+01
8.320916406028400e+01
6.269916289611680e+01
9.238711101579811e+01
6.769254825436163e+01
8.623133296437157e+01
8.124895164801224e+00
6.104303252000503e+01
5.900740370108159e+01
8.847201642974839e+01
2.000007169321183e+01
3.574235855403466e+01
8.844763854911906e+01
8.129595940992979e+01
6.249916211818306e+01
3.049728573788763e+01
4.607336309089948e+01
3.425997078151441e+00
2.498471062862534e+01
4.668359972847793e+01
8.407834455560816e-01
9.658022089702087e+00
6.787770146870878e+01
5.341044224491829e+01
5.307811687378125e+01
5.760332232229566e+01
9.387785740842943e+01
4.293445518376978e+01
8.423848873201688e+00
2.446087958498899e+01
9.845456699768759e+01
6.659223151700211e+01
2.226359854557719e+01
5.610987672401121e+01
4.458728090142239e+01
7.774161956167856e+01
5.507195156769452e+01
8.424177900154226e+01
8.913216446020276e+01
9.461084990511221e+00
5.706693784197184e+01
6.842457324658734e+01
6.422506289753368e+01
8.911599544301443e+01
6.599166084359943e+01
3.374847715429425e+01
7.102923005401587e-01
1.110162162738928e+01
3.271287429738458e+01
2.629268994847904e+01
3.932222874803573e+01
7.251956382418031e+01
8.791938493397058e+01
6.718039068727772e+01
2.593000602253247e+01
5.824008824221794e+01
1.332039740556869e+01
8.474554688890723e+01
8.986494042438685e-01
5.777416790731911e+01
6.639466097876181e+01
8.117862696814286e+01
2.213413287984865e+01
1.687647011916920e+01
9.116731015554038e+01
6.858900127401063e+01
4.496560201280080e+01
6.291720893369857e+01
8.249279567156583e+01
3.349348075384902e+01
4.948315264167411e+01
3.174962239887082e+01
2.784140870340234e+01
4.943795150585377e+01
5.331100479388191e+01
4.928784773186214e+00
4.921186973769770e+01
3.306887421434227e+01
1.954009524525148e+01
5.197443917951288e+01
9.286382333043210e+00
2.984613181550341e+01
3.043138456085296e+01
6.030718533336520e+01
6.997536945621268e+01
9.113462562259967e+01
2.195657623091553e+01
4.131075043292285e+00
8.598888627532352e+01
4.539890216914886e-02
1.632129462264539e+01
4.756625236364373e+01
2.045712281039782e+01
2.718651607967285e+01
2.406459358710078e+01
9.074114393011719e+01
6.180919821458366e+01
3.794769548715450e+01
4.962319249735362e+01
2.092722292101347e+00
2.817837392360827e+01
9.411635198356414e+01
5.242559805159718e+01
3.096937072974135e+01
4.188069866126436e+01
1.991643804121597e+00
4.647639833692293e+01
2.874082826484964e+01
4.361511172895092e+01
8.496873792492259e+01
9.453793596221969e+01
6.388805795641991e+01
4.135602686617339e+01
5.974255551572077e+01
5.075529378408346e+01
7.491959779286739e+01
5.087718109175432e+01
2.237793916015790e+01
1.609957302738892e+01
2.556219698188929e+01
3.113645484258256e+01
3.463191307831179e+01
1.323945890797277e+01
4.780053582405697e+00
7.993195260871758e+01
1.583953668169656e+01
5.811121648089551e+01
8.111862143553729e+00
8.430797228790260e+01
5.111774711456045e+01
7.808724347412922e+01
1.112661739398102e+01
6.483654466682884e+01
4.382499588831561e+00
8.513617845491328e+01
6.717243328093199e+00
7.346569284492438e+00
2.685391196368910e+01
1.775546372763601e+00
6.191926596775617e+01
9.762907037401062e+01
3.108059430079563e+00
6.239007099642887e+01
5.337352098588531e+01
6.285061494580033e+01
5.542367792475209e+01
8.022683992992474e+01
1.372779603755465e+01
5.089939476498374e+01
4.291719898717347e+00
8.474411251244327e+01
1.155134374813705e+01
4.467789453672147e+01
9.173470269503756e+01
1.633139737710887e+01
2.930661692717421e+01
3.954309506320539e+01
