6.145804238573557e+01
5.722082665060685e+01
2.958944990746186e+01
5.692928687526345e+01
3.001335972455021e+01
5.049878584709894e+01
2.752094023279890e+01
9.767470406260095e+01
4.006656773391485e+01
1.700615301588837e+01
9.174223281058586e+01
4.581709054569578e+01
1.241551503185905e+01
5.982598655849043e+01
3.730298529253480e+01
2.874434489232690e+01
9.067218326529124e+01
5.386764698376304e+01
3.698854019725162e+01
4.522993077767544e+01
9.341751392624225e+01
3.743696875750878e+01
8.899893816048230e+01
9.540765271308258e+00
4.496343594275574e+01
1.852324130876141e+01
6.265413726803574e+01
8.848519976645950e+01
4.155356019807679e+00
8.769507640399740e+01
8.454491388264342e+00
6.561339840554325e+01
1.637709802779234e+01
4.611121231974625e+01
6.027708233347027e+01
9.585594488114862e+01
9.660999816684517e+01
8.381133488556898e+01
3.815004040400965e+01
7.666224351928675e+01
6.755741190517200e+01
9.589178915875581e+01
8.726401025767625e+01
4.003056960181826e+01
1.190981926019761e+01
9.904233673542848e+01
8.257556147062013e+01
9.896482233841198e+01
5.508902326928872e+01
6.665148319054930e+01
1.048824666556355e+01
9.638590044173687e+01
7.108912233779631e+01
9.948718482604585e+01
7.749073699931182e+01
7.899075964418742e+01
1.801042608824113e+01
3.650493954145580e+01
8.927662115976057e+00
2.216578215461493e+01
3.520265102163081e+01
9.812271846370898e+01
8.777918056015818e+01
1.787111475964594e+01
4.556083262225652e+00
2.582288455489226e+01
7.568332128025746e+01
9.004211173860455e+01
7.637414344417590e+01
1.966020978040072e+01
3.861062714765343e+01
9.618789711789596e+01
9.385989713196638e+01
2.790530027258457e+01
8.664532549988726e+01
1.734165373134504e+01
2.694763696144691e+01
6.922088697050739e+01
5.745307111994040e+01
7.252477112809417e+01
8.404123065250052e+01
2.603064823245194e+01
7.970350369797251e+01
4.578605901719353e+01
7.964659416100316e+01
1.233095923081551e+01
8.849785387911734e+01
4.429233360304140e+01
8.762144077924148e+01
9.225277797889559e+01
6.645811575765633e+01
2.052831757838294e+01
6.542585578999754e+01
3.183199666991457e+01
4.982118110629785e+01
7.002333093901319e+01
2.377454304312102e+01
2.550450233998918e+01
5.009211914152472e+01
7.712312470056261e+01
4.525298543519014e+01
3.297172045939216e+01
3.479169003422916e+01
9.470627181916790e+01
3.341920675403401e-01
6.668042254945283e+01
7.823491132735970e+01
9.707782924970510e+01
2.563477932737897e+01
3.300245424406717e+01
7.431769304644209e+01
5.002467331943320e+01
2.133610999273886e+01
8.186103486542639e+01
7.518658161870511e+01
5.405533865748687e+01
6.068284845011441e+01
1.909719031262081e+01
9.088549804449337e+01
6.764837231843191e+01
1.134996824495027e+01
5.836846682167075e+01
3.479339142087539e+01
4.959932200126318e+01
9.851912464877550e+01
2.455981826622031e+01
9.649329404183351e+00
6.687876501440945e+01
3.994248706844751e+01
6.679690343644326e+01
9.971846598187390e+01
8.519547250363765e+01
9.976862394240155e+01
1.738654240844145e+01
3.733451107392764e+00
7.978868395080263e+00
4.911718612961340e+01
2.876011539658537e+01
6.196540112698702e+01
5.050229879585202e+01
1.886502868443030e+01
9.291177335796495e+01
1.619861624957929e+01
4.020113872373530e+01
1.583626960210328e+00
9.379385700160351e+01
8.781915623127443e+01
2.844848382680141e+01
2.961617821343997e+01
2.913633511827157e+01
9.762116805539522e+01
4.096614650495636e+01
9.954551821553406e+01
2.548051598737041e+01
2.049934343458123e+01
5.070373711674648e+01
3.312047660961770e+01
3.434468127523767e+01
8.708404325278664e+01
5.822113890118019e+01
1.684879321458228e+01
3.423826458595612e+01
6.724831823597118e+01
3.540872891219739e+01
1.797401635813248e+01
4.790264593805310e+01
1.458731168629011e+01
6.579221434229622e+01
7.222628731849896e+01
4.845332663899909e+01
9.355329950039895e+01
9.109131600292926e+01
4.136509999696403e+01
9.751915703412106e+00
3.451700216835225e+01
6.348187549201859e+01
2.027090365079739e+01
1.395665603408434e+01
1.195453000811605e+01
4.988708186423736e+01
9.884111816009559e+01
9.575698016945132e+00
9.085322836919373e+01
3.693909218392293e+01
7.181366969450083e+01
1.135257180377495e+01
8.764282934723553e+01
2.478674381262937e+01
1.746819876947822e+01
7.472687255345605e+01
6.510806943527798e+01
2.369318000212925e+01
7.531434650314709e+01
4.334472084573690e+01
6.303055973864652e+01
9.328836290784569e+01
8.067949613587906e+01
1.229081941409540e+01
4.105776606176876e+01
5.722188235131181e+01
6.981022892045333e+01
1.273065824654450e+01
7.814223448659398e+01
2.918138728904602e+01
2.248257394995660e+01
3.262542138464070e+01
1.125385868887131e+01
4.275347760075400e+01
2.854630003149914e+01
2.284643483480738e+01
9.264055951155748e+01
2.738741819159473e+01
4.906609870915585e+01
5.100377977406782e+00
6.432651037551766e+01
1.224304140184216e+01
5.591541209999258e+01
9.272872809913416e+01
5.308738246238202e+01
6.056490580577631e+01
6.186966228385906e+01
1.819545189766001e+01
9.843939985075937e+01
6.380947076892922e+00
6.837032398598750e+01
5.215318750224690e+01
6.756726012917574e+01
2.230044590416385e+01
2.870810764315916e+01
9.454578747718865e+01
8.699298691330151e+01
5.274272414517716e+01
4.308010220671078e+01
6.513522135332936e+01
9.300702907750711e+01
9.011621637740927e+00
5.104740664877342e+00
9.568605874464198e+01
9.244299013747042e+01
5.168681813016851e+01
2.746927646336578e+01
8.508354960246177e+01
3.050362874311564e+01
4.350649208925035e+01
2.831280172258280e+01
9.483013911863330e+01
1.565333819745729e+01
8.422821382257538e+01
9.370257924017616e+01
5.301952038566560e+00
4.239448082744818e+01
1.467481633400303e+01
3.613395399233976e+01
6.102659714456023e+01
7.550624966412143e+01
7.671873298320861e+01
1.495514219391865e+01
7.080517121162507e+01
2.119345954674923e+01
9.788763746520860e+01
8.316881106382647e+01
2.987988993054251e+01
5.063036156381963e+01
1.248839004546794e+01
2.359209164213021e+00
2.132238434689230e+01
7.161760515143052e+01
3.779027971336165e+01
7.690401099478082e+01
4.468046959707535e+01
5.100778883835664e+01
4.373287411580462e+00
3.970444227555042e+01
8.151141758147227e+01
6.462665063544486e+01
2.361141290683831e+01
5.237703363056156e+01
6.156237375063932e+01
7.170547674023801e+01
2.314103540179368e+01
4.741627231585620e+01
1.409995752112007e+01
5.320434232857281e+01
8.355022630819595e+01
5.915840219667107e+01
7.214297604381245e+01
4.801617425308384e+00
3.287498561333631e+01
4.294814725543752e+01
2.599507697205761e+01
9.372446224732531e+00
6.865089534253389e+01
1.724963538220601e+01
9.847727748494468e+01
6.703957927741091e+01
8.663007271784828e+01
6.802896548436441e+01
2.895891388364086e+00
5.539476943919192e+01
5.143243160631156e+01
5.751678410801887e+01
6.402558230982422e+00
4.292896201039150e+01
9.722122638356929e+01
9.765302082414415e+01
7.555612599270238e+00
9.059418248505992e+01
6.425553241942801e+01
8.667408767467090e+01
7.720848278943843e+01
8.739656786778782e+01
9.044384243453101e+01
9.130844031055851e+01
8.403329424747885e+01
6.799988149106497e+01
5.046684250722958e+01
5.617627024472518e+01
7.280149891637335e+01
5.559940550271394e+01
9.912441750016269e+01
9.879657593499709e+01
2.975065914436740e+01
3.139283765637914e+01
3.297809927397319e+01
9.707453944584100e+01
6.807200506705419e+01
2.487143782194305e+01
8.041086321715771e+01
7.096789645541827e+01
4.311886399198271e+01
1.896653781596876e+01
2.848468051687101e+01
2.934242637331710e+01
6.189549982636026e+01
2.570590685387417e+01
9.019259386239229e+01
6.945111247219663e+01
3.120891290307460e+01
5.444812628182029e+01
7.536232474975396e-01
8.417395645946915e+00
4.282425285448518e+01
9.093415047551233e+01
9.972583600307155e+01
9.973662472317770e+01
5.893403192001117e+01
8.515963721329329e+01
2.219439271008335e+01
3.173553083638452e+01
7.057089133680374e+01
7.535290023095575e+00
6.497437617041840e+01
3.215504346050091e-01
8.532692216584781e+00
6.141160114734042e+01
1.908075000116636e+01
7.660469728363897e+01
3.991496425118063e+00
9.949161326489020e+01
4.757259369249110e+01
2.057653466266419e+01
1.845815103429284e+01
2.234656658132866e+01
2.146174340576946e+00
8.035365086065309e+01
5.898043483448235e+01
5.000080957543143e+01
4.980476328628360e+01
2.533114642153082e+01
1.929374040071561e+01
5.084355131296606e+01
3.738503760536436e+01
8.863158854126539e+01
4.722340905443924e+01
4.111532561532935e+01
5.782203923809437e+01
6.157440927884282e+00
6.659681734936164e+01
9.656383539389998e+01
2.179674600334686e+01
6.325686139206256e+01
8.755172197127330e+01
6.842507848908430e+01
6.220044585047311e+01
3.429949438865273e+01
7.415231474402934e+01
8.128119585163947e+01
6.384039426401276e+01
9.197022723591431e+01
8.077280906996354e+01
1.045249454232515e+01
3.579433715706428e+01
3.397109235356147e+01
2.151444583270440e+01
3.794051149764122e+01
8.718440736978521e+01
8.827294986148968e+01
4.613669926586407e+01
2.938937420462694e+01
2.124504378123444e+01
5.268315135160609e+01
3.030497917453990e+01
9.291568640289627e+01
1.076856586652275e+01
7.234599621610064e+01
9.003253252712662e+01
7.594512918775209e+01
3.905948276587738e+01
9.505786308788595e+01
3.578069835704784e+01
3.015270164709198e+01
5.693675845718792e+01
2.143042582153828e+00
9.852390703676450e+01
1.913720426109489e+01
4.078888978845854e+01
7.731281750710347e+01
4.184000661682338e-01
3.668790638292577e+00
9.074694108718398e+01
8.119120918269790e+01
1.412128518061772e+01
7.952837100230548e+01
8.358909207563340e+01
5.692307509338627e+01
6.701439217059611e+01
9.827058813454144e+01
6.677886963206291e+01
7.923645865136592e+01
1.908315765628738e+01
7.260489672078047e+01
9.431990091424430e+01
7.507478719347846e+01
6.854659103255094e+01
4.268817586949476e+01
7.976828984905421e+00
7.653344007047519e+01
4.022500297996449e+01
4.703631175078280e+01
7.809915457763670e+01
1.699617780605153e+01
2.116029617430656e-01
2.943070634707376e+01
9.604457709754099e+01
6.936629934672560e+01
4.298539820266208e+01
5.868318572579100e+01
4.667911680726293e+01
2.484602780306993e+01
1.167022158003888e+00
8.364914519882255e+01
4.167714349072293e+01
9.678462962470233e+01
8.952650757950103e+00
9.532277337057646e+01
3.071988352142269e+01
7.727872467473091e+01
6.970382443149752e+01
1.962388731521735e+01
1.318082456159444e+01
9.246134627259399e+01
5.991199880834296e+01
7.500725429272618e+00
5.337584617239229e+01
2.556515858767795e+00
6.751838897705002e+01
4.844884129634539e+01
3.417054216105982e+01
7.743391910448387e+00
5.187779206404359e+01
5.068125904103800e+01
2.473956971649992e+01
1.317667295838551e+01
4.024271277722097e+01
2.990465263365984e+01
8.254297230511111e+01
2.687458634696649e+01
1.710682931221409e+01
2.922208906580791e+01
1.485506944118769e+01
2.451573183039005e+01
5.793590841718759e+01
4.233127229024250e+00
5.460456141950775e+01
1.258742437352772e+00
7.698272162907884e+01
8.532444494093045e+01
2.507746481573091e+01
2.389492328460092e+01
4.948332209581665e+00
3.334038790005277e+01
4.273397463501151e+01
3.472126709982812e+01
1.470210282816650e+01
7.690874057677981e+01
3.727778300516204e+01
8.222049180521653e+01
4.768308366075302e+01
6.002606356517695e+01
8.996388371566492e+01
2.568434212621504e+01
9.664923506632877e+01
5.331736805537594e+01
8.782582738801177e+01
4.625831849233169e+01
1.095288713041362e+01
3.967887351274438e+00
7.313290483929818e+01
8.947676945919021e+01
3.318997641708235e+01
3.421486864528379e+01
4.401680638269372e+01
2.233078071024771e+01
5.232428426496885e+01
9.862136780220148e+01
3.175683572504522e+01
6.291407629051902e+01
8.394581274313192e+01
1.444478855209648e+01
7.812362535769289e+01
3.830493755559667e+01
2.164616595099036e+01
4.435834793576894e+01
2.135927296306904e+01
3.634826877915685e+01
2.932200549604465e+01
9.457685183481168e+01
1.856876053780725e+01
7.089934762143500e+01
7.895639011587780e+01
8.532644253472165e+00
9.683974440993730e+01
4.430993187441953e+01
8.430332624553859e+01
3.764793991001692e+01
1.395526319460723e+01
3.418898481605061e+01
2.773204414534012e+01
3.447800690051076e+01
4.121506295223490e+01
5.542252327102354e+01
7.234565800630752e+01
8.806226620826044e+01
7.775330398127124e+01
5.827701266774768e+01
6.367259880698872e+01
8.394631235112730e+01
3.037105208745741e+01
8.027404624981529e+01
1.262232824816477e+01
9.725458673073658e+01
5.685371856989978e+01
3.426849419915513e+01
5.051551118982746e+01
9.278360325507056e+01
7.061676302487811e+01
4.241309670843793e+01
8.099848864646559e+01
8.918552356268536e+01
2.958365256413056e+01
3.093773216518468e+01
9.771816781615753e+01
1.546598710839915e+01
2.367805769838302e+01
2.095426545522840e+01
1.046744524988693e+01
6.581591435978930e+01
5.514325027127902e+01
6.834154965744426e+01
4.053908308993051e+00
6.391349950056220e+01
2.376407288190167e+01
4.130938162156818e+01
1.061586221243062e+01
1.517376816606790e+00
3.306916436789053e+01
2.868408897364703e+00
9.969491651267508e+01
3.579703012285616e+01
8.314245519374612e+01
1.231724471427372e+01
5.357496759555068e+01
5.496720283057876e+01
4.658573895999498e+01
8.893846370696019e+01
6.266249183689359e+01
1.720250193830696e+01
3.961461588722403e+01
7.679904684275344e+01
6.388025454426197e+00
6.235615935286328e+01
5.798873228858632e+01
4.106193270583727e+00
9.020050270026573e+01
4.956443982644213e+00
2.506045872581213e+01
5.248521913424378e+01
7.077235834243352e+01
8.020370904365727e+01
8.000448796898336e+01
2.894278151399586e-01
8.903701868329058e+01
2.841512794998248e+01
4.159880943670814e+01
5.878543786647982e+01
2.993250476658926e+01
4.702478747210688e+01
8.890798394051752e+01
2.962742127926434e+01
8.282181759496304e+01
8.158805811851660e+01
4.194466599353807e+01
7.428482397193314e+01
8.818961511747429e+01
8.853040495353304e+01
8.781681507258527e+01
8.455865792211083e+01
5.732906845273873e+00
4.134142768631756e+01
7.776400175772794e+01
1.212093234626620e+01
4.496738828949974e+01
1.482085083370137e+01
4.004919642584827e+01
2.798128618299089e+01
1.242922568341215e+01
1.564485068230184e+01
8.034542858616701e+00
8.320158402584566e+01
2.149129333975320e+01
1.268559792669751e+01
8.349101184098564e+01
1.052831197647765e+01
4.110072592324611e+01
1.348422472993109e+01
2.066827342876618e+01
7.103323068983538e+01
8.550309975887794e+01
4.551108975220057e+00
7.919867387004135e+01
3.907216374719151e+01
8.613916709373667e+01
2.829283253675924e+01
5.381477761725652e+01
2.003787151539599e+01
3.113572286960470e+01
4.163159264327567e+01
2.226086143509525e+01
3.686862976144470e+01
3.763236861565726e+01
4.145784193717774e+01
2.873527250659432e+01
8.582985749739682e+01
8.426760895376448e+01
6.521668772456081e+01
1.404954018725527e+01
9.669683463717664e+01
5.692924794597982e+01
1.158681321497392e+01
4.559100332930265e+01
4.065525570914860e+01
5.231829288057903e+01
7.238991873915769e+01
6.520984692741644e+01
8.357621658759948e+01
8.847925173513556e+01
4.462938343390328e+01
8.535040839824379e+01
6.619719311883543e+01
5.966925712286925e+01
4.756428950818455e+01
1.553028669000151e+01
3.849818745558066e+00
9.016960747082233e+01
2.253139397247294e+01
6.334150022051367e+01
2.130533034042703e+01
9.869021130664748e+01
5.438835646695846e+01
5.817396010187174e+01
6.914848786273436e+01
7.020244219815473e+01
4.078960886261873e+01
1.410112777450175e+01
1.545079258058723e+01
9.556719134355299e+01
2.815066796175701e+01
1.214762717119773e+01
5.988421033131155e+01
7.484293211011352e+01
4.168550467197109e+01
6.880047268643998e+00
8.500443202676458e+01
6.707254744464186e+01
4.540392469866384e+01
4.151451058756304e+01
2.774058982159038e+01
9.003330813256713e+01
2.078558612651452e+01
6.353394904338473e+01
9.978859084648480e+00
6.420394771928152e+01
4.129882331066710e+01
1.382867787677267e+01
8.769654086218056e+01
8.938393932272864e+01
2.989099092310806e+01
2.888985449862194e+01
3.605962266962027e-01
6.063943661779139e+01
2.499166378983839e+01
6.989234642586315e+00
1.546253101688927e+01
7.444776029998798e+01
9.089823178523137e+01
3.091332359747651e+01
3.288534965034823e+01
2.213730314846025e+01
2.959780177548426e+01
8.341987774866627e+01
5.521116119586451e+01
3.510699650976201e+01
9.029992501731027e+01
2.264452312264802e+01
4.960412394702627e+01
3.570384966940799e+01
5.466396578339113e+01
8.984545296516522e+01
1.290093577136329e+01
1.828151527712192e+01
3.896578892085971e+01
6.495095825053330e+01
9.979631761079483e+01
9.784285356190187e+00
3.670847277935058e+01
5.294483264579662e+01
4.838860316592669e+01
6.937540912505958e+01
8.595435837561001e+01
4.874919939262289e+01
9.559964546728862e+01
1.094602216544842e+01
7.047915094088724e+01
1.884229002466532e+01
4.310120811830330e+01
7.124769644404188e+00
3.061103635961704e-02
2.827724960086739e+01
2.124225735722215e+01
3.258945328769714e+01
1.986010541201574e+01
8.613755464839635e+01
3.235004615613727e+01
6.749117750091999e-02
3.576575463440538e+01
8.111293710820048e+00
5.706025634755393e+01
2.869267870145509e+01
3.198231618478071e+00
4.520410361942095e+01
2.579572425493771e+01
4.216402053933778e+01
9.211737368820113e+01
3.817459002052182e+01
8.988287848880648e+01
2.003955185415202e+01
5.510684058773649e+00
6.349738112813671e+01
5.389737545228441e+01
4.326560299064294e+01
3.350668229791647e+01
1.026295605593499e+01
5.421162515609134e+01
1.919290759563116e+01
5.464435050014609e+01
9.731283332096079e+01
2.631767724003535e+01
5.734426880131674e+01
4.159921824075245e+01
4.783146388262113e+01
2.250241633621157e+01
7.600591889396586e+01
3.396901848445135e+01
7.009746044413069e-01
9.736232552554567e+01
6.973477311885672e+01
3.039506195597121e+01
5.442258182653347e+01
4.244081515001172e+01
7.969810104914853e+01
3.464225127112226e+01
8.055387538883549e+01
6.915617872455910e+01
8.496836828299257e+01
3.054282713241075e+01
1.597294216788045e+01
5.718687612432375e+01
7.603971002439025e+01
6.553022976290912e+01
2.880935837924916e+01
1.930531296846704e+01
8.211944484250594e+01
3.907231443518415e+01
5.512119231518413e+01
8.302962434619182e+01
1.845255793000225e+01
1.307344749247350e+01
9.347301539661037e+00
3.970073039629531e+01
3.919373910836584e+01
5.717876542228216e+01
2.036582879739154e+01
1.613198938599415e+01
5.433421719555474e+01
2.106680340183284e+01
3.561124677565473e+01
9.466580203485945e+01
6.442293155213023e+00
3.017411559362622e+01
5.650543009699576e+01
6.314904632193458e+01
8.079003076105845e+01
8.246586545485344e+01
7.055727228082588e+01
2.144825962439564e+01
7.616846429936982e+01
3.234913560205565e+01
3.795955774279290e+01
5.414847287076920e+01
2.510906077227977e+01
7.498651453060401e+01
2.447762648783513e+01
2.351551792748064e+01
8.737817308277738e+01
4.503042541678549e+01
5.469665827913985e+01
6.173548086627176e+01
1.586019681573855e+01
7.873157299064640e+01
2.556522177791466e+01
9.197521861268916e+01
7.284888400363218e+01
7.932868482513757e+01
2.342453292730475e+01
7.833986989145161e+01
5.537591602437939e+01
1.257198588576726e+01
2.487922488938981e+01
5.409864217699442e+01
1.627983977844931e+01
2.336417516850129e+01
1.724768845236287e+01
3.693205143182168e+01
5.955780686790021e+01
8.082596765869575e+01
3.232201926052664e+01
2.667378202391499e+01
8.912723888136783e+01
8.032046979308150e+01
8.758198599684145e+01
4.858371487287046e+01
7.418924201009294e+00
5.909547324250241e+01
8.633340433534858e+00
1.326015471166938e+01
4.125898612721776e+00
7.819972470318885e+01
1.793589183033253e+01
1.998609542846032e+01
4.105613969315595e+01
5.971114405417403e+01
4.586741656338210e+01
1.611973108543070e+01
8.264432539355211e+01
7.505003380358687e+01
3.071539515197063e+01
6.582400685447455e+01
8.762201968935412e+01
4.943654977224606e+01
1.992264898490284e+01
1.980120680285674e+01
5.735996852505950e+01
3.717033743726571e+01
3.067496643898775e+01
6.095161692283657e+01
3.639267386700617e+01
8.338654226781173e+01
2.955550641266420e+01
2.149856883170948e+01
2.403655034677896e+01
7.965263676813461e+01
7.008228375114606e+01
3.145547459435438e+01
6.784887112111267e+01
6.181494996967491e+01
4.471562930602377e+01
2.742485330785851e+00
6.030121481060107e+01
8.226957250492161e+01
2.272858075924617e+01
1.402875930724142e+01
4.198071651252951e+01
7.435408163552827e+01
8.074748664197861e+01
4.421489026593738e+01
4.940411539254902e+01
1.146288174738310e+01
1.003889707384580e+01
3.702613508190314e+01
2.166883857998477e+01
9.012595065409594e+01
4.753530735500870e+01
2.441747031380305e+01
4.939306837012668e+01
4.401523016580159e+00
1.547746286516891e+01
4.032618195765008e+01
4.035210946591204e+01
9.292191378442661e+01
9.317736457715620e+01
2.833548739009327e+01
3.244302730655438e+01
7.034510498416849e+01
3.648344429046076e-01
5.733783131341349e+01
3.304325739529136e+01
4.508046374892837e+01
4.104245241779948e+01
7.112865940254585e+01
2.735003620728386e+01
5.653068016121662e+01
3.490225711600029e+01
6.608756462395543e+01
3.088476179674490e+01
2.366027455947374e+01
9.876685878204501e+01
8.028887718929391e+01
5.944130116116316e+01
6.287911285780329e+01
1.731501222463092e+01
7.452085864475036e+01
5.354608611834519e+01
7.570598012567777e+01
7.301589030447224e+01
2.067796956779341e+01
5.959145499374320e+01
5.495839456792846e+01
6.457945320968491e+01
4.464264448948327e+00
6.363986342383542e+01
4.118296543191325e+01
2.093212582214369e+01
5.368265623863910e+01
5.686159048083312e+01
2.587889448082023e+01
9.735201001043990e+01
3.676119546255153e+01
1.881892253589766e+01
8.212571394728762e+01
1.851246232097618e+01
4.616895874318153e+01
3.865639406193811e+01
5.652582829656351e+01
6.385414123714629e+01
6.954115585868300e+01
9.869507509222956e+01
2.904535444874566e+01
4.983003304797692e+01
5.455839454874322e+01
5.262989450834221e+01
6.714504527260785e+01
1.966191852449529e+01
6.175980580121269e+00
6.525023298582539e+01
7.057819178820503e+01
2.685395019448081e+01
2.484168793300245e+01
7.352512631263822e+01
4.248491876874348e+01
2.930595238195078e+01
4.729822438550099e+01
6.894726924083534e+01
2.679576726015460e+00
6.456222490619972e+01
2.048513014823437e+01
8.221044628052528e+01
7.449150177393645e+01
2.570824661557947e+01
4.204168396165673e+01
6.287033467687216e+01
5.225375259865716e+01
4.140591679206393e+01
3.366794736761038e+01
8.849788712733326e+01
9.775537643477105e+01
3.209103226293392e+00
2.377309083182974e+01
8.595098275037063e+01
3.327980429552486e+01
6.855370759430980e+01
3.858087721214671e+01
3.074999620707240e+01
7.260333144692859e+01
4.475685783883410e+01
5.572310353430132e+01
7.469847489832830e+01
9.144365922149441e+01
1.027610237257374e+01
6.965356789047530e+01
1.864594124194511e+01
3.958205480109064e+01
4.902803988616357e+01
6.864039929054696e+00
4.226163152710611e+01
9.721522386987471e+01
2.734917007728907e+01
1.867966699352472e+01
9.439985658712679e+01
1.314458908193958e+01
3.457328748636566e+01
5.458512536929228e+01
1.163190925104167e+01
5.930328828250211e+01
9.314053137467268e+01
7.503746779404463e+00
6.221616722746573e+01
2.628846044013671e+01
3.127683765780033e+01
2.811239120928216e+01
3.831090393397534e+01
5.389778150892713e+01
1.349971080827513e+01
9.951177826128517e+01
2.550458350475160e+01
4.903764694418648e+01
8.494619270085646e+01
9.198748571425094e+01
5.312769583106400e+01
9.522229511999633e+01
5.690261537996243e+01
2.256553574584682e+01
3.480434987452084e+01
7.859284588070253e+01
5.815732793796683e+01
1.130417367038511e+01
8.223108909196736e+01
4.726912721398712e+01
1.169961374797840e+01
5.025861964107426e+01
7.780630713226567e+01
9.662273390992672e+00
4.391812940310600e+01
2.689677538671381e+01
6.498481522546375e+01
6.699748661694930e+01
6.777560797882062e+01
3.834196112041453e+01
9.328594710365215e+01
7.536449100606353e+01
7.539213806176191e+01
8.375228526245444e+01
3.136837455973419e+01
3.058744349078622e+01
7.871165307178704e+01
8.388704018848344e+00
9.366905586499212e+01
7.144253387648730e+01
3.062256971868806e+01
8.799210818856588e+01
1.498184195485983e+01
6.201724333782552e+01
1.857038872249908e+01
8.709815963501957e+01
4.061008917196192e+01
2.529960303814132e+01
3.629934915169112e+01
4.571947220047911e+01
3.194912757349626e+00
5.990978933866592e+01
5.522367169858128e+01
2.232634887207595e+01
6.957206277622473e+01
9.914180110168728e+01
6.981663981909708e+01
3.455687795512233e+01
6.613928767207045e+01
2.997908742631743e+00
3.581195642976648e+01
5.942523472915647e+01
7.836239974869527e+01
2.244414297046333e+00
5.534329905889150e+01
1.939934725845202e+00
9.931416935255480e+01
1.751396759297418e+00
1.032863879125968e+01
1.583000021792482e+01
6.123561512736400e+01
7.313958605431932e+00
3.977997682047075e+01
1.352942484129659e+01
8.806941103565946e+01
5.835036554296984e+01
6.275844297500255e-01
3.565330106562623e+00
7.620656526470863e+01
1.406101324318955e+01
1.404911312928848e+01
2.577932794847494e+01
5.093615197154514e+01
6.927278482786974e+01
2.223050660557603e+01
7.289564626891895e+01
8.766374429113407e+01
3.998994829132685e+01
2.883045544327724e+01
9.995089066212573e+01
8.835839731076658e+01
9.169336664103595e+01
9.397910828421782e+01
5.716633734161329e+01
6.627435347357502e+01
1.700399760948680e+01
5.734265188562807e+01
6.250745428842840e+01
3.018198717859666e+01
3.361883029975874e+01
2.005971447567442e+01
3.406409091971074e+01
5.983827345065692e+01
5.983969134271131e+01
3.020474553583411e+01
3.269294944251559e+01
1.819005683911501e+01
8.026285994810185e+01
3.037789162731631e+01
5.181693194984316e+01
7.036633704340380e+01
7.715422691644832e+01
4.026567872626040e+01
6.270145353055627e+01
7.917161145208944e+01
1.358152498192225e+01
8.934142929005503e+01
8.211437542089931e+01
6.449113961518329e+01
1.817188473333227e+01
1.666824888282840e+01
9.655933035377382e+01
5.877220344672548e+01
1.064735712048009e+01
7.568696494013395e+01
2.023469741467139e+01
4.337115429498775e+01
5.619165448294564e+01
1.361101270355797e+01
6.684723108394408e+01
4.629403382832838e+01
8.878592457100095e+01
6.748434634296426e+01
1.914226762910479e+01
5.557651666718372e+01
6.321186053716199e+01
8.907661959020263e+01
1.170047536105871e+01
3.038466611429335e+01
6.656588989615715e+01
4.716943183316357e+01
4.253803628615012e+01
2.835161482372862e+01
1.795079555267040e+01
3.422066095947319e+01
2.469268414410422e+01
4.203240822163988e+01
2.356209024952822e+01
2.907433683475216e+01
8.510379385440787e+01
5.864491144132098e+01
3.537247564428136e+00
8.166312416161557e+01
2.556030928416192e+01
4.417707726553878e+00
8.920743064452309e+01
8.704070182845030e+01
7.078790947365943e+01
4.077248975670547e+01
6.517144854421330e-01
3.763514051103738e+01
3.137031920783702e+01
3.316891558150245e+01
2.238817211351738e+01
3.473336623736348e+01
1.125277304614558e+01
6.966421244184683e+01
9.211100074095232e+01
4.295779384810375e+01
2.789830655227337e+01
6.286794574133491e+01
2.498229910851563e+01
3.770980743584680e+01
4.848014900855727e+01
7.854039654067736e+01
6.129328583427392e+01
2.212343831645485e+01
7.446541524234480e+01
2.483386691884783e+01
7.997989271766501e+01
5.956920905018654e+01
8.462471439718489e+01
8.492850376522565e+00
4.123233316523597e+01
6.707402028472815e+01
3.757786673380894e+01
2.821202749768832e+01
5.411472206661232e+01
8.365776160902239e+00
8.157753408028630e+01
5.476643659862058e+01
5.973636622528377e+01
9.987349105061661e+01
8.908887830986123e+01
4.190089052631561e+01
3.800057384092387e+01
7.312306532316053e+01
1.012724871287460e+00
4.578617915780571e+01
5.645507418385477e+01
2.891103142356083e+01
4.031061774134199e+01
8.143737329237041e+01
9.596214717997339e+01
4.051798122959118e+01
5.531816876275379e+01
9.005757765381485e+01
6.196359994912688e+01
5.178826411803637e+01
1.628541244020938e+01
4.194349262022576e+01
2.252262040158856e+00
8.863563271641527e+01
9.192586778287118e+01
7.914688800421864e+01
5.570965295457731e+01
4.101782210218619e+01
4.890432187770695e+01
9.824375021189626e+00
3.851399991592113e+01
1.740749367392040e+01
7.666913735525178e+01
3.734325330580736e+01
1.918863631747134e+01
7.512611810822325e+01
7.742957075938097e+01
5.109063519681369e+01
7.060142842615090e+01
2.197614378387860e+01
1.674234234576222e+01
2.705650256343954e+01
9.240370569396936e+01
8.324201353045274e+01
8.493875809243823e+00
8.081196880937181e+01
8.301538307360158e+01
3.286434376280026e+01
1.247317856758515e+00
4.497898297616234e+01
3.375603576831335e+01
2.443176192437846e+01
8.692247564295423e+01
7.389832687280062e+01
3.067595857692694e+01
4.159313726313093e+01
8.974274433671626e+01
9.241619822216043e+01
1.529772985507628e+01
6.040413028579398e+01
7.860142256999455e+01
6.640066488944026e+00
5.220521765398105e+01
9.672018056582668e+01
4.398331979475139e+01
5.007035338788776e+01
9.687192407291006e+01
8.321582068838916e+01
9.162012398784054e+00
6.747335245249484e+01
3.484332237152538e+00
7.639848775062640e+01
9.452985506250050e+01
1.265223236412379e+01
2.580763815241290e+01
3.023730825178200e+00
9.442117740140351e+01
5.363848710136418e+01
3.588807458797846e+01
2.014625078073994e+01
9.861747007752651e+01
6.758830150011383e+01
6.529959154562074e+01
9.335680855128766e+01
7.727153411939346e+01
5.764540729934602e+01
1.786111500945925e+01
7.615781266994672e+01
1.260111872693576e+01
3.718360934275371e+00
9.072087918907444e+01
6.455501637633658e+01
8.112529045023270e+01
7.348934354888709e+01
4.821611156138410e+01
4.683753254210462e+01
1.220650319578429e+00
4.508803558772804e+01
7.012736102106393e+01
1.736533130396406e+00
1.256138799365674e+01
6.439920308273248e+01
3.389302791743214e+01
7.091243009591122e+00
7.291499556643656e+01
8.420255262600377e+01
8.309564622263221e+01
6.094511689662239e+01
5.954268563517494e+01
4.100218063267049e+01
2.946726713770408e+01
4.250538602588018e+01
9.093019845473124e+01
5.652802486742289e+00
8.522634025906507e+00
7.128497044150018e+01
6.329820983265443e+01
8.269410588904009e+01
1.872133525028887e+01
8.972066468080536e+01
5.954259394646743e+01
9.068673201402962e+00
7.820845631799122e+01
7.879241466465984e+00
2.616971038569217e+01
4.296065356720270e+01
8.312373644817794e+01
6.865561547160875e+01
8.804868915493074e+01
7.843114178554674e+01
5.109550023968122e+01
8.104842932943647e+01
4.900011096568783e+00
5.119912743158598e+01
2.612977220030956e+01
2.377371742565824e+01
5.357671270779181e+01
1.781629403951405e+01
1.878236570338829e+01
4.629107697228486e+01
6.381934255539409e+01
4.824963284109236e+01
5.945429124843995e+01
5.519268571175294e+00
4.301649147785105e+01
7.779639939674939e+01
4.869566291975587e+01
9.472805857412892e+01
6.686636776051780e+01
6.741699817004474e+01
8.444872320836816e+01
9.437556983641142e+01
5.694632258124012e+01
9.288043793890645e+01
6.306424763196345e+01
4.343654715616096e+01
5.791869054451524e+01
4.618798403357528e+01
1.731998320544138e+01
1.020260788975405e+01
3.632141511716014e+01
4.532878857354111e+01
9.227872322885260e+01
2.486987813602662e+01
6.595122798623109e+01
1.851400524308626e+01
8.270712698935863e+01
4.154046952796190e+01
2.040351942200378e+01
1.900510407006606e+01
8.783154654681289e+01
4.962574348301894e+01
5.120189327336936e+01
5.546150824775058e+00
7.756033431625009e+01
9.275561696512420e+01
9.124762285093200e+01
2.625599718943984e+01
4.958956975005081e+01
3.908185960682196e+01
9.367299535948457e+01
3.716015142256401e+01
9.641909436156000e+01
5.351929774206099e+01
2.075009644997776e+01
8.176922364242805e+01
9.695584489822194e+01
6.315570765321874e+01
1.205683355781102e+01
8.922311518770788e+01
7.335831558953892e+01
4.837824867497117e+01
3.309799662469793e+01
5.829423417257807e+01
8.245042463878654e+01
6.042055360061143e+01
2.685005824400581e+00
4.604971248006900e+01
6.660235746139770e+01
6.195880782881697e+01
6.664704422775985e+01
7.497072493423276e+01
3.916494694499529e+01
6.235027036739061e+01
9.135132664411856e+01
1.672528121467926e+01
9.141786587024940e+00
7.409164657541162e+01
4.507948464950523e+01
8.266799528275989e+01
4.071294001336812e+01
1.706770286758789e+01
4.447651894040244e+01
1.597810812107199e+01
5.242510016654855e+01
7.948466123989068e+01
8.184695769187387e+01
4.144971111856853e+01
7.233673905596916e+01
9.390379124968489e+01
1.684752819912859e+01
2.199233100842327e+01
4.228203987808993e+01
3.923022092284179e+01
9.907791339749373e+01
5.399471775348984e+01
4.504513379421324e+01
6.082876308859734e+00
4.889390666451953e+00
