7.553814913869750e-01
3.433419304636037e+01
8.992777755014960e+01
5.841351997033392e+01
5.870520912981835e+01
9.100432684226163e+01
9.561393414419793e+00
1.532217297485199e+01
7.053967298499293e+01
4.561482562944983e+01
4.245470587278470e+01
3.693403179614527e+01
2.094134782484795e+01
8.469109702142472e+01
8.822807669091415e+01
4.479415456056323e+01
5.547358684962317e+01
3.841121808551775e+01
8.215251843545236e+01
3.236849337460869e+01
6.070345782707606e+01
5.717992389443327e+01
1.328769778520227e+01
5.174692345398800e+01
4.066545303941958e+01
9.677575770615402e+01
3.188750070141977e+01
6.765677322058788e+01
6.722891385072326e+01
4.602622135822951e+01
2.602362475638447e+01
9.106944403195261e+01
4.188008762052286e+01
3.658528394838110e+01
5.639800157230255e+01
4.755069583074688e+01
2.758961074407660e+01
8.547335285016958e+01
5.424892467178820e+01
2.529993486837481e+01
9.590732962633824e+00
3.459022870966709e+01
6.550189213152132e+01
2.163506989443445e+01
3.532541326029478e+01
9.823416969656674e+01
1.807129276826572e+01
6.381491504787231e+01
8.859724811678625e+01
2.690535878152836e+01
5.741259276746428e+01
8.585225189377192e+01
5.429640140118841e+01
5.866978804518924e+01
3.276785012929134e+01
8.682334930022402e+01
5.544554570477715e+01
6.592020474649975e+01
5.406927985794343e+01
2.267445950893427e+01
9.884709450362581e+01
4.134133078220362e+01
3.416209804553636e+01
4.009350633253041e+01
7.792661473058472e+01
9.056009961783890e+01
3.298149566770601e+01
3.550342625728968e+01
9.784217495370757e+01
9.582381252936266e+01
9.059041090802774e+01
8.562418543064231e+01
3.267662065693951e+01
1.259862809097331e+01
1.645085444508626e+01
7.039020749292811e+01
2.656406053647588e+01
3.422755893982368e+01
3.420512254080042e+01
9.902091361536687e+01
3.445137009697564e+01
4.036536684276786e+01
2.784281858608258e+01
9.387072045070617e+01
1.041788235791860e+01
2.034792696142007e+01
1.862145611952127e+01
9.510855870093617e+01
5.658772311014483e+00
2.964040065633152e+01
6.874459477548702e+01
9.821455781264909e+01
5.516286359874665e+01
2.469304503160205e+01
4.745705521081437e+00
3.257322596971562e+01
4.358886123801994e+01
7.419672248614799e+01
8.387118525983355e+01
4.143103614516139e+01
1.248121769748685e+01
2.033165573157913e+01
3.624682069581320e+01
2.753554309137889e+01
1.548400051681511e+01
5.269767518746558e+01
1.645539096391545e+01
5.099369662394454e+01
8.207215637996428e+01
7.912542702589437e+01
4.930615087473120e+01
4.536319181572794e+01
7.213217270194188e+01
6.627787401260710e+01
6.294919734958057e+01
8.255005510642661e+01
2.688854272798101e+01
5.862578198249722e+01
1.468258961787568e+01
8.937893844646352e+01
7.116064884288267e+01
5.729729824573607e+00
8.759349625911261e+01
1.086813421494706e+01
1.398714627790598e+01
5.362076896877064e+01
5.923589321749093e+01
2.924029092734693e+01
2.465713486292266e+01
9.646993754267224e+01
1.738995081623548e+01
3.713835256040951e+01
2.514979984851079e+01
7.893373192238330e+01
5.021195698073691e+01
3.265625333071512e+00
4.864014109998948e+01
8.291589765945258e+01
1.742198686926718e+01
1.191990427296604e+01
7.170632545450066e+01
6.672813774399839e+01
4.785123041265236e+01
6.909695503725528e+01
2.527800389811304e+01
9.651700835512813e+01
5.575079319800753e+01
5.260182416653345e+01
5.610392361697924e+01
3.008945362180911e+01
3.504714743934904e+00
1.180919423317965e+01
3.581918344638272e+01
4.811946328176160e+01
5.134028552628136e+01
5.829719596463126e+01
1.129068946991614e+00
9.720771578010531e+00
8.416355856888163e+01
2.955772365888475e+01
6.190709074116643e+00
1.976143974799730e+01
3.100431395275719e+01
3.134050892262743e+01
1.719911020118702e+01
2.446094435847408e+00
9.776879921451621e+01
7.154783805438683e+01
9.926151758956794e+01
1.519078603721726e+01
8.562917941512036e+01
2.693763395163121e+01
8.191892378121565e+01
4.075083836948073e+01
4.072653643820740e+00
1.359908865466671e+01
3.726784667804272e+01
5.588916524121964e+01
5.660278231678660e+01
1.370704719503738e+01
9.259331011799785e+01
2.599252794216970e+01
1.717324877026176e+01
6.705813345828007e+01
5.556678676771316e+01
6.851353434310926e+01
2.358509508128515e+01
8.744619325150092e+00
7.823430592111978e+01
7.748653603600643e+00
1.864157464291974e+01
3.261148209339542e+01
7.930986647462001e+01
4.964588859567693e+01
4.541340700602783e+01
5.478978718388350e+01
9.231865214757559e+01
6.148095729829788e+01
6.249361651134380e+01
9.158016969057739e+01
6.534175726833836e+01
2.953113458563161e+01
2.655586829714285e+01
3.571584915542782e+01
7.028197300167847e+01
3.062852198752972e+01
4.205397402031998e+01
7.549819633155046e+00
6.287858260929519e+01
2.606573934949271e+01
1.932418459063591e+01
8.495064209445874e+01
5.205826733822854e+01
5.590120998951663e+01
8.506516557422708e+01
7.625054059375569e+00
8.487682611908616e+01
4.390626616957889e+01
5.524929680640310e+01
6.311113199363982e+01
7.921465373561468e+01
5.104224204599962e+01
2.985410398331197e+01
4.186605016787819e+01
6.881305951104176e-01
9.614645647636916e+00
7.022433498419092e+01
9.300678274268600e+01
7.683599385285564e+01
1.628772724246966e+01
3.489673032187704e+01
5.561102882754572e+00
4.581886187466740e+01
4.174777560017434e+01
9.615741167038559e+01
5.891075546802522e+00
4.873719296824988e+01
5.825910971418913e+01
7.430345973665987e+01
9.187938230665372e+01
8.432484906368184e+01
5.334800712454506e+01
6.310857891249870e+01
3.638311635534424e+01
3.920398924462683e+01
7.662155873916184e+01
1.621177299703088e+01
2.408081531714686e+01
2.556578182874517e+01
7.640883781779969e+01
7.926955939236542e+01
1.670733560654676e+00
2.745107981723318e+01
3.472809420653065e+01
9.737951424782142e+01
7.116691184750150e+01
5.079370301719462e+01
6.760384918544621e+01
3.159512236322981e+01
7.486575882642799e+01
8.389157647448199e+01
5.732945541726866e+00
8.042686170918255e+01
1.495692758586115e+01
6.281452396084299e+01
5.279262780807569e+01
4.581127313236300e+01
5.864710894350294e+01
9.910764219197800e+01
5.487182566657282e+01
6.859259678450999e+01
8.773920889372900e+01
9.230262506394770e+01
4.208288436852530e+01
7.559907248970077e+01
3.957874422873312e+00
1.870444306112102e+01
8.353586503469192e+01
7.568256839908780e+00
3.892647318492013e+01
5.319400655720104e+01
4.277937684337579e+01
5.646995969883630e+00
2.346716053945346e+01
6.829250066927285e+01
3.026510171138919e+00
2.164551816957328e+01
7.553723602347878e+01
7.063035940315126e+01
7.275236415339278e+01
5.040299480334064e+01
3.987394759425612e+01
1.460776390256722e+01
3.082985646595706e+01
8.423237413365040e+01
9.536107601381887e+01
2.746185382244263e+01
3.004364721944726e+01
1.459792392076828e+01
6.541275515473110e+00
9.689329103422038e+01
4.534676114346216e+00
9.428048440920212e+01
9.180819987869272e+01
4.661756052943764e+01
4.724062348121807e+01
7.366187710951169e+01
1.483848999014054e+01
1.677523232846299e+01
7.890224371985637e+01
6.929826599978762e+01
1.373761799826176e-01
5.696509878941117e+01
7.494526196967124e+01
5.581503834380537e+01
9.918909161313860e+01
7.797177218737629e+01
8.786484454193378e+01
7.472632759005126e+01
1.938425047294435e+01
2.005724977704568e+01
6.330035993051732e+01
3.124067328462409e+00
3.910251839044621e+01
2.652043370833641e+01
8.735644146211280e+01
3.446359435769897e+01
8.754859631301304e+01
1.740008863499392e+01
2.620468024453366e+01
2.889474324364902e+01
3.154725419895130e+01
6.252346982365636e+00
8.734291055581667e+01
1.251256885589686e+00
3.962401591223851e+01
6.138097660680347e+01
3.202867737600052e+01
3.359034496061054e+01
8.762452382949391e+00
2.840362280998548e+01
2.657805952549822e+01
1.407744531243920e+01
3.261254156595680e+01
4.918954742568990e+01
5.033591885600980e+01
3.180163313252927e+01
2.716131956650006e+01
3.820076339794358e+01
6.527960722580533e+00
4.046361718348395e+01
4.094477861232347e+01
8.161611621343350e+01
5.909776844042249e+01
2.345777061928891e+01
5.551644403278662e+01
7.796304536888518e+00
7.238408479484920e+01
7.103749465711297e+01
5.440071316175196e+01
1.207193593125415e+00
2.190488070338260e+01
6.062441689922679e+01
7.459540575491050e+00
9.063484780054300e+01
9.263575127936702e+00
9.895460284266370e+01
8.665298721131542e+00
3.678880773335174e+01
9.843235481457428e+01
3.939863752545725e+01
5.222317355322799e+01
8.488615107950109e+01
2.402887629532668e+01
8.483571516575093e+01
2.554655714218810e+01
7.436479519790262e+01
1.663734825171407e+01
4.902750726278289e+01
1.256555854928007e+01
2.316530897429460e+01
1.433606926088038e+01
1.138353059598409e+01
5.482259209026703e+01
9.110267622913358e+01
2.930744752721277e+01
6.132320038104579e+00
6.992243662007267e+01
9.343260111912740e+01
8.463332396216380e+01
5.356648510953713e+01
9.463979471225282e+01
9.213213300897372e+00
4.906399471176043e+01
3.640628919769372e+01
7.444243569599578e+01
1.093966845001079e+01
5.632481973447130e+01
9.676363169996237e+01
4.672024634048355e+00
1.463291119534192e+01
9.305916540001479e+01
5.689519818727635e+01
1.001619454939672e+00
1.708804169534149e+01
4.173091330646114e+01
2.286780715122251e+01
9.145283689324411e+01
5.836826160474133e+01
7.189531441400541e+01
3.550299947871966e+01
9.641302665528517e+01
7.766962800066435e+01
7.428872886779193e+01
4.702890266060312e+01
3.647494597196344e-01
6.470594702507645e+01
7.879521673489140e+01
6.847994218975303e+01
8.639405280649385e+01
9.988516783336419e+01
5.691952000228666e+01
6.067327999541223e+01
4.255980231918385e+01
7.796986819150385e+01
9.396674767786951e+00
2.433823934958235e+01
3.764265623765190e+01
3.523693621868125e+01
1.099723391746973e-01
4.602166490909721e+01
5.576225931558864e-01
9.316913773918949e+01
2.916863096373557e+00
7.346052447029414e+00
6.782145605786771e+01
4.449284940235916e+01
5.221825300353498e+01
2.855499658200657e+01
8.295162710498629e+01
7.801790348161846e+01
5.728411630600883e+00
8.454960858661198e+01
9.322143974398330e+01
1.293076105086634e+01
5.474733130761764e+01
3.131374168736569e+01
8.583628464761949e+01
6.999917517881802e+01
2.666486474995728e+01
7.223033740754721e+01
6.465321619280297e+01
5.063600775349699e+01
5.211058904049480e+01
2.286400898493082e+01
6.269671859345246e+01
4.651267167484047e+01
5.153479354993198e+01
3.400099511910276e+01
8.174960789352171e+01
5.164476588910667e+01
8.900928967120558e+01
3.409286897354427e+01
2.556825961245609e+01
1.523215850593157e+01
9.875058247649605e+00
5.507108301626103e+01
6.342434876757876e+01
9.730640034997202e+01
9.584813173666976e+01
6.644038677515481e+01
6.462008006154564e+01
6.250951092807087e+01
5.098999531520064e+01
1.264598589048068e+01
8.493847594826411e+01
7.189576652454946e+01
6.902366456064566e+01
1.920235642194858e+01
8.802905799263579e+01
9.568852931060295e+01
2.438987932372367e+01
6.356950768435816e+01
4.620706520332353e+01
8.287483057141063e+01
9.810206331224278e+01
9.649463924416092e+01
2.938750219968497e+01
4.963685681560862e+01
4.453351364682126e+01
1.113711009320668e+01
3.504454276293728e+01
9.416552022759129e+01
8.248110813204251e+01
4.609552633301146e+01
3.473708244726858e+01
6.632369168397211e+01
1.166609302706369e+00
5.426638054394461e+01
6.363009198737800e+01
2.375406917359404e+01
2.146322798052022e+01
5.620322374450193e+01
5.083280422297902e+01
6.002452604473779e+01
3.290913460446016e+01
3.577128012467701e+01
3.192029252272113e+01
1.932799165105819e+00
7.357320127709453e+01
9.080472029317390e+01
9.762132847570875e+01
1.527967183630898e+01
6.708655462930284e+01
4.382839367903229e+01
9.815450240771962e+01
6.518861789497949e+01
1.852386292001412e+01
2.656772128612162e+00
1.482547466402197e+01
6.305737656683539e+01
3.410547647350723e+01
8.400432271138035e+01
2.345059943546103e+01
1.658658455898361e+01
2.083210182414954e+00
6.474888006446365e+01
7.892924439112154e+01
3.249765598797130e+01
4.521453871634534e+01
9.399164234939573e+01
6.199574091564666e+01
5.424906944588249e+01
4.534468042913111e+01
4.177416113287870e+01
1.427359549062028e+01
7.825381503359127e+01
6.352436573408747e+01
4.619388801334141e+01
8.018661419869709e+01
1.944443048883436e+01
4.105492855471323e+01
8.149991663242686e+01
3.472410232514334e+01
7.073952866286949e+00
9.958702307175240e+01
3.287860473286295e+01
9.263115226879304e+01
4.502775610658701e+01
6.866982377537984e+01
9.681158210002425e+01
3.217575793721516e+00
2.775300202320935e+00
3.227094050136905e+01
2.666817522918255e+01
9.422747213124646e+01
8.202204936278147e+01
5.523214864322550e+00
9.829112919899222e+01
3.849053617496534e+01
3.480703748520791e+01
8.076044357417173e+01
5.570178840109230e+01
7.450497884978772e+01
2.610512395673670e+01
1.581638912475500e+00
7.835675435064209e+01
3.882856179905523e+01
3.794381652862943e+01
9.244509953653677e+01
2.856416400920794e+01
4.151727824542545e+01
4.360771125350507e+01
6.235349581686476e+01
8.856271178860344e+01
5.572808606351170e+01
8.398983212373678e+01
3.450000567105599e+01
3.771419345294787e+01
8.626258083910801e+01
9.744911589540965e+01
3.452577550640599e+01
4.179721052842085e+01
9.402033900563622e+01
6.802657380142556e+01
3.556291965561124e+01
8.824781109031653e+01
2.256575814567774e+01
8.332435231810639e+01
1.787743001146122e+01
1.398533536772492e+00
5.782746093246502e+01
9.116113134248235e+01
2.086377210023988e+01
1.986376429901634e+01
5.079229038711278e+01
2.244541105928151e+01
9.822051864965843e+01
1.517748200110043e+01
6.989827923006298e+01
1.882507410777038e+01
3.969678251989967e+01
7.653895750480656e+01
3.940909646423957e+01
6.317845334446916e+01
3.528177758459085e+01
1.348375664720487e+01
8.220228365725013e+01
3.282948878259840e+01
5.119795010015273e+01
1.019014167142573e+01
6.783759946368522e+01
8.572372560655872e+01
3.755774881577014e+01
7.707898927716491e+01
3.221386793638294e+01
8.769402424231825e+01
9.790316494084111e+01
5.573393872740397e+01
7.491788346083736e+01
6.899997269222512e+00
1.247641947701407e+01
3.274534434673625e+01
1.871963884621842e+01
9.039039928018599e+01
9.845289708974441e+01
6.951192927989733e+01
6.009941620756845e+01
4.893039583644382e+01
9.321430530083100e+01
2.999769539106530e+01
3.772573267935111e+00
6.435994113067163e+01
4.567521058287248e+01
2.551114052790736e+01
4.759372847508347e+01
5.210251968917555e+00
3.899489717511223e+01
5.245032978823889e+01
7.768049015555553e+01
9.019284727526495e+01
6.264047145966462e+01
4.596483593153062e+01
7.591657288182367e+01
1.982202288686392e-01
7.028890860746098e+01
9.084753416983760e+00
9.179175141816575e+01
5.792852386735776e+01
6.481869214438773e+01
6.670963483243698e+01
1.581613161406300e+00
1.161068832111111e+01
9.945497917917324e+01
7.068063517598465e+01
1.926293024758944e+01
2.359205778855461e+01
4.019256440931585e+01
7.936234645515789e+01
6.771035830849333e+01
6.485572302008779e+01
9.360041799657067e+00
8.284986111468163e+01
2.921566410419329e+01
7.615331503383504e+01
8.660788824158156e+01
1.185056297660366e+01
8.136356704931872e+01
9.997186600229324e+01
9.418725128946232e+01
5.949080347059797e+01
9.016471323099206e+01
5.632551366292196e+01
5.455639355562460e+00
4.507096644727093e+01
1.091490495526926e+01
4.829589838548372e+00
9.506085882664698e+01
2.706656326868877e+00
8.194591686220184e+01
3.226161810209119e+01
6.941629120587199e+01
6.734147284521789e+01
2.159365672692361e+01
6.887127033847908e+01
8.727617081593544e+01
4.085658697451306e+01
7.382638998042158e+01
8.820838131392765e+01
1.962650288810325e+00
6.866421232403452e+01
4.358227953481595e+01
2.802246777714345e+01
9.082741937172945e+01
7.059566461043231e+01
5.428403278546595e+01
5.180438810577821e+01
2.373840395535268e+01
8.709585731248178e+01
5.177625406150531e+01
8.459268653979184e+01
4.658666073651363e+01
4.194096729249738e+01
2.997085849287494e+01
5.204230013864222e+01
6.463635687932202e+01
2.098426284314332e+01
3.698951603704575e+01
8.318829284198037e+01
8.478488348647248e+01
3.652765142569675e+01
6.604867021834882e+01
9.139290437632840e+01
6.632200375493709e+01
7.389763070917577e+01
6.616589998182184e+01
5.354415432249390e+01
8.562326812447201e+01
2.209165749237484e+01
8.758528776820064e+01
8.782493355117037e+01
7.745324861139676e+01
6.600252658408253e+01
3.542117673690485e+01
6.828066793656008e+01
4.701215282409086e+01
4.115346700006792e+01
2.008505604233828e+01
8.844996531887443e+01
2.824932426598357e+01
7.186131010384361e+01
6.925685311167355e+01
7.483598504906334e+01
2.946193657324739e+01
9.267898774364916e+01
2.687828514113943e+01
2.182453070852185e+01
8.843224597556156e+01
4.493106787322604e+01
4.205409951603697e+00
8.227805778490290e+01
9.732257011221841e+01
2.818584788040530e+01
6.539724127640820e+01
1.777129211359252e+01
7.295252903036426e+01
8.228763690324857e+01
5.484635525143070e+01
5.857579710827013e+01
4.379294349057272e+00
8.012979965663040e+01
3.908293691421064e+01
8.183254300702016e+01
5.654628787028896e+01
5.513843235333377e+01
5.870488987243962e+01
3.062848650413961e+01
5.806933113283912e+00
3.403475276848057e+00
1.541645159731454e+01
5.622573334547958e+01
4.205957704319599e+01
7.910924087237066e+01
7.805293005800476e+01
6.192760475069639e+01
7.178822856945369e+01
6.197564772422223e+00
9.069351064539212e+01
9.007179960146165e+01
6.315523575206997e+01
8.269920860542879e+01
1.240527956392862e+00
9.188188616739674e+01
5.569033876792078e+01
8.803869308346822e+01
6.794639670660085e+01
9.492703168416723e+01
7.032632994015064e+01
2.227051184618404e+01
1.823371374897366e+01
7.673712436889164e+01
5.182218963830834e+01
6.831381147183190e+00
6.919427703562857e+01
8.102811038541985e+00
4.019831011081036e+01
6.651378146676057e+00
1.166125168635568e+01
3.793304354787480e+01
7.684964508602845e+01
6.744605305951372e+01
1.690516542499194e+01
1.890922208265831e+01
3.810326910489391e+01
6.098311704629246e+01
2.569837352526299e+01
1.407049121990357e+01
6.684554278238003e+00
5.245746157712185e+01
9.183681923515947e+01
9.509458956080236e+01
9.236302235739447e+01
1.644842648713310e+01
8.697647568163298e+01
4.604172666838473e+01
8.598215351159784e+01
4.709871082897238e+01
9.208424575258243e+01
9.116384670658216e+01
3.228785583390289e+01
7.229269471591930e+01
4.951907370682763e+01
5.713999618642963e+01
7.912407586310249e+01
6.057240956489575e+00
9.229310419982911e+00
8.972993390156418e+01
1.270861910316563e+01
1.594994101484769e+01
3.345783112266000e+01
8.955826418919408e+01
7.515986150836565e+01
3.796615369523231e+01
8.467486271852389e+00
7.319711925145104e+01
3.845314320104809e+01
7.310834167204254e+01
4.005867784845581e+01
4.328546735611067e+01
3.569602432460339e+01
9.140990129271984e+01
3.838005687034692e+01
8.668070108940857e+01
3.276404991408999e+01
2.535653250541376e+01
8.477017250134152e+01
8.975565623946285e+01
3.277577922343080e+01
4.677373326698957e+01
1.206461885574489e+01
7.740513434512781e+01
1.906642793634274e+01
4.882047388182043e+01
2.356153825463799e+01
9.819050379944522e+01
4.954517960992884e+00
7.787970201013596e+01
1.878082804325075e+01
4.728810724210371e+01
4.050465712347285e+01
1.744296719201047e+01
6.990781681142180e+01
1.566451858527237e+01
9.248215886414151e+01
7.837530308327419e+01
8.286056224389959e+01
7.915207728704068e+01
6.161386583075573e+01
7.743835187397821e+01
2.243754464315136e+01
9.730989020192526e+01
4.820291546555372e+01
7.902388394764806e+01
5.384680081803669e+01
6.001667918638172e+01
3.859703160757061e+01
8.505700583805191e+01
6.376919465315025e+01
4.216957932439148e+01
3.183073905847536e+01
3.598673578164854e+01
6.099950334103755e+01
5.089716704138423e+01
3.741750611803378e+01
8.456104164224166e+01
4.908767079426332e+01
7.845341604130968e+01
5.942530103932382e+01
8.817887869113072e+01
8.540799230588972e+01
5.785654744033540e+01
5.810875681140868e+00
5.531580907074540e+01
7.352106607217391e+01
1.832173774872056e+01
4.994742434935059e+00
1.090074000456405e+01
9.747381508232738e+01
5.704242133397722e+01
8.833909187854225e+01
4.218534410101611e+01
1.788063771924034e+01
1.826855461963851e+01
8.072896119241089e+01
6.077745280264758e+01
7.447834027673971e+01
5.980625965623476e+01
4.583445859413336e+01
1.217719256513621e+01
4.571435923954209e+01
7.766519765260871e+01
4.821410050998167e+01
6.713862534013512e+00
2.856236464742681e+01
8.563160662801546e+01
6.167676456350682e+01
7.765003548825628e+01
4.710830913256309e+01
8.626794446551610e+00
7.808336828746059e+01
7.609803852443491e+01
6.648334193345315e+01
5.139186240331822e+01
3.141384759518032e+01
4.313153011870176e+01
4.454119947950412e+01
6.766356759130190e+01
8.699698973772907e+01
7.703416919197615e+01
6.040993768740908e+01
4.618252233890003e+01
9.486659373849005e+01
9.333874722632521e+01
2.133730697507844e+01
1.607582174058809e+01
4.054259277905458e+01
3.512252365943162e+01
4.457758522805646e+01
1.018755040605904e+01
4.729971622456783e+01
7.061151790926769e+00
2.096044329039773e+01
5.885762062801869e+01
2.669942943691249e+01
7.208049263436371e+01
3.617439341553226e+01
8.828071117786723e+01
9.259859257964351e+01
5.821891359901936e+01
9.478259556683833e+00
1.295571122921803e+00
2.738162531861180e+01
1.838444467558732e+01
1.547577358571616e+01
3.437632575369269e+01
3.395255470366802e+00
3.925633851404131e+01
7.509487707870774e+01
7.596338115444564e+01
9.193758815151527e+01
5.989122319030167e+01
9.354464327615902e+01
6.901582580479599e+01
9.484454788958865e+01
4.826645727654289e+01
5.175898971583647e+01
3.538714062207711e+01
4.483034952768607e+01
9.126790104958596e+01
8.635500473266234e+01
3.068869711397621e+01
2.930135970437031e+01
2.365691946989713e+01
7.034417422038698e+01
7.856565251879657e+01
5.324080598225854e+01
8.864310448460425e+01
4.437698309513600e+01
1.870808797828298e+00
6.074065573547998e+01
6.375386927451652e+01
8.727267109196292e+01
6.370313394055847e+01
7.223968737397328e+01
2.748444631112946e+00
9.807945969425117e+01
3.053997225618920e+01
9.765259926098055e+00
8.451497130306204e+01
7.519541363008106e+01
8.704774006598058e+01
2.525138329959074e+01
7.838501896634000e+01
1.911075199912803e+01
2.009593114261326e+01
1.108414470734268e+01
7.673192549344708e+01
9.708628486706236e+01
9.447312564331718e+01
5.896014708977199e+01
8.344128955315858e+01
2.516182275729339e+01
5.838875740691496e+01
7.098208976489589e+00
8.295817718978886e+01
3.695440987914541e+01
9.661940797074671e+01
6.720394364893620e+00
8.863927898399498e+01
9.274253658612378e+01
7.600440712459590e+01
4.249452163581481e+01
5.655473617676401e+01
9.857784290731783e+01
1.473420896322197e+01
5.479932457897780e+01
2.942856602809791e+01
4.766963005423063e+00
1.746060984090930e+01
2.192694527186777e+01
1.007970753595219e+01
9.456644160420002e+01
9.437035605980566e+01
8.846472654885832e+01
2.464855505370002e+01
6.727425976063789e+01
4.865294562124319e+01
1.174718514631837e+01
2.275733152532826e+01
8.489950773534342e+01
6.442993416657203e-01
4.526592765248657e+01
5.085368922485676e+00
4.273995060601269e+01
5.236413662897615e+01
8.804354611227454e+01
8.700224649487168e+01
4.898354455315673e+01
9.808954051606801e+01
7.564152543230054e+01
5.372084088331127e+01
8.245298833700502e+01
5.527468070167800e+01
9.556605913469851e+01
2.373117116453646e+01
3.603745216319219e+01
4.368999974973966e+01
3.553332599603260e+01
7.521337218359734e+01
3.270270644347310e+01
7.201405245438872e-03
5.045411831254797e+00
4.577514289215912e+01
3.978111317371070e-01
9.284659567887270e+01
4.620435989750752e+01
5.911591074388284e+01
8.913550092332787e+01
5.795154504382589e+01
2.094054884321082e+01
7.531851631371237e+01
5.998809461481315e+01
6.620647649569739e+01
8.040388523619802e+01
9.349249666253687e+01
1.857061312467354e+01
6.844743130190643e+01
7.741176103121218e+01
3.673398123901989e+00
6.717189339323522e+01
9.053423315777175e+01
4.619262397577643e+01
6.066081582599357e-01
5.344714208200907e+01
9.015412162530893e+01
6.711368126194629e+00
8.869691597702769e+01
5.700077966647259e+01
1.270419918592284e+00
3.028900941381650e+01
8.970348610994569e+01
9.172155749598591e+01
3.088697173208323e+01
9.721671701279316e+00
3.698310271696332e+01
4.644777953924974e+00
5.592603159878684e+01
2.621672462030161e+01
5.578633982491975e+01
9.557318510281536e+01
6.544907561757093e+01
3.698208324470654e+01
6.040521876905357e+01
5.918143026492625e+01
3.243046767657179e+00
5.751092082704926e+01
1.876524091640731e+00
4.934599709200952e+01
1.558075981008856e+01
6.937080960225818e+01
5.762948326656105e+01
9.644127529880092e+01
6.294416122275598e+01
8.076313407195877e+01
1.055740300126253e+01
5.732211664194340e+01
5.340490981629347e+01
8.722827475854581e+01
1.432289630841599e+01
3.551571608312229e+01
3.282216677107949e+01
6.064873200871457e+01
2.144075381636655e+01
6.370913854972885e+01
4.814744719683539e+01
1.510436405199783e+01
6.835391650365382e+01
1.795631214881144e+01
6.530256334939159e+01
6.685099558292468e+01
8.355166231447443e+01
2.824293977033484e+01
6.394099246894056e+01
4.553782555532540e+01
8.993306923188878e+01
4.381458090795883e+00
9.785459642198616e+01
1.330563044795097e+01
6.410178638254376e+01
1.164688054083236e+01
7.089689563535940e+00
2.173126960253868e+01
1.776187350869266e+01
9.823987362824374e+01
3.513911177177872e+01
4.245310283380239e+01
5.556199022362102e+01
6.576025274850440e+01
8.211146373400067e+01
6.988488653203700e+01
9.547944911545116e+01
5.706476376255265e+00
4.862303009658262e+00
4.169346147295715e+01
9.583664261542104e+01
8.765932302347352e+01
5.679782552495497e+01
9.456659937024425e+01
5.733340869533522e+01
7.025717239373232e+01
7.375229395635067e+01
4.088507096324352e+01
9.286997196863869e+01
8.699578814534274e+01
2.362439745274577e+01
7.733121331656874e+00
7.007002144589556e+01
8.262638001825027e+01
9.320306805577272e+01
3.089524825610930e+01
1.186062107414967e+01
3.715191829816993e+00
5.262651785864798e+01
4.909927223301459e+01
1.955065411494610e+00
8.776562967699283e+01
7.991907190527724e+01
5.751705568168175e+01
2.900473178783652e+01
3.746372891471895e+01
2.740194216715263e+01
7.939431382314969e+01
7.210399386105314e+01
1.313211070985166e+00
3.321395434123182e+01
8.472319719601570e+01
8.897253414102482e+01
7.188470911788042e+01
9.162449552287558e+01
4.630594278979392e+01
5.903834978073759e+01
6.537678943266010e+01
3.873430506267319e+01
4.213094662042845e+01
4.296216217007589e+01
7.203296570667671e+01
1.601655549184259e+00
6.972732170006601e+01
5.472951403573598e+01
7.090281977825930e+01
6.225699096091883e-01
6.659013510988567e+01
7.461801165464242e+01
7.335590714279371e+00
4.056104134794372e+00
7.657307706613703e+01
7.058006975361150e+01
8.397517604007160e+01
3.409013270125265e+01
9.958480154144802e+01
3.781493727016027e+01
6.149207491497140e+01
2.406898239816957e+01
9.631543215192642e+01
6.280528598595657e+01
5.731892020316744e+01
6.399629603326148e+01
5.049275222723035e+01
3.520452102422924e+01
5.687957208458314e+01
4.483912347109948e+01
8.624239656433575e+01
9.957572654801223e+01
8.527477657668049e+01
1.451181006362280e+01
7.575150363880745e+01
9.358610668852279e+01
7.308633940903765e+01
4.547882533887346e+01
7.174707379739129e+01
4.398915914073081e+01
6.749621115973974e+01
1.151701710723202e+01
1.860717074880710e+01
9.935048306330594e+01
8.766571292079320e+01
9.518024786151025e+01
5.724251119291527e+01
1.916667382194040e+01
2.927038051619678e+01
9.720203159246688e+01
6.023429700184349e+01
8.857520119686387e+01
3.343317649952750e+01
4.598260812739963e+01
3.336512196500092e+01
9.075209670269494e+01
8.991021234072289e+01
5.345561450973880e+00
2.595661768035806e+01
4.678978442530604e+01
3.429324321183062e+00
6.322769320720234e+01
2.233171333667436e+01
8.870410089786355e+01
6.387924769142608e+01
1.942278836826924e+01
7.083049950694222e+01
8.707676790052874e+01
6.718799633308686e+01
5.804909936061553e+01
4.734571247703661e+01
8.693915241721047e+01
3.667649069646210e+01
6.595288322584372e+01
8.628963548051642e+01
1.589359539369754e+01
9.659880832610597e+01
2.665483589594012e+01
8.853008723283656e+01
8.525084102770818e+01
2.385686748840700e+01
2.319163290001062e+01
8.116596698815280e+01
5.729004398793450e+01
1.020338694108808e+01
3.473370835871143e+01
1.168162148058490e+01
9.252208345221452e+01
4.007926985625144e+01
6.742558584894314e+01
3.279712392613158e+01
4.350859417743450e+01
1.000599097926449e+01
2.847429580449792e+01
4.186569179495130e+01
1.131691476857146e+01
4.963346237765321e+01
7.822453816338654e+01
1.816938026722957e+01
6.467098480308009e+01
6.742398076105117e+01
3.089573091403383e+01
6.956079670673273e+01
2.223534165985665e+01
2.797206376119147e+01
2.406793601069038e+01
9.231011434100108e+01
2.039390058275028e+00
2.542133094995345e+01
4.660572784329100e+01
7.950870640553008e+01
8.841147603858796e+01
2.564054048882822e+01
8.777280887019485e+01
4.570151997995634e+01
9.674859745276561e+01
2.829794591679142e+01
1.130446652476884e+00
2.836601083556470e+01
6.767856095343761e+01
6.855603250142002e+01
6.769254825436163e+01
7.899624573951412e+01
4.878911983631045e+01
9.616684405885955e+01
2.414191450185232e+01
6.010603460488191e+01
4.769775408678584e+01
7.485502989723116e+01
2.603967209627837e-01
8.257434334725809e+01
2.570711640906852e+01
3.115612763499660e+01
3.628119367001634e+01
3.692510581432148e+01
7.352292899672078e+01
7.418096632425718e+01
9.096735892396764e+01
5.387594185484384e+01
6.983342485960267e+01
9.725805763027540e+01
3.338464821380779e+01
6.299167418060436e+01
9.387785740842943e+01
9.970756419920714e+01
7.284857089298245e+01
9.062645481462891e+01
8.946770326675274e+01
2.667915785064882e+01
8.710853643115077e+01
2.495535478226624e+01
3.433465046544310e+01
4.827167119284704e+01
3.951600475214236e+00
8.312377030175355e+01
3.964547996392729e+01
5.314662123711156e+00
4.322980486006933e+01
3.331159932227414e+01
4.594020128526735e+00
1.800930756982849e+01
1.798265581856606e+01
9.036966049595254e+01
9.274909435433759e+01
5.426384948858239e+01
2.895838112056180e+01
1.957873782123380e+01
2.844481581283958e+01
1.992573999796330e+01
7.345467967607765e+01
6.718039068727772e+01
8.922187089418148e+01
6.839327843319312e+00
4.219702074406530e+01
8.309972825604478e+01
8.986494042438685e-01
5.739228229848309e+01
7.493268697286616e+01
9.036635267099662e+01
3.132113978793898e+01
2.317831838651482e+01
1.532170745326286e+01
6.615775854613528e+01
4.032300200328371e+01
1.927330792847709e+01
5.122666459122052e+01
4.995837446765898e+01
8.408730937358332e+01
9.445646949785596e+01
8.694612900118629e+01
3.902786930046410e+01
1.246577702111834e+01
4.928784773186214e+00
4.222319556503705e+01
5.727729995608204e+00
5.919263426176860e+01
1.543016308705796e+01
8.367911450736183e+01
4.383597818381897e+01
1.821312695658446e+01
2.551345677371764e+01
9.468760019852203e+00
7.434997804199810e+00
6.714651322325064e+01
4.914528226905748e+01
9.053472606024459e+01
6.804516262749451e+01
1.632129462264539e+01
9.587808041641399e+01
5.841151525192500e+01
2.111742772213995e+01
8.743922742430085e+01
3.625938088458934e+01
1.819243282926848e+01
2.776222938101843e+01
4.711107022460134e+01
6.941909746705512e+01
4.148294382797692e+01
3.119837959818467e+01
4.741168117495798e-01
4.880169823244293e+01
6.337633885600433e+01
2.513211370684771e+01
2.707908527323933e+01
3.579725494412578e+01
4.253920490971729e+01
3.246430700293942e+01
3.677211256547464e+01
3.046761738623847e+01
3.681899967455259e+01
6.539713338268788e+01
9.077480276616980e+01
7.491959779286739e+01
9.384299590896956e+01
5.792131594285430e+01
2.406488001535874e+01
5.026749267720966e+01
2.596647852378268e+01
4.038617463800412e+01
9.691504402873807e+01
8.437799377570767e+01
1.375304535671745e+01
2.986999728245195e+01
7.267307609909824e+01
8.668146007074110e+00
3.681797168069424e+01
8.907443056305611e+01
7.808724347412922e+01
2.919526632372069e+01
7.855812692016276e+01
2.548725312831218e+01
7.946950540853176e+01
2.307456947074950e+01
1.438810202031774e+01
5.274117810313644e+01
8.526850141830207e+01
6.191926596775617e+01
8.520548510607587e+01
1.490827287310188e+01
9.238688340056078e+01
7.820952850310576e+01
6.720604173243328e+01
8.316168612016443e+01
3.325637794717046e+01
4.582335606488556e+01
4.108300201645261e+01
3.996900820171880e+01
8.043652748709383e+01
6.704948054023528e+01
4.467789453672147e+01
7.127821513976819e+01
8.764217257855562e+01
4.829432147009965e+01
9.370233174120185e+01
