1.369807543870903e+01
5.607723098065576e+01
2.086120635311175e+01
3.641206344422515e+01
6.837906631099948e+01
5.049878584709894e+01
9.027417660237950e+01
8.279241965282355e+01
4.483692154513529e+01
6.788966784621108e+01
9.174223281058586e+01
4.581709054569578e+01
7.247315774321238e+01
3.358204561918138e+01
1.395736607441556e+01
1.071199570349976e+01
2.420167262861583e+01
5.695088256939821e+01
1.590891788523128e+01
9.234536219963123e+01
8.770619131983545e+01
4.437639147247020e+00
4.800176436454140e+01
6.123960258496906e+01
3.714208800212577e+01
5.041524365097995e+01
2.151232549059779e+01
1.474658060574279e+01
1.480692122821087e+01
1.650131773972014e-01
1.652176241228439e+01
1.504363786198368e+01
5.172563956665138e+01
1.525484883005491e+01
6.027708233347027e+01
2.462131042248630e+01
9.660999816684517e+01
5.055125888928364e+01
3.815004040400965e+01
4.134725189830515e+01
4.441940404680530e+01
7.065770512943050e+01
8.726401025767625e+01
4.336503070935841e+01
1.190981926019761e+01
1.221376285525680e+00
3.949928238964606e+01
3.106239420876949e+01
4.826042803389040e-01
8.491297424068347e+01
2.406593650768787e+01
3.999269094317811e+01
7.108912233779631e+01
7.697586313680553e+01
4.838380094076683e+01
1.605255823398594e+01
2.687386210396600e+01
3.106925498278311e+01
6.857004769545516e+01
1.180966985961873e+01
3.227616615233764e+01
6.296369017239832e+01
6.554580226798812e+01
5.760298001468320e+01
3.372944832487472e+01
2.582288455489226e+01
4.573504619567424e+01
9.004211173860455e+01
7.637414344417590e+01
1.966020978040072e+01
9.251082134084349e+00
7.977770808142503e+01
4.955248294843011e+01
1.875304156856287e+01
6.571334906188461e+01
7.863757031906283e+01
4.597151886949852e+01
3.470469016335191e+01
9.757379419057341e+01
7.340728420457211e+01
6.855710468653454e+01
3.818715682168825e+01
1.505613206655538e+01
7.244529564513141e+01
4.493772031037962e+01
1.924730190972206e+01
6.474012670327916e+01
2.936312883597013e+01
2.566852608028265e+01
1.929699267227994e+01
6.011261272249400e+01
5.630619640290094e+01
6.661789392429306e+01
3.658971443613513e+01
2.324349578621029e+01
6.005000744948630e+01
6.241259899102738e+01
4.753665162601353e+00
5.009211914152472e+01
3.715039051005169e+01
2.441387494300207e+01
5.877177233750549e+00
8.271829769141893e+01
7.396635789143218e+01
9.092687107200122e+01
6.668042254945283e+01
3.542866010005989e+01
5.433759840872958e+01
1.385112666238618e+00
3.300245424406717e+01
5.155329147891761e+01
2.741285973573703e+00
5.903310252308525e+01
1.042818315812768e+01
4.060721455170177e+01
4.809016596902635e+00
6.068284845011441e+01
3.512590659555323e-01
2.879155931472385e+01
7.675739167107147e+01
8.384929424331024e+01
8.890417203721785e+01
1.932417341476501e+01
8.526655495412022e+01
1.047062688063394e+00
3.013355812529733e+01
9.649329404183351e+00
6.093172359323675e+01
3.488722328789868e+01
5.974144859227420e+01
9.971846598187390e+01
5.930109823090075e+01
3.280378316193995e+01
8.243676362672670e+01
6.695258546013039e+01
4.165679115879200e+01
2.928554314621051e+01
6.869611622239282e+01
4.198228341619591e+01
8.349201007908769e+01
1.698570466459995e+00
5.787083332327699e+01
4.036584870906819e-02
6.073167298954524e+01
2.441531979684500e-02
9.098275526938157e+01
2.225404215150235e+01
5.111328091058567e+01
9.211460179282101e+01
8.437601308542118e+01
9.609685614523332e+01
9.458554493942556e+00
6.605072550757356e+01
2.986918484320360e+00
7.658288924795710e+01
7.358807505741160e+01
7.980921057975348e+01
8.068347502531645e+01
3.451979860408223e+01
6.800769994408252e+01
9.459817320788193e+00
8.937939181429306e+01
2.730879812841713e+01
9.318444635401687e+01
1.667502816611669e+01
6.057625425075006e+01
2.015077509924340e+01
6.579221434229622e+01
2.927237047314289e+01
8.475651651842358e+01
8.209328622654699e+01
3.097094093960288e+01
9.636837341653573e+01
6.953809790757396e+01
3.931636691061611e+00
1.556684589738345e+01
7.511212670947990e+01
9.705749438007246e+00
6.107499802535167e+01
9.008286604195966e+01
8.685230295492910e+01
2.163571856060797e+01
6.517889586518467e+01
5.290302846250265e+01
9.166626724957780e+01
4.966386409926408e+00
2.000081665813961e+01
9.598619844577564e+01
5.904335126236238e+01
7.966421143136184e+01
9.279444375671187e+01
1.830505878585626e+01
4.451128483959999e+01
7.965574095940950e+01
5.371378769805366e+01
5.067090506230989e+00
9.617247762911603e+01
3.077930772247692e+01
7.037612100614984e+01
9.951866562455830e+00
3.115953879019224e-01
4.327304043959502e+01
4.092280750205871e+01
6.191364632077219e+01
1.281113830060285e+01
3.262542138464070e+01
8.559071034453378e+01
1.370662474711734e+01
4.490646424000452e+01
2.289510370366979e+01
9.725908310956279e+01
7.367827369537125e+01
9.914748840925632e-01
6.604116441031972e+01
8.466179565743627e+01
3.240719625372775e+00
5.591541209999258e+01
5.159664198364906e+01
2.087890506762960e+01
8.013434106490311e+01
8.495163306824473e+01
2.161000958718826e+01
9.843939985075937e+01
6.380947076892922e+00
4.092514907984302e+01
5.215318750224690e+01
6.756726012917574e+01
2.160464516915597e+01
8.293249527128995e+01
2.881363831870893e+01
3.155651177817793e+01
5.274272414517716e+01
8.327876491624805e+01
7.247931928023664e+01
1.892132643560009e+01
2.187326295388549e+01
5.104740664877342e+00
4.843966823464244e+01
6.140936876712804e+01
6.193624290727835e+01
2.779542455812703e+01
6.227163731226308e+01
2.536509177897362e+01
8.370349369184277e+01
2.831280172258280e+01
6.203186552134895e+01
9.280776395127539e+01
5.721381598022478e+01
4.734032463624157e+00
1.948784399753802e+01
8.777852090437828e+01
5.102130144416414e+01
3.579358390336557e+01
3.406176694392309e+01
2.105576345746208e+01
7.671873298320861e+01
1.495514219391865e+01
8.862302358663781e+01
8.295965966906383e+01
9.788763746520860e+01
9.164288392832637e+01
7.461382382298532e+01
5.063036156381963e+01
2.098763893404400e+01
2.359209164213021e+00
5.762738737167203e+00
7.826336169534520e+01
7.463949829090363e+00
1.878562556523161e+01
3.302697391855855e+01
5.915076795925888e+01
4.519702282044898e+01
5.356851096896851e+01
8.451585978479864e+01
7.461816047998991e+01
2.361141290683831e+01
2.583602397974396e+01
6.964021826611841e+01
3.607831100750636e+01
8.759253266621033e+01
7.653405045929088e+01
6.826971590904040e+01
1.950368854194120e+01
1.232763436265645e+01
8.518830378781459e+01
4.794353141819291e+01
8.904636734586505e+01
9.743546154230621e+01
1.077277698124423e+01
1.659649890689016e+00
4.795754637939741e+01
4.605194034336691e+01
1.724963538220601e+01
9.847727748494468e+01
6.703957927741091e+01
1.960884459298516e+01
6.802896548436441e+01
3.865718442884143e+01
2.707279442207552e+01
8.681459104959602e+01
7.168415834739999e+01
4.364829577675475e+01
7.772925783774315e+01
9.945730869633021e+00
7.452454235149760e+00
5.234741827116694e+01
9.059418248505992e+01
5.646379401742657e+01
9.462025337602023e+01
9.843380921447361e+01
6.868366155246443e+00
2.418743377746429e+01
7.063599078479967e+01
6.937078319926317e+01
2.771476750621328e+00
7.915292348673238e+01
2.245776798690565e+01
9.181784414305253e+01
5.559940550271394e+01
2.808709159870031e+01
9.456024090506148e+01
6.022680581557881e+01
3.050275246170477e+01
8.997613531070581e+01
4.997819873968987e+01
9.843241698035618e+01
8.984871538814563e+00
6.995256425344969e+01
3.708960136263147e+01
6.298929595527672e+00
5.676715525647958e+01
8.773759663465320e+00
2.934242637331710e+01
3.449641304765661e+01
9.842503536419245e+01
8.184849288400659e-02
8.684383131882353e+01
6.635071163361459e+01
3.191460153642791e+01
6.930298077375767e+01
9.336078404139764e+00
5.153896247574080e+01
9.119746572859468e+01
3.542051153975563e+01
2.401833437570293e+01
9.396894247921600e+01
8.331998455492779e+01
2.219439271008335e+01
5.077109432349498e+01
6.339748243959503e+01
8.431261073998762e+01
6.497437617041840e+01
1.063653734076607e-01
3.892812767947471e+01
6.966464667099744e+01
3.231500081360107e+01
3.736054461326476e+01
7.745767071724761e+01
7.198252844250878e+01
7.445014597589622e+01
8.800112306512945e+01
6.361133855004392e+01
7.821414320646512e+01
8.151967817988232e+01
3.210890536760395e+01
7.663917857065758e+01
5.000080957543143e+01
5.008992806546853e+01
5.243194757608322e+01
5.888342301309269e+00
1.209752071280848e+01
9.011566726961902e+01
6.053589352431516e+01
4.204101699499461e+01
2.553617876280853e+01
8.455422790001809e+01
3.600995947421060e+01
9.576405035134593e+01
8.114886646212491e+01
6.956599236911441e+01
6.325686139206256e+01
8.755172197127330e+01
8.677112217376526e+01
6.336322681203634e+01
2.647984965074800e+01
4.818272327453956e+01
5.395196776555478e+01
6.384039426401276e+01
2.564039394522104e+01
6.919007318522318e+01
9.161332975682492e+01
4.621692865445136e+01
6.612540309602646e+01
2.151444583270440e+01
9.767742832083136e-01
2.937149984267144e+01
4.757982597107991e+01
2.865335467674460e+01
2.921090728100897e+01
5.826027088717570e+00
5.268315135160609e+01
3.030497917453990e+01
9.594169435833659e+01
8.969582011443367e+01
3.937723959767131e+01
2.147787307457899e+01
6.859060515118325e+01
1.256962675255240e+01
8.807469047050675e+01
7.703660399515023e+01
3.015270164709198e+01
5.133155181600318e+01
4.249808110413052e+01
1.692382382085725e+01
1.469477858147341e+01
6.263860867481614e+01
6.719658759757718e+01
9.389787837578815e+01
4.743142870600867e+01
9.074694108718398e+01
1.746368897960693e+01
6.476954313217176e+01
8.550872098911028e-01
9.783066552962674e+01
8.628398901144229e+01
5.773506535111697e+01
6.502787501785340e+01
6.677886963206291e+01
7.033848472420988e+01
3.899977600155388e+01
7.260489672078047e+01
9.949841131432839e+01
6.462137255101528e+01
6.854659103255094e+01
4.268817586949476e+01
9.507299517051922e+01
7.841366798543076e+01
1.127878097411188e+01
3.162847595830843e+01
9.040698743909923e+01
6.358120402487982e+01
3.358165241479019e+01
2.943070634707376e+01
4.050065159820982e+01
5.050547623564744e+01
7.058780909077628e+01
4.969739855718678e+01
5.517448487466876e+00
2.421345451111601e+01
8.516218861805378e+01
7.083891866302068e+01
5.116164789123538e+01
4.993173175022552e+01
2.759720963779707e+01
5.250317214639074e+01
4.256938227571984e+01
7.642259345223317e+01
1.757890485114367e+01
9.199530384130557e+01
7.172069501677561e+01
3.064884721797372e+01
9.691837290158419e+01
8.731029815380941e+01
7.711609680071292e+01
4.414607805392988e+01
3.026683792949972e+01
3.083556519394534e+01
3.417054216105982e+01
4.154561890361161e+01
5.187779206404359e+01
1.226969669213039e+01
1.431436930518335e+00
8.545944447883379e+01
1.712739687279211e+01
7.185771580406359e+01
3.596492071448123e+01
8.582588806088357e+01
5.615919970728420e+01
4.949298079567635e+01
1.003934252543344e+01
4.132138832533796e+01
1.814266229893205e+01
5.171648606272251e+01
5.749539879965382e+01
4.792910909649409e+01
8.516917721609080e+01
3.986721497022883e+01
3.326138403884200e+01
8.047895235031794e+01
3.657471082945108e+01
3.334038790005277e+01
4.585839623858146e+01
6.062918066076430e+00
2.091904996005774e+01
9.923424241097376e+01
5.020899616657244e+01
5.118588788955747e+01
8.202970748861772e+01
5.670626971717284e+01
3.037200636713393e+01
9.956087572479662e+01
8.221471238984481e+01
6.939246215363613e+01
8.502032020363040e+01
3.834963810553292e+01
9.163895775174673e+01
2.098524087154550e+01
8.431201036288962e+01
4.779815745903093e+01
7.256218491707099e+01
3.421486864528379e+01
8.911954578436891e+01
8.778828619410670e+01
5.504090155243915e+00
8.037266581336627e+01
3.175683572504522e+01
6.291407629051902e+01
7.841506510899173e+00
9.438171568065030e+00
5.031045808005634e+01
2.520973157380230e+01
1.394682629683373e+01
2.398202154970822e+01
7.310791056282255e+01
6.239203459694611e+00
2.321626396068198e+01
6.860465820348108e+01
1.092010774226864e+01
7.089934762143500e+01
7.895639011587780e+01
7.615004064335955e+00
4.759409746508771e+00
9.557293480987332e+01
1.834796789025328e+01
2.699795883474777e+01
1.395526319460723e+01
8.129595940992979e+01
7.646578437484138e+01
4.067106630684392e+01
2.119794037248843e+01
8.982694493132966e+01
6.417521874614769e+01
3.033460869003767e+01
4.351476586587484e+01
5.827701266774768e+01
6.230985655556892e+01
1.128289821151779e+01
2.119108895826670e+01
1.854878096773698e+01
2.818287635603122e+01
9.931471431595959e+01
8.711686967272165e+00
6.349962924770062e+01
7.990154655645674e+01
1.221574191572878e+00
2.719723867587617e+01
4.651299977978366e+01
9.579842602638455e+01
7.108188977981075e+01
9.551026369235956e+01
2.157585985100635e+01
8.244519591445346e+00
8.787257074745027e+01
5.036044123133665e+01
5.147368779940237e+01
2.726763222704997e+01
6.431570442594388e+01
4.489059333917247e+01
1.981889853245527e+01
2.446493740401460e+00
8.610565629140737e+01
6.884686777780152e+01
2.407008270922586e+01
5.778522135586721e+01
1.489112927340489e+01
6.281383380424875e+01
9.864291525382684e+01
4.097279680006802e+01
5.426025332615723e+01
4.569632045258597e+01
6.580143923210046e+01
5.357496759555068e+01
8.336968016036306e+01
4.387652745650919e+01
4.999332765582638e+01
3.771613167492493e+00
7.107376613238536e+01
3.265250936739729e+01
9.957003919387704e+01
2.137398469325806e+01
4.079705059565467e+01
7.432485524300712e+01
6.285024209080741e+01
2.866962129653879e+01
7.507915262835061e+01
1.976893144648938e+01
7.202273550071881e+01
2.701705905004268e+01
5.921452322938224e+01
9.184163403317407e+01
9.144749464068911e+01
4.532017947422349e+01
4.042493018341480e+01
9.402195312735716e+01
5.407074841394590e+00
9.061431982117440e+00
5.683578688503979e+01
4.049990048655304e+00
6.871726045790932e+01
6.517129347900455e+00
3.460430434653735e+01
6.209029548898819e+01
7.897059148129570e+01
3.715434332245697e+01
9.297068616979321e+01
8.401573504508274e+01
4.092595648994946e+01
6.404445225561246e+01
7.400438239518757e+00
4.049599563726037e+01
4.968350909169927e+01
4.819748883517342e+01
6.773113136539754e+01
4.004919642584827e+01
1.821164796976915e+01
3.950614730804514e+01
8.109571909582975e+01
7.391172669544432e+01
8.435512161085154e+01
1.115700952296937e+01
4.073147966560511e+01
8.945337486893561e+01
1.620720178643577e+01
1.419981383448458e+00
8.619428909672159e+01
2.066827342876618e+01
1.048141341213203e+01
7.939072455251157e+01
9.576257322717579e+00
7.919867387004135e+01
8.590785390041204e+01
4.418056166925493e+01
2.829283253675924e+01
4.621619537762189e+01
6.252567333286893e+01
9.286966374743248e+01
7.757454280628568e+01
6.382909857846288e+01
6.658300695316075e+01
9.713677600824124e+01
6.275685707235562e+01
6.250692525063963e+01
2.850572589249617e+01
5.942295047427665e+01
1.477635284642519e+01
6.269696762910903e+01
7.462399400520324e+01
5.692924794597982e+01
1.158681321497392e+01
9.988204394461683e+01
2.685391196368910e+01
5.231829288057903e+01
2.188206087885521e+01
2.942472637138550e+01
5.041022740789234e+01
5.173993513534774e+01
9.574160580325015e+01
2.321197568588516e+01
3.724303489422567e+01
5.966925712286925e+01
4.341836154620087e+01
7.631519864141717e+01
3.849818745558066e+00
7.171119408296011e+01
2.253139397247294e+01
8.518472373726998e+01
1.635314403863304e+01
3.052739418601961e+01
5.946887892646197e+00
7.828268365854522e+01
9.039569301083483e+01
2.135830303717326e+01
4.078960886261873e+01
7.622555046166552e+01
4.778015010421171e+01
5.938283864379993e+01
3.892251804420842e+01
6.486400527174771e+01
5.525491053948873e+01
5.050933130574847e+01
1.045500860105036e+01
7.079187583680817e+01
2.827624139761377e+00
5.037925562373328e+01
1.214600182703976e+01
8.937960233976115e+01
2.774058982159038e+01
5.030960200834536e+01
1.259157802564631e+01
6.498362471581606e+01
5.915936797818140e+01
4.894158292978144e+00
9.989635366941633e+01
1.382867787677267e+01
3.591514175567549e+01
6.383021732970617e+01
9.901340161404265e+01
6.836825956980151e+01
1.659354167831761e+01
3.671108718808325e+01
2.766693366117167e+01
6.989234642586315e+00
5.806939022525651e+01
8.497129747875562e+01
2.132396792123279e+01
3.885064369014029e+01
9.130787746576028e+01
2.294415068949766e+01
3.142943220745280e+01
8.691116864183506e+01
7.264663445420872e+01
4.954318257493115e+01
6.237473164795653e+01
7.547425864053623e+01
9.992243819866444e+01
5.111959429975580e+01
3.204015704432510e+01
3.462553133006465e+01
1.827588994907024e+01
6.449152457736970e+01
6.848546204552308e+01
2.287979490257790e+01
1.702969089012113e+01
9.961647600848995e+01
7.865797284928057e+01
5.294483264579662e+01
7.361450268589635e+01
3.572187434682710e+01
9.649299569264660e+01
9.020804436421398e+01
9.548303507989414e+01
8.900722525501961e+01
9.719727900680027e+01
1.091325446540176e+01
3.696937218167324e+01
1.870665620952223e+01
4.328386902030738e+01
2.827724960086739e+01
2.549367259512361e+00
3.362728400790472e+01
1.986010541201574e+01
7.519600171372109e+01
3.235004615613727e+01
8.223483705997226e+01
5.067026030769119e+01
9.066444951606191e+01
1.871435056380664e+01
1.219370668390473e+01
1.161313104052708e+01
5.772710664091962e+01
3.553616056942202e+01
8.009859313261629e+01
3.739740300802394e+01
5.256585145954315e+01
2.462657914712400e+01
1.731537427628198e+01
5.510684058773649e+00
6.349738112813671e+01
5.303724866967519e+01
6.595765201652313e+01
3.736022172372799e+01
7.939009609603794e+01
2.648383501287728e+01
2.802062254772551e+01
5.966870629213225e+00
1.332196863988506e+01
1.766256378854744e+01
5.734426880131674e+01
5.100679060025457e+01
3.386413577658317e+01
8.993372208901388e+01
6.145932369933432e+01
9.060137443738123e+00
2.228376824515116e+01
4.369416071274046e+01
7.703764390993754e+01
3.039506195597121e+01
9.085833006112759e+01
4.244081515001172e+01
4.200819299649829e+01
4.624743822321642e+01
5.861035681264958e+01
2.210678608254845e+01
1.953460011609578e+01
5.891065325537262e+01
3.195728041788437e+01
1.010110714011877e+01
7.981508051967950e+01
7.427930802771789e+01
9.720696271267113e+01
2.339888239437662e+01
2.919247105214394e+01
1.544590015683598e+00
8.622821238181936e+00
1.092377324165952e+01
5.421234530127251e+01
3.154000501685776e+01
7.966514354556107e+01
2.345230766732819e+01
5.467266573322595e+01
6.063228587649403e+01
5.376346300065678e+01
1.613198938599415e+01
8.798447288013271e+01
6.544263184324029e+01
5.982615014530074e+01
1.406461494698404e+01
6.442293155213023e+00
4.834648168103140e+01
9.764405563363995e+01
4.845048619827744e+01
5.089119395748302e+01
3.448240576986336e+01
4.596225919479609e-02
2.762311977689300e+01
6.502523290227411e+01
8.254693685218083e+01
3.309538049301849e+01
1.078744093458515e+00
5.803398245854024e+01
6.282493633349656e+01
2.447762648783513e+01
8.722645355725031e+01
4.410950543550286e+01
6.212058736110133e+01
1.218806082019026e+01
6.173548086627176e+01
9.366059242452522e+01
7.873157299064640e+01
5.658879310665130e+01
9.197521861268916e+01
5.248549024224537e+01
8.446775301567639e+01
8.107207952117179e+00
9.975235708977671e+01
5.537591602437939e+01
6.793335809741792e+01
7.287147295329322e+01
6.181820922615855e+01
1.627983977844931e+01
4.890991493543140e+01
1.026869537786986e+01
1.087375963613100e+01
8.339232075186088e+01
2.378082043667362e+00
3.232201926052664e+01
4.749435589066444e+01
6.337290446431045e+01
5.594149709490197e+01
4.949629770102738e+01
6.815601865209455e+01
9.850641246815510e+01
7.397392423542864e+01
6.811330172611089e+01
1.601493792422811e+01
8.599767362978201e+01
5.801182564255400e+01
7.775041879049988e+01
3.550558240874931e+01
2.824805221904444e+01
3.315640568414536e+00
2.748080097487234e+01
8.073354246128982e+01
8.800645362958612e+01
8.062740372523078e+01
5.703206493381041e+01
9.114342606214034e+00
2.608749448605231e+01
9.681535782144188e+01
9.983845059752392e+01
8.310425648610305e+01
4.678466219770939e+01
1.010714592882765e+01
4.127994391195474e+01
4.832832591995984e+01
6.156999979241286e+01
6.299698574608051e+01
3.015633902054110e+01
1.900629579043309e+01
2.161986204870970e+01
7.940972711863449e+01
7.571290497468453e+01
2.170190784228123e+01
8.370704896920688e+01
8.434624540821940e+01
3.771684576650934e+01
7.614857395000224e+01
6.030121481060107e+01
1.546726451044309e+01
6.749573301872971e+01
1.498775715706300e+01
3.170071511142921e+01
1.481597382333874e+01
9.367995224598793e+01
1.427230425843611e+00
5.040398279689438e+01
5.071201717979834e+01
3.514897252207108e+01
4.840820117313797e+01
8.013853546238437e+01
3.928592239473291e+01
5.887919811479711e+01
9.849503165972187e+01
8.258745804549542e+01
4.401523016580159e+00
8.118470082114669e+01
4.032618195765008e+01
6.739850876266067e+01
1.888482832297907e-01
9.463220000948394e+01
1.421340942113353e+01
5.812810783187305e+01
7.034510498416849e+01
5.003739523237449e+01
4.366935377180081e+01
5.469135034582175e+01
8.775424099888384e+01
3.920268110893792e+01
6.239882771037465e+01
3.221505462760807e+00
9.283609194347453e+01
2.998032231348582e+01
2.305459488325501e+01
2.145711403407953e+01
2.366027455947374e+01
2.343164101402817e+01
7.114456117672127e+01
4.999724060762546e+01
8.190914172768086e+01
1.979423501519218e+00
5.396169533671890e+01
2.165035252536198e+00
7.570598012567777e+01
7.301589030447224e+01
5.155810362266288e+01
8.010750318882404e+01
4.691172845052170e+01
7.150641133613251e+00
4.750601190491859e+01
6.363986342383542e+01
8.651648554323077e+01
7.584149929501186e+01
5.368265623863910e+01
8.412070539040523e+01
2.587889448082023e+01
9.735201001043990e+01
1.155294082665487e+01
8.050360320159402e+01
2.929962562830170e+01
2.654550598307769e+01
1.685464094246488e+01
7.568507137507436e+01
7.652465569624894e+01
9.571297615566895e+01
5.797996560948899e+01
7.554412380584708e+01
6.812362664757465e+01
8.067030817301493e+01
8.722175661810756e+00
9.320025895405573e+00
2.723093145863662e+01
2.907925319349359e+01
2.733484065501711e+01
9.907463970551018e+01
2.961635251045989e+01
4.115488871054486e+01
7.918214284776811e+01
5.534485078199992e+01
9.672053577225680e+01
3.353304864537579e+01
8.515727128142365e+01
5.729371530809148e+01
2.457734203179243e+01
8.828921056738552e+01
1.528106565367480e+01
3.446379352103165e+01
7.001938045491436e+01
2.570824661557947e+01
5.000508746598152e+01
6.456639895428270e+01
5.225375259865716e+01
5.889632490412161e+01
4.548713413322677e+01
8.779580848654536e+00
9.775537643477105e+01
6.734249678782304e+01
8.896568375125791e+01
6.004606893288255e+01
3.327980429552486e+01
4.352407825343501e+01
8.521587433536345e+01
2.618472093072940e-01
7.541431857990769e+01
1.255071494381442e+01
2.853673213559051e+01
7.469847489832830e+01
9.930749102463363e+01
4.954197677917303e+01
3.004332568032822e+01
2.438755520823763e+00
7.807909882537979e+01
9.479926223624463e+01
5.663970078185186e+01
1.690909355734899e+01
2.169541028407189e+01
3.366991008337117e+01
9.253160357127507e+01
9.171479073898624e+01
5.937815669895063e+01
3.457328748636566e+01
6.874815154296725e+01
9.471321468926649e+01
9.346961239048727e+01
9.314053137467268e+01
2.041149009969621e+01
9.122498877869219e+01
5.031099638450471e+00
9.377173804387997e+00
5.127105766500861e+01
3.831090393397534e+01
5.290125210438913e+01
3.798770943562859e+01
9.495936780933262e+01
1.588377734454525e+01
4.903764694418648e+01
5.068247129706781e+01
2.091444843491281e+01
4.048130616568090e+01
6.643657151909386e+01
9.261426459653967e+01
1.910207351627856e+01
8.530534807839681e+00
2.547015502372298e+01
2.221679939991645e+01
1.130417367038511e+01
9.698342070774335e-01
5.588670948328762e+01
3.835777195094050e+00
9.268462499262981e+01
5.780022356556739e+01
9.516369555851617e-01
4.726975031535595e+01
2.689677538671381e+01
7.610317951818145e+01
9.789033927856494e+01
4.730826553297614e+01
2.310366575750693e+01
7.152715575486755e+01
5.668543933736414e+01
7.437472346908167e+01
8.375228526245444e+01
9.586691395187142e+00
2.332050903854915e+01
3.974747710849507e+01
3.509127494650486e+01
5.989930236707409e+01
8.519791592154556e+01
6.632562906775887e+01
3.806084861888590e-01
1.498184195485983e+01
6.554071743299286e+01
3.082803638224864e+00
7.984375766471203e+01
4.481514135599841e+01
4.157574420868221e+01
7.346713429943991e+01
4.578497556307585e+01
1.410121378214155e+00
5.605929128642161e+01
3.846960050913953e+01
9.788610902516456e+01
1.571197617599367e+01
2.546411306851735e+01
9.276601238770691e+01
3.578086017434525e+01
2.614963251452410e+01
7.564944661019810e+01
7.069431900544760e+01
7.159101384300321e+01
8.211998319352045e+00
4.506904242796313e+01
6.094612742818246e+01
3.692835035590844e+01
5.593069785085073e+01
3.405495208411242e+01
5.529438636977896e+01
5.666446911947078e+01
6.344907645296728e+01
4.254998799532186e+01
1.621060870411369e+01
7.843091840782711e+01
7.285467603842480e+01
1.929341234233855e+01
1.293229251770875e+01
1.766981734785708e+01
9.637231989594750e+01
1.406101324318955e+01
6.345479291093293e+01
2.577932794847494e+01
7.912519126158449e+01
5.907485096672310e+01
9.793047350734960e+01
7.075900960283307e+00
8.453896403524045e+01
9.069648584849037e+01
5.466655420822396e+01
1.381337675909203e+01
1.623468027274808e+01
2.536087316710542e+01
2.775024344574206e+00
4.357633923346938e+01
6.741762541579904e+01
4.074768961442062e+01
8.050468958937780e+01
2.636061344591930e+01
7.480264174509917e+01
5.252431484522499e+01
5.067798520935606e+01
3.825171815150032e+01
6.235165668760969e+01
5.840122241452394e+01
1.668263651276130e+01
8.114892895386970e+01
7.769463475686248e+01
7.487450655311090e+01
1.859792681345619e+01
3.411076573380770e+01
8.802155409381797e+00
3.155555624121594e+00
3.415513026255888e+01
6.270145353055627e+01
4.176340379834333e+01
7.029748473795945e+01
1.190623017582401e+01
3.405697319379867e+00
2.278208957183272e+01
2.444390865249741e+01
8.440638640169351e+01
3.211062570666458e+01
4.980478181960284e+01
2.623464634001006e+00
7.568696494013395e+01
2.023469741467139e+01
4.337115429498775e+01
5.619165448294564e+01
4.659531090715682e+01
1.817379599352078e+01
8.715969281604499e+00
2.079718030094969e+01
5.642551414502110e+01
1.370269340169741e-01
7.487153102404976e+01
7.310815065778240e+01
1.247192128210884e+00
2.488178169582122e+01
3.390983242257956e+01
5.013449632103298e+00
6.986217809368958e+01
1.722194813993850e+00
6.542751857332304e+01
7.306862551396182e+01
8.471983442302786e+00
6.519066452290429e+01
6.553389465694032e+01
2.037821366469293e+01
8.457516901408097e+01
6.218366216038525e+01
9.583542682036544e+01
1.794243092552872e+00
1.043782840037617e+01
8.847841079741643e+01
4.609374443352863e+01
8.976376982860442e+01
2.868439067559521e+01
9.884278234040494e+01
2.479934358261495e+01
7.527970158275204e+01
6.596265801506240e+01
7.366113284307585e+01
6.406562615375296e+01
9.898044825484065e+01
3.786230536078210e+01
2.411293151048614e+01
5.955584741176844e+01
2.391648917641327e+01
3.613455474196680e+01
2.588098883902700e+01
7.780343507314261e+01
8.330398662169650e+01
2.760318369958698e+01
8.776475679490936e-01
2.101824466186494e+01
9.202683204413709e+01
2.212343831645485e+01
1.954596155301945e+01
9.580248482329885e+01
6.698607283969693e+00
2.548413114877610e+01
8.487274627428164e+01
4.107119470884613e+00
3.900459689973136e+01
5.155312342175894e+01
1.291055814964257e+01
4.105736619842116e+01
2.200683021080067e+01
6.367997436955570e+01
7.361111262515705e+01
3.832236874770484e+01
2.666207818624660e+01
2.772616694109801e+01
8.756376923414123e+01
3.745607977614556e+01
2.439242132212614e+01
1.167670069806124e+01
4.454657307106376e+01
4.647467925514778e+01
3.036855302302565e+00
7.042756191009076e+01
4.983840130727663e+01
8.854198092061188e+01
9.803074560967774e+01
7.994274975729303e+01
1.273407480341106e+01
9.005757765381485e+01
2.843880608139504e+01
1.465815990914505e+01
6.858871349533494e+01
1.961441352945493e+01
4.014229110448728e+01
3.792249077834305e+01
9.357730908951597e+00
7.914688800421864e+01
9.448059824969648e+01
7.318915998246015e+01
6.231291767317472e+01
9.935376276232012e+01
1.717242226804254e+00
8.097002808049788e+01
1.377396016091758e+01
2.837932041305086e+01
5.738973345485969e+01
7.512611810822325e+01
6.988867608359487e+01
5.909165905746243e+01
3.691660139566129e+01
2.197614378387860e+01
9.030766230556539e+00
7.088245077565426e+01
9.240370569396936e+01
3.347543433004778e+01
4.851400705450867e+01
9.043445130364711e+01
7.403438145948313e+01
1.909787581260217e+01
7.763093457446942e+01
1.473542145208242e+01
3.375603576831335e+01
9.677744135110520e+01
8.449194630817134e+00
7.389832687280062e+01
1.272773417305561e+00
1.995939268728690e+01
5.574310452479082e+01
9.074838766397367e+01
5.581698215371789e+01
2.110371856070297e+01
8.903626589525317e+00
3.603774189764529e+01
4.137415836629186e+01
5.279266017153518e+01
8.915638634430077e+01
8.851518616476804e+01
9.780370490523228e+01
8.321582068838916e+01
9.162012398784054e+00
4.553475391377451e+01
5.259617513632224e+00
8.365039056336991e+01
6.081723457240371e+01
2.733016434466940e+00
2.580763815241290e+01
2.024166622210372e+01
4.324107204714840e+01
4.778860139091900e+00
6.961717152484562e+01
6.852215024108168e+01
5.052662112308974e+01
8.731716782195362e+01
6.529959154562074e+01
6.112828290142505e+01
7.727153411939346e+01
6.323519156465083e+01
2.802867369168842e+01
3.031674890328047e+01
9.337408500414998e+01
3.718360934275371e+00
9.072087918907444e+01
6.455501637633658e+01
1.422059816039195e+01
3.209503750880017e+01
1.125451708736574e+01
7.061494447785194e+01
8.216539089668792e+01
8.503630803201176e+01
2.443996026387437e+01
9.521904107891910e+01
7.515923305189202e+01
7.531932544676555e+01
3.389302791743214e+01
3.257635051038877e+01
7.291499556643656e+01
5.970066606984504e+01
8.309564622263221e+01
6.094511689662239e+01
5.954268563517494e+01
2.449270758055742e+01
4.498317169257587e+01
1.266334355467155e+01
5.608602494750452e+01
9.476685868332481e+01
3.969170141019472e+01
6.717984260394230e+01
5.800205020140952e+01
6.772037510188314e+01
1.185816070617091e+01
1.365343994165465e+01
3.542473117607866e+01
8.157747382371570e+00
8.512390008434835e+01
4.894769920452857e+01
8.649022462148696e+01
6.544105944477072e+01
3.947556681906598e+01
6.865561547160875e+01
2.654726739346388e+01
2.914879099891931e+00
8.253657318769795e+01
8.075475081836561e+01
8.492225328689545e+01
1.050421037269021e-01
8.218766752732344e+01
5.783724880676588e+01
5.357671270779181e+01
9.672042601589133e+01
1.878236570338829e+01
8.568665468398791e+01
9.261499433434335e+01
9.365192441905472e+01
1.591867395486621e+00
5.519268571175294e+00
4.301649147785105e+01
9.914599265863467e+01
3.452827843582643e+01
7.637279996479526e+00
6.686636776051780e+01
4.638643918856347e+01
7.518109543024613e+01
7.634971420110655e+01
5.694632258124012e+01
4.629781951489757e+01
8.072006259147081e+01
4.343654715616096e+01
8.847571405976811e+01
5.395839421728551e+01
1.209216258120358e+01
8.798864720761248e+00
3.994762489569729e+01
7.207518134828432e+01
8.984729405019772e+01
2.486987813602662e+01
6.595122798623109e+01
9.155720094757024e+01
8.701375624491541e+01
1.952794064745677e+01
1.924998127820435e-01
7.874616355576839e+01
4.948654577577791e+01
9.434884558168652e+01
2.380258996216701e+01
9.210163023886346e+01
5.514501210076036e+01
9.275561696512420e+01
9.124762285093200e+01
9.402183969226752e+01
3.257499473755015e+01
5.811399056488368e+01
9.657297520738699e+01
5.268357785077932e+01
3.107672237375598e+01
8.094895434610031e+01
9.898139736567690e+01
8.728822455149526e+01
9.695584489822194e+01
7.602424559929605e+01
1.763292156049652e+01
2.717421777880482e+01
8.665544660140549e+01
5.758054645619380e+01
8.112318882770985e+01
9.569101668693638e+01
4.889968319279127e-01
4.707441676737481e+01
7.399037972744105e+01
6.515755158157906e+01
6.245817908200350e+01
9.659343357039309e+01
5.796882219518015e+01
9.924969645182122e+01
6.543665219351493e+01
1.638616966846686e+01
9.135132664411856e+01
5.251305180253137e+00
5.607132974829121e+01
8.259894944848443e+01
6.075140305829766e+01
2.915945231409718e+00
4.071294001336812e+01
2.664819426212842e+01
2.140712552769442e+00
3.713203432836199e+01
1.084367591461338e+01
9.924596338497751e+01
4.021698201085300e+01
7.435079290268514e+01
5.692992888248056e+01
4.631414238657530e+01
1.684752819912859e+01
7.923852539585835e+01
9.963372689654759e+01
9.797071702683844e+01
9.907791339749373e+01
8.208415148876801e+01
1.260912069706671e+01
8.933944631802825e-03
9.356507570183140e+00
