6.715039618646279e+01
2.613946237887231e+01
1.036325973009842e+01
4.216507004674760e+01
5.488722322270610e+01
9.436127631662472e+01
1.628608904606015e+01
7.974490871641082e+01
8.462508469104073e+01
9.338445393060542e+01
5.402352360730224e+01
3.993534531441301e+00
2.591237240746262e+01
7.962891253625457e+01
8.565401378350985e+01
1.679170504994304e+01
6.605296622312299e+01
8.330853194152402e+01
5.238349877874530e+00
2.282435895075293e+01
6.693245846169650e+01
1.570659923167275e+01
2.068226072969021e+01
1.982156025237477e+01
6.126513698197209e+01
3.166636253319045e+01
4.618128349361070e+01
5.844827231878800e+00
9.529029330950711e+01
6.388792398566749e+00
1.434245450158718e+01
4.057567345005258e+01
3.252825482400519e+01
2.470571427825173e+01
8.274074349680018e+01
8.741547804671129e+01
6.165263110848732e+01
9.902683258942646e+01
8.985044401597719e+01
3.157311171832174e+01
9.241128647346575e+01
4.193848173224296e+01
3.556664629632917e+01
3.801614848804481e+01
8.128227669805396e-01
2.122066003327289e+01
5.480785353798785e+01
5.110245405282008e+01
4.529191928230781e+00
5.616308322928989e+01
8.323545362019699e+01
7.146165038992727e+01
7.186968246096265e+01
7.300920857722369e+01
9.128321064230204e+01
3.313481944293473e+01
4.675571110414142e+00
1.279571713544229e+01
3.897964667481354e+01
4.580364615926689e+01
3.200513554364682e+01
5.332210122296684e+01
1.867652182405653e+01
7.374224200553365e+01
7.802781550121858e+01
1.417265274290585e+00
8.734476742676681e+01
6.435415854880314e+01
4.440978171509214e-01
6.185829805296766e+01
5.654895424682132e+01
9.285538429061667e+01
8.304220837682588e+01
9.211560054315049e+01
3.087153277866148e+01
9.352682553861608e+01
1.333626052985725e+01
8.567938631664933e+01
5.072082013390996e+01
8.858752361898661e+01
4.184246954593922e+01
4.041096807476644e+01
4.989463768428873e+01
1.371215196033574e+01
1.342017660542400e+01
8.061031349031735e+01
4.684697140327048e+01
1.809574771583814e+01
2.930478846156262e+01
6.569372465167834e+01
9.619659613640820e+01
2.372987816283939e+01
1.103897206999314e+00
6.337498163961571e+01
3.101231149910591e+01
3.805424647315137e+00
1.629038323475531e+01
2.571022288208372e+01
4.215237728420290e+01
1.673448105190624e+01
8.756852093505138e+01
9.870133153102422e+01
9.589865342522909e+00
7.061072926531115e+01
9.081693207417472e+01
4.046139812118439e+01
5.446576040911757e+01
4.153192557465840e+00
2.614078439126759e+01
5.186580496461401e+00
2.856937974159111e+01
6.798325393720681e+01
4.559754857122784e+01
1.134574791013531e+01
8.169540594410869e+01
1.652912363248371e+01
9.195606140045265e+01
5.050963333365956e+01
7.711347293905609e+01
4.093176100446459e+01
1.436899537889706e+01
7.331006902889817e+01
8.558780117220608e+01
5.351771467994793e+01
8.818318698936291e+01
9.567395066640989e+01
7.069424943565123e+01
4.473570177552090e+00
2.138417350192749e+01
1.284662667328800e+01
6.225097759731625e+01
8.952694436978872e+00
1.154795820431223e+01
9.130513779414126e+01
7.956342370229001e+01
2.364890231920821e+00
7.125931469316562e+01
3.402918406484145e+01
6.518082789386662e+00
9.740009913099934e+01
3.921576456130285e+01
2.853672785150666e+01
1.644188091924502e+01
1.523616556787685e+01
3.988247576164197e+01
4.707875891918259e+01
4.383103830918252e+01
1.493898188459639e+01
7.562113626656175e+01
2.094451120167249e+01
3.921685905159305e+01
8.999013164545882e+01
9.425458023057067e+01
3.743193728729707e+01
4.350784632540673e+01
8.243776717336745e+01
4.544462731361605e+01
3.989773836913413e+01
8.691133735091954e+01
5.449006145563445e+01
2.917000145147089e+01
8.119388580377860e+00
6.344275589261332e+01
3.859668063865820e+01
3.891730515235909e+01
4.300617954833721e+01
4.096157087057902e+01
8.788287271181256e+00
7.703536365974479e+01
4.747965365996568e+01
7.576718929957933e+00
1.625112817448151e+01
7.601638155803847e+01
7.296007195159795e+01
1.064441307012197e+00
1.426326097653399e+01
2.003883087078055e+01
4.489547961619472e+01
4.773739443520894e+01
9.565996713734231e+01
6.583999081786722e+01
2.050769255520203e+01
8.565009873623499e+01
6.009457100187176e+01
5.793962984249909e+01
2.915794501507559e+01
4.253233817523920e+01
9.104551779620607e+01
4.336004077613356e+01
2.944367547959261e+01
4.553557920527439e+01
7.040876321047953e+01
3.756306405997046e+01
5.826049021364212e+01
9.005443802571596e+00
7.648036925889569e+01
5.198451459965879e+01
4.996701467315062e+01
8.665698910442042e+01
2.901987821283745e+01
9.744666833311631e+01
9.423370803437834e+01
4.527100643388508e+01
7.346304984458865e+01
7.910009523811754e+00
4.633544774089728e+01
6.189018458215993e+01
8.723261081019072e+01
6.872404546883145e+01
3.709930155291190e+01
8.289257790096690e+01
5.707091812839309e+01
5.951152935601376e+01
6.854267663720188e+01
7.454694899476458e+01
1.554662395061302e+01
6.208867051735925e+01
5.969782725893791e+01
6.592141700252957e+00
4.106066238184491e+01
8.914150278509665e+01
5.212772090552734e+01
1.146942554575830e+01
2.670456679850098e+01
6.110605595684893e+01
2.047486934832990e+01
3.184936010830540e+00
1.309057055650771e+01
7.044188402148052e+01
8.984192511525094e+01
4.211044876934515e+01
6.788855235459681e+01
8.407563310306317e+01
8.738145520323025e+01
8.259770417706935e+01
5.126941304247333e+01
8.286052326804982e+01
3.071350927032228e+01
3.850202380609793e+01
2.494783020808726e+01
6.781281086980030e+01
1.908879714044221e+01
9.446277408602776e+01
2.541980497791423e+01
8.993727834426672e+01
9.918423746674519e+01
4.096642892852725e+01
8.763789994997806e+01
5.888206467911697e+01
4.755857067534633e+01
4.525254706165406e+01
4.802356741764749e+01
9.968629158087367e+01
4.016798787758126e+01
7.472813426271459e+01
6.079234753772261e+01
6.064285727247729e+01
4.065377737425909e+01
7.388291809423031e+01
2.843702576516058e+01
6.775499538879608e+01
1.599336681700934e+01
9.897329360198849e+01
5.183062844529312e+01
3.374822020239580e+00
4.032489575460781e+01
3.100041441200320e+00
3.709172491780097e+01
7.103840502493010e+01
4.160206529386438e+01
6.203955517245436e+01
2.607371533572381e+01
6.299666700092921e+01
9.308581296032565e+01
6.427102082607850e+01
5.293394529862979e+01
6.209553599455187e+01
5.237449754605745e+00
4.057184520204171e+01
2.124605561664610e+00
5.279602042995209e+01
6.927040753386467e+01
5.014817297931210e+01
5.248231196425963e+01
9.438395411445944e+00
2.487630719546057e+01
6.064356773190367e-01
7.008125268392324e+01
3.329815549463879e+01
6.274497451388509e+01
1.165993884748776e+00
7.054437285780179e+01
3.150944366655752e+00
1.392874867372622e-01
2.237500125652878e+01
6.525766386895332e+00
6.024741724145013e+01
2.547504274429522e+01
4.361749130469630e+01
1.150258821970904e+01
6.707710803815961e+01
5.657046430584531e+00
7.681453180351041e+01
3.007377499252268e+01
4.971534993951924e+01
9.798009265120146e+01
8.300772029115247e+01
3.424330173723553e+01
6.697279045682996e+01
7.919905813373582e+01
1.937818900653077e+01
7.265829507850962e+01
9.284997302705887e+01
4.523066936304359e+01
2.514060704276925e+01
2.288368391938679e+00
7.010697655850416e+01
4.181067330847060e+01
7.236962107586191e+01
7.083931056356025e+01
2.557284404783177e+01
3.794414048918716e+01
7.389341521723820e+01
7.377814463050018e+01
7.367490244734795e+01
6.581572814184042e+01
3.524955480138285e+01
1.413908564212690e+01
9.129077088613565e+01
8.761750244890223e+01
2.564167390840206e+01
5.836787887772912e+01
8.452409258322980e+01
7.599547802284150e+01
8.844165387025180e+01
3.423944247618292e+01
3.796890533434642e+01
7.144937411483814e+01
7.307052275774559e+01
4.941695744610250e+00
9.502893956146620e+01
2.227982963541515e+01
8.314087264386046e+01
8.787891254195893e+01
3.734548861968587e+01
8.281479640063587e+00
9.016728093389762e+01
3.761747551039675e+01
6.315291270760489e+01
8.965519880394228e+01
1.051382953790661e+01
7.226959023264683e+01
3.607251692380407e+01
5.395455637665212e+01
4.148670511389464e+01
7.978538655665955e+01
1.977028447192641e+01
3.624293340195107e+01
2.388650501327892e+01
1.106105531149593e+01
1.510997946146409e+01
4.952817892168098e+01
1.314738309623086e+01
9.963407204469389e+01
2.552365689795635e+01
5.787058801291072e+01
3.387351447431068e+01
1.614395976818351e+01
2.931996208118273e+01
1.485999488032423e+01
3.829254574994210e+01
2.434890164264892e+01
8.335067740797562e+01
9.767409977394813e+00
1.222781413804172e+01
5.086117635986822e+01
3.977278696362524e+01
2.674915205070244e+01
8.847865187026498e+01
6.474563580227347e+01
1.640435080807859e+01
9.899248140817159e+01
3.701522598835417e+01
1.004513912370668e+00
5.294703778482371e+01
3.800860458892240e+01
2.378907661130143e+01
7.271732225675012e+01
7.425153799087346e+01
1.600792762637507e+01
8.377837761481217e+01
8.936151749890368e+01
8.416661721848260e+01
5.320731175747109e+01
8.899558949703146e+01
9.690274069872812e+00
1.172852931159014e+01
2.286910397134214e+01
2.583423383805632e+01
4.937982780364334e+01
8.393995174390263e+01
3.842639985421039e+01
3.575162786792574e+01
6.729062910531212e+01
6.222818119555161e+01
7.697457767882132e+01
1.815180541861421e+01
8.027707081301001e+01
7.936967275076064e+01
2.818451362111816e+01
9.955543410012287e+01
4.430166973932724e+01
9.345130663991500e+01
8.203793260363766e+01
4.530618369826404e+01
5.856997643530833e+01
2.004653719256005e+01
7.090189078399068e+01
3.128729864549232e+01
9.429807518343351e+01
9.069655527858835e+01
1.506567621373836e+01
8.365959263577108e+01
7.486317245050481e+01
6.827298801777559e+01
7.265518213280252e+01
8.455344652037763e+01
7.935088778815739e+01
9.552428610414466e+01
1.038768031186782e+01
1.974874959315581e+01
7.946423780148115e+01
6.365413608199644e+01
5.307974850436661e+01
4.675486686022713e+01
2.507663267901010e+01
6.147009076619059e+01
1.133198394036479e+01
5.353703492020119e+00
4.083976347038512e+01
7.153712952115440e+01
1.669625193658110e+01
2.849266958818430e+00
3.296780420139795e+01
8.688594614476243e+01
4.996208113150768e+01
1.130527314325109e+01
5.246087985693519e+01
8.650573384319699e+01
9.347507129119479e+01
1.229352374202270e+01
7.720228907521921e+01
6.096160554371849e+00
3.041854762957364e+01
5.206546147915789e+01
5.035600743738748e+01
3.073729715810031e+00
9.117855033426478e+01
2.970689517897875e+01
9.859801581995470e+01
4.700658831140333e+01
4.759233759138377e+01
7.806225357486971e+01
9.855039794861824e+00
3.395115790606996e+01
2.481712038853072e+01
3.493167252043806e+01
1.370745576625106e+01
8.972379266737207e+01
1.771232393463716e+01
3.626101209607954e+01
6.126092218852644e+01
9.066178611976177e+01
2.140244525922576e+01
3.842099031359935e+01
2.129452201598069e+01
6.625894679048049e+01
1.118352981805034e+01
7.553700864107209e+01
3.835579596383301e+01
4.116837812642026e+01
2.229596363487466e+01
1.555808503905222e+01
2.325139754603216e+01
5.271451126444829e+01
6.098137714945775e+01
7.360740502998577e+01
5.578824102682445e+01
4.242454471179496e+00
3.314300162398396e+00
5.438625680021302e+01
5.124904278258283e+01
5.276994498109908e+01
3.244851037508273e+01
6.110408257744465e+01
8.672110288716904e+01
5.726563076361345e+01
4.919814260173502e+01
8.214235151286347e+01
7.940534310387696e+01
3.632113106377475e+01
7.875438089424482e+01
8.250345572945823e+00
1.319042407590450e+00
9.505124655321764e+01
4.667133588654517e+01
5.005904592110731e+01
6.131019329713201e+01
2.082237076052575e+01
2.559605451561327e+01
4.843311190997861e+01
6.199074888694600e+01
1.588934330078277e+01
4.332982084868933e+01
8.524214647954430e+01
6.065293683700866e-01
1.319329850990013e+01
5.884955146296394e+01
5.639477039519454e+01
1.743575298107963e+01
6.216385162536234e+01
4.161017003544148e+01
6.868479576366245e+01
1.493379660646142e+01
4.322953757049029e+01
7.366397579836844e+01
1.654899447064334e+00
4.951682875376047e-01
2.286211835353734e+01
1.702988209064579e+01
8.976318411983698e+00
6.214576445619844e+01
2.200614522304672e+00
5.573493729146893e+01
8.912868163973498e+01
4.200642339047344e+01
2.406273178014100e+00
3.918772751427615e+01
5.214570274210800e+01
2.322864393853985e+01
6.478378202988942e+01
6.367396137848216e+01
2.089993144427423e+01
1.267580013381122e+01
9.243713323606045e+00
9.369087628726422e+01
1.383271828006614e+01
2.243701183350618e+01
2.931109072142797e+01
6.967709994394197e+01
4.690958794528133e+00
9.147494234679031e+01
7.447730292308950e+01
8.557560531682130e+00
6.408738906685607e+00
2.368766466327369e+01
3.834643887278924e+01
8.063638400316069e+00
2.418283295081129e+01
6.417107226521293e+01
9.186088940681000e+01
7.166742471590052e+01
1.602697713115577e+01
9.406150392911466e+01
2.740236196080333e+01
1.544551826801408e+01
3.606792731958811e+01
2.980863513881743e+01
2.082379614972686e+01
9.639127095993202e+01
5.303727912392341e+01
1.941702776561353e+01
3.340418303078236e+01
3.825667194940926e+01
3.209282789942475e+01
4.264789640095453e+01
2.081701998636919e+01
4.537515744817217e+01
6.508490823446070e+01
3.802930192930125e+01
1.505225734554802e+01
4.957673049046505e+00
2.950424422952544e+01
9.551038448489754e+01
1.351523358072864e+01
3.591298318277718e+01
6.354695109815660e+01
5.186167245351787e+01
7.858729431339879e+01
4.338088205241639e+01
1.603274467216467e+01
3.583751094333712e+01
1.504830672175079e+01
4.234958139357603e+01
2.989901482588565e+01
4.245066872912025e+01
5.779509966159011e+01
6.596694214547377e+01
7.225930386793767e+01
9.713385514781524e+01
3.569716384434009e+01
3.520397447757608e+01
3.184537320949388e+01
6.910134687512245e+01
6.233011822324718e+01
3.510044181491268e+01
1.174924322951084e+01
7.227146610257749e+01
9.313358557090796e+00
5.720734892282977e+01
1.030076798531262e+01
7.629882505922524e+01
5.099686218937713e+01
3.980501226140419e+01
1.987600034097024e+01
9.530705814031282e+01
3.062661258998635e+01
5.135583707660243e+01
1.424758695729430e+00
1.969461698070849e+01
8.245493149499173e+01
6.320147526599536e+01
5.553212792404560e+01
9.750323826330865e+01
5.551056613005258e+00
8.543114274993127e+01
3.995390694586277e+01
6.334615632116149e+01
6.891886250531249e+01
1.221321076723431e+01
7.577450176504185e+01
9.917885032444207e+01
3.750979375909539e+01
7.619874927969591e+00
2.640892366245804e+01
4.037680702301525e+01
7.155807608345434e+01
6.794583884437840e+01
7.333451475637709e+01
8.087143464054513e+01
4.477999030834995e+01
8.363528274168972e+01
5.237050496617822e+00
2.721929132343237e+00
5.967584217883453e+01
2.511305083758805e+01
2.187887291511468e+01
9.915829040070916e+01
3.182219664185410e+01
6.904760350894537e+01
1.885290733485152e+01
4.664203177515512e+01
3.224907877494073e+01
7.438503525889713e+01
4.414526999189764e+01
5.703128825734895e+01
7.999350413679774e+01
7.444745631629949e+01
5.712203795887625e+01
1.121426285766729e+01
9.631238770499471e+01
5.434664280821878e+01
9.830951159741241e+01
3.382218141752396e+01
8.454066840211892e+01
5.450610711914771e+01
3.488523007132356e+01
7.343136420167581e+01
2.245194591695999e+01
8.219744781134532e+00
3.697017907955226e+01
6.723193622530994e+01
9.185502752282424e+01
8.244748640919452e+01
9.380375104667793e+01
8.595406407767631e+01
6.291384602101233e+01
7.014574951964698e-01
1.445361283349507e+01
3.150738069392153e+01
8.473022747073799e+01
3.330652021491272e+01
7.814941246907665e+01
1.697930619911259e+01
7.691555427243727e+00
2.229468241440816e+01
5.477944163362469e+01
7.097430530515234e-01
6.393859305602432e+00
5.592573329616604e+01
7.872199629373941e+01
2.706247010597143e+00
3.284652672374925e+01
7.703150784458570e+01
3.652842842812111e+01
7.745216799781292e+01
3.153761496373341e+01
7.141365849944468e+01
7.348593951830918e+01
5.398956088069340e+01
7.963340328057920e+01
1.045611855129531e+01
2.122149710600334e+01
7.148843080340346e+01
5.266334817403152e+01
1.502524810611515e+01
8.678375328275550e+01
8.603487735895202e+01
3.070787206790776e+01
1.237366069684441e+00
8.077092002181845e+01
1.543809953864575e+01
2.993884693362697e+01
2.964042175078784e+01
3.241740573775834e+01
4.223544175840702e+01
5.193510416519600e+01
4.776150386210601e+01
5.136482894949840e+01
5.832896351736456e+01
4.312258066754908e+01
9.869386446601425e-01
2.097908720419700e+01
7.596910739129832e+01
6.549667928623812e+01
9.756363895608283e+01
9.335630247060037e+01
9.703429424997154e+01
6.897729745552749e+01
8.397733209839899e+01
5.102385513066494e+01
6.382168236366551e+01
7.729836054020484e+01
7.224535223666828e+01
2.009913144637790e+01
2.996170866767024e+01
8.727060034278342e+01
6.882884682567271e+00
4.994533725545990e+01
1.797847241069119e+01
8.120250798817841e+00
1.436346490604964e+00
3.341657194933694e+01
4.266413708341501e+01
3.107676824139281e+01
6.583397768709528e+01
8.489957884182202e+01
8.301187245315494e+01
5.303082505847831e+01
9.464275403630117e+01
4.134083592395337e+01
9.615340572602740e+01
8.310792547795359e+01
2.376046405348949e+00
7.212251307075960e+01
4.860460471762559e+01
9.993968536143176e+01
3.443443217986936e-01
4.563889896759712e+01
6.232737016972497e+01
3.232105739057113e+01
9.666275409826206e+01
1.752768345993370e+01
9.619417884209854e+00
6.890810628836419e+01
3.762681490631160e+01
5.674446181242562e+01
5.617870658458151e+01
4.450969963544500e+01
8.952646380733999e+01
7.415717899527270e+01
3.465112207208346e+00
5.128953189183470e+00
9.313630619698033e+01
2.125643925799822e+01
2.203957853933777e+01
8.245546840245625e+01
8.019366635949987e+01
5.051450945926574e+00
2.643855364361711e+01
9.514094055403998e+00
4.639228686987995e+01
3.114504699182932e+01
3.031227455023317e+01
4.876833327522889e+01
9.471447239383798e+01
4.981072035143651e+01
1.761472007148653e+01
6.019328784206569e+01
4.022289856347390e+01
1.762500136048766e+01
9.251434523263683e+01
4.278013517278253e+01
3.515268482042136e+01
2.133763116846682e+00
1.775870971277296e+01
7.277949977329908e+01
4.171488966872678e+01
7.393741634392059e+01
1.728919936217796e+01
3.124135347606677e+01
4.809459529262715e+01
6.991914979644081e+01
2.220416377401174e+01
5.566834623723680e+01
2.835144476422642e+01
4.424374231334950e+01
2.907607482237558e+01
1.805429696946139e+01
4.929519330584220e+01
5.551462846599269e+01
2.024332388315505e+01
9.568748017572216e+01
7.810658778907107e+01
5.788066557509855e+01
3.184636232063470e+01
7.282106013634292e+01
8.473662016202537e+01
9.316383208761169e+01
3.301434793184248e+01
3.692446953473821e+01
2.940317258676662e+01
2.552869311791318e+01
8.577507305227921e+01
3.549431526823636e+01
3.612984881556120e+01
3.533782718486051e+00
1.872101799525368e+01
8.490847627860889e+01
7.747119906240665e+01
2.714146972966449e+01
2.423835113841964e+01
3.468333745127699e+00
3.423647523589268e+01
2.282286315356514e+01
8.123414059227059e+01
7.114260437485883e+01
6.706660546691464e+01
1.031021536808005e+01
8.064221696958049e+01
1.636179872619072e+01
6.582484383407274e+01
3.679283183850014e+01
1.204927890191287e+01
4.393143157657769e+01
6.609127356954444e+01
5.650509235286390e+01
1.675249166635447e+01
9.971712166430294e+01
4.966892439390948e+01
4.976683959819695e+01
3.664159115247502e+01
6.045775779544271e+01
7.529553271611013e+01
2.241666415818812e+01
6.399276017397305e+00
2.957988950869995e+00
2.595044692324030e+01
2.512029401265098e+01
7.233533490092276e+01
3.421645939080811e+00
6.113051137008262e+01
7.295403428047618e+01
2.898744029411461e+01
6.705987847738893e+01
9.577689743404132e+01
2.608377231568274e+01
3.820248285224777e+01
6.284350285438984e+01
2.053179620789913e+01
8.690206165746882e+01
7.920530162714668e+01
8.635664004197187e+01
9.511266960534857e+01
9.125458052905955e+01
3.028807157198343e+01
6.525324101804440e+00
4.775967283535734e+01
4.704056323833790e+01
6.242445719541258e+00
4.724905255588193e+01
9.680740283653485e+01
4.288403691858241e+01
7.053714057921299e+01
7.210293555264498e+01
6.530070107677052e+01
6.428563104210684e+01
7.506092450351497e+01
9.125114800001083e+01
1.161352354642634e+01
4.739625935787161e+01
8.000258588232221e+01
5.053643642484045e+01
2.035029359178166e+01
7.185613050677634e+01
1.759631485566325e+01
1.612719097925685e+01
3.388181511959146e+01
5.579879770791102e+01
7.897069383364669e+01
5.441361132749059e+01
1.055078846893776e+01
4.252672709642291e+00
4.077025136946247e+01
2.095611115030763e+00
4.943057589672067e+01
7.105832294144589e+01
8.620935216835205e+00
9.719024873207800e+01
1.809888617978379e+01
1.486338098294259e+01
9.461884591477869e+01
1.490628896975251e+01
5.774741790152500e+01
5.250520089292210e+01
8.700922452239749e+01
2.304811893172940e+01
1.679083188846280e+01
6.207014897934634e+01
1.429926693174023e+01
6.196756896654496e+00
9.466408290651817e+00
8.972060870831861e+00
5.673319332149494e+01
9.650811366574285e+01
1.842056699954931e+01
1.104624500081234e+01
4.219809888964431e+01
6.651411022362956e+01
3.012830588506921e+01
5.008793834135305e+01
8.783173486023756e+01
4.067909440057310e+01
8.309058210956425e+01
6.169797292058262e+01
4.277470551560386e+01
3.252115800628492e+01
3.607124180350045e+01
5.139564073243906e+01
3.409070159964762e+01
6.333287966592837e+01
6.625902171538166e+01
4.789686796623136e+01
6.224819871701682e+01
2.400643957034053e+01
7.683545349949759e+01
5.277069548739618e+01
4.705455854863606e+01
9.362628538796039e+01
1.484084446674252e+01
6.135382548037629e+01
9.982304228461490e+01
2.430725275739434e+01
7.032588635120814e+01
5.655623560610983e+01
5.412395468639394e+01
6.865159630247001e+01
3.088574378326803e+01
6.784750151813379e-02
6.947229167887582e+01
6.101404966833724e+01
2.498243419685515e+01
9.040001322999596e+01
1.693144022344213e+00
7.671407348323336e+01
5.209798610401246e+01
4.446784953794808e+01
4.059417431270433e+01
2.195049138830532e+01
9.586349031695327e+01
7.030558100450112e+01
3.570946391472102e+01
6.212251198576880e+01
9.463583361107662e+01
1.470934879719715e+00
6.894868433892199e+01
7.147128706400808e+01
5.424163036711590e+01
3.318351010474540e+01
6.509757240540235e+01
6.908247483385843e+01
9.720019255634407e+00
6.492061469001725e+01
9.338972763781889e+01
5.995104855855510e+01
2.147685024956095e+01
4.751368227764670e+01
6.782140329844384e+01
2.161357049905396e+01
4.758152977916483e+01
1.361471084580510e+01
1.337664365460008e+01
7.256396402258611e+01
8.645851178395493e+01
1.506978772351043e+01
8.063698032900550e+01
7.979169421819583e+01
5.953763726145851e+01
2.123115459514370e+01
9.428825275706512e+01
5.540112753184565e+01
9.153673559964483e+01
3.554400058255717e-01
1.752363951761445e+01
8.617256921072145e+01
1.826374885545287e+00
3.652591073723785e+00
5.764385622816340e+01
5.606800525266119e+01
5.836060245445026e+01
9.585098498307680e+01
2.515048008651960e+01
6.808062171008467e+01
7.140881604114958e+01
1.854020767777237e+01
9.623665860678845e+01
6.447139436587290e+01
6.362981966865706e+01
6.405806185866616e+01
6.150148755940678e+01
4.871817708421414e+01
1.351756789419687e+00
7.487813121400686e+01
8.619938371060387e+01
2.904546490360306e+01
8.994791893751729e+01
6.683636399304325e+01
2.904529898848631e+01
4.948555619897579e+01
8.806751858818694e+01
7.348313525946956e+01
4.886683684255315e+00
7.554136224814754e+01
7.383857526529513e+01
8.695675781320629e+01
6.577682335198709e+01
3.000836899970116e+01
2.606291427559355e+01
1.106406562545526e-02
3.173295535693548e+01
6.289901545406273e+01
4.616210816715011e+01
1.709542917883742e+01
9.427245217108748e+01
6.727086508985184e+01
7.542364312122746e+01
9.373682816221232e+01
4.296304497074478e+01
3.155223514491330e+01
5.456717258997595e+01
1.782722422751934e+01
5.511295276466429e+01
5.591892937939564e+01
3.610373914060357e+01
4.131233642870203e+01
8.496439428299870e+01
6.929058263510959e+01
8.148700421745284e+00
9.380155340479759e+01
1.877613878751925e+01
9.621621900993223e+01
6.728468861770102e+01
2.366282251834070e+01
7.582047315119787e+01
4.112326383643004e+01
5.464279123332481e+01
4.159729645661884e+01
6.262010189826604e+01
7.213606004237015e+01
6.501797603676933e+01
4.852116934420596e+01
3.503507544986675e+01
1.118008415735331e+01
5.404604741094916e+00
5.723641908598896e+01
4.500423564808641e+01
8.082824790888850e+01
1.981663830569789e+01
8.796728061883118e+01
2.230578089240276e+01
7.438381089567385e+01
9.243181314898273e+01
8.444444792552126e+00
3.030274022850336e+01
7.177447684657503e+01
1.873107008576909e+01
9.929226622883802e+01
1.554239271932393e+01
2.687977050751437e+01
9.068687869733520e+00
5.984119826920386e+01
2.309598947088048e+01
7.635337653400069e+01
8.350402078754455e+01
9.891646266864448e+01
1.747664032386459e+01
1.958984649721060e+00
1.807962084099633e+01
3.426485431113506e+01
1.713226456992899e+00
4.775630177359856e+01
4.220761677353067e+01
8.739697085106604e+01
1.671181927281982e+01
8.819062839643593e+01
6.605582957437998e+01
6.171605492090622e+01
6.752879608773105e+01
8.587246788007788e+01
4.968333549317128e+01
9.132465719772721e+01
6.025627877575172e+01
3.303555964167955e+01
6.874339080822813e+01
9.055901900425508e+01
1.388962539559678e+01
8.747446089399720e+01
1.820785315623873e+01
5.495468487728140e+01
1.435423135494545e+01
1.489484138549065e+01
1.479588309991913e+01
3.745022087239205e+01
9.124821791949134e+01
9.829990388746369e+01
3.636668349447040e+01
2.722851644606726e+01
2.787707030208645e+01
7.688044257316758e+01
4.298971250792486e+01
2.959029680564548e+01
8.241217768863410e+01
2.577573611669975e+01
6.633859875907126e+01
9.912399696145393e+01
1.396636451313568e+01
8.386217867204090e+01
6.084005183579403e+01
8.298524077189398e+01
7.946881576416493e+01
2.233624431413423e+01
3.417842063781732e+01
7.641984330323518e+01
5.263853592455319e+01
4.305328873128318e+01
9.533543027720202e+01
6.652816132014998e+01
3.052774957871425e+01
7.490834736959467e+01
9.395095156224023e+01
5.811110216104942e+01
3.741640846124683e+01
6.418816748270214e-01
9.614128051145994e+01
8.105140662801051e+01
5.464900529694231e+01
1.869888530052215e+01
8.977626487136644e+01
6.245570344033451e+01
9.557932787368975e+01
8.172205974428080e+01
9.204600024597998e+01
7.799150551575772e+01
5.854171349599105e+01
5.838459895848511e+01
2.496450763426931e+01
7.250807800912675e+01
8.553789890629142e+01
3.795555421987341e+01
5.549331873445460e+01
9.045923319200948e+00
4.847894154883872e+01
2.536266540426885e+01
8.756909826191566e+01
1.117477426825779e+00
7.285650538879284e+01
3.676198815776128e+01
6.764563874697575e+01
5.105618091814973e+01
3.155963943878172e+01
8.912848494440712e+01
4.826623590116679e+01
8.772168009901497e+01
2.540721414862537e+01
5.308563544092962e+00
2.414234775311423e+00
5.998584728687343e+01
4.929732300774069e+01
8.272922042884362e+00
2.244155068064181e+01
4.487665088143044e+01
2.495647697940305e+01
1.448755088005567e+01
2.286815635062203e+01
8.349819047539411e+01
7.287214983854076e+01
9.998365882783368e+01
2.446549154094676e+01
6.365117703734487e+01
3.793921300114096e+01
1.149958712584320e+01
7.269710035654580e+01
8.641815454997968e+01
4.130280378335286e+01
6.026619857189534e+01
8.753563197680546e+01
1.415930912557957e+01
1.691749064108240e+01
5.057677717440612e+01
1.754356409308667e+01
4.847713012643025e+01
4.430975562162220e+01
6.580979999425345e+01
9.198221577889389e+01
6.971696977024757e+01
9.640823774803813e+01
7.225419309560871e+01
2.970281701055487e+01
4.570556070921270e+01
6.444469274228656e+01
5.214436769119667e+01
9.058221159064314e+01
8.940116972168963e+01
6.663191857125234e+01
4.752277096152434e+01
4.639000112488400e+01
3.950406836322698e+01
1.343402672253271e+01
2.890562854190619e+01
1.271784706633438e+01
5.137323972367367e+01
8.650522897322905e+01
8.848456511669073e+01
3.779139427365335e+01
8.170801949766839e+01
3.611854428244687e+01
2.532702620389267e+01
9.586732862324794e+01
5.303603497009540e+01
8.050829692767388e+01
1.341089266976849e+01
1.513165049959517e+00
2.481805250272996e+01
5.289955928591059e+01
5.587585650192381e+01
6.515018738114749e+01
2.313234802481362e+01
4.360731641929937e+01
2.423783928353239e+01
2.125916314369960e+01
1.687929570529577e+01
7.638220702129519e+01
1.191670266534980e+01
9.745317883670944e+01
4.301412554598139e+01
2.536707060661496e+01
7.035253894066091e+01
8.912302753381573e+01
8.879198361597582e+01
9.925816748256709e+01
8.567343930978022e+01
5.167336759701062e+01
3.966338315031649e+01
6.152578502033175e+01
2.796573127990856e+01
2.278081147129685e+01
9.764432934934474e+01
5.329275753036735e+01
5.499920340022035e+01
5.068036427287402e+01
3.380105441147511e+01
3.064962389443518e+01
5.219352932283353e+01
5.861910696077119e+01
9.870316558457128e+00
2.354665264652420e+01
5.315412923374871e+01
1.900644470891284e+01
6.715396906582359e+01
7.739196851728110e+01
6.833737998657738e+00
7.520597822740952e+01
5.377417549201016e+01
1.875044066400753e+01
7.265915701755283e+01
7.803825125006877e+01
4.411751127062249e+01
5.394121103637908e+01
7.930649499376607e+01
8.291860859977017e+01
4.226986339421471e+01
6.900215329090233e+01
7.309294565259150e+01
5.796234368251746e+01
2.650571927731192e+01
1.058676885933930e+00
3.304649099383805e+00
2.415004858009054e+01
5.435143441630128e+01
3.574235855403466e+01
1.096725925382565e+01
7.781202843310872e+01
5.119300421848567e+01
3.049728573788763e+01
4.677159578854758e+01
7.459099272945477e+01
5.057059477575616e+01
9.992572502229629e+01
4.656256770089388e+01
1.772456379501362e+01
7.731769349301126e+01
5.339630569955162e+01
9.293054202242314e+01
3.109186898502142e+01
7.214674641012529e+01
6.558969903997597e+01
2.788017002301298e+01
1.626425763418165e+01
8.601394951623583e+00
7.186664970212926e+00
1.044374760726641e+01
5.087125834583829e+01
7.216659922719309e+01
7.227581188654332e+01
3.280450489036949e+01
9.867231850450501e+01
5.404499911425869e+01
3.610915398975329e+01
2.282236703802942e+01
2.768592318877854e+01
5.665253431380379e+01
9.765277989099397e+01
1.583841201655493e+01
7.845538485723333e+00
7.102923005401587e-01
6.261000780510251e+01
6.890885926266613e+01
7.524731674941597e+01
6.253573278083267e+01
1.547142691699389e+01
2.016362776987424e+01
3.985342622727781e+01
2.597181490900545e+01
5.824008824221794e+01
3.999274384230038e+01
4.101447902667079e+01
5.149212156026258e+01
9.882546523531221e+01
1.957458263243296e+01
6.009351651188616e+01
6.012130158959017e+00
3.001833023969937e+01
9.116731015554038e+01
7.817872943271824e+01
2.873741473478145e+01
4.376927974809393e+01
7.250387509004393e+01
2.071903507258698e+00
7.987843373784722e+01
9.967341497525265e+01
2.975782669603723e+01
3.653096805165102e+01
9.732619481968050e+01
2.404798857124894e+01
4.437650653737435e+01
2.200291679334031e+01
8.206246471128541e+00
9.698144034341976e+01
9.725023354275628e+01
7.074197925196121e+01
2.875679271703437e+01
9.022211408718587e+01
1.059540543267289e+01
9.762452538014600e+01
8.769009839170151e+01
8.154070069153826e+01
2.955176356693346e+01
4.539890216914886e-02
8.036616588028434e+01
9.591774106766924e+01
2.045712281039782e+01
2.718651607967285e+01
5.237934391590736e+01
9.867494958391177e+01
6.455702547196161e+01
7.663902564749077e+01
3.150967291160937e+01
4.140807331605259e+01
2.817837392360827e+01
2.232266297672068e+01
4.108148824473912e+01
1.294648885398474e+01
5.885363102837169e+01
3.840768306441963e+01
5.854272756657690e+01
3.230137565746036e+00
6.041059985775994e+01
3.618771384292641e+01
1.651550336578651e+01
1.395094749236058e+01
3.749095324310053e+01
4.527229608282088e+01
4.340095759527802e+01
4.808635867577343e+01
4.289682146296688e+01
2.400748404860845e+01
1.089968910017036e+01
8.153582582321755e+01
5.162414221634349e+01
9.993225201029901e+00
1.368765938733130e+01
3.933431689596470e+01
9.637152128683940e+01
2.983291076022801e+01
6.321801057235245e+01
6.092854671223486e+01
1.094966941091682e+01
8.045349571874993e+01
5.325910684338729e+00
9.764973544406227e+01
5.558368137831972e+01
5.354925480370841e+00
7.084820422849068e+00
9.098944779997200e+01
8.182579133744620e+01
6.562754798942598e+01
2.486532229225399e+01
4.223639114864002e+01
3.237652198056529e+01
8.137543065537486e+01
9.989722450259012e+01
6.986747522366581e+01
2.664772673819574e+01
6.936303953144841e+01
9.505007047906986e+00
6.954454820116263e+01
7.178765594576842e+01
4.758089322018479e+01
5.108037397781404e+01
2.341179816211192e+01
3.448918104846458e+01
2.853394082213470e+01
6.274611505807663e+01
5.394563966148795e+01
5.836685158236271e+01
