3.559018603320708e+01
8.142522335118856e+01
6.701469010068789e+01
1.218967717708539e+01
6.275876260491030e+01
5.355438974385820e+01
9.696535845145833e+01
1.508694515334766e+01
8.509474144554451e+01
8.226169342280444e+01
9.488975847833314e+01
9.523283596859912e+01
3.406432100295290e+01
1.189522329340467e+01
6.165163780639490e+01
3.473674600698833e+01
5.108799825007468e+01
6.570038859066571e+01
1.122122072205936e+00
4.647644229534848e+01
9.644617405554567e+01
1.513740299974447e+01
2.474416299944006e+01
3.815336131404776e+01
4.476726345939900e+01
1.320464835185774e+01
2.099232921423033e+01
9.470812747939868e+01
1.708946829526195e+01
4.662615249241989e-01
2.486757921281623e+01
1.124830362910791e+01
8.093996107622048e+01
9.188226931350411e+01
9.171309466087870e+00
8.371904379861384e+01
9.446511901657335e+01
7.963623180037189e+01
9.414837141248787e+00
8.261884766752779e+01
7.223701950732479e+01
4.116451858597087e+01
4.575252446613858e+01
9.596224622612924e+01
9.731261590370565e+01
3.950332139595567e+01
2.459619842683719e+01
1.087718536652494e+01
6.055649512473331e+00
8.661768766428236e+01
6.235281925758013e+01
8.827864382801515e+00
4.695851730506798e+01
8.239581602737113e+01
4.879545683450785e+01
4.213436680945306e+01
3.619379086242700e+00
7.621150220567895e+01
3.684249424228560e+01
4.898470051073689e+01
9.119058241657474e+01
9.035245268156402e+01
6.037128370272521e+01
7.939506260650002e+01
1.928205435130841e+01
4.304215705163877e+01
6.311410635854774e+01
1.680616052672554e+01
6.585964265552333e+01
1.453279257497415e+01
9.942500819425332e+01
7.877212678025110e+01
5.569731116094502e+01
7.727669178381407e+01
8.053856025475011e+01
1.967584063283905e+00
1.678001313320362e+01
2.074946398881704e+01
1.361457808577203e+01
2.198372307325887e+01
6.932079180577807e+01
6.135516360465212e+01
8.596238418759890e+01
9.001718409825916e+01
2.399191680550199e+01
3.719010764602111e+01
3.215155086114609e+01
2.661427544737899e+01
1.340160980513394e+01
7.326828351862183e+01
4.616492071476063e+01
3.760927894041374e+01
5.934649773842958e+01
1.890011644870980e+01
5.639757218602932e+01
5.481059246454882e+00
4.957836142255848e+01
2.079498549960320e+01
9.543471266302966e+01
7.225675027456914e+01
9.204062199780746e+01
2.483426538521157e+01
5.683306430319001e+01
3.344921019554567e+01
5.445528195912730e+01
3.437200008629448e+01
5.324652448913386e+01
8.891642568116841e+01
4.747736176824074e+00
4.903137239116774e+01
5.716714014167299e+01
7.406852798260213e+01
8.771375314691744e+01
4.171173621048766e+01
8.880013417862362e+01
7.170124006071185e+01
2.131878050105589e+01
1.383657865870585e+01
3.030553405653011e+01
9.986618864343791e+01
8.283062376213755e+01
7.772359367354009e+01
7.686869822296720e+01
3.877051828371851e+01
8.425979804445980e+01
2.433366324954371e+01
4.493184678486168e+01
4.872898559492500e+01
5.277794886044131e+01
1.624038616020250e+01
6.094909695021300e+00
5.137101796053863e+00
9.158587879109470e+01
7.004029269797741e+01
7.826778100722832e+01
1.863353188086000e+00
1.624974199396080e+01
3.192465977367231e+01
7.215294515348643e+01
4.890877555539308e+01
6.271594765722563e+01
8.305309390791371e+01
4.057661930125981e+01
7.871258541881693e-01
1.851418140275133e+01
2.226164709881956e+01
2.566046576279237e+01
4.608361061945725e+01
8.593001225308051e+01
4.818515533031204e+01
9.570551588931377e+01
1.892884947309683e+01
1.676320294698850e+01
2.281849739273009e+01
6.110597092709782e+01
7.417938908291021e+00
8.697464535337623e+01
8.191164447083679e+01
5.614692454978215e+01
8.862716569035648e+00
9.815203063103931e+01
4.095607006035562e+01
5.368128738071829e+01
9.252137555392522e+00
3.884044058566934e+00
5.808326190248284e+01
9.248865707427666e+01
4.183642568152232e+00
9.000792172272128e+01
7.542281559455340e+01
7.405404554403110e+01
7.407872242577315e+01
4.769469608911066e+01
3.482944510636360e+01
7.486584832652744e+01
1.774642370536291e+01
1.593068447705856e+01
9.631726885974280e+01
1.854313678040315e+01
7.283602416181752e+01
5.014811421285761e+01
6.386098329157615e+01
7.095775970768079e+01
4.473582345281533e+01
8.731143343602839e+01
3.206373063477862e+01
4.575882439769750e+01
4.339620119118886e+01
6.258800186337344e+01
8.061998480959794e+01
9.306441843186711e+01
1.212740569008859e+01
4.304006539426747e+01
5.940205140942803e+00
7.045700003879936e+01
2.546009888195437e+01
4.890003499989399e+01
1.386820027319165e+01
1.811235133470611e+01
4.777048781876010e+01
7.850980245438861e+01
8.273615962021805e+01
8.867723922649270e+01
2.620449849693314e+01
7.640519704502317e+01
4.536729866888714e+00
9.866402470444517e+01
7.245247320851892e+01
5.565131109005367e+01
8.364999777807388e+01
1.987720561208073e+00
2.039058274607667e+00
4.751098106965003e+01
3.527634811367670e+01
3.496603846315575e+01
2.487715441960709e+01
4.738628205255898e+01
9.119835672490223e+01
1.240773206223162e+01
6.136165715817439e+01
6.134484762388507e+01
9.628783319903901e+01
7.348906284826299e+01
8.292090249383864e+01
7.060685500996506e+01
9.486860609374411e+01
4.605644012152052e+00
8.496128492288351e+00
8.736806320369620e+00
3.802474282589962e+01
3.650539863691917e+01
2.101874454925710e+01
8.086892616975537e+01
2.518263781684574e+01
1.345110727169137e+01
9.716609949114086e+01
5.721613730174310e+01
5.572870292501929e+01
8.950198096665646e+01
1.947373175969055e+01
2.932229341441872e+01
6.943303498878751e+01
1.310281931101476e+01
1.102239089599922e+01
8.287982241384677e+01
4.466998523318674e+01
8.003392186017425e+01
9.657560619366151e+01
4.286824038385797e+01
9.244165392240586e+01
8.947513293916133e+01
8.673969571792507e+01
5.710830374486200e+01
3.142632610696662e+01
6.966059816519757e+01
9.805752988814261e+01
2.629493215414460e+01
7.804159949442446e+01
8.679244070630169e+01
4.577203269385362e+01
2.020750102596707e+01
6.386071944789064e+01
8.527888454742678e-01
8.284849276898825e+01
4.848047711350046e+01
1.941555832485462e+00
3.399334421101648e+01
6.933802420708260e+01
8.422097413997211e+01
2.349532513110681e+01
8.881175596677315e+01
7.716687991151908e+01
5.736209785442897e+01
9.851570273680412e+01
8.818927080751828e+01
6.551421948965369e+00
2.306786990867363e+01
9.068948197676310e+01
5.345525781319256e+01
6.593611029253161e+01
6.066484654353226e+01
4.293039070578776e+01
9.557688613216248e-02
9.745288672738377e+01
9.890086478502531e+01
2.498082980745511e+01
4.548830899665519e+01
1.878554970900786e+01
3.088845793664849e+01
8.169959619720447e+01
5.381728818352208e+01
1.908877157563752e+01
9.929929026369903e+00
7.609563543279452e+01
5.591601634207927e+01
2.205181588514327e+01
1.182508990719220e+01
8.990936055309575e+01
9.138984009222585e+01
8.458325037946144e+00
5.294659950441988e+01
6.024347905080928e+01
3.683655626924548e+01
7.076678353863153e+01
7.871729874923700e+01
1.894464544902772e+01
7.700620055059260e+01
2.190298667266173e+01
9.324901969789016e+01
6.635064164472308e+01
4.532972599627903e+01
5.794423965641495e+01
1.993686646220128e+01
2.432364696838131e+01
7.168701643668442e+01
5.018152033452947e+01
7.078458413983910e+01
2.131207344183329e+01
5.278569224885929e+01
7.380701339515254e+01
9.887492163054409e+01
8.231913539688995e+01
7.909635337027552e+01
2.973121704055519e+01
5.482964853515367e+01
7.245910175724845e+01
3.085666649549113e+01
9.452370577236810e+01
3.872116186596507e+01
7.089072138578199e+01
5.419338213009451e+01
5.212584755016763e+01
5.302132570791120e+01
9.102993839934000e+01
7.319351195972111e-01
8.116540134938685e+01
1.605576542953763e+01
9.530208543655559e-01
3.068387975482451e+00
5.643740513196094e+01
6.730366254565476e+01
9.355191066560890e+01
6.321865127571795e+01
2.122649523486686e+01
3.935566495142675e+01
1.924856743740317e+01
5.616573759176104e+01
3.616849670008220e+01
4.056064087923646e+01
1.965005459247625e+01
8.394726248641837e+01
5.095591468315381e+01
1.555441017986946e+01
6.018184165478770e+01
5.976076529350167e+01
9.825302604504536e+01
3.264094336547002e+01
4.661981456289990e+01
9.570986479321023e+01
6.437601058947668e+01
1.286393833014366e+01
5.489618147485712e+01
9.960193983260632e+01
1.531204093029352e+01
3.800005230028184e+01
1.010171487466512e+01
9.647744232624650e+01
5.020973745277605e+01
3.438486793748330e+01
1.796099032180430e+01
6.336060281068114e+01
3.567449675671500e+01
9.309774096733786e+01
7.153662059993326e+01
2.691284791888336e+01
5.633172004312823e+01
9.321547229458366e+01
9.859272832916712e+01
9.250021674321043e+01
5.672198732230905e+01
3.185182722837284e+01
2.654091740331656e+01
6.452182944143277e+01
2.309856825652466e+01
3.383964813958837e+00
6.172727549529042e+01
8.229999373774044e+01
2.903881353747044e+01
6.290791875818181e+01
7.800985853095067e+01
1.544162291821168e+01
2.776396480750477e+01
4.066237078079133e+01
2.481140271984572e+01
4.307600578436442e+01
9.909849227364104e+01
7.574457203771200e+01
4.625496754714054e+01
6.315479509679358e+01
2.463530284568449e-01
4.843890576085025e+00
1.651491272100942e+01
4.972482288709134e+00
3.219701923997934e+01
4.309416676084240e+01
5.160488339681406e+01
6.465042515874394e+01
4.579088466511615e+00
3.116641707307027e+01
7.244080075642131e+00
1.814500322479056e+01
6.301824430144310e+01
6.521144088600363e+01
2.516291380169006e+01
8.084033805916103e+01
5.348005860740322e+01
8.689018934354661e+01
2.191932314164905e+00
6.620777583038796e+01
7.030474151033198e+01
4.164141735138438e+01
8.983124265905062e+01
8.477739146201750e+01
8.230378813217570e+01
1.188971838536193e+01
9.268942447038806e+01
7.740476731090097e+01
1.885045357926304e+01
3.224287248786673e+01
3.200928710028962e+01
7.766950553174573e+00
7.134215080707435e+01
4.618641331148633e+01
7.993244001638725e+01
7.083071068433611e+01
2.913184954278723e+01
6.854972665596276e+01
6.818959520579763e+01
9.385966853884034e+01
1.874733833537779e+01
9.807875249445381e+01
1.495003700952513e+00
5.106794645593872e+01
4.433905358628326e+01
5.918055798820247e+01
5.732944610404290e+01
4.767434901915227e+01
1.550822929270017e+01
5.952137841820782e+01
5.477438352758735e+01
9.586885534034522e+01
7.584163680479007e+01
1.446829005818269e+01
9.396344660500224e+00
5.326033516473152e+01
2.635800849011075e+01
6.577322877281030e+01
2.977752575174790e+01
6.060774655109632e+01
6.960278706140946e+01
5.944902629565868e+01
6.837469710427089e+01
6.935825202118524e+01
4.787527539202723e+01
8.531954036341959e+01
7.289742206823891e+01
6.026724495937453e+01
7.356920697426852e+01
3.804365766143597e+01
8.877568817174793e+01
7.261660535476013e+01
8.900601323182043e+01
7.803598888126946e-01
4.910571339964201e+01
2.573936517617635e+01
9.545186436523304e+01
6.435159503684919e+00
7.212700018292620e+01
9.707279619624502e+01
8.809894420583683e+00
8.472241102006399e+01
4.861880286998060e+01
4.179817472668280e+01
5.694042176797074e+01
2.926504962577719e+01
2.620045250570422e+01
8.396760108134131e+01
3.287353624257889e+01
4.880549127646046e+01
5.930546124433421e+01
5.699230314092352e+00
8.428506189225477e+01
9.320039478745331e+01
1.195808966269628e+01
5.129509253953355e+01
1.299969866545857e+01
9.967199019141123e+01
7.392734176196500e+01
6.686896568484090e+01
2.709131731050616e+01
8.740833992483482e+01
3.948557099303491e+01
6.321372746639593e+01
7.439256919286800e+01
4.192225944340334e+01
8.301906505740205e+01
6.984443351153490e+01
9.502644389636184e+01
5.514606524032823e+01
8.665287745494994e+01
6.098298181825457e+01
8.615191354702782e+01
4.295493282515320e+01
3.517930453418722e+01
6.635490672958778e+01
8.108739758892330e+01
9.783966638978555e+01
5.845335598963003e+01
4.048761243023333e+01
2.267570193981551e+01
5.481207387280281e+01
9.790392853222039e+01
1.360506546385822e+01
2.607274033411999e+01
2.467849660882656e+01
6.490015800339177e+01
9.549193084030037e+01
2.435048675367166e+01
8.171778637064517e+01
6.236089647857514e+01
6.510949412598717e+01
5.532999562813434e+01
2.111580642923517e+01
2.238919396064672e+01
8.651729923976460e+01
3.118884238935487e+01
5.408259018048764e+00
9.956699828597112e+01
8.061977712466371e+01
1.835854301152683e+01
8.692256290787951e+01
4.644717748577109e+01
2.969097394016151e+01
8.497007660799197e-01
2.545033429071789e+01
4.176728848450225e+00
3.503203696339951e+01
4.706800032736174e+01
4.378127159726865e+01
7.353541030247483e+01
5.900744835799907e+01
5.024056450940695e+01
3.671638720515947e+01
3.562198702042084e+01
3.105143892162080e+01
9.810207453467980e+01
7.358573133758536e+01
2.553454783071510e+01
8.805013163390110e+01
9.009859961927803e+01
5.916152482813295e+01
8.756205536777250e+01
1.063351328979876e+01
8.027733125736812e+01
9.951249328419216e+00
4.035607806423496e+01
8.017966359862110e+01
9.377336441249278e+01
3.992307630363995e+01
6.564385926613764e+01
3.731242480562647e+01
6.407304204258744e+00
4.229502624007642e+01
4.863182420312977e+01
6.035194362530110e+01
6.277752419131693e+01
7.356833139134959e+01
9.538398058870061e+01
8.387371063412806e+00
6.630664238068584e+01
7.090362993576733e+01
7.813107333059007e+01
1.385702719625878e+01
4.432720781505444e+01
1.727911481507081e+01
4.389964418667352e+01
4.242928230316810e+01
2.842127072085686e+01
6.943419201738863e+01
6.488184354495343e+01
8.372478842908740e+01
5.732963632667886e+01
5.244389891272593e+01
8.002870924772168e+01
1.620517820874470e+01
2.889352255914990e+01
3.471437973655498e+01
2.725121161306799e+01
9.204578762503610e+01
7.127422316524863e+01
5.663997533574700e+01
3.889590727113928e+01
8.104476029101981e+01
9.272804730233179e+01
8.752773147426906e+01
4.139670386975477e+01
6.630547836716542e+01
3.573453474591232e+00
6.929616596051314e+01
2.518469590003821e+01
6.988009585527708e+01
7.684314301090462e+00
7.611024453123576e+01
8.540272833099716e+01
5.201152216271102e+01
9.843481513598692e+01
7.480266996417319e+01
8.502615666250985e+01
3.608073281873052e+01
9.707095925559800e+01
5.932264801083256e+01
4.985436450217588e+01
8.963284240552822e+01
8.305936915942439e+00
8.758589350040346e+00
6.906022227791149e+00
3.719945947509234e+01
4.887820261012679e+01
2.872335516322561e+01
2.784479648240134e+01
3.784405753847400e+01
2.161842599586510e+01
5.720300891306391e+01
4.560418848209278e+00
8.327236067656072e+01
3.558996288831809e+01
6.811255499167021e+01
9.291001199414488e+01
2.530436428510787e+01
3.801194058638622e+01
6.760286137815699e+01
9.043512171620275e+00
3.179453272921710e+01
2.042678404619302e+01
7.861038487339876e+00
4.243364359365480e+01
2.808624614406668e+01
3.106544079774313e+01
3.687444801296780e+01
1.623997838061302e+01
1.748836157726513e+01
9.669963568295336e+01
1.215779083415763e+00
7.188895711297586e+01
7.963642854226586e+00
6.622028908050632e+01
8.024129913199754e+01
8.212533797236408e+01
7.921243118085546e+01
2.084455779792953e+00
9.904105653941680e+01
2.419962492967007e+01
2.370288182222419e+01
4.930745114074435e+00
7.509060309971245e+01
5.030741544920365e+01
7.521649323181086e+01
1.816001535307617e+00
4.805087016338989e+01
3.091504440219842e+01
7.407683919839414e+01
1.082028872837326e+01
2.342342171977434e+01
9.704401884090342e+01
3.124707277456628e+01
1.620405689636434e+01
3.664129792556227e+01
3.811771750362484e+00
3.662145931116373e+01
3.018137725544226e+01
2.350029788143015e+01
4.509384694746409e+01
6.971284196233044e+01
7.472798045479133e+00
1.842912385167048e+01
6.344929391678855e+01
8.748781829489759e+01
9.867042298366800e+01
5.980182278892110e+01
2.696754230510794e+01
1.444334444331161e+00
9.384351242046966e+01
4.291323900358437e+00
4.005575554447982e+01
5.654533363717857e+01
9.824443398893085e+01
7.545463171575901e+01
8.686535949207160e+00
1.929215976004124e+01
1.867205906597528e+01
2.306644549736122e+01
9.499053051461956e+01
2.949234779434853e+01
4.648986726370168e+01
5.234414513797693e+01
3.434972629619284e+01
7.277744392528079e+01
5.295250967748114e+01
7.013945140416709e+01
1.486252924188158e+01
1.219545053886038e+01
4.357303741554405e+01
7.926270332153081e+01
9.715523291246744e+01
5.104583546102320e+01
9.769182717320129e+01
7.483171772902446e+01
5.665495649755697e+01
4.540447483090892e+01
3.463354051794556e+01
9.278603135272210e+00
3.350976921315760e+01
4.296738791417675e+01
3.243243402449062e+01
4.010482572023982e+01
3.289806374017991e+01
6.104055664550540e+01
9.108368311593480e+00
2.323831702733334e+01
5.109119687745869e+01
9.950210242509009e+01
9.370007710237991e+01
6.391323174532188e+00
4.653874866037571e+01
3.407806075833648e+01
5.873546831250911e+01
8.382285115487075e+01
2.883868433015360e+00
6.309948058943240e+01
9.806610229335078e+00
2.199251904245118e+00
7.170110348225623e+01
7.699804398091419e+01
5.562445626390375e+01
8.777443058219478e+01
4.425483059336190e+00
1.797889141271770e+01
8.064301813982567e+01
3.855386378176225e+01
8.502222685377218e+01
7.832159459512755e+01
7.035904273873150e+01
8.479432421028351e+01
6.798647440410521e+00
6.302978506452860e+01
9.943590662415880e+01
6.578924724170437e+01
3.346834477664360e+01
8.026594998327361e+01
8.434770260208644e+01
8.343737255010632e+01
1.389683681255990e+01
3.307945166392226e+01
5.648409303114009e+01
8.762502534670059e+00
1.005235179795528e+01
4.681616055165239e+01
9.849637332302349e+01
7.615326441645308e+01
3.953393806681686e+01
1.657472877603710e+01
9.064113259811007e+00
6.277597651946171e+01
6.168263119723770e+01
3.397697253803582e+01
3.163231282105312e+01
5.062598127435241e+01
6.902541111643679e+01
7.532036689823511e+01
2.718855381346706e+01
4.251662401599653e+01
7.595401284096484e+01
9.727454786061986e+01
6.104862008292630e+01
8.845196295923179e+00
3.390733154206878e-01
7.635411218570272e+01
7.463444353762755e+01
2.614892931941381e+01
8.574204108945189e+01
7.306111584094404e+01
1.724479059560447e+01
3.638811448420775e+01
1.645178162327585e+00
8.802579310165056e+01
9.678244264646547e+01
7.491457414576531e+01
2.054504413183082e+01
4.364699029533518e+01
4.543755280107145e+01
1.161991716903630e+01
7.596959763950184e+01
7.296367109425536e+01
8.483229921424403e+01
1.363260495179920e+01
7.237831124680969e+01
9.021949837460159e+01
7.974071925493922e+01
3.242273849082306e+01
8.134857340778623e+01
8.004782119768103e+00
1.528044911813012e+01
7.182351740627713e+01
4.476869574038717e+00
3.343795241482461e+01
6.104892476510672e+01
9.377264282376163e+01
6.855276686537674e+01
6.621263509905553e+01
1.753740642105108e+01
2.963302216009843e+01
8.744484050546067e+00
5.586815162369430e+01
6.156094347199469e+01
9.482840033938568e+01
2.959703520387273e+01
6.711560444306378e+00
6.974297443858487e+01
4.035025399194577e+01
5.670955267581602e+00
2.081081295423713e+01
2.580314857224149e+01
6.754104032532361e+01
5.249955619336085e+01
4.900325944135117e+01
1.594112949256838e+01
5.965934677964977e+01
3.372574850624695e+01
9.568184874750760e+01
4.605123360923083e+01
2.659508875878299e+01
2.611121722781621e+00
6.133168272736095e+01
9.841860621162625e+01
9.283672361301105e+01
5.353033740703498e+01
3.688198963034991e+01
8.660936639020656e+01
6.129136917241447e+00
3.094624729405448e+00
7.774889915145417e+01
3.576215907733988e+01
8.140421401774707e+01
6.395446838063862e+00
8.816876685627212e+00
6.658546680891210e+01
4.719546132124749e+01
2.779638097984548e+01
1.228948007910022e+01
8.613456142420627e+01
6.588698786957515e+01
9.182536522477184e+01
4.789655797551225e+01
6.819551236377819e+01
4.432492137156656e+01
8.405444821531626e+01
8.413664185634659e+01
4.537083881225941e+01
1.930853790571379e+01
3.098696345975015e+01
6.705015071996029e+01
4.590362666449678e+01
8.242961232663581e+01
9.682428147495924e+01
3.125230974110417e+01
6.291290417449218e+01
8.191217085435622e+01
2.160962467156799e+01
4.952227051813261e+01
4.066635553756093e+01
4.765030785819996e+01
5.194883311723770e+01
2.970311591853533e+01
8.243547514194411e+01
2.553551188927866e+01
9.557264209518797e+01
7.917314631825924e+01
9.433676204380428e+01
9.491899879412678e+01
2.577758977458700e+01
6.533268176267514e+01
4.148350997897028e+01
1.760295495279271e+01
2.836788135039055e+01
9.679022296182357e+00
6.192787632435927e+01
8.749500107369153e+01
5.387410114234039e+01
5.590861991788662e+01
6.803538932839194e+00
6.458186798942363e+01
6.806033140423723e+01
5.270716564390211e+01
5.606376698988665e+01
8.763579530065684e+01
3.680289449952678e+01
4.558137061334279e+01
7.835433565934856e+01
7.823362093336583e+01
4.709322319696342e+01
8.234961073955037e+01
6.253246812267810e+01
9.895174163344863e+01
7.596183888426135e+01
8.849830217123883e+01
5.729602158875019e+01
7.153448097944934e+01
4.172363902522421e+01
2.940496631404616e+01
5.729258063123216e+00
6.750122884637733e+01
6.086980833712491e+01
4.987210908433055e+01
4.651691766759237e-01
6.047198835782334e+01
2.042795839739403e+01
1.100295028230313e+01
5.027702103847499e+01
1.424362254992296e+01
6.691157020018976e+01
5.708056001788031e+01
8.787777730630607e+01
2.881092183702203e+01
9.999528182670254e+01
8.915288210341376e+01
2.525308664201437e+01
9.673379128646748e+01
3.638274643401743e+01
3.607422254796802e+00
8.505074502204114e+01
1.399128842819077e+01
3.416730963353408e+01
4.758321309815310e+01
3.547756496606281e+01
1.012914847122931e+01
6.796853112427915e+01
8.825558600400369e+01
8.166362945067866e+01
5.955524801255913e+01
4.440637009423523e+01
8.249218216281952e+01
6.664355242002921e+01
7.651047710166800e+01
9.324111826403119e+01
4.637269850185732e+01
3.698246541292522e+01
3.602335724794462e+01
6.113108203799048e+00
9.876783243323111e+00
2.791269921134817e+01
6.686369868314998e+01
2.143397555753308e+01
4.740859751934586e+01
6.430819568424867e+01
2.458984750536729e+01
1.673571007174240e+01
9.667074964226725e+00
3.140697154747647e+01
6.257533704050600e+00
2.453512937041704e+01
4.150518050487395e+01
9.251118152984938e+01
1.049216231819809e+01
5.633037255906051e+01
2.125832392892722e+01
7.636239522898681e+01
9.741560960999486e+01
7.818171585825353e+01
8.302561071842240e+01
1.222040854032170e+01
5.843828057797545e+01
2.576895240962922e+01
2.361440999601707e+01
6.901783080260169e+01
2.251274051261728e+01
6.909642166881656e+01
7.193122304600254e+01
8.445075465573498e+01
7.610021674823957e+01
8.632743311409253e+01
6.059184645330154e+01
3.920532904528330e+00
5.517345147913948e+01
7.638232292438965e+01
3.863853585842929e+01
3.756642115189062e+01
6.997934718149685e+01
5.956624297404952e+01
3.865660817299811e+01
2.568269438374913e+01
6.074398288537933e+01
1.181441713674665e+01
7.115003819165288e+01
9.459353466266465e+01
4.617348422583821e+01
9.288503187377239e+00
2.464354891546236e+01
5.901492641261542e+01
9.451800202695560e+01
6.407316120531091e+01
5.599514118209254e-01
6.487855308916353e+01
9.368927161846742e+01
8.044489551356290e+01
1.716006967106837e+00
7.918642790950203e+00
9.416146995227852e+01
7.175853372167728e+01
2.955798568649124e+01
5.831128021623533e+01
1.352122133296040e+01
1.175205214496332e+01
1.322560203877538e+01
4.899003964336125e+00
8.235265886520625e+01
5.332962523835229e+01
1.214864058985777e+01
1.846700246374449e+01
1.143038087125420e+01
2.431404880448899e+01
5.807284003033900e+01
9.553175326228688e+01
4.104045459117761e+01
7.498631983761970e+01
7.152084213286678e+01
5.652953742841703e+01
6.739468191163367e+01
5.256839261975530e+01
3.080303260628276e+01
3.767519054826125e+01
1.664155377850009e+01
2.434725878962654e+01
3.871350751198526e+01
7.637842762115338e+01
5.936937767982919e+01
3.854081823422612e+01
8.907776982014894e+01
4.969881537822020e+01
1.029935190933726e+01
7.642083949242758e+01
1.264475160867197e+01
6.386589192034020e+01
8.099132915073602e+01
3.318610411751368e+01
2.067441373163574e+01
2.277925402055460e+01
8.505024206128449e+01
2.154174774025648e+00
4.124625648429909e+01
8.230070233452167e+01
4.690149111994612e+01
4.508253813026591e+01
9.201237614825945e+01
5.271522856909559e+01
1.291445731786753e+01
8.213766402664486e+01
7.789589230804513e+01
8.746353987951927e+01
9.690650082049262e+01
8.552564959299083e+01
6.129849430234101e+01
7.959565677661247e+01
1.688863361109450e+01
1.200181432627226e-02
5.597408435119971e+01
2.271237285934033e+01
9.005432487002309e+01
9.864650703903590e+01
2.212479441525638e+01
4.885217195788965e+01
7.217523901358956e+01
4.208529649399468e+01
2.141870233296356e+00
5.316656811775945e+01
7.600170237757344e+01
3.339247760986559e+01
1.467465358538304e+01
6.032164262622671e+01
3.554665238389124e+01
8.396021909264859e+01
5.680226551219927e+01
6.201487600897200e+01
3.647841919980870e+01
9.104722076610066e+01
2.952355413209812e+01
5.753930060078357e+01
6.773675674001535e+01
1.677715415916273e+01
3.657515502375325e+01
2.785880641446393e+01
6.977182071179702e+01
9.787364937266038e+01
7.454463144510269e+00
8.666045432289152e+01
8.703313813872316e+01
3.730402655773984e+00
5.908643335992770e+01
1.029001949834173e+01
4.688095401361629e+01
1.580417650556386e+01
5.810236533084063e+01
8.798851509950521e+01
5.463062788109790e-01
4.947114593790432e+01
7.923223687300098e+00
7.463524568576145e+01
4.388516198093312e+01
5.063718629564959e+01
3.083652147596540e+01
6.694783701884926e+01
9.921313230842964e+01
1.569183292598083e+01
5.101779599255779e+01
9.480282687340063e+01
3.530034159091317e+01
3.946458196242553e+01
5.234212747418421e+01
6.956888119204383e+01
7.341092935456473e+01
5.208319409381746e+01
2.331758659487478e+01
1.250425889739034e+01
4.720058210529415e+01
9.258024315004249e+01
9.342891103282055e+01
4.508623324571467e+01
7.165857230856017e+01
5.825114653364343e+01
8.152470443468761e+01
2.680998902153689e+00
7.844542678373188e+01
6.681534758155017e+01
9.189273868309927e+01
7.707897009191986e+01
5.925424558075808e+01
9.859273773552512e+01
9.538960791909584e+01
2.253599139979854e+01
4.922992398460858e+01
2.622612934849510e+01
6.317307621388374e+01
8.382732937290675e+01
3.021271155691366e+01
9.213578919513886e+01
4.059165135984852e+01
1.203732379341373e+00
5.062205630849211e+01
5.639797661285753e+01
7.077261361795134e+01
9.335449458721769e+01
4.883334499263826e+01
1.919106497391642e+01
5.858753438041896e+00
5.674678457749393e+01
6.878457826971289e+00
5.023466658323755e+00
1.284931745047184e+01
5.903723987705877e+01
6.327461319196719e+01
7.315354606749189e+01
4.684471094368245e+01
2.736987454228563e+00
5.017306979288024e+01
3.751422494534134e+01
6.549588603223484e+01
1.499712435295671e+01
3.610696263430033e+01
2.682270935122981e+01
1.122236350142507e+01
7.168562490105892e+01
5.021975093997072e+01
3.805987166150467e+00
6.916421599181565e+01
6.847929790079561e+01
5.038671849779166e+00
1.663170788280280e+01
4.594551564471121e+01
1.715328517237366e+01
8.756874915564840e+01
1.449566712346657e+01
1.050777971302522e+01
9.604991986232341e+01
9.842656538748487e+01
7.055953939937034e+00
1.735988707158709e+01
4.838968010078635e+01
2.138999985595699e+01
5.084402717223578e+01
7.346120498769973e+01
3.953196040332874e+01
5.034464246143803e+01
3.939810303943143e+01
8.740160054871887e+01
9.492289060490342e+01
7.691232798477277e+01
7.548026976896463e+01
9.350489885243816e+01
1.788922623632905e+01
4.644954602534396e+01
4.727262353863224e+00
8.957485118395410e+01
3.392787614554534e+01
7.912270206917204e+01
6.752039313666542e+01
1.436033859586359e+01
4.565393093305357e+01
8.415210106603433e+01
8.489985157963812e+01
6.280721615199336e+01
6.100307864183704e+01
2.535549538459419e+01
1.442444534712678e+01
4.740025868983951e+01
7.073070740826927e+01
7.580357341831716e+01
9.054422331533591e+01
1.912038750905562e+01
1.107152887204268e+01
7.785330944594615e+01
1.167377960480460e+01
3.451130638574777e+01
8.121606003549698e+01
7.326116956456619e+01
8.313774246868573e+01
4.753575988464792e+01
2.798421058244268e+01
6.144621877998403e-01
7.570207774438991e+01
4.100350115494965e+01
4.706400825970993e+01
4.059584612985879e+01
3.935967829979941e+01
6.596115243898758e+01
7.649233223707058e+01
6.880071436464820e+00
8.032149108141731e+01
9.546287143391690e+01
9.470439101322758e+01
4.062734532199211e+01
2.817969523751163e+01
5.203525109777006e+01
1.542886668603349e+01
1.494691055964069e+00
2.676817696856715e+01
8.832483151383923e+01
9.117622016518200e+01
7.261267959727564e+00
4.112472419679385e+01
9.933408214679645e+00
8.511457740567371e+01
1.911899858113332e+01
6.381165951667897e+01
3.895707253318144e+01
6.404841899129022e+01
6.986340641503381e+01
3.172053416805366e+01
9.817509180781204e+01
7.047786864939978e+01
6.758911794404924e+01
3.917859291619556e+01
1.701496821689185e+01
8.638912154659121e+01
8.940969509510775e+01
1.134340847439291e+01
6.288145378366180e+01
8.541834269902591e+01
6.329761173729673e+01
6.596254425400987e+01
7.645051515495894e+01
3.924957012722714e+00
2.145568650283650e+01
6.227438625054172e+01
3.355366570574868e+01
3.678201257101354e+01
2.792127594720631e+01
7.885728589205875e+01
1.412659772398258e+01
1.790100895701955e+01
7.406144373773664e+01
4.230253805513612e+01
4.340194777743982e+01
5.421503449520796e+00
2.859268064079465e+01
3.275879697536993e+01
7.561238472145627e+01
9.845608710239459e+01
2.306762003482674e+01
7.378747648270217e+01
6.893395570522824e+01
3.206844904090671e+01
3.930008478430103e+01
4.476739859430464e+01
4.025341306824862e+01
3.924139590898594e+01
9.781924104216473e+01
5.486232291667831e+01
6.655257342688394e+01
9.104113098748081e+01
2.616826548528311e+01
5.337319842231143e+01
3.246096825807400e+01
2.354529501104043e+00
2.824188537348150e+00
1.431991165239360e+01
7.994874672961828e+01
9.780240529114492e+00
9.895135350476548e+01
1.231787652350863e+01
1.281276718378662e+01
7.301279719593600e+01
8.841839329731576e+01
7.108319726357385e+01
8.267645537046550e+01
1.701107389154429e+01
7.678193928524010e+00
5.828884004535565e+01
4.617803382974957e+01
6.832132538236739e+01
5.491140678288014e+01
5.881476717014553e+01
4.697132662263294e+01
6.389540921146768e+01
7.087694917380668e+01
2.726188084448775e+01
3.136805073887484e+00
6.869619021597141e+01
8.746760212232712e+01
8.947384482690778e+01
7.396419228704842e+01
1.363586756104411e+01
8.896785918109484e+01
9.552689906932736e+01
5.680260171964886e+01
5.073625969269139e+01
4.095829280137937e+00
5.896061307702242e+01
5.848181334253485e+01
8.430414832397557e+01
7.892619146915440e+01
8.616306282866888e+01
5.731694547334543e+01
1.526611652936140e+01
7.428913864972495e+01
5.850591443409488e+01
6.596427935453330e+01
8.196733257824896e+01
6.283318338116314e+01
6.792960230630338e+01
2.940957966698780e+01
5.722435566467436e+00
7.613370147353676e+01
4.928124400287924e+01
6.961784482450125e+01
7.521256272458126e+01
7.753085991252719e+01
3.046018338317991e+01
7.898126145777351e+01
6.499846198828820e+01
4.392959319238066e+01
7.462487596768182e+01
2.743537874307268e+01
1.077220137732672e+01
7.015177499044304e+01
2.597316029759737e+00
5.947377419074707e+01
7.777383512713659e+01
7.218827962511605e+01
1.716886279972683e+01
7.634834231638739e+01
4.048412052937044e+01
4.118650315384683e+00
5.217780133345062e+01
7.464123711671738e+01
6.136491040762743e+01
9.750837930362131e-01
2.171451641326515e+01
1.916974225042841e+00
2.747847020042989e+01
4.263924576465005e+01
5.186274435923563e+01
7.634954116137212e+01
5.648838121280464e+01
8.166209849606366e+01
8.216308261368567e+01
6.578359788553026e+01
5.210464007784829e+01
7.231813858836803e-01
1.068220530202715e+01
3.134729439921086e+01
7.486027696861899e+01
8.447329643390761e+01
1.222359678345900e+01
5.078956766556463e+01
2.557211221455229e+01
8.342029414298958e+01
1.489875019290426e+01
1.327165547445028e+01
4.497822324977174e+01
1.721753362436664e+01
7.969428961151014e+01
4.733874287798011e+01
3.697298799500474e+01
5.374687572650000e+01
2.197997994813136e+01
9.833789840263216e+01
5.472195951953621e+01
6.292709725113917e+01
2.079106304831387e+01
7.003427686637001e+01
9.678392680212107e+01
5.555451431104657e+01
4.638381802774212e+01
1.597836567833012e+00
6.427387314116298e+01
1.664681603044589e+01
8.173261428332543e+01
6.420545934895308e+00
4.593713690803253e+01
8.157287043592561e+01
3.776784033410616e+01
2.079741383008539e+01
6.990983112245324e+01
1.859081840076988e+01
7.158698149565001e+01
4.352052502498055e+01
2.169468785715042e+01
6.366045911035522e+01
4.686647232010331e+01
4.698933579353119e+01
8.087799273472186e+01
8.976645720646086e+01
3.245167952610723e+01
2.173823910846293e+00
4.351333288639474e+01
7.366426041054737e+01
