5.062973641354112e+01
9.373986902355210e+01
6.701469010068789e+01
1.218967717708539e+01
4.579263289728790e+01
7.351339355740389e+01
4.349743111221932e+01
7.600803532451765e+01
4.721047666259598e+01
6.229152537989036e+01
5.324688584229298e+01
2.914961307735630e+01
5.185953953855650e+01
8.284366134686566e+01
8.706998419345821e+01
1.311620269581499e+01
9.518594559989215e+01
7.379629643345079e+01
4.742376229140151e+00
4.647644229534848e+01
9.644617405554567e+01
2.651363440161274e+01
2.474416299944006e+01
6.283567206134818e+01
4.476726345939900e+01
1.320464835185774e+01
1.430762294414808e+01
3.803689444346209e+01
6.061856726213291e+01
7.237709563801860e+01
2.486757921281623e+01
1.124830362910791e+01
6.611696461500458e+01
9.188226931350411e+01
2.343798080619331e+01
1.190959746572636e+01
6.539566287090800e+01
6.693541191841263e+01
8.791763279024401e+01
1.260613948693785e+01
2.922693725173685e+01
4.116451858597087e+01
4.175575256429415e+01
8.108647679029333e+01
2.400817988627040e+01
2.882573675775236e+01
9.420267948610834e+01
1.919412543959642e+01
2.622033144637026e+00
9.894505576181460e+01
6.567056773494490e+01
9.906820720018270e+01
2.545869011686123e+01
9.041473073438496e+01
6.190387921496475e+01
7.022595357626022e+01
3.619379086242700e+00
7.621150220567895e+01
8.262847973156184e+00
6.423794634837562e+01
4.858859779713144e+01
3.313042723253855e+01
7.548624997748354e+01
1.470556236556990e+01
2.501269649947653e+01
9.892423078367683e+01
2.661515983129626e+01
9.040835937038453e+01
6.585964265552333e+01
1.453279257497415e+01
3.014498810756252e+00
9.508657990726017e+01
5.569731116094502e+01
4.477025142161653e+01
7.617305665098739e+01
7.970549104721542e+01
7.359598817936889e+01
7.037573609052959e+01
9.889961648681184e+01
7.621802132400592e+01
6.932079180577807e+01
6.457018422175673e+01
7.528622847762249e+01
9.477948196920542e+01
5.498491490957556e+01
3.719010764602111e+01
6.500543549889952e+01
5.860429399581826e+01
1.340160980513394e+01
7.326828351862183e+01
2.284224029762775e+01
6.199020760226539e+01
6.398710704594250e+00
9.832849027511128e+01
7.669576996783529e+01
3.141140720407078e+01
9.725272101222198e+01
3.310929752565422e+00
2.181976657445531e+01
6.311236362117918e+01
1.784372232753957e+01
2.483426538521157e+01
5.819894348187324e+01
7.354103348848459e+01
6.960451680682810e+01
3.437200008629448e+01
5.324652448913386e+01
4.320050493963086e+01
4.747736176824074e+00
5.214614097594570e+01
1.941852621707065e+01
7.406852798260213e+01
1.671632515113630e+01
9.470475469469314e+01
6.884800990524144e+01
7.170124006071185e+01
3.189486234071425e+01
3.385344540414096e+01
3.030553405653011e+01
4.529647214584819e+01
7.121728876196654e+00
5.314777435415786e+01
7.286679748113584e+00
1.352043958079090e+01
5.147626462926914e+01
8.398244971594887e+01
4.493184678486168e+01
4.872898559492500e+01
8.729337951508043e+01
6.675161335931701e+01
1.184134921610418e+01
5.137101796053863e+00
9.158587879109470e+01
7.004029269797741e+01
7.867813533110457e+01
6.119039555135667e+01
4.412292784271898e+00
3.192465977367231e+01
4.390900490987534e+00
9.160028961095973e+00
8.407080074961800e+01
2.380942670805819e+01
8.322855694369812e+01
7.871258541881693e-01
1.851418140275133e+01
5.207656684893956e+01
7.248836596146614e+01
5.040904374346559e+01
8.593001225308051e+01
2.793899971430143e+00
9.570551588931377e+01
9.305174112927716e+01
5.594167432558801e+01
2.992195590861233e+00
6.572180663501928e+00
7.417938908291021e+00
8.697464535337623e+01
5.150402744836361e+01
5.614692454978215e+01
7.426802482189053e+01
1.825564080768062e+01
6.798827376588633e+01
7.940512661794439e+01
9.841519552209190e+00
3.802856641729761e+01
5.808326190248284e+01
7.103191510356585e+01
4.244085920156951e+01
9.000792172272128e+01
7.542281559455340e+01
5.160088816266548e+01
7.407872242577315e+01
9.923224234917771e+01
3.482944510636360e+01
7.486584832652744e+01
1.774642370536291e+01
8.690601195530314e+01
4.735421424142746e+01
6.815546744882849e+01
7.283602416181752e+01
5.014811421285761e+01
6.386098329157615e+01
6.588776524452854e+01
6.089788491879491e+00
6.685317892900351e+01
7.245994590803046e+01
1.350772744673664e+01
5.382782423581362e+01
2.396397330982796e+01
6.965465199651879e+01
2.809584901113801e+01
4.221961411750858e+01
3.764292571583898e+01
7.500975582516276e+00
5.206113366971776e+01
7.567149213313660e+01
6.558423753156524e+01
2.309304877328363e+01
1.811235133470611e+01
5.559215920772039e+01
9.851586436783703e+01
6.971323949737159e+01
2.967088158692740e+01
9.774810667044861e+01
4.542684557169063e+00
4.536729866888714e+00
1.549453032924539e+01
9.144869651247221e+01
5.189094410831618e+01
8.364999777807388e+01
6.428472062772360e+01
2.039058274607667e+00
4.751098106965003e+01
3.017248582568601e+01
8.128846813053286e+00
1.436415995208740e+01
2.632431687150352e+00
2.163657425978993e+01
6.819198418790101e+01
2.659640504354444e+01
9.129122625630872e+01
9.628783319903901e+01
6.881601916105301e+01
2.893415192558158e+01
3.788808734989171e+00
2.087715283077078e+01
4.605644012152052e+00
6.937304626655441e+01
4.397020160405440e+01
2.271799534685816e+01
2.496520542770866e+01
4.248606592532530e+01
9.243123489079589e+01
5.463608706120220e+01
4.023417259577391e+01
9.697391944796495e+01
5.917281692809091e+01
5.572870292501929e+01
8.842261596043716e+01
1.106376103640709e+01
3.937870070309318e+01
5.270733654159463e+01
1.310281931101476e+01
8.688968177274320e+01
8.287982241384677e+01
2.123166612406805e+01
1.253841678264477e+00
8.551225410099713e+01
4.286824038385797e+01
6.944582586616549e+01
1.210865909797543e+01
3.415946659360056e+01
6.573365901863838e+01
8.092467830559457e+01
6.309361851918214e+01
6.952246775362755e+01
1.801831089799214e+00
6.769926257790033e+01
3.889551402018196e+01
4.577203269385362e+01
9.041725792475849e+01
6.386071944789064e+01
8.825809861917891e+01
8.284849276898825e+01
1.849680646252670e+01
2.849227116838669e+01
7.982241221695320e+01
7.766962343718373e+01
8.422097413997211e+01
6.824502813082422e+01
8.873338447359083e+01
2.359967479649916e+01
2.095236462585272e+01
1.836203738039454e+00
1.048935652267624e+01
3.832186993133364e+00
2.306786990867363e+01
1.174319820094071e+01
8.934444114069660e+01
6.593611029253161e+01
8.118902406710620e+01
1.453100192105910e+00
9.557688613216248e-02
4.692268303917846e+01
8.237777849770048e+01
6.318919540531430e+01
1.644515074623988e+01
8.417960958749970e+01
3.088845793664849e+01
5.534066476642185e+01
2.995164223478718e+01
2.130571586140698e+01
1.920138421431248e+01
1.820974085396610e+01
4.154208583829091e+00
3.769819067683918e+01
4.670201202235278e+01
8.397662080078229e+01
1.536781406745678e+01
3.092298611575877e+01
5.222164888504038e+01
4.101198494481481e+00
5.452266091225793e+01
7.317401355745923e+01
5.937402279087064e+00
6.501201743493417e+01
7.700620055059260e+01
2.900527218776070e+01
7.675521563587488e+01
6.635064164472308e+01
9.494138248029229e+01
5.794423965641495e+01
6.780374188339512e+01
9.503695936642445e+01
4.866922649027279e+00
5.018152033452947e+01
5.822615477173876e+01
2.131207344183329e+01
3.436112992202916e+01
8.911461270838726e+01
7.665273820825514e+01
6.431277215681634e+01
1.042032852322810e+01
9.585412242256763e+01
8.252251301078243e+01
1.457453715362332e+01
3.355231309940680e+01
2.922452503313521e+01
9.855115795440560e+01
4.892012716686359e+01
6.014751114889398e+01
5.077280683944598e+01
5.302132570791120e+01
1.467017206115190e+01
2.394682035033909e+01
5.895872798699826e+01
7.968218949608607e+01
9.530208543655559e-01
8.796400017475897e+01
5.643740513196094e+01
6.730366254565476e+01
8.290538260848513e+01
1.438164474180976e+01
3.510740438248376e+01
7.794234197490958e+01
1.924856743740317e+01
8.528892471701323e+01
3.616849670008220e+01
4.056064087923646e+01
1.965005459247625e+01
2.528310936190333e+01
1.721337904092547e+01
8.396282679585872e+01
3.570343793169755e+01
1.306750146349310e+01
6.648533976007501e+01
5.027797508532087e+01
4.661981456289990e+01
9.570986479321023e+01
4.882913299316034e+01
9.553994172976350e+01
5.585737594210421e+01
9.960193983260632e+01
4.856126739110857e+01
7.052754800325611e+01
2.354876013637928e+01
7.519995331540702e+00
5.020973745277605e+01
2.450178103731097e+01
9.548399550629966e+01
6.647142538170862e+00
9.180544358296572e+01
7.838937811478478e+01
2.102878732654675e+01
2.691284791888336e+01
5.633172004312823e+01
4.027735476394992e+01
1.220177258933045e+01
9.250021674321043e+01
8.083799564318637e+01
3.185182722837284e+01
1.778332605854763e+01
9.805137468411186e+01
1.581465397766542e+01
5.348676399024518e+01
1.111887610103883e+01
8.229999373774044e+01
3.764739028999927e+00
5.773869066393873e+01
7.800985853095067e+01
5.259387206872640e+01
5.327863239370223e+01
3.386723442648874e+01
5.219581185476660e+01
1.839899738244666e+00
4.394782383178725e+00
7.574457203771200e+01
9.359895116351497e+00
5.460451983595478e+01
2.463530284568449e-01
4.843890576085025e+00
6.125166242069177e+01
9.205179661142257e+01
8.323326869086981e+01
8.228044974723852e+01
1.896464448373981e+01
3.956498868743190e+01
2.255780446462231e+01
3.116641707307027e+01
3.206520538407620e+01
3.395800061242562e+00
6.301824430144310e+01
4.984853148918996e+01
1.447174698788288e+00
7.883289827910852e+01
3.335295432869017e+00
1.256605084639324e+01
6.113289201684896e+01
7.100034508435071e+00
7.030474151033198e+01
3.914275050123350e+01
5.969390657716147e+01
2.358337385746808e+01
7.300998492772224e+01
1.188971838536193e+01
2.542327364227887e+01
7.740476731090097e+01
8.763429042307395e+01
3.478316875863037e+01
3.200928710028962e+01
8.788064345153079e+01
3.962705933471539e+01
9.326094952098138e+01
7.993244001638725e+01
2.286032802558519e+01
7.554139922165378e+01
9.889708450012704e+01
6.242531671301710e+01
9.809920368627608e+01
3.006350157319731e+01
9.449052214365943e+01
1.495003700952513e+00
9.308174587464040e+01
4.433905358628326e+01
2.942178446306930e+00
7.191464415374894e+01
4.767434901915227e+01
1.550822929270017e+01
3.304753612403177e+01
5.477438352758735e+01
8.581297080303216e+01
7.219028662526527e+01
1.446829005818269e+01
9.396344660500224e+00
4.520027150642139e+01
2.635800849011075e+01
3.481961830277909e+01
2.260503877075624e+01
1.399229886661856e+01
6.960278706140946e+01
5.461432587104586e+01
1.872942318149350e+00
9.229846349558722e+00
4.787527539202723e+01
8.180538233453657e+01
3.209017437514392e+01
2.341667456711487e+01
8.070246683466364e+01
9.451549113472714e+01
2.151587825339096e+01
1.076596836129481e+01
8.900601323182043e+01
2.301088195434347e+01
3.847714189369098e+00
3.334506677153756e+01
2.595306040065040e+01
7.576235834311804e+01
8.101941579068985e+01
4.146128969335057e+01
8.809894420583683e+00
3.579379931827719e+01
2.727426049638272e+01
8.100018104584896e+01
5.026208937645988e+01
3.667060515688295e+01
2.620045250570422e+01
7.662009786657063e+01
7.149022345966203e+01
4.880549127646046e+01
9.061239677975531e+01
4.109301047450538e+01
3.419817147506316e+00
9.248533909790466e+01
5.032285682406410e+01
5.129509253953355e+01
7.429072138587513e+01
8.241303124577414e+01
7.471176710664842e+01
5.499318817397262e+01
7.692852233393515e+01
9.622764536003939e+01
6.575915653526744e+01
6.593453551918945e+01
1.923852731438285e+01
6.960687077120267e+01
9.927960229072701e+01
4.519158771503325e+01
4.536922906775457e+01
8.029901803485072e+01
8.665287745494994e+01
5.417912353490438e+01
1.609281730656178e+01
1.392713790476655e+01
3.517930453418722e+01
6.635490672958778e+01
5.059774306164949e+01
6.137975708645757e+01
4.297500454959227e+01
2.208796647474541e+01
1.018524831635191e+01
3.358740128278146e+01
6.318097694925078e+01
1.360506546385822e+01
2.607274033411999e+01
1.350383372674874e+01
6.490015800339177e+01
3.634617199951139e-01
9.591686497252289e+01
3.961192511004020e+01
5.535664989396773e+01
7.284538725989191e+01
3.583957042351345e+01
2.111580642923517e+01
3.877992273251522e+01
5.507809773789630e+01
9.072267720043784e+01
3.805952497667611e+01
2.696854529295515e-01
3.609190622162629e+01
1.835854301152683e+01
8.692256290787951e+01
9.027102975653067e+01
3.445136031808861e+01
8.497007660799197e-01
2.545033429071789e+01
8.062670011102535e-01
5.144744382772941e+01
8.683009137717545e+01
4.378127159726865e+01
7.353541030247483e+01
9.701533969352735e+01
7.736867288005010e+01
3.671638720515947e+01
1.062040515738558e+01
3.441413214170101e+00
5.022022093190822e+01
7.552056316077736e+01
3.804874934165214e+00
4.613708590443110e+01
1.513248822425142e+01
5.916152482813295e+01
1.898247311775688e+01
5.097205869433100e+01
8.027733125736812e+01
5.776239589683823e+01
6.050156385661175e+00
7.100000841123983e+01
9.582192087351434e+01
6.319841838590727e+00
7.091914632866120e+00
1.418046383847504e+01
9.324240474647023e+01
9.736294438939679e+01
4.863182420312977e+01
9.409210551255015e+01
2.281327863354854e+01
4.943809120424003e+01
4.553954929371343e+01
9.643369964157870e+00
9.321936280150868e+01
1.907495954962213e+01
6.658709657685230e+00
7.058803568155879e+01
5.579134675478160e+01
1.727911481507081e+01
7.402944889572889e+01
6.011567686689816e+00
9.279967797584817e+01
7.783432382989410e+01
5.214865359112092e+01
7.932166200099590e+00
3.699584861146093e+01
7.113112670887780e+01
5.890422489443059e+01
1.727317986882905e+01
2.889352255914990e+01
6.495438128009177e+01
8.827318828006889e+01
2.471544343266424e+01
7.127422316524863e+01
9.536510291293500e+01
3.889590727113928e+01
6.451662786515273e+01
9.272804730233179e+01
8.752773147426906e+01
5.860873337770287e+01
1.554132588931421e+01
3.696582267850908e+01
4.148282624850181e+00
2.518469590003821e+01
3.018518543345164e+01
2.322324222103844e+01
3.184340555772344e+01
7.732210684442991e-01
7.901458897582003e+01
4.912252037279426e+01
7.480266996417319e+01
8.502615666250985e+01
4.192219830207629e+01
5.263699374750117e+01
3.717481020706464e+01
4.985436450217588e+01
8.963284240552822e+01
8.305936915942439e+00
8.758589350040346e+00
6.906022227791149e+00
3.719945947509234e+01
7.371297067669825e+01
9.517921050786003e+01
6.191490290775658e+01
4.498719379538073e+01
9.054431342079505e+01
8.108101788958582e-01
9.503821613967336e+00
8.327236067656072e+01
8.833854165316491e+01
6.811255499167021e+01
9.881368656587493e+01
2.530436428510787e+01
7.226083766308652e+01
2.399838241934701e+01
5.548954976512563e+01
9.548407988412497e+01
5.584178797707045e+01
5.626277083356995e+01
7.449866881337887e+01
4.964308303298572e+00
3.106544079774313e+01
5.952482547588871e+01
4.688650665194099e+01
8.370243454524430e+01
9.669963568295336e+01
9.674087115411687e+01
7.333527690420638e+01
5.005572552329662e+00
5.499460504157217e+00
8.024129913199754e+01
4.220503207398813e+01
7.921243118085546e+01
7.542050963985757e+01
4.119934935178578e+00
2.419962492967007e+01
6.596482301408649e+01
4.930745114074435e+00
3.370344654363740e+01
4.923718364408109e+01
9.326928681380548e+01
1.816001535307617e+00
4.805087016338989e+01
1.857365105234722e+01
7.407683919839414e+01
7.204925262930303e+01
7.406320081747286e+01
6.956091903595296e+01
2.789104055980734e+01
3.032597165104280e+01
4.405958780276570e+01
3.285534890967205e+01
6.139141244878592e+01
3.584413232088282e+00
7.974185556161304e+01
4.509384694746409e+01
2.840489150416334e-01
7.648272666916378e+01
1.842912385167048e+01
5.289621467371295e+00
8.198218717332099e+01
9.867042298366800e+01
4.749465354135942e+01
6.119461830761033e+01
7.409093257695946e+01
5.161458852310413e+01
8.539424323728039e+01
4.005575554447982e+01
5.654533363717857e+01
1.909768978091781e+01
8.929293918856091e+01
4.981462040441792e+01
2.091369131622542e+01
3.734380935195080e+01
6.838827150333127e+01
9.499053051461956e+01
9.393061934687692e+00
4.245147227423800e+01
6.455144950400640e+01
3.728410249449504e+01
7.277744392528079e+01
8.611037260205968e+00
7.013945140416709e+01
3.416885632750059e+01
1.219545053886038e+01
4.988130691921399e+01
7.926270332153081e+01
1.247949945390201e+01
2.636403358837777e+01
9.769182717320129e+01
1.776912092127331e+01
8.346220715132645e+00
9.636225011030317e+01
6.526377450919885e+01
6.954083906930910e+01
7.045318268726263e+01
1.687836298573686e+01
5.493508226002337e+01
1.050893818517632e+01
7.342369662291543e+01
7.403277204094118e+01
9.980187742030336e+01
2.323831702733334e+01
9.494646335716659e+01
3.714568672568802e+01
9.162658853066461e+01
8.993699382522003e+01
4.653874866037571e+01
3.407806075833648e+01
5.448844328266031e+01
8.382285115487075e+01
6.855504683617272e+00
6.309948058943240e+01
5.396230255903783e+01
4.102436101111787e+01
7.529493112829277e+01
3.843609431685698e+00
2.028706428608255e+01
8.777443058219478e+01
3.020764302006348e+01
1.797889141271770e+01
5.543551456901967e+00
3.855386378176225e+01
1.434114152302087e+01
7.080732596610083e+01
8.094702804505221e+00
8.479432421028351e+01
8.768568895183768e+01
6.302978506452860e+01
9.530326239545983e+01
6.110938557475311e+01
3.706255710546978e+01
9.510513976919704e+01
8.434770260208644e+01
3.200902041607025e+01
3.225082644831893e+01
7.597429108618493e+01
2.194601424129029e+01
7.878957510869465e+01
1.005235179795528e+01
7.643445752395060e+01
6.261242626356539e+01
1.690785648157255e+01
3.953393806681686e+01
1.657472877603710e+01
5.793221753925653e+01
1.482886914854351e+01
2.041833820772280e+01
7.821928182533908e+01
2.603299684172170e+00
5.062598127435241e+01
9.619817328462292e+01
8.146851187640266e+00
8.917984505611464e+01
1.053931476107767e+01
7.895417715374109e+01
9.727454786061986e+01
9.533363897136117e+01
6.663986610557878e+01
6.030433287858234e+01
9.063690132025485e+01
2.774925163376576e+01
9.736688998405211e+01
8.574204108945189e+01
1.209695418928608e+01
2.937591040012236e+01
1.799286749120470e+01
8.807124527547101e+01
5.132192464141265e+01
9.678244264646547e+01
9.812359707342628e+01
2.775638211879711e+01
5.939486886346474e+01
1.503145355499883e+01
6.729032023218011e+01
7.596959763950184e+01
7.296367109425536e+01
8.211918938072360e+01
9.638793584722464e+01
5.118295287302833e+01
8.472248911146191e+01
4.701391707501091e+01
4.738112611108512e+01
9.286934029910216e+01
3.619376208455943e+01
5.792044087216278e+01
7.182351740627713e+01
3.346830989861316e+01
5.325407979695782e+01
3.846338346528978e+01
9.377264282376163e+01
4.389098111721267e+01
6.621263509905553e+01
9.113953276124761e+01
2.963302216009843e+01
7.830958928834161e+01
2.051544311480384e+01
4.762588965130313e+01
6.638083451724650e+01
7.183736775621649e+01
4.440833225120247e+01
6.450443159067278e+01
9.959374992157973e+01
3.803201068101079e+00
7.953588514567161e+01
6.688407010719369e+01
7.977279870760292e+01
5.249955619336085e+01
4.900325944135117e+01
7.616073455482756e+01
3.682509019823051e+00
3.372574850624695e+01
2.317465158327234e+01
5.106363517747430e+01
2.659508875878299e+01
5.936841371439790e+01
8.984076003070957e+00
9.841860621162625e+01
9.283672361301105e+01
6.223815584659490e+01
3.688198963034991e+01
8.660936639020656e+01
6.129136917241447e+00
3.094624729405448e+00
7.774889915145417e+01
3.576215907733988e+01
8.140421401774707e+01
9.826434226625801e+01
8.338804872864300e+01
4.778504853499357e+01
7.010171002247451e+01
2.779638097984548e+01
1.228948007910022e+01
6.969545989748809e+01
3.159958204794656e+01
9.182536522477184e+01
3.657952995811567e+01
1.137238075554948e+01
4.432492137156656e+01
8.558278939946685e+01
8.753311531037703e+01
4.800743039138961e+01
1.930853790571379e+01
1.070776684708324e+01
9.907106556886392e+01
4.590362666449678e+01
7.007618056148112e+01
8.055141571934866e+00
4.432223282955691e+01
6.291290417449218e+01
7.029329741852978e+01
8.120422250647295e+01
4.952227051813261e+01
7.642243433577121e+01
8.429884723587840e+01
2.727116962302065e+01
1.218459336654497e+01
6.570306120705933e+01
2.553551188927866e+01
9.557264209518797e+01
1.348810969548678e+01
9.563722191175317e+01
2.336902302846732e+01
2.577758977458700e+01
6.533268176267514e+01
5.496860512298001e+01
1.760295495279271e+01
1.912211674224684e+00
6.634098587852949e+01
6.192787632435927e+01
8.749500107369153e+01
5.387410114234039e+01
9.935306715748881e+00
6.803538932839194e+00
6.458186798942363e+01
9.006372238046662e+00
5.270716564390211e+01
3.465804855090475e+01
1.706151380998153e+01
9.702939847345901e+01
9.757095272539694e+01
8.735481122851129e+01
7.823362093336583e+01
4.709322319696342e+01
6.377724551771639e+01
6.253246812267810e+01
7.436439286655020e+01
7.596183888426135e+01
2.823552932973743e+01
9.989990475582886e+01
7.153448097944934e+01
4.172363902522421e+01
9.553712662101590e+01
9.490350400791667e+01
6.750122884637733e+01
6.086980833712491e+01
4.987210908433055e+01
8.510418379917004e+01
6.278202001134959e+01
1.621309491629391e+01
4.703206012352931e+01
5.027702103847499e+01
7.008719605863429e+01
5.696736683927820e+01
5.708056001788031e+01
3.466906404805792e+01
6.597373907732485e+01
9.787725615216292e+00
6.932711259896267e+01
8.303525293387251e+01
6.817124042109178e+00
6.689806527779348e+01
7.039006411581768e+01
8.505074502204114e+01
1.399128842819077e+01
3.416730963353408e+01
4.758321309815310e+01
8.835568129474096e+01
1.012914847122931e+01
7.581874242789054e+01
8.825558600400369e+01
8.166362945067866e+01
1.754238145311474e+01
8.379271257845346e+01
7.656713345859532e+01
8.504361029949207e+01
4.466252086901223e+01
2.643924249635974e+01
7.014779405209599e+01
7.444540833795695e+00
4.265233745921977e+01
1.717985412905917e+01
5.772156191883682e+01
1.273953347128794e+01
7.414722096833736e+01
1.480212189015100e+01
4.740859751934586e+01
4.012096004566222e+01
2.458984750536729e+01
1.673571007174240e+01
2.315621293296861e+01
3.140697154747647e+01
8.363377534953588e+01
9.354627704878629e+01
1.645771652295148e+01
9.762506382429277e+01
2.771358663575425e+01
6.404092966767071e+01
8.598074507246760e+01
3.784273515354970e+01
3.985967204899512e+01
7.423633107647129e+01
1.950636455766222e+01
5.740205350210987e+01
5.802904360835861e+01
9.607349801625755e+01
4.244566375503580e+01
2.691564477370849e+00
2.251274051261728e+01
1.259345780713179e+01
1.013610531116655e+01
6.516507797183705e+01
2.977331193619096e+01
6.785766723000336e+01
7.790461144312499e+01
3.920532904528330e+00
8.265978912015436e+01
2.531320896247086e+01
4.404149295019055e+01
7.249636578955518e+00
4.204891903421326e+01
6.719770588315916e+01
3.865660817299811e+01
2.568269438374913e+01
6.074398288537933e+01
5.511432469594959e+01
2.330775816147577e+01
8.845756956769971e+01
1.915525431705418e+01
9.288503187377239e+00
2.630030467468328e+01
5.901492641261542e+01
8.352483426384852e+01
4.580666923234550e+01
1.641697986815915e+01
4.155387787220715e+01
4.188016724860304e+01
5.886264366976108e+01
4.424544234957800e+01
6.439290776122031e+01
7.145610147689287e+01
5.438154766074453e+01
2.955798568649124e+01
1.229413366517710e+00
2.223921489074790e+01
7.462597083050104e+00
5.149946271046040e+00
4.899003964336125e+00
3.277580604552096e+01
4.919143922123659e+01
1.214864058985777e+01
7.482472512630034e+01
1.638914505782963e+01
5.080524876285589e+01
5.074194634833464e-01
7.713312798977509e+01
5.919573412239353e+00
2.381517762495912e+01
6.559069751090868e+01
2.507482777585966e+01
3.310368081233636e+01
9.189100218559196e+01
8.408975418847508e+01
1.662851507618489e+01
3.769767137137134e+01
5.067340100681103e-01
5.818239294839203e+01
7.957783861997436e+01
5.936937767982919e+01
2.427835251403896e+00
4.397074633462855e+01
3.082547911015595e+01
5.680938291214843e+01
7.352873202111979e+01
3.205489252323978e+01
7.904859780289632e+01
8.099132915073602e+01
3.720483879428582e+01
8.394760181379858e+01
1.376713514969085e+01
8.639627806208856e+01
9.609624240365636e+01
8.859186027599119e+01
2.785423073352046e+00
4.690149111994612e+01
8.909927973947454e+01
7.991855106312714e+01
5.282106453218547e+01
1.291445731786753e+01
4.550924852746969e+01
7.789589230804513e+01
4.601813817677002e+01
3.740025066649552e+01
6.198564644995408e+01
6.264665325295490e+01
7.509792208443299e+01
6.249238050658832e+01
2.082904615478080e+01
5.467576065784123e+01
2.186175813985139e+01
2.325688140618470e+01
9.864650703903590e+01
5.268723729657346e+01
8.006626431833314e+01
7.217523901358956e+01
8.474212981981324e+01
5.911486212122946e+01
5.316656811775945e+01
2.194696856753294e+01
4.306246388846191e+01
6.693370331401644e+01
8.343246583055354e+00
3.915870624555215e+01
5.552556354344150e+01
1.112866970297353e+01
8.606019736549825e+01
4.462484328291605e+01
9.104722076610066e+01
3.888126185111761e+01
5.753930060078357e+01
3.655646929357037e+01
1.677715415916273e+01
3.557438730987459e+00
7.395671996006590e+01
7.876280060911681e+01
6.620409198394236e+01
4.905464199793276e+01
4.125518106913901e+01
8.703313813872316e+01
3.730402655773984e+00
6.311693925555652e+01
1.029001949834173e+01
2.376909648243761e+00
1.580417650556386e+01
9.035628386324099e+01
7.455214866183333e+01
5.463062788109790e-01
4.947114593790432e+01
2.771871677959278e+01
2.249327484634392e+01
9.253360982636623e+01
9.465242009360921e+01
3.083652147596540e+01
3.169231602535225e+01
5.017798359048459e+01
4.196519117893892e+01
1.775251334428439e+01
9.480282687340063e+01
3.301241189847347e+01
5.663377519540200e+01
5.234212747418421e+01
6.956888119204383e+01
7.341092935456473e+01
5.589956620517167e+01
4.352560115210973e+01
5.217372996368154e+01
2.210365818911402e+01
9.258024315004249e+01
9.342891103282055e+01
9.136796281271053e+00
9.631064580581646e+01
5.654585024181095e+01
1.942681582617891e+01
9.868755545406023e+01
7.235002674737481e+01
9.783099642853765e+00
7.323970411589356e+01
7.289633302618579e+01
5.925424558075808e+01
9.584208489202060e-01
9.538960791909584e+01
5.178785536055819e+01
9.561084094252942e+01
2.622612934849510e+01
8.348017138591044e+01
4.578882448644788e+01
6.819132052743403e+01
1.232684683628699e+00
4.059165135984852e+01
1.203732379341373e+00
5.786645987903069e+01
9.293377883403272e+01
7.077261361795134e+01
3.127738923359541e+01
4.883334499263826e+01
1.429821472349493e+01
8.345111919727695e+01
7.093700318175229e+01
6.878457826971289e+00
7.688003018353136e+01
8.007379950958948e+01
3.189103632787756e+00
3.342588042534230e+01
9.950061533576837e+01
1.876659040281856e+00
5.775907126150982e+00
9.283714932056011e+00
7.511636315617541e+01
7.867224019890290e+01
6.853796051281410e+01
7.607478400509562e+01
7.406184807143261e+01
2.032581582680615e+01
7.168562490105892e+01
2.879773733615770e-01
3.805987166150467e+00
1.747444938750679e+01
6.847929790079561e+01
5.038671849779166e+00
5.806610074735531e+01
6.968303028013698e+01
6.290513172880985e+01
5.099987953482190e+01
4.045564385152219e+01
9.418252096240526e+01
9.983322452746016e+01
5.475385857501712e+01
7.763364011311607e+01
7.077022770921243e+01
6.163231644855455e+01
5.451367029664743e+01
5.084402717223578e+01
6.482142008134230e+01
8.793955072198973e+01
5.034464246143803e+01
6.669807912162415e+01
9.371545784814072e+01
5.962835739349405e+01
4.181444227779957e+01
7.238769800047749e+01
2.816631785974201e+01
1.788922623632905e+01
4.644954602534396e+01
4.849213368654816e+01
8.957485118395410e+01
4.673752339870554e+01
5.229812085269862e+01
7.049300524894754e+00
1.521682125293502e+01
5.733679270247779e+01
6.511540127225007e+01
8.489985157963812e+01
2.024192438472152e+01
1.611528076050583e+01
2.535549538459419e+01
1.442444534712678e+01
1.594850524139987e+01
8.010935400617744e+01
9.205808546024285e+01
8.671873295061231e+01
4.174167040816586e+01
4.657175571032416e+01
3.756276007628197e+01
6.563090442942032e+00
3.451130638574777e+01
8.790740253772000e+01
7.326116956456619e+01
2.822676423388848e+01
4.753575988464792e+01
1.507561179579963e+01
6.144621877998403e-01
7.570207774438991e+01
3.296483807869481e+01
4.706400825970993e+01
2.419421138437195e+01
2.253968921608277e+01
9.380153165841546e+01
7.649233223707058e+01
2.958898974097752e+01
9.018352911350481e+00
3.382912489298225e+01
9.470439101322758e+01
9.391820449098861e+01
5.407104932426989e+01
1.081967172716729e+01
1.927369982901667e+01
6.849549467139667e+01
2.676817696856715e+01
9.938305383519412e+01
6.055358008507340e+01
1.348690991917947e+01
4.112472419679385e+01
7.125335795397561e+00
5.104966999546144e+01
4.768781463973588e+01
4.163664218114533e+01
3.895707253318144e+01
2.094898420430207e+01
6.986340641503381e+01
8.649283241782935e+01
3.602459600010170e+01
7.047786864939978e+01
6.219491016221927e+01
6.898943407879651e+01
1.754187686254358e+01
8.638912154659121e+01
9.152912329487928e+01
1.134340847439291e+01
6.288145378366180e+01
2.111811298929067e+01
2.036176138574340e+01
9.671057867664405e+01
1.582250395595213e+01
1.427996583016588e+01
5.078162795434782e+01
2.664217568311942e+01
3.355366570574868e+01
1.927712257917836e+01
5.341035269825271e+01
3.293671949437667e+01
7.983070271081789e+01
6.689726261743218e+01
7.406144373773664e+01
8.695603850621546e+01
1.794693256632748e+01
2.174925833090640e+01
2.859268064079465e+01
5.690400509950891e+01
4.269824253520846e+01
9.845608710239459e+01
4.339683751733826e+01
7.872283858187629e+01
6.893395570522824e+01
5.591747632991405e+00
4.771227261410667e+01
8.647583256777182e+01
9.198086917958263e+01
3.924139590898594e+01
9.781924104216473e+01
5.486232291667831e+01
6.035950889827660e+01
1.818100242790813e+01
5.157290159332235e+01
7.618201290079486e+01
3.246096825807400e+01
2.354529501104043e+00
2.824188537348150e+00
6.601463396382267e+01
2.163165212684854e+01
5.623454123560086e+01
9.895135350476548e+01
1.462354791100302e+00
2.313180380646689e+01
7.301279719593600e+01
8.841839329731576e+01
4.107873641936050e+01
9.476205552684239e+01
1.701107389154429e+01
9.798274151886940e+01
3.746029806205085e+01
1.546716094737275e+01
4.137957898964154e+01
1.618313659736101e+01
8.440111665260098e+01
4.697132662263294e+01
6.389540921146768e+01
7.087694917380668e+01
3.895219580221558e+01
3.136805073887484e+00
6.869619021597141e+01
9.381451871889388e+01
6.349631401873022e+01
8.687719264387954e+01
4.538742026565011e+01
3.967832687295896e+01
1.933816085538741e+01
4.774194981332028e+01
4.250251541030710e+01
8.535279486577623e+01
6.937360194016881e+01
9.873705669247408e+01
8.430414832397557e+01
7.083595673126911e+01
2.186886045237484e+01
5.731694547334543e+01
5.925434998201875e+01
6.294759687173534e+01
5.207900095362170e+01
7.626542387356304e+01
6.093033839060475e+01
8.953929901567254e+01
9.173258486750190e+01
2.309917333680167e+00
5.722435566467436e+00
7.613370147353676e+01
4.928124400287924e+01
6.961784482450125e+01
4.701065064734344e+01
8.823343980509483e+01
7.275464989838872e+01
1.570684081674872e+01
8.204795847742258e+01
3.625096387055282e+01
2.584033414062128e+00
2.743537874307268e+01
7.592929074351177e+01
2.192219426944954e+01
7.517732855639296e+01
1.843180615381888e+01
7.274989088659635e+00
4.455093044999565e+01
1.716886279972683e+01
9.157913741263521e+01
1.538688713469863e+01
3.903772325210168e+01
4.889608283941452e+01
7.464123711671738e+01
1.985320123837013e+00
9.750837930362131e-01
5.090666094371428e+01
6.291565851444177e+01
9.051438280870876e+01
4.263924576465005e+01
6.522557584812193e+01
9.623681842174233e+01
1.877294723818682e+01
1.450681980443504e+01
6.585466319967745e+01
6.578359788553026e+01
2.740259562963741e+00
3.860931305150004e+01
8.149043870227898e+01
8.478821808695245e+01
7.486027696861899e+01
8.407447211634110e+01
1.222359678345900e+01
5.078956766556463e+01
5.996666339224515e+00
8.740092533985197e+01
6.922137381938350e+01
1.327165547445028e+01
3.195185574328148e+01
8.639023661911033e+01
4.850792840519357e+00
4.733874287798011e+01
2.542795987121200e+01
5.374687572650000e+01
2.197997994813136e+01
2.741327999504902e+01
5.472195951953621e+01
7.288664089184563e+01
9.032893850949077e+01
4.523634228167885e+01
1.552588665649569e+01
5.555451431104657e+01
4.147316065685505e+01
3.429883389468251e+01
7.006133416204776e+01
7.327823809966364e+00
8.243173364663112e-02
7.280159372501149e+01
4.593713690803253e+01
8.157287043592561e+01
5.758981176539781e+01
2.079741383008539e+01
6.564734250570058e+01
6.981340854885681e+01
7.158698149565001e+01
7.164400884492510e+01
5.721433384214264e+01
4.080835531503351e+01
8.491566431937537e+01
8.916618958542412e+01
2.719859188757771e+01
8.976645720646086e+01
3.650493241683810e+01
5.262655175878972e+01
4.351333288639474e+01
5.013758531184712e+01
