2.867667685666898e+01
9.276971220633467e+01
6.695753674346840e+01
4.452901344957250e+01
1.259146119122927e+00
2.638748931995942e+01
7.075999522151425e+01
4.508882213620880e+01
4.942749363809241e+01
3.404449905922846e+00
7.367748551707598e+01
3.033141513836171e+00
7.648040828131158e+01
7.791874277308524e+01
4.779781850417974e+01
1.974460362444846e+01
7.789743993333421e+01
1.309716134010682e+01
7.126463827270300e+01
2.972769328846023e+01
5.811826752411121e+01
8.942948411657916e+01
9.100657617254488e+01
7.774971093877670e+01
9.302358738753180e+01
6.575798949494865e+01
5.959508039969722e+01
8.028038837028686e+01
7.805749535470153e+01
3.154042681285200e+01
6.688431849092447e+01
7.342411441422260e+01
2.431013897262055e+01
1.350368406321093e+01
4.584392190251682e+01
2.705938184031257e+00
5.442241167389900e+01
1.660391707746495e+01
3.266952351325635e+01
5.623563810076362e+01
7.686806604120324e+01
4.433559274502824e+01
6.023169684234620e+01
5.334847427594870e+01
1.426267685101492e+01
3.254344562652681e+01
8.246931581872950e+01
1.734151496428136e+01
3.530097149093680e+01
4.226834147342869e+01
3.591473867926501e+00
6.348882562643328e+01
1.782606552253760e+01
9.459805004047139e+01
1.920878711119703e+01
8.872100989740389e+01
4.565502025450348e+01
1.073202253819072e+01
6.900139822112462e+01
9.040245781205709e+01
4.227244935104272e+01
5.600107463821820e+00
7.312203076347802e+01
4.751977797016491e+01
1.062828368070921e+01
3.403079320398662e+01
5.979688738463301e+01
5.899496495676924e+01
2.627441115969532e+01
9.246641089788936e+01
9.765553120414519e+01
4.628277818964924e+01
7.145573388387251e+00
5.497120975282565e+00
3.741405258766098e+01
2.939990890650074e+01
7.042828205527192e+00
5.145180367466612e+00
3.263689485967015e+00
5.268343521872695e+01
4.964306566381970e+01
6.855163353893516e+00
1.724122549278719e+01
9.530376251568262e+01
9.511216622549675e+01
8.330843741228266e+01
8.734859250828093e+01
4.710823364886839e+01
9.596934928371074e+01
5.634999068283941e+01
8.696931641873407e+01
6.736336619004763e+01
4.323564923519066e+01
8.955117268001248e+01
3.394595451371090e+01
2.141548703490546e+01
7.943838773269131e+01
2.609782797568376e+01
2.856806829970705e+01
3.728216883599859e+01
9.749478055047560e+01
4.379867131067378e+01
8.356494702564783e+01
9.605338210056227e+01
6.763962696662156e+01
4.777059929807233e+01
2.545329096049689e+01
2.534088209520135e+01
8.297995477122254e+01
9.298143656597540e+01
7.802431736049444e+01
6.045765171780142e+01
3.557214380035742e+01
4.124626947624901e+01
5.576141418691790e+01
3.702535719472233e+01
5.560516377706322e+01
6.191482951953766e+01
8.750637163757644e+01
8.069608061606813e+01
6.784033871620910e+00
3.052177235042759e+01
3.745733692192348e+01
5.725334568752597e+01
2.298154589858910e+01
8.200540131982667e+01
3.633217049591810e+00
3.398930357489237e+01
8.103229248944311e+00
5.539451733017084e+01
7.127147241089095e+01
9.701103791455321e+01
9.919318864084462e+01
7.814760258335043e+01
5.749058288405211e+01
1.749124248395266e+01
2.607018641478856e+00
1.851771088248012e+01
7.117640425971543e+01
6.254951556331921e+01
6.109992203353900e+01
2.085644193964844e+01
7.324145868105882e+01
8.280683517586758e+01
9.694261234111275e+01
1.806039270854573e+00
1.983219232402378e+01
3.678571071326067e+01
6.948856360720870e+01
3.965783167614501e+00
9.840395576246267e+01
7.050490266201315e+01
7.000494006555758e+01
6.708770001637177e+01
2.775824834953912e+01
4.859161141728592e+01
2.846880374870673e+01
5.458469738000291e+01
2.655574308082263e+00
2.383236425175907e+01
6.705551877015061e+01
5.385238740306924e+01
3.358307091220425e+01
9.172403304452265e+00
8.688806746475775e+00
4.109322854368632e+01
7.584354224421249e+01
1.341481321184655e+00
4.516520176323373e+01
6.949577046069120e+01
9.688279889378826e+01
9.239989309217775e+01
6.399198591895028e+01
4.292742397772493e+01
7.520672822147921e+01
5.245492376967097e+01
5.044880558291860e+00
2.518917872812095e+01
7.016279891606551e+01
4.846341700687232e+01
9.900470375968362e+01
6.632814228829376e+01
7.895923470098489e+01
2.461476923181432e+01
3.341584225809940e+01
2.102254206362299e+01
2.789347694622980e+01
7.252766437480584e+01
6.130218038396080e+01
5.578729559471240e+01
1.125466251338583e+01
7.439127837977897e+01
5.108568139890474e+01
1.026604185358903e+00
8.045379844515296e+01
1.524885772506188e+01
1.787583838118046e+01
3.991578744720471e+01
9.841524558068032e+01
8.546675736339147e+01
7.661321469424908e+01
2.650711402600031e+01
7.786665040900309e+01
6.696542704802259e+01
7.176294078666854e+01
4.743710274223103e+01
1.257090294387699e+01
6.535744837734730e+01
3.594909428430213e+01
8.958314968719294e+01
5.134126546389483e+01
4.711700288910279e+01
4.916889953853977e+01
6.339233781369046e+01
7.173177212091711e+01
7.316139669770440e+00
3.192348672632290e+01
4.493815272345121e+01
6.216936412368405e+01
1.887239782087151e+01
4.361346794460596e+01
9.675001604331193e+01
1.117360927684866e+01
1.036513126937911e+01
1.040408071614992e+01
2.133642473320310e+01
2.869362101363652e+01
5.070563631630765e+01
2.845386896676099e+01
5.831793619241470e+01
6.106983155993271e+01
6.672474712446554e+01
8.482505021841500e+01
1.403904404213608e+01
7.494254278714887e+01
5.425958817557412e+01
6.711242267261838e+01
9.139456990705550e+01
3.201227087155556e+01
1.522472180203754e+01
8.263987804885949e+01
8.712443480599879e+01
6.234172469114034e+01
1.561532994528084e+01
5.423480801015851e+01
9.656386687260301e+01
3.896486947264749e+01
9.305413351070794e-01
7.901164953550867e+01
2.904499877665425e+01
7.053177262215492e+01
4.986139901441587e+01
7.455826023340144e+01
1.141439891020507e+01
9.010222916961752e+01
3.619909553611609e+01
3.424528321914621e+01
2.286716146528123e+01
6.904972413044875e+01
2.551579867746485e+01
7.711378637566874e+01
3.650538755418052e+01
3.402490212303815e+01
7.287555331032516e+00
8.058661468354362e+01
8.967444863620887e+00
9.129995610159820e+01
4.228592153745048e+00
2.975714836723970e+01
2.457773388576588e+01
1.945331395578259e+01
1.079315939489434e+01
1.420756015656868e+01
2.899333873251143e+01
4.997907474170396e+01
6.830742716244768e+01
7.425254307419646e+00
6.234505137537841e+01
6.035358228737190e+01
9.488018499448904e+01
6.331432427433986e+01
3.976974107314355e+01
7.461728280159518e+01
3.787258450774131e+01
9.298084196307735e+01
2.811553661158100e+01
5.338416046154879e+01
4.281444304753768e+01
4.037575858662639e+01
4.028889226740640e+01
6.833024172500252e+01
1.754440400635097e+01
4.867812881650316e+01
1.141143260123740e+01
5.652517916472870e+01
8.154632071105127e+01
4.971571953488315e+01
7.133286403088498e+01
4.710779387834845e+00
7.803479306308310e+00
9.841598942802101e+01
8.337880400166792e+01
9.026602734358332e+01
9.906836044931242e+01
9.018973330510303e+01
1.013946906204311e+01
7.970048351199389e+01
9.761498761252267e+01
9.250617143349078e+01
4.005406575279966e+01
7.609526835200157e+01
5.780162217924448e+01
7.638349708932614e+01
9.132513519903884e+01
1.116526839843265e+01
2.756763707267476e+01
7.293305512188610e+01
9.766315384659133e+01
1.150260069943154e+01
3.525099611619999e+01
9.827868845233633e+01
1.654296941894245e+01
3.085321766829733e+01
5.332700309964223e+01
6.805368963072715e+01
2.275714251341165e+01
9.863584106724515e+01
5.442794461475124e+00
6.152355217445808e+01
7.339730554884174e+01
9.724227706773313e+01
1.369422157932735e+01
5.243237328363227e+01
2.494842918820141e+01
8.398433638922140e+01
9.303115047189927e+01
2.775340635690531e+01
5.136012390784926e+01
2.534819828595417e+01
3.034355972443873e+01
8.797387997059798e+01
4.205605068339782e+01
2.432376324400481e+01
2.717387598341977e+01
7.117835449575371e+01
7.261792019597158e+01
9.192501408603276e+01
8.894441462538410e+01
3.846050241890387e-02
9.889410142735304e+01
2.898584205144357e+01
4.876781629806748e+00
1.232650536686485e+01
2.917499958033440e+01
7.308112051015772e+01
2.812356144568117e+01
6.004344334827897e+01
4.176764662459848e+01
4.394392918047678e+01
3.152479945287332e+01
8.588899480453181e+01
4.313524763245846e+01
4.521902107876679e+01
6.231440951224157e+01
3.064355199720876e+01
8.235600655076838e+01
1.624688194889896e+01
4.450718189799561e+01
4.494790851368937e+01
9.500781381270281e+01
8.874051812511892e+01
2.169001038264949e+01
8.365113091825094e+01
1.306428132255761e+01
8.604738739600749e+01
1.703231670755535e+01
4.855331296499507e+01
3.619069598437785e+01
7.957921492847578e+01
8.843954717202091e+01
1.697558435470591e+01
3.544399167198874e+01
5.346855509722073e+01
4.146988803589245e+01
3.613530594675583e+01
7.284761908131075e+01
1.288611889485555e+01
1.655113334606920e+01
6.831732223197693e+01
6.126901435724880e+01
3.000682761427333e+01
3.693808803192251e-01
5.862166772532355e+01
2.837849777582032e+01
4.536353570658878e+01
8.926521972253231e+01
6.587735194055240e+00
1.245550737364940e+01
4.766217803008024e+01
8.797743161580406e+01
5.405058765506865e+01
3.640269610863304e+01
6.614064516785585e+01
6.482245357000384e+00
1.710620197332753e+00
5.036537994181987e+01
8.842593579945431e+01
9.802029044275186e+01
3.094865592706420e+01
7.545031410430107e+01
6.218736798604362e+01
8.955449233276514e+01
9.663617657340885e+01
8.061896082042667e-02
5.303033825616834e+01
6.125516777916587e+01
8.901506857434990e+01
6.603976211791847e+01
4.114710257442067e+01
9.494761680017581e+01
6.783880203396025e+00
7.813128692942266e+00
7.842989120559297e+01
4.462789280555579e+00
8.832947252706134e+01
7.778728058458645e+00
8.599709518533065e+01
8.212976501422457e+01
8.709402405055893e+01
9.070242004967407e+01
1.818442736667787e+01
4.114461165906145e+01
7.006196932404394e+01
5.751741074841349e+01
7.884633018581492e+01
1.952894670866846e+01
9.705443219144568e+00
3.358036542012373e+01
1.754923710485419e+01
3.986587721848203e+01
9.477255032154385e+01
6.416130101502003e+01
7.608537346873683e+01
3.912194973748268e+01
7.233713281915389e+01
4.456665601793987e+00
8.802757770196888e+01
7.128992405314460e+01
2.708045333953595e+01
9.086891063063820e+01
2.381826402797283e+01
5.619208507993822e+01
9.313008277357095e+01
6.424972245667583e+01
2.380031036390006e+01
9.915948049126169e+01
3.888823908701923e+01
4.791963172513974e+01
2.140108175640976e+01
2.598226309101203e+01
8.157890489398450e+01
1.277784733696740e+01
3.767096490490761e+01
5.164087417146231e+01
7.029525808538089e+01
4.597320488932226e+01
2.024418852303372e+01
6.310464137378364e+01
7.955357035601213e+01
8.871905803155110e+01
1.534392797171321e+01
1.396936649175797e+01
1.952251532092808e+01
9.406848167724371e+01
6.573484747937640e+01
1.712227892927932e+01
7.574957151699326e+01
1.839874206036271e+01
7.994493426752507e+00
2.830024809963081e+00
4.886893776658408e+01
9.381432477096763e+01
6.802068593353997e+01
8.715226221231383e+01
5.806404718107733e+01
2.994322247334906e+01
9.020801200075448e+01
7.975764762598912e+00
2.950827899831733e+01
8.302829488321593e+01
2.293454931254245e+01
5.944175909247331e+01
2.177056643262998e+01
9.006142406261593e+01
2.323203115874530e+00
6.610140025899811e+01
3.603462895193819e+01
8.225245414406641e+01
9.733270457821558e+01
1.867688168709952e+01
2.513205633737709e+00
7.093869907359533e+01
3.835281852556059e+01
2.385187112905638e+01
8.076766914723798e+01
5.564916732518429e+01
1.389536904818163e+01
1.301115742559133e+01
2.677670620697397e+01
4.896864353165433e+01
9.834818653685421e+01
3.244010514227678e+01
4.278296825605582e+01
8.386186821566051e+01
1.006910931787878e+01
5.810091242105743e+01
3.136435078054869e+01
7.169632249125108e+01
6.215142224084187e+01
6.087262977886601e+01
3.406211688838066e+00
9.345245356366618e+01
2.814056697680642e+01
5.053075954808423e+01
1.079527503382194e+01
5.131632152540438e+01
5.940484137246611e+01
2.741081469106060e+01
4.444479129484147e+01
5.673754595068169e+01
4.044510290978714e+01
7.579672205066156e+01
7.205335869083804e+01
5.233242313951833e+01
3.926817455294923e+01
9.373460290661761e+01
8.343275542530824e+01
8.024232465785104e+01
9.648615130991031e+01
8.202949985024962e+01
9.602820938268127e+01
2.143566497668422e+00
4.946346955814560e+00
7.199393644556122e+01
9.713354543649291e+01
3.460943374531783e+00
7.284095188269436e+01
2.849789617047547e+01
8.894608774639018e+01
4.420850046174996e+01
8.415177063278470e+01
9.235229948179438e+01
4.324928398395389e+01
3.526147451962413e+01
9.196715564092955e+01
2.169379592952029e+00
9.745381171696530e+01
7.693391897572852e+01
4.883378145696305e+01
4.189860296524065e+01
3.367146487984409e+01
9.721588203553850e+01
5.731490638913349e+01
3.651804292412383e-02
6.374980996537479e+01
2.070552963796329e+01
6.600104531552691e+01
5.925179582985667e+01
7.682540559993377e+01
4.497673001372103e+01
5.376090023376090e+01
6.036373742873023e+00
8.612526258738956e+00
2.375748829159769e+01
7.803031018843423e+01
7.561651108582342e+01
9.672290920127318e+01
6.972569938270641e+01
4.114407209732759e+00
8.566899690109724e+01
9.912986638915254e+01
9.510792847494965e+01
1.870878274492397e+00
8.531337836073402e+01
6.639262957796112e+01
9.555037393958791e+01
9.295401689268370e+01
2.968238812390826e+01
7.248429291531644e+01
4.011458337312312e+01
6.972181758364748e+01
7.377092594922098e+01
1.851049760287185e+01
4.965150684567704e+00
3.784071865391020e+01
1.124641025031284e+01
2.567068032253100e+01
3.980848930767201e+01
7.049820608016951e+01
4.452104216652039e-01
8.478521932139304e+01
6.471378079835036e+01
2.095193053640050e+01
2.457881622229648e+01
2.342102794135969e+01
8.451189435297246e+01
4.305114827260894e+01
9.714373145119460e+01
3.058601237395127e+01
5.400730606820775e+01
2.711532727215222e+01
4.068880353155024e+01
4.911523449659126e+01
5.944909190733409e+01
6.978029216163806e+01
7.948463749116502e+01
5.328712577618990e+01
8.483529197277282e+01
7.307852063005721e+00
6.467585091696859e+01
4.888957531605362e+01
8.465290473990743e+01
2.949540094914632e+01
2.436124553175701e+01
8.961805542447514e+01
3.302844894725292e+00
6.358272575940133e+01
9.370184708093379e+01
2.783247424654312e+01
7.453560632399079e+01
2.813140886283080e+01
2.789655347722422e+01
3.445043472314740e+01
1.153786704481480e+01
5.219282240243295e+01
6.267041506370084e+01
1.912488738034148e+01
9.552651797212964e+01
5.981414646832931e+01
5.450804375787640e+01
4.953382404033738e+01
1.739236005460488e+01
5.912965073209705e+01
5.738674283837282e+01
3.672413147833390e+01
8.118300790953590e+01
7.813369598152754e+01
3.012857769156274e+01
5.610927550872289e+01
8.544154809109938e+01
8.585305273805422e+01
1.490787515179621e+01
6.247121773775258e+01
1.167776748150483e+01
7.695617181107224e+01
3.708029004609226e+01
1.865129853535970e+01
7.646233536138308e+01
3.797984148281619e+01
9.038680796063822e+00
7.738745276694533e+01
1.715838821472525e+01
8.965918626154735e+01
6.000684856437466e+01
6.654559907808229e+01
7.249867356033003e+01
7.930725490642118e+01
7.609309906889364e+01
3.766107388663156e+01
1.911783950362254e+01
3.060114278020390e+01
9.137221294984789e+01
5.651376142935537e+01
4.200385852810175e+01
8.699356684786899e+01
3.335521339129433e+01
4.524221226817100e+00
1.870475384346431e+01
6.348379108285707e+01
4.095295590392917e+01
4.941920044339225e+01
9.894621074150606e+01
4.113041378610321e+00
8.099768687086072e+01
6.468529741497957e+01
4.338216210872967e+01
2.288905555516903e+01
2.746707323354998e+01
4.623400850511808e+01
7.265183924355163e+01
7.205227211678972e+01
2.362146122549728e+01
9.500705785816864e+01
8.058679410283770e+01
4.025830106821763e+01
5.197526950015467e+01
2.364360979927872e+01
2.588764630532248e+01
1.445517927150018e+01
1.455404479734322e+01
5.868695734938930e+01
5.866951134925220e+01
2.414149373031291e+00
5.135566720336474e+01
2.647530386525919e+01
5.806641958563888e+01
8.881023483761131e+00
2.798791431262526e+01
7.677117342910319e+01
1.203972320632996e+01
6.894087026312057e+01
9.897519373287222e-01
6.137656698067513e+01
1.717844392041603e+01
2.304763115153072e+00
9.076820211055139e+01
6.056060602914570e+01
2.038273998553992e+01
9.398460345993964e+00
8.826367225882768e+01
6.396003880722449e+01
5.449768908065636e+01
3.041607575976107e+01
1.728665023915779e+01
8.925610403029998e+01
7.339693655883751e+00
1.094236611898167e+01
6.614907494101165e+01
9.023993284918365e+01
5.167700781099359e+01
8.070311973835487e+01
3.132268857738129e+01
9.768024599071603e+01
8.245206241610090e+01
2.615837954271509e+01
4.049841395602488e+01
7.004496155774453e+01
1.456892430529414e+01
5.577654673521247e+00
5.219117228509447e+00
2.472326421398821e+01
3.527925463173504e+01
2.260526498900972e+01
8.609983119466335e+01
3.060610500658215e+01
3.548543510748326e+01
1.216169554375191e+01
1.301830458129677e+01
6.815913765139837e+01
3.681592267789688e+01
2.406556802991106e+01
9.075367347838062e+01
6.794335230623529e+00
5.022899492188776e+01
1.784411017682595e+01
6.531394900070222e+01
8.596896211894646e+01
6.066313621618931e+01
3.146302389514774e+01
1.114330455248398e+01
9.967387085765314e+01
2.802161827125662e+00
6.007019470449081e+01
9.735411684836919e+01
9.461820600303737e+01
2.419780354211005e+01
9.570773266987304e+01
3.760227702446388e+00
8.799128396808695e+01
1.792158471323624e+01
8.335303411975178e+01
6.160460876375652e+01
5.204550784642134e+00
4.746348059152415e+01
3.424079196259417e+01
5.658537943688472e+00
4.436938066238974e+01
1.697385148935665e+01
4.018731426456353e+01
7.116301538011200e+01
2.217933848601735e+01
8.879961184635741e+01
6.191668881192649e+01
1.377372504853351e+01
1.964446120878889e+01
1.163745886256800e+01
6.299877416482138e+01
5.012019381398344e+01
4.941292621633640e+01
5.426110921160370e+01
2.076543286478400e+01
1.833578474742164e+01
6.642725279854017e+01
2.921882012356949e+01
6.932858273821351e+01
6.417337151438620e+01
5.033431064818720e+00
6.768113918028826e+01
4.297870041009909e+01
4.191477566115315e+01
8.295790007475667e+01
1.198730683512395e+01
3.519384378343534e+00
1.027941019752967e+01
2.087125239003042e+01
5.122382433676339e+01
4.181727736341640e+01
5.441806365475900e+01
1.108995983893515e+01
6.049411993496777e+01
4.465199343145452e+01
5.613988831459540e+01
7.609691679295941e+01
9.832033724445866e+01
3.531923612361738e+01
7.307577239027050e+01
4.059272005250338e+01
3.631796563804055e+01
1.075036987231596e+01
1.058315411702877e+01
2.705958212123233e+01
1.809019931503115e+01
8.421432021270242e+01
8.784727253385228e+01
9.892582688430596e+01
2.356143976727568e+01
5.202064404823847e+01
1.803380014283294e+01
8.859775512879609e+01
8.024091999057723e+01
8.559079234748650e+01
7.155565515698663e+01
4.155166016032531e+01
4.939341798862136e+01
7.714394576714557e+00
1.309947916916547e+01
8.239963049180789e+00
7.687159905995783e+01
7.834011226815176e+01
2.988321838429347e+01
1.002579182853261e+01
1.474376060755167e+01
9.695015251494485e+01
9.009673404046183e+00
8.766543054378845e+01
9.669185490193397e+01
9.671231158855944e+01
3.732483980121316e+01
2.702231389797400e+01
9.403707803880660e+01
5.280285051688685e+00
8.654538075744425e+01
1.906285249584487e+00
5.951314212731697e+01
4.756873093897883e+01
1.105310414501145e+01
8.307458189459265e+01
2.101024613762752e+00
9.235449535416183e+01
3.315288835817617e+01
8.462210087320865e+01
7.852696761420322e+01
4.322799208724312e+01
1.613361519581341e+01
1.027981359990305e+01
3.316295837665115e+01
8.766965064577276e+01
1.089705592528780e+01
1.005305480680105e+01
6.600976286735840e+01
2.260425804304157e+01
1.313296706095942e+01
9.334056512142558e+01
2.682771143821427e+01
1.950952388323356e+01
9.381762132692040e+01
7.535414210304346e+01
1.622183542522687e+01
1.683951519282512e+01
8.073866277967518e+00
1.339121102978997e+01
9.992155279029234e+01
6.215576229717386e+01
2.238619077130509e+01
5.223587376635329e+01
7.276393974794259e+01
3.062840086902883e-01
6.470752421985731e+01
2.144587199270999e+01
7.007236237175407e+01
3.637986115011380e+01
6.479542011618400e+01
4.181656159545135e+01
7.960785323735692e+01
6.873763393086271e+01
1.961786631476966e+01
3.055023990131460e+01
1.847864478755679e+01
3.051492224005746e+01
9.886589008330643e+01
2.241704735086162e+01
9.219167478950306e+00
4.464832141280562e+01
6.162263306864661e+01
3.801161564793978e+00
6.103367282125804e+01
9.698819210612596e+01
1.994023892094392e+01
4.751258084900331e+01
8.121319659110773e+01
6.907231037927434e+01
8.751442175708452e+01
3.594750749689876e+01
5.996878089381791e+01
7.620128815816776e+01
1.758044982216342e+01
4.095256591260087e+01
9.623835566278469e+00
9.177827662405478e+01
5.277808376251630e+01
9.179156450172493e+01
1.866783514556840e+01
4.694554626333785e+01
1.129617170025416e+00
1.179986517494538e+01
3.038128802104913e+01
2.074748348479508e+01
2.905222779561404e+01
7.209046467770378e+01
9.897436308626754e+01
4.540678842244986e+01
8.968343636471939e+00
9.800549261179077e+01
7.691084336345590e+01
7.491701151007646e+01
1.806654130018621e+00
6.240804854892568e+01
9.466627491389693e+01
5.236688240075804e+01
6.099151263990975e+01
6.512877254985681e+00
1.439923216327989e+01
2.717797850592899e+01
4.444148966318065e+01
3.799569883290478e+01
3.707859098775247e+01
6.197719907480162e+01
8.657987075232894e+01
8.041849847902473e+01
9.832044122662415e+01
4.913037132896966e+01
8.666324177135864e+01
6.297774867293320e+01
8.630350073161698e+01
1.495876964878234e+01
9.625065368425597e+01
7.715556462162900e+01
9.408716358900404e+01
9.512756536487842e+01
7.407714551038907e+01
4.534956926729045e+01
2.356897267679170e+01
6.858465749238835e+01
4.973115527524201e+01
3.894652218508838e+01
6.876957093773855e+00
2.750217464170520e+01
1.371201631320269e+01
6.092901516749012e+01
1.825890830636905e+00
5.337557310861330e+01
6.942299728720589e+01
4.813659975684089e+01
8.522290256117606e+01
5.941561467918363e+01
1.035565785614571e+01
1.763214255572862e+01
6.595777932831915e+01
2.599296240415097e+01
9.805064103475335e+01
4.039543841052588e+01
6.535091691899622e+01
7.026070396893691e+01
9.885273878409188e+01
7.191197242211177e+01
4.360038402657974e+01
6.566389629881078e+01
8.575035398162453e+01
8.137057310965405e+01
6.079146166368922e+01
2.771824394712143e+01
8.303711688287422e+01
7.613987805142062e+01
9.630290148607590e+01
3.276827211155010e+01
2.199994266126302e+01
6.256564173966909e+01
6.682790506949084e+01
4.945246714607462e+01
1.732282546224204e+01
4.621445981143716e+01
2.828040208121780e+00
3.943633262041785e+01
4.000024667009723e+01
8.338159182266406e+01
5.262884979724365e+01
7.941333841505150e+01
1.013734331826556e+00
8.266856748735000e+01
9.863865058805730e+01
9.653168115603350e+01
2.864907357313161e+00
7.075721769163256e+01
6.932507933551683e+01
8.603899594677566e+01
9.052778598411372e-01
1.292546331553043e+01
3.046652154553054e+01
8.665563184146566e+01
5.061301093111421e+01
6.497341253094999e+01
7.592832016569020e+01
3.365012781398843e+01
4.940989555297880e+01
7.387911904318217e-02
8.502548364225099e+01
8.515034638585072e+01
5.746398398534580e+01
3.324630499502938e+01
3.460281348535922e+01
7.478680944758784e+01
2.211292089061482e+00
9.656967120085362e+01
8.216895120319396e+01
8.518684822376204e+01
2.081244546957894e+01
8.583397291872370e+01
9.887434984504914e+01
4.180294691668961e+01
9.465055791412040e+01
5.582083270690442e+01
3.599174764752004e+01
7.136744771682073e+01
7.503786830931803e+01
8.759964964706435e+01
5.740644361703026e+01
9.744950360499764e+01
3.141097819032659e+00
1.860194272296594e+01
1.050453717378180e+01
3.831896634694141e+01
8.762421109137321e+01
8.275502770336112e+01
8.740423656413529e+01
2.256273199923464e+00
7.734709418255234e+01
5.382263648967381e+01
8.740661958577419e+01
3.998661504126461e+01
4.724627269769380e+00
2.050279407785404e+00
2.612079271400384e+01
6.652970624460359e+01
9.861995060863903e+01
7.646210681482316e+01
8.599071767460123e+01
8.025273218762723e+01
9.100659745326573e+01
7.064082975063512e+01
4.385712125518225e+01
5.950913776620717e+01
6.460114217577555e+01
9.889132636547616e+01
8.092187814457429e-01
7.803071363737374e+01
8.848945772670650e+01
8.828302910005816e+01
6.163309000508538e+01
1.632619943298688e+01
4.657074196570122e+01
3.513532729592888e+01
6.968696278971012e+01
1.740650861403277e+01
1.240854231287192e+01
5.748454474726904e+01
3.125864510948707e+01
5.563347933610597e+01
1.130718119037672e+01
6.784210077852109e+00
2.974225153668889e+01
9.837612267507991e+01
7.876591686101906e+01
5.586304425069273e+01
3.045777302722343e+01
8.121274988223462e+01
6.103566883180088e+01
5.089654654771860e+01
8.989642583294605e+01
4.422763690549304e+01
4.039598789084516e+01
2.779727802974977e+00
1.155140400470765e+01
9.660120680769961e+01
6.503480824876335e+01
4.242798944116942e+01
4.429025288871036e+01
1.860119724581074e+01
3.071101849466144e+01
7.539340661624139e+01
2.338375440956268e+01
6.867012710714253e+00
8.585933581267453e+01
1.810948612080398e+01
3.586938462027786e+01
9.826787812554645e+01
4.709763133297565e+01
9.959801421482022e+01
8.802351462097072e+01
7.379943084614324e+01
8.579329437846006e+01
1.776576611109347e+01
3.301202446828225e+01
2.646799200515635e+01
4.950000650691801e+01
3.708138234777441e+01
9.358517862557675e+01
3.466447919358708e+01
4.209537601195991e+01
8.348160441195667e+01
8.670674543208756e+01
8.249136390280508e+01
1.325910613558213e+01
2.679696028437324e+01
4.864687498130225e+01
3.417629750174298e+01
4.068613887796464e+01
3.773779349296251e+01
1.341461414164613e+01
6.572667521691261e+01
8.846180196314202e+01
9.093023831533745e+01
7.826417012990646e+01
7.432113772925042e+01
5.533863574049372e+01
9.280784865506358e+01
3.189772732178574e+01
3.163819370401939e+01
8.126158447994925e+01
6.061253042920145e+01
8.964139623085103e+01
1.278451453558380e+01
1.863310449693031e+01
3.209733130973639e+01
9.352287086356566e+01
6.813311100384831e+01
9.889833205328246e+01
2.010584716690045e+01
8.667158614223432e+01
8.687626094877545e+01
2.705654004917319e+01
8.645810190888965e+01
1.802418423724556e+01
1.645386135971819e+01
6.837575732189033e+01
5.926267879980741e+01
2.375198105524852e+01
9.993446459990668e+01
4.508532436801369e+01
2.468189244376584e+01
6.566113977025316e+01
4.892086589193012e+01
7.302390331077571e+01
4.375944954518204e+01
5.978341193859625e+01
1.202457631566775e+01
8.429068652181454e+01
3.237242774682698e+01
2.540272424249105e+01
5.737908643548334e+01
2.125541377871084e+01
6.279222833122697e+01
2.443396520076039e+01
7.136325471632334e+01
9.488955964096336e+01
1.795683601775990e+01
2.337036161840444e+01
9.257226227436786e+01
4.881753076278490e+00
1.004194771407263e+01
4.586003392276356e+01
6.614555239963605e+01
8.342027928839451e+01
2.917107680308217e+01
8.157308464011787e+01
5.628353713838548e+01
4.932700574832364e+01
9.284036289567145e+01
5.621800169172604e+01
1.121182730943515e+01
1.752225529287115e+01
2.187914146197920e+01
6.013269324793140e+01
9.104782677770025e+01
4.204261621555435e+01
9.157316409590337e+01
2.868284454042224e+01
8.920060637835442e+01
7.069065220220510e+01
5.913536197465628e+01
5.821523901923338e+01
4.265311855946347e+01
9.099234253679977e+01
1.117780805154601e+00
8.829380468851599e+01
8.466627275788518e+01
8.897049403235805e+01
1.166416630692043e+01
3.167192150450867e+01
2.703317721701841e+01
1.378560150684118e+01
8.260954463975948e+01
9.215240049741809e+01
5.126393262821432e+00
4.675138511078030e+01
7.372548509096983e+01
6.018315346920078e+01
3.835969252435476e+01
5.692791224314269e+01
2.756253342496349e+01
4.957151983378991e+01
8.408810327951242e+01
9.518699468820682e+01
9.704213035155188e+00
9.741323622754460e+01
5.329128347956169e+01
6.576878506027572e+01
5.802344482300033e+01
8.094540130391037e+01
8.971437685643993e+01
5.068940136148101e+01
7.551034194208232e+01
4.945925998010638e+01
1.314666821302225e+00
5.627620385786341e+01
9.493873151714854e+01
2.634801656303370e+01
8.750924597843981e+01
5.370541119654915e+01
3.586551548720594e+00
8.995447325983758e+01
6.749101270339033e+01
3.917008961512246e+01
8.326301522704912e+01
1.386955404368674e+01
7.024994775198863e+00
8.042030869071385e+01
9.361855857708424e+01
3.103385587736678e+00
4.698615663078900e+01
2.118109200204773e+01
2.013735129504341e+01
3.107425986373530e+01
9.984278259791563e+01
2.984156437676473e+01
5.708521653762330e+00
9.158757752347158e+01
7.921869106554365e+01
9.726256113371930e+01
7.253297878081584e+01
7.518803722932378e+01
4.795196244863419e+01
5.807275886557659e-02
8.183296401139020e+01
8.963370634691496e+01
9.859682475151347e+01
7.677169548197263e+01
1.598172286338253e+01
5.193026040304930e+00
8.337459325947547e+01
7.028261100420849e+01
9.598653488605588e+01
4.840527519043781e+01
4.242489144318965e+01
5.538688295306027e+01
6.213244039664624e+01
8.686687889828667e+01
8.776362616930325e+01
3.873756869637294e+01
8.997026448602334e+01
3.474978275352613e+01
4.078481264448948e+01
3.547951883425914e+01
2.172259139908598e+01
5.976144324977019e+01
5.518439419343341e+01
7.153256431758989e+01
5.134902072667564e+01
4.065805451975113e+01
2.575515263050569e+01
5.997687636873540e+01
1.584609170250878e+01
1.674708780681113e+01
2.394007221979092e+01
3.658237817538081e+01
6.380794107159969e+00
2.272796087094022e+01
7.445075119587162e+01
6.928151248455117e+01
5.543361327398271e+01
5.782534445534709e+01
1.346314042502229e+01
7.074540591367771e+01
6.950894951331847e+01
2.177267555229956e+01
1.663477896556015e+01
1.462795963260716e+01
4.921538953167172e+01
9.584310957968380e+01
5.445674879218301e+01
9.860981893660959e+01
3.914818788838954e+01
1.328418902740077e+01
9.502305038972901e+01
4.972230505650970e+00
3.862064333568358e+00
4.520347711872471e+01
4.808147114146569e+01
2.439465300384660e+01
2.993178643748713e+01
4.529992018141780e+01
4.827665246477195e+01
7.199712100997433e+00
8.171556246546821e+01
3.687828902009795e+01
4.345693385389491e+01
6.842780214195503e+01
7.857327497497819e+01
4.298279529576320e-01
9.079031915906366e+01
6.891182487314186e+00
7.573302950511362e+01
3.118274641743989e+00
1.268805079752954e+01
2.913476197474392e+01
5.449378609400885e+01
8.434607469679139e+01
5.986993860447311e+01
6.313334054459507e+01
8.876947671583363e+01
5.017700071920501e+01
6.174315943463853e+01
9.741776860198833e+00
2.651965591428785e+01
9.583249715894111e+01
7.784165333855975e+01
9.956528823802493e+01
8.510622907667711e+01
9.389589042118558e+01
2.395994119530541e+01
1.503801546759811e+01
9.964636829665227e+01
6.826608859387510e+01
6.081589360759402e+01
6.169337628488121e+01
4.445331834464023e+01
3.106851937764721e+01
3.012117838027011e+01
3.920694000050749e+01
2.218051251125546e+01
9.932893388873381e+01
3.797211392688198e+01
3.918726576454345e+01
3.229358267611525e+01
5.529158015516195e+01
4.315552094166890e+01
8.126394128485765e+00
8.461440996481777e+01
9.826080175035671e+01
7.125973467308084e+01
1.833564486277087e+01
4.843780242299559e+01
2.325842474738994e+01
9.120506769567965e+01
4.278058234731694e+01
2.883539117352822e+01
6.904672103423938e+01
4.234587053877575e+01
1.394162020363920e+01
2.339316910290773e+01
9.576205867145307e+00
2.845217484443084e+01
9.854117971777040e+01
6.299218207737067e+01
8.979552932539747e+01
8.473291368444120e+01
8.299572373879874e+01
9.083882127461899e+01
2.473030682873461e+01
2.220266369274010e+01
1.624886925157573e+01
3.576558951091282e+01
6.480619305037251e+01
1.416241122137867e+01
8.939819754538973e+01
1.433105306435891e+01
8.973037651261798e+01
9.752459167387551e+01
4.712183077219959e+00
6.034339166262345e+01
7.576170716237355e+01
2.140954668699277e+01
7.660431804908640e+01
7.558289406615444e+01
8.784949532144213e+01
1.938490034983722e+01
3.062261153507168e+01
8.329961662334372e+01
8.950629839184987e+01
8.354521877297442e+01
8.584132808532627e+01
7.572751151198871e+01
3.156647814045030e+01
8.293926673146862e+00
2.769043726273367e+01
6.114890820400273e+01
1.446523676368652e+01
2.992174463808618e+01
5.708741832388910e+01
8.213809546182775e+01
7.177737535525922e+01
7.365662272724165e+01
6.508491829274450e+01
5.823350234806235e+01
1.284550936559472e+01
2.754580053852210e+01
7.023412416234339e+01
4.513696606510177e+01
5.200770746544362e+01
6.139352459525388e+01
9.056706414118739e+01
2.079203371926771e+01
8.444135253524470e+01
8.208467573024551e+01
2.257925408081117e+01
9.869424817091517e+01
