7.553814913869750e-01
3.433419304636037e+01
9.622924942347652e+01
1.765829185846182e+01
5.870520912981835e+01
7.461609839211036e+01
2.907535127786703e+01
6.062891458190462e+01
8.300140406144848e+01
2.411738011246425e+01
4.245470587278470e+01
8.470615813727778e+01
2.094134782484795e+01
9.704421274226355e+01
8.822807669091415e+01
9.185018357441304e+01
3.215888660967298e+01
3.841121808551775e+01
8.215251843545236e+01
1.619507270687961e+01
6.070345782707606e+01
8.804245846720526e+01
1.328769778520227e+01
1.101104910998188e+01
3.252694789903562e+01
1.334261075283522e+01
3.188750070141977e+01
6.724593060428553e+01
1.137948702619387e+01
1.546570314814602e+01
7.145318308447170e+01
9.106944403195261e+01
4.430485844812583e+00
6.768243250794822e+01
5.639800157230255e+01
6.313569497463093e+01
5.879499826524174e+01
8.547335285016958e+01
5.424892467178820e+01
2.529993486837481e+01
9.590732962633824e+00
1.201442070864813e+01
6.550189213152132e+01
3.053208078748178e+01
3.532541326029478e+01
9.823416969656674e+01
1.807129276826572e+01
4.121752001401853e+01
2.514879406669587e+01
2.238111571519688e-01
5.741259276746428e+01
8.585225189377192e+01
5.429640140118841e+01
5.643837747929542e+01
9.686330100375380e+01
8.682334930022402e+01
8.404290130550177e+01
2.875080165860746e+01
1.752309343662257e+01
9.542238837826177e+01
9.884709450362581e+01
4.354671819300703e+01
3.416209804553636e+01
3.277580348438388e+00
9.320489545036335e+01
9.056009961783890e+01
6.641327532306931e+01
3.550342625728968e+01
7.603345246800848e+01
2.066219994829139e+01
6.080336117223062e+01
8.562418543064231e+01
4.645812876823271e+01
7.080945417788320e+01
8.162628071458371e+00
4.173525410785119e+01
6.904362382788379e+01
1.236574720235809e+01
8.295277412186972e+01
9.902091361536687e+01
3.445137009697564e+01
5.397950492518932e+01
8.004466974178547e+01
8.874777154473018e+01
1.106565739543441e+01
7.690797069897314e+01
9.567658463291664e+01
9.510855870093617e+01
5.658772311014483e+00
2.964040065633152e+01
9.053094703263181e+01
4.505866814640289e+00
5.516286359874665e+01
2.469304503160205e+01
7.783447163078676e+00
4.836775900254388e+01
1.525314464944096e+01
9.238990768435873e+01
8.387118525983355e+01
9.128659711744943e+01
9.485892248100552e+01
2.033165573157913e+01
7.691078250152560e+01
2.753554309137889e+01
1.548400051681511e+01
9.306704867308356e+01
6.927079719923009e+01
8.452762439126505e+01
2.729460761290724e+01
5.222357132109979e+01
3.843505537995838e+01
6.174597770988288e+01
9.258893816386767e+01
5.876471198106405e+01
5.049374920804694e+01
8.255005510642661e+01
2.688854272798101e+01
2.606487000643503e+01
7.697426237956354e+01
8.178712515243662e+01
5.570527066276654e+01
8.929410124630392e+01
4.583732180569196e+01
1.086813421494706e+01
1.398714627790598e+01
5.362076896877064e+01
5.923589321749093e+01
5.165586217849323e+01
2.781749140835250e+01
4.310707843075836e+01
2.052688799823024e+01
2.267641384279188e+01
8.778162486282253e+01
9.743767049975585e+01
5.021195698073691e+01
5.070197575292642e+01
9.050471912627329e+01
1.948275413340086e+01
8.779324972433655e+01
1.779932669261439e+01
7.170632545450066e+01
6.651329196361513e+01
4.785123041265236e+01
7.320073813814703e+01
2.527800389811304e+01
3.003905361054421e+01
6.794985913110425e+01
6.095068653158410e+01
5.610392361697924e+01
3.272505553100494e+01
2.282141476069643e+00
1.180919423317965e+01
5.600711459108029e+01
4.811946328176160e+01
6.982352592508472e+01
5.829719596463126e+01
1.129068946991614e+00
8.191322166561766e+01
9.953058143124476e+00
4.470400653998554e+01
1.154888105185185e+01
1.976143974799730e+01
7.649266425356859e+01
1.280192491263241e+01
1.719911020118702e+01
2.446094435847408e+00
1.606755024570392e+01
7.703829280894170e+00
2.192884861581440e+01
3.860799970040470e+00
2.550315602007469e+01
9.363517407031506e+01
1.877004174458331e+01
5.048460422571963e+00
5.793043764211724e+01
9.565209583176863e+01
3.508751403311617e+01
2.588029677322148e+01
3.531667829273114e+01
9.119143769666154e+01
9.259331011799785e+01
5.888492383942238e+01
3.000631883275058e+00
6.705813345828007e+01
8.876543216815472e+01
2.567796037796790e+01
2.535532937634519e+01
8.744619325150092e+00
1.881088508237660e+01
1.782923723469919e+01
3.830234298403484e+01
3.261148209339542e+01
3.759067698269649e+01
9.053648048571146e+01
4.541340700602783e+01
5.478978718388350e+01
9.298257496812501e+01
6.148095729829788e+01
2.384501924917335e+01
1.491142353737328e+01
6.534175726833836e+01
8.799677253141849e+01
8.546597561122196e+00
3.571584915542782e+01
9.304523295399045e+01
6.647703524980557e+01
3.136794494063032e+01
2.813274694054050e+01
9.235733202302704e+01
3.776797053300216e+01
1.932418459063591e+01
8.495064209445874e+01
4.685565105027317e+01
2.232481652047710e+01
3.355106675697074e+01
6.535479569125678e+01
4.800277689844499e+01
5.214575224190286e+01
6.260465749660724e+01
9.949433789564964e+01
6.997498952316819e+01
9.070004340759481e-01
8.820544103542596e+01
7.565666459298537e+00
9.144348091978742e+01
9.614645647636916e+00
6.235545368974817e+01
8.442605584134630e+01
9.509980529318554e+01
2.484907015452584e+01
9.933747937871958e+01
6.044156251495777e+01
1.284584263937820e+01
7.884076939841768e+00
9.615741167038559e+01
5.891075546802522e+00
4.873719296824988e+01
2.752535656444978e+01
3.402382248734302e+01
1.161577553097893e+01
1.549608382186670e+01
5.334800712454506e+01
5.166908621400087e+01
6.235173487213986e+01
7.567282364502215e+01
8.522015297097161e+01
3.057572591610985e+01
2.367560049690102e+01
2.556578182874517e+01
7.881643049363812e+01
7.926955939236542e+01
7.340894689476535e+00
7.972343092771406e+01
6.747500038122526e+01
1.490656114877507e+01
7.116691184750150e+01
1.093848376112919e+00
7.726201483852324e+01
5.559296764228166e+01
9.619365366929846e+01
2.111084946482948e+00
5.493044702100123e+01
5.663521618425623e+01
1.495692758586115e+01
6.281452396084299e+01
5.279262780807569e+01
2.084800313266367e+01
5.697682125353106e+01
8.031798441909159e+01
5.487182566657282e+01
6.859259678450999e+01
9.581406824095829e+01
8.219832744551745e+00
5.556316643746717e+01
5.296013911858207e+01
3.957874422873312e+00
1.336069130960884e+01
7.437757611012906e+01
7.568256839908780e+00
7.814922462131327e+01
5.319400655720104e+01
8.683781623227421e+01
8.549011931078979e+01
4.503371484812057e+01
5.431281661349946e+01
9.035339443495189e+01
2.164551816957328e+01
5.540666498961237e+01
4.779406764907486e+01
5.967731692813211e+01
5.160031861234471e+01
7.976978024457105e+01
1.973249326447607e+01
8.235534750034816e+00
7.606723298135550e+01
2.797212154975725e+01
6.102816260467664e+01
1.557471096309587e+01
8.494894284985445e+01
4.134614697720210e+01
7.044653662966869e+01
1.849200414423458e+01
3.716021517159427e+01
7.866636937422044e+01
8.524271528480702e+01
9.532601823812631e+01
6.255902571722820e+01
1.483848999014054e+01
6.970359430168924e+01
8.945036706954723e+01
9.298771461145380e+01
2.289760085889026e+01
5.696509878941117e+01
7.847783387567748e+01
5.581503834380537e+01
1.127791535634450e+01
7.159018287043561e+01
5.989938762965583e+01
6.668458034595687e+01
1.938425047294435e+01
1.957670451122183e+01
6.330035993051732e+01
3.630298978476925e+01
3.418446846035517e+01
2.248994723078327e+01
3.532543104855597e+01
1.160675627719925e+01
2.992358060084450e+01
4.660440857829731e+01
5.271080739456733e+01
2.889474324364902e+01
3.154725419895130e+01
4.469668438876825e+01
6.605495841524329e+01
1.251256885589686e+00
1.875185497047000e+01
6.138097660680347e+01
5.827634029941463e+01
3.359034496061054e+01
3.108457090849270e+01
6.436350101808249e+01
2.657805952549822e+01
5.398217176738296e+01
8.536872159939665e+01
5.055893354609560e+00
9.797210064622206e+00
9.664663695574116e+01
8.393040768985189e+01
6.969659769427804e+01
6.972613691805216e+01
4.046361718348395e+01
8.927330220549987e+01
8.161611621343350e+01
7.676660696825320e+01
2.345777061928891e+01
8.136549875203777e+00
7.796304536888518e+00
3.506452694305430e+01
9.568514618821682e+01
5.440071316175196e+01
1.207193593125415e+00
2.457988938529970e+01
6.062441689922679e+01
5.965891529790075e+00
9.063484780054300e+01
6.716897290533826e+01
2.471774654682621e+01
5.201582436078034e+01
3.678880773335174e+01
8.905307165768606e+01
8.310039526927304e+01
5.384893601473837e+01
8.488615107950109e+01
3.708256699008987e+01
3.921765756756890e+01
8.994204443411066e+01
4.687977705471207e+01
3.586429452331005e+01
7.387245207739642e+01
1.657637470242398e+01
9.919551177844195e+01
1.433606926088038e+01
5.849676907923854e+00
8.081162794530933e+01
9.110267622913358e+01
4.493621487400318e+01
8.894817782051311e+01
9.889898081258823e+01
6.437197447026706e+01
8.463332396216380e+01
5.329969392777406e+01
2.564118161128889e+01
9.213213300897372e+00
2.475135225092589e+01
3.160707318764509e+01
9.984806110144036e+01
1.093966845001079e+01
1.053938083841437e+00
5.186388546222071e+01
1.736563831445092e+01
1.463291119534192e+01
3.496428068492761e+01
7.121457432918929e+01
9.951906227484302e+01
8.446073531380888e+01
1.043223185019206e+01
8.946110670895368e+01
8.683012108636559e+01
4.629652637350211e+01
6.333355873978397e+01
1.008703564763397e+01
4.549203815194407e+01
7.766962800066435e+01
4.135267638664352e+01
2.630366605068727e+01
9.117526984362643e+00
7.066012391385628e+01
1.525184387120039e+01
6.767128499582003e+01
3.503209838412334e+01
9.988516783336419e+01
5.691952000228666e+01
6.067327999541223e+01
9.098381134261555e+00
4.572233112795387e+01
9.228035318305733e+01
8.946442189135794e+00
3.764265623765190e+01
4.860517287096249e+01
6.081032765135650e+01
5.500829455210282e+01
6.323808411287054e+01
9.577460838285023e+01
2.622286883472599e+01
6.275714634114743e+01
4.172487554220709e+01
4.449284940235916e+01
5.221825300353498e+01
8.674808078759726e+01
2.331649676119746e+01
1.555181174331895e+01
2.225108021975080e+01
1.972952341648262e+01
2.219621470300304e+01
6.360375660639431e+01
5.474733130761764e+01
3.131374168736569e+01
3.426388052025059e+01
1.991964877579345e+01
2.966502887646902e+01
6.929597890437394e+01
6.988434296561607e+01
5.063600775349699e+01
2.996925885322004e+01
7.898272409987763e+01
6.269671859345246e+01
2.224961203627736e+01
8.792916633557955e+01
3.400099511910276e+01
7.085478490723986e+01
6.830411938405787e+01
8.900928967120558e+01
3.409286897354427e+01
2.556825961245609e+01
1.523215850593157e+01
9.685001536125783e+01
1.233555828795562e+01
5.188725923741574e+01
4.906826831822669e+01
9.908363912211901e+01
3.483888629583591e+01
6.462008006154564e+01
3.449016391974416e+01
4.534287506031938e+01
5.784151980552893e+01
4.742092497061050e+01
1.802988281381776e+01
1.983526368617791e+01
1.920235642194858e+01
8.802905799263579e+01
4.950029260921306e+01
8.849833532632250e+01
5.791340091168573e+01
1.363003161439208e-01
1.846759413297642e+01
3.689612501156336e+01
7.027405736515023e+01
4.071720616925378e+01
2.482529130057678e+01
4.989395907609443e+01
1.157199107649363e+01
7.356478524094670e+01
1.950492394133700e+01
4.566486005003790e+01
1.807888751760073e+01
5.196952570787143e+01
4.251487536472961e+01
3.041444580555635e+01
8.662434168468431e+01
9.158314372952242e+01
2.949808488110923e+01
2.146322798052022e+01
5.620322374450193e+01
5.824423309333820e+01
8.474577953328648e+01
1.404474350346473e+01
3.577128012467701e+01
2.775662300538114e+00
3.388000723620877e+01
8.524178782722065e+01
9.080472029317390e+01
1.137041021667906e+00
4.347197182638197e+01
4.871812115829351e+01
8.351660016156575e+01
8.613213551516279e+01
8.561424616985687e+01
8.001123935916054e+01
2.656772128612162e+00
1.043953742386752e+01
1.050687362929195e+01
1.422876320510579e+01
8.400432271138035e+01
3.001179761719508e+01
5.989362325514370e+01
2.083210182414954e+00
6.474888006446365e+01
2.408498619873309e+00
7.586090540320654e+01
5.137322174914797e+01
9.399164234939573e+01
9.961497462336672e+01
7.283644972966819e+01
5.019486604733153e+01
1.282854509205955e+01
3.438616201020132e+01
6.423960959736240e+01
6.352436573408747e+01
6.035789151692664e+01
8.973560225671883e+01
4.876615356130812e+01
5.116261176353441e+01
8.149991663242686e+01
4.704543354317799e+01
7.073952866286949e+00
6.501651674742648e+01
4.452995613428296e+01
8.549497909168478e+01
4.502775610658701e+01
1.164177158458241e+01
9.593451651555230e+01
5.553462973587896e+01
2.587053478968820e+01
7.993883918036653e+01
8.554642735307404e+01
8.576415809139803e+01
8.202204936278147e+01
5.029530741753769e+01
8.817265671127133e+01
5.608681382429172e+01
1.668529120119535e+00
8.216429901410093e+01
5.570178840109230e+01
7.450497884978772e+01
3.235916501486636e+01
8.934399135845899e+01
7.835675435064209e+01
9.659877461222874e+01
3.794381652862943e+01
9.244509953653677e+01
2.856416400920794e+01
4.151727824542545e+01
4.360771125350507e+01
1.943680728759468e+01
8.856271178860344e+01
4.348844412876687e+01
1.902383031278096e+01
2.877929212002982e+01
9.082685834301024e+01
8.626258083910801e+01
9.189482829156091e+00
2.491793968943783e+01
4.179721052842085e+01
3.506001761884429e+01
4.856778823238229e+00
2.734363788149489e+01
2.082417566367619e+01
4.825248222251073e+01
7.763894529903259e+01
1.787743001146122e+01
4.339296000236318e+00
7.930747441915213e+01
9.116113134248235e+01
7.791397980317193e+01
5.381245322237371e+01
7.634892024861134e+01
6.725797111506479e+01
9.822051864965843e+01
2.011907092301132e+01
5.068744218474600e+01
7.834476073195448e+01
1.483746232224510e+01
4.671906584255353e+01
3.940909646423957e+01
9.105577030733963e+01
3.528177758459085e+01
6.544091606766028e+01
8.220228365725013e+01
3.282948878259840e+01
9.442433928811194e+01
1.855317578583638e+01
4.201897161175449e+01
8.647879682782983e+01
6.035038636082336e+01
7.707898927716491e+01
3.221386793638294e+01
8.769402424231825e+01
9.790316494084111e+01
8.046635015889366e+01
6.533296949478469e+01
6.899997269222512e+00
1.247641947701407e+01
4.464044386737069e+01
9.806112861170486e+01
9.039039928018599e+01
9.845289708974441e+01
2.158142492248743e+01
5.764837034868467e+01
5.548523005819192e+01
4.170049589206488e+01
6.913625312463206e+01
6.269731897055046e+01
5.653795821430998e+01
4.567521058287248e+01
8.464979090944389e+01
4.759372847508347e+01
4.485100132639101e+01
5.009070693053804e+01
7.988432351494409e+01
7.768049015555553e+01
9.218133152098456e+00
9.843749930078047e+01
1.969946172074390e+01
6.385732510306747e+01
5.878788561503770e+01
9.677845099790881e+01
8.805638290385546e+01
4.648190981078982e+01
9.468161593874991e+01
9.913426884409705e+01
1.181487925900839e+01
1.581613161406300e+00
1.161068832111111e+01
5.645532312637908e+01
3.509078455860298e+00
2.001087554730981e+00
5.490822016955737e+01
2.122416669559859e+01
5.964945794998178e+01
7.907728784674653e+01
6.292466258766347e+01
2.249961584922840e+01
1.958097332137682e+00
1.946262075540732e+01
4.899829651648099e+01
8.660788824158156e+01
6.705634923049078e+01
5.546180058990689e+01
6.818003164053896e+00
9.418725128946232e+01
5.460033107297511e+01
1.603613631615235e+01
4.537817199964923e+01
3.454068123108739e+01
4.507096644727093e+01
4.166057568120797e+00
4.829589838548372e+00
3.312734930456027e+01
7.074112117790669e+01
6.575985968381160e+01
3.226161810209119e+01
9.966752040184453e+01
6.734147284521789e+01
5.203779556417734e+01
1.891816981086422e+01
6.698421461832906e+01
4.587339402449941e+01
7.382638998042158e+01
8.820838131392765e+01
5.522851927915053e+00
1.308716838857493e+01
5.113304385502499e+01
2.802246777714345e+01
1.504526572071261e+01
7.059566461043231e+01
6.009130741473814e+01
1.653153962294177e+00
6.714900087898084e+01
3.701114837872383e+01
3.835174913441378e+01
8.459268653979184e+01
6.123872350959048e+01
1.956539043205110e+01
2.997085849287494e+01
6.591127224541793e+01
8.984130732242079e+01
3.413691606099574e+01
3.698951603704575e+01
9.776370618388229e+01
8.478488348647248e+01
2.749375674291223e+00
6.604867021834882e+01
4.724773017095762e+01
7.009084856607525e+01
7.389763070917577e+01
6.616589998182184e+01
3.707506313783819e+01
1.977102468710906e+01
3.999228991567729e+01
2.528344440519970e+01
8.782493355117037e+01
1.563890781981820e+01
7.641648826022470e+01
5.331634443873370e+01
6.715298121196822e+01
2.130096443989359e+01
4.739470251248903e+01
4.469858545097456e+01
8.466416661844784e+01
5.041880018562954e+01
8.129627121672792e+00
6.925685311167355e+01
4.203027963732848e+01
2.769501755372389e+01
9.922771160454849e+01
7.941551836180293e+00
9.233137447961205e+01
3.336462766554422e+01
4.493106787322604e+01
4.205409951603697e+00
1.814951110545057e+01
4.768044359408340e+01
2.012040485633556e+01
6.539724127640820e+01
6.364457382058938e+01
9.401803561207747e+01
3.156314121166390e+01
1.724274829832965e+01
7.420282912170646e+01
7.591300084065320e+01
8.012979965663040e+01
3.908293691421064e+01
2.463488943159343e+01
5.654628787028896e+01
9.239928135294434e+01
9.275961350312438e+01
2.696648632500623e+01
5.806933113283912e+00
6.253749149038340e+01
8.822260726626152e+01
5.622573334547958e+01
7.066711861205619e+01
6.520266899149989e+01
9.825601298280806e+01
6.192760475069639e+01
3.265065207735200e+01
6.197564772422223e+00
9.069351064539212e+01
9.007179960146165e+01
6.979252773793067e+00
8.078859121575420e+01
8.221310706912218e+00
4.301822886011481e+00
9.089960720897634e-01
7.361855198332042e+01
1.658036835332418e+01
9.492703168416723e+01
5.181693194984315e+00
7.142672360475488e+01
1.823371374897366e+01
7.764236842172330e+01
5.155652321481915e+01
8.026147637528436e+01
1.372013753918937e+00
8.102811038541985e+00
4.019831011081036e+01
9.413162730360945e+01
1.166125168635568e+01
4.600524327066040e+01
5.666911874742672e+01
9.988385895261722e+01
9.760671430155948e+01
2.733623735948291e+01
3.810326910489391e+01
4.869895058157805e-01
2.569837352526299e+01
1.407049121990357e+01
6.684554278238003e+00
1.639188412408898e+01
4.142290774799087e+00
7.485049123636004e+01
9.236302235739447e+01
1.236360148171131e+01
5.662226321018407e+01
4.805336107874911e+01
8.598215351159784e+01
7.320263156350825e+01
9.301650304953405e+01
9.116384670658216e+01
3.228785583390289e+01
1.732594939755553e+00
6.790097102890768e+01
9.618587833651615e+01
9.057943583027433e+01
1.443442241960877e+01
8.765765842406901e+01
2.597934451232634e+01
6.340461203986993e+01
1.594994101484769e+01
3.573517712565846e+01
2.007373078729665e+01
1.804240705354252e+01
3.796615369523231e+01
4.740996814677955e+01
7.319711925145104e+01
3.845314320104809e+01
7.310834167204254e+01
8.726761047135462e+01
4.513769747928610e+01
8.950022579613153e+01
9.140990129271984e+01
2.950884449738490e+00
6.239024291857622e+01
3.773502727865010e+00
5.957314765992255e+01
8.477017250134152e+01
8.975565623946285e+01
3.277577922343080e+01
7.778667550430944e+01
8.091950289947889e+01
7.740513434512781e+01
7.951927044406500e+01
4.882047388182043e+01
7.359101268164395e+01
2.905089418825269e+01
1.809345866464705e+01
7.787970201013596e+01
1.878082804325075e+01
8.149807070451699e+01
2.837881847674904e+01
9.331697756113344e+01
1.571801445247513e+00
4.642122553029155e+01
5.483607987632793e+01
5.832888048995700e+01
2.566901642161841e+00
9.201482650452053e+01
2.209011121750349e+01
7.012817271525421e+01
7.607299949790956e+01
9.145655794602658e+01
6.153807396140791e+01
7.902388394764806e+01
5.384680081803669e+01
6.531157668927293e+01
3.859703160757061e+01
6.429040481536202e+01
5.506723292873578e+01
7.137281083100142e+01
6.681825451870368e+01
8.297880253893267e+01
4.877794512956308e+01
4.034715645962728e+01
8.480720971003510e+01
2.236895776464090e+01
8.308930866564125e+01
7.845341604130968e+01
2.486597747768554e-01
8.817887869113072e+01
8.439873903263302e+01
9.407830284632664e+01
4.269488381347381e+01
8.597054052444666e+01
3.741745792209052e+00
6.064695555746879e+01
3.495231006990760e+01
8.660230803610864e+01
5.266178201542319e+01
5.704242133397722e+01
5.673048070479673e+01
4.218534410101611e+01
6.863275830104611e+01
1.446166104379187e+01
2.120922804866416e+01
6.690379635752356e+01
8.358013135547756e+01
6.270995943933257e+01
4.994500686877640e+01
3.864736423764721e+01
3.117907044067004e+01
2.836097778210462e+00
9.515599510406889e+01
7.995701557023311e+01
5.112004934396597e+01
5.944130968276472e+01
2.325973334874014e+00
2.051809994527981e+01
6.234197801088075e+01
2.574633109650869e+00
7.808336828746059e+01
4.674071704351377e+01
9.665293595597750e+01
8.389424396860146e+01
3.271125752139429e+01
4.313153011870176e+01
4.454119947950412e+01
6.766356759130190e+01
8.699698973772907e+01
5.268124963747396e+01
2.470598887871298e+01
4.372747044252579e+01
9.486659373849005e+01
9.333874722632521e+01
6.199602506216431e+01
7.362145621963845e+01
6.024254353728264e+01
4.557615637107573e+01
7.588208139682285e+01
1.018755040605904e+01
8.422352060872294e+01
7.061151790926769e+00
7.939653390990409e+01
5.885762062801869e+01
2.669942943691249e+01
7.208049263436371e+01
1.829893026421728e+01
8.837619400041932e+01
9.259859257964351e+01
8.064090832166416e+01
9.191877385225091e+01
1.295571122921803e+00
2.738162531861180e+01
8.857170976166228e+01
5.268743352624002e+01
6.009288284000609e+01
8.896639146328270e+01
3.400497712847077e+01
2.775645038474186e+01
7.596338115444564e+01
3.120795857683195e+01
5.246243931002097e+01
8.762227389385099e+01
8.680418184343920e+01
4.580118648978006e+01
8.168687665913575e+01
2.880003584027292e+00
6.043729980496564e+00
2.726303298364535e+01
7.876208498085015e+01
1.623128038655560e+01
1.148655359236829e+01
8.582323681834303e+01
3.719172367695334e+01
7.314440844261293e+01
7.284140417950293e+01
9.272216264750909e+00
8.864310448460425e+01
6.218554487553683e+01
1.870808797828298e+00
4.247392646152243e+01
5.410431868122161e+01
3.166379920750102e+00
7.354267242995215e+01
7.223968737397328e+01
5.585381344699013e+01
5.675852087175405e+01
3.375566212169624e+01
9.511015196103145e+01
8.451497130306204e+01
7.605800920913834e+00
8.704774006598058e+01
3.697741056651688e+01
2.729665251788527e+01
7.385192190941979e+01
2.009593114261326e+01
1.108414470734268e+01
7.673192549344708e+01
8.882232703679350e+01
9.447312564331718e+01
5.549401042773109e+01
5.053607423349101e+00
4.773311570646852e+01
4.131724719950801e+01
4.224533110030244e+01
1.807728988028937e+01
1.415865133244482e+01
5.151754741161948e+01
6.720394364893620e+00
8.863927898399498e+01
9.274253658612378e+01
7.600440712459590e+01
3.044851484263712e+01
5.655473617676401e+01
7.267004520290999e+01
1.473420896322197e+01
1.240854957718800e+01
2.270495557352200e+01
4.766963005423063e+00
7.518701538219444e+00
1.394353728459381e+01
2.368528471499927e+01
9.456644160420002e+01
5.092094785111069e+01
3.966941649078830e+01
6.841836346705368e+01
3.369954486084150e+01
4.865294562124319e+01
4.515028891393463e+01
2.275733152532826e+01
8.489950773534342e+01
6.442993416657203e-01
2.757547932098409e+01
3.263262344181194e+01
4.196154654117373e+01
6.982081042128652e+01
5.070991332210131e+01
8.700224649487168e+01
6.097830429718750e+01
5.743030768699493e+01
3.246439408160020e+01
7.472671404235378e+01
2.312471099343370e+01
6.291290897080345e+01
3.275988261809567e+01
2.170255385418541e+01
3.287025603133731e+01
4.368999974973966e+01
3.553332599603260e+01
4.080441521518138e+01
5.212379170214933e+01
4.947686332719255e+01
5.317717918808441e+01
4.577514289215912e+01
3.978111317371070e-01
9.154838402362000e+01
1.419350631264667e+01
3.409735603914474e+01
4.149954125354976e+01
5.934379527314743e+01
3.544374603565957e+00
2.639904894232706e+01
5.998809461481315e+01
8.419470725776381e+01
5.903167238413900e+01
1.949641109420751e+00
5.401551763248421e+01
1.394610512719774e+01
5.806983902960543e+01
7.535387546539022e+01
6.717189339323522e+01
3.769061283100891e+01
5.008058946117786e+01
6.066081582599357e-01
5.344714208200907e+01
8.136203963372951e+01
5.686291049088486e+01
8.948459424520125e+01
2.505203933690304e+01
1.270419918592284e+00
7.005704309328321e+01
7.626074067142827e+01
6.760487466473360e+01
8.346618860190091e+01
8.749871523468696e+01
9.211936862772301e+01
7.631278423420748e+01
6.980886499854218e+01
6.190470101400497e+01
1.781232544119112e+01
9.557318510281536e+01
8.283595255708134e+01
3.698208324470654e+01
7.994420192201818e+01
6.703065976827902e+01
3.243046767657179e+00
5.499104287242100e+01
2.104617740076323e+01
1.298463247389748e+01
1.558075981008856e+01
5.549922215542720e+00
8.015652591369884e+01
6.114992921294175e+00
4.648064228076517e+01
8.076313407195877e+01
5.956213500330324e+01
2.784268186792856e+01
8.747450224471955e+01
9.925431897829023e+01
5.289472120483160e+01
5.467532973488576e+01
7.933573866232099e+01
6.064873200871457e+01
2.144075381636655e+01
6.280192726422192e+01
5.119134534671500e+01
1.356012239752343e+01
1.106465575800494e+01
1.795631214881144e+01
3.977684706439118e+01
5.692703693962052e+01
8.299392027919829e+01
2.261279957490638e+01
1.138411323138704e+00
3.855519995026067e+01
8.993306923188878e+01
4.381458090795883e+00
9.606612077730993e+01
1.068963674394863e+01
1.736609061125950e+01
1.164688054083236e+01
7.089689563535940e+00
9.752261652495834e+01
1.776187350869266e+01
5.357033184430112e+01
4.650260985200415e+01
7.732400851199590e+01
1.340195947019475e+01
6.576025274850440e+01
2.637073771393427e+01
3.430773487049515e+01
9.547944911545116e+01
5.706476376255265e+00
6.346319674675501e+01
1.692020288525159e+01
6.850840364047718e+01
1.465454204690388e+01
3.048032532934115e+01
6.901298326859854e+00
2.075277223286814e+00
7.025717239373232e+01
6.455015198539485e+01
8.506919754905124e+01
7.631511831484508e+01
6.568856330853355e+01
2.362439745274577e+01
6.624818750016772e+01
7.007002144589556e+01
1.969051818348957e+01
9.320306805577272e+01
8.743611205715504e+01
3.133739872432193e+01
2.927575727425318e-01
8.495872853554725e+01
4.909927223301459e+01
1.572097293833316e+01
6.324447903933213e+01
2.642328074501049e+01
2.912293240852791e+01
2.900473178783652e+01
3.746372891471895e+01
6.958383799976848e+01
2.448418085672156e+01
5.850049483520002e+01
7.819880646569599e+01
4.140438378853927e+01
2.700889842911107e+01
3.120855662562351e+01
7.188470911788042e+01
3.463201352145151e+01
2.174618980928612e+00
4.214188146504661e+01
6.537678943266010e+01
3.484605151919930e+01
3.501185338711918e+01
6.487072881537989e+01
5.847044897194507e+01
1.752528469894327e+01
3.494075021470932e+01
7.816096715543465e+01
5.965943637288149e+01
2.237686222529824e+01
3.653575295421097e+00
1.102111032745853e+01
7.335590714279371e+00
5.859763811277116e+01
6.488419974450218e+01
7.058006975361150e+01
8.502091885778165e+01
1.603028272093752e-01
9.958480154144802e+01
3.781493727016027e+01
6.974414082697785e+01
2.406898239816957e+01
5.785124444302695e+01
1.145594781798122e+01
6.547336618670884e+01
4.257444159247654e+01
4.266450449017086e+01
3.735807525802313e+01
5.795634405592286e+01
2.696061973784148e-01
7.949995672306976e+01
5.713850956276922e+01
3.511565771657772e+01
1.451181006362280e+01
2.200923833158297e+01
4.405245140383600e+00
2.319752020910267e+01
5.694998854629230e+01
7.174707379739129e+01
4.276544751728208e+01
7.932685077159053e+01
8.124543967714787e+01
9.793368917793673e+01
8.803194974923132e+01
3.984307774335289e+01
1.867075754267664e+01
5.724251119291527e+01
1.916667382194040e+01
1.883106036988602e+01
5.682731273436328e+01
6.267893382472868e+01
8.857520119686387e+01
1.510776333283063e+01
5.899436593008897e+01
9.136637667723298e+01
2.883693973013989e+01
8.231869651112645e+01
4.185912890446332e+01
8.372773653069872e+01
4.027504052048318e+01
4.212873510184173e+01
6.322769320720234e+01
9.741355008325239e+01
4.442178413477809e+00
6.387924769142608e+01
1.942278836826924e+01
7.083049950694222e+01
9.776598033391219e+00
7.637277691456153e+01
4.257757330433353e+01
5.254204555067329e+01
3.468420744626047e+01
2.382301293491526e+01
6.786741356731739e+01
4.236206907888971e+01
6.366609067826815e+01
2.499936089152440e+01
9.960458031837111e+01
3.506026921563794e+01
4.383042130797655e+01
5.643189300616825e+01
5.120902101099911e+01
7.160015081595636e+00
3.732818809213498e+01
1.020338694108808e+01
2.377199913550727e+01
8.369784936481055e+01
5.773129079385255e+01
1.655476345520223e+01
6.742558584894314e+01
3.279712392613158e+01
7.759863095246192e+00
3.065327900957934e+01
2.818990919189058e+00
8.500425596023177e+01
8.392782233838355e+00
6.768859297395153e+01
5.583475546717399e+01
1.816938026722957e+01
2.600623929221473e+01
6.742398076105117e+01
7.071142581790286e+01
6.956079670673273e+01
9.565186328052164e+01
7.704002916675063e+01
9.227695390222452e+01
8.590143233812481e+01
2.039390058275028e+00
2.542133094995345e+01
7.443151952439524e+01
4.586981136625158e+01
8.010440928866360e+01
2.564054048882822e+01
7.827543382452589e+01
1.743259733423246e+01
3.584392742991631e+01
2.047432913467024e+00
8.768455259859775e+01
2.836601083556470e+01
4.485270937199365e+01
6.855603250142002e+01
6.116313480826241e+01
8.227622275346714e+01
6.541315157218517e+01
8.000916111283431e+01
2.414191450185232e+01
7.602093698271593e+00
4.100727114873345e+01
1.627743542952344e+01
2.577147401206730e+01
6.701351044094818e+01
1.468976415446483e+01
9.648289982997017e+01
5.213514005399082e+01
3.692510581432148e+01
2.991927211634781e+01
7.278731338343924e+01
2.282653810588016e+01
2.528122487723885e+01
9.645982966593458e+01
9.725805763027540e+01
5.894018619271935e+00
7.656423890803207e+01
2.289859811910363e+01
9.970756419920714e+01
9.399683624226452e+01
4.851022830629266e+00
1.754997112674171e+00
2.667915785064882e+01
1.553915395193694e+00
6.943355806611179e+01
6.368331534959530e+01
7.874408558883894e+01
4.487198211479559e+01
4.749946996918855e+01
3.964547996392729e+01
5.314662123711156e+00
8.679786016549815e+01
8.065275111266075e+01
4.809064988423635e+01
9.626619452436744e+01
4.766626155360893e+01
3.628186175426555e+01
9.274909435433759e+01
9.638563892635780e+01
2.830053429505813e+01
6.627202330449225e+01
8.557257800622497e+01
9.603350572103332e+01
4.183434231292193e+01
5.540600281926152e+01
7.385892708499865e+01
6.326647268760319e+01
4.219702074406530e+01
1.619016137728009e+01
6.297403684024422e+01
3.619385693976370e+01
7.493268697286616e+01
9.494050107660726e+01
3.132113978793898e+01
4.614328637073901e+01
3.416259201903017e+01
9.500445513753428e+01
1.031289450373170e+01
7.903457413382576e+01
5.789708190499670e+01
4.995837446765898e+01
8.408730937358332e+01
2.839180237073069e+01
9.009161940314416e+01
3.217795925781967e+01
8.751334552071680e+01
7.827738708736254e+01
4.222319556503705e+01
1.740709120286959e+01
7.466302596715420e+01
1.543016308705796e+01
5.386138667997968e+01
4.383597818381897e+01
1.146366876152515e+01
2.551345677371764e+01
9.468760019852203e+00
4.755232066267744e+00
8.877992946132083e+01
7.965370536765722e+01
4.222229595399568e+01
5.175396625499891e+01
8.785963770368119e+01
9.587808041641399e+01
1.648300020791730e+01
1.918077744505404e+01
5.791930372729865e+01
5.064559222694746e+01
8.727518631484136e+01
6.823219823103035e+01
2.968016631420710e+01
7.208231444101888e+01
1.819057265212320e+01
1.402940257174401e+01
4.741168117495798e-01
3.157456318455495e+01
6.337633885600433e+01
8.890084893857168e+01
2.707908527323933e+01
6.219393194755257e+01
9.462857893417988e+01
3.096897417258889e+01
7.762409503461053e+01
4.848996556759344e+01
3.681899967455259e+01
6.539713338268788e+01
7.576623376261733e+01
5.504684949063083e+01
9.384299590896956e+01
8.235140213852348e+01
7.772873336343501e+01
1.478838930595126e+01
9.226567181398426e+01
9.457226795822953e+01
1.066646972236525e+01
3.641369516794276e+01
1.375304535671745e+01
6.858577344966390e+01
5.939426420228288e+01
2.316733497342436e+01
8.771232249574378e+01
8.907443056305611e+01
2.059233375852570e-02
5.500854433281746e+01
3.103833088233989e+00
4.947091455081055e-01
3.810242518694253e+00
2.307456947074950e+01
1.438810202031774e+01
3.088932783849972e+01
8.526850141830207e+01
6.816602776207310e+01
3.263143907889325e+01
6.289259640634647e+01
5.750664652209107e+01
7.820952850310576e+01
5.198036020248213e+01
4.611612323025061e+01
3.325637794717046e+01
4.582335606488556e+01
8.662782878923593e+01
3.996900820171880e+01
8.043652748709383e+01
7.889350060322019e+01
3.454127611338220e+01
7.127821513976819e+01
8.764217257855562e+01
4.829432147009965e+01
3.986398854286596e+01
