4.238533370307895e+00
9.696023259170364e+01
7.188123467931582e+00
8.541716033845076e+01
1.909436542498617e+01
9.815535959701769e+01
2.270566398403871e+01
1.734538209500973e+01
6.903019559990157e+01
6.409148232270567e+01
5.631735774516936e+01
9.899482009885591e+01
3.009100702129817e+01
5.504476872973366e+01
3.096937072974135e+01
7.952895857371807e+01
7.145761957925633e+01
7.622517499896939e+01
3.177409005899639e+01
8.747910130185964e+01
8.496873792492259e+01
3.505770486549367e+01
6.388805795641991e+01
3.303452955234541e+01
1.434434983615966e+01
1.116900700664567e+01
6.440945508163863e+01
5.727767979599427e+01
9.217678000786191e+01
7.644336124716483e+01
3.510999681200366e+01
8.717782943843763e+01
9.606953211877007e+01
3.275032044982087e+01
8.218911480260505e+00
5.778922078096738e+01
3.053128078138981e+01
7.359378955959984e+01
7.873425170720287e+01
5.979308539991877e+01
6.341475260602998e+01
3.505160945237223e+01
2.897307161659611e+01
9.350575962732815e+01
5.093697581949503e+01
5.994244234633746e+01
6.037477965484130e+01
1.280592000708260e+01
3.616761734530684e+01
1.775546372763601e+00
8.036661300825263e+01
7.211128816572544e+01
8.249081381712612e+01
3.514884888899925e+01
2.070675097438821e+01
9.683516369985192e+01
3.332688511969842e+01
1.171458527059974e+01
2.441566364113971e+01
8.854926120887941e+01
6.155956725662553e+01
5.256742288012403e+00
1.268149447286571e+01
4.087396391708123e+01
3.763266351895066e+01
4.869465476306838e+01
7.302813496115996e+01
6.816394434690659e+01
9.449419555929219e+01
9.415257181699972e+01
6.538820465346249e+01
5.759634829945692e+01
7.186541895934633e+01
8.674493519903390e+01
5.110210788021894e+01
7.624791859474401e+01
5.662697137176384e+01
1.289041471336522e+01
9.294707704938347e+01
9.047133596170291e+01
2.591237240746262e+01
3.245465072451842e+01
8.230958710532150e+01
8.403186224588746e+00
2.838094715419269e+01
6.577857600794107e+01
5.238349877874530e+00
3.213299956737691e+01
8.813254413573655e+01
2.965401351901424e+01
2.068226072969021e+01
5.307319576529469e+00
7.963187414204323e+01
9.989299187431718e+01
7.321210674625454e+00
5.815107606265278e+01
2.079339782744339e+01
2.273953078442231e+01
1.903150184966228e+00
8.947188900293405e+01
4.173710646188683e+01
5.427205010981860e+01
4.706823725582484e+01
4.609628377766175e+01
6.165263110848732e+01
9.998269584029107e+01
2.623744077339649e+01
9.764395663405021e+01
2.230717117074279e+01
4.193848173224296e+01
7.842255527080155e+00
4.821954357820542e+01
7.439313245676138e+01
1.803537682538637e+01
5.662272980279416e+01
4.079756324216610e+01
9.316818075867751e+01
9.527317876707446e+01
2.505395469491089e+00
6.130711411186825e+01
1.053484897619805e+01
8.971689287094254e+01
6.661443368839772e+01
3.105326151990018e+01
5.051335284975980e+01
3.831404691483548e+01
8.920433758255297e+01
1.040328247957084e+01
3.200513554364682e+01
1.551935794554621e+01
3.527553511563480e+01
7.794568025411371e+01
2.701527440315824e+00
8.234377241802578e+01
8.734476742676681e+01
6.435415854880314e+01
7.314063239523239e+01
5.027940475860583e+01
8.031050827368652e+01
2.821288678246219e+00
6.946392253481966e+01
1.629460543221543e+01
5.104083225645164e+01
9.352682553861608e+01
4.773570739093037e+00
5.408439196370747e+01
2.267810177182690e+01
9.961462882329459e+01
6.952464173991450e+01
2.518349728788412e+01
8.091535362457640e+01
5.989241966041383e+01
3.178244751495423e+01
1.190818981822030e+01
9.094568118031401e+01
4.510274764387996e+00
5.022223673305578e+01
6.569372465167834e+01
2.809944647741478e+01
1.127581438574745e+01
9.566937670841318e+01
6.337498163961571e+01
3.505216596417696e+01
3.805424647315137e+00
1.376236961864045e+01
2.239693339094377e+01
6.815958324268441e+01
2.623287151857879e+01
6.354286333711020e+01
4.847009146980480e+01
2.905416019682501e+01
3.300678582536373e+01
3.520828538351147e+01
7.684288289250941e+01
1.488732435502453e+01
3.998185616917063e+01
8.775855451252245e+01
5.688194295246245e+01
7.077210073860926e+00
5.728319625243693e+01
6.274892346130169e+01
7.846401742587985e+01
4.017726515428036e+01
1.652912363248371e+01
9.990075356322376e+01
5.050963333365956e+01
8.215958833795021e+01
2.427787716699665e+01
1.620335793877177e+01
9.707314558190906e+01
8.558780117220608e+01
1.730725519233721e+01
9.029935211422823e+01
2.063996708981691e+01
2.111267983965235e+01
5.143994826424865e+01
6.388375780726027e+01
8.927226308233675e+01
3.834295027812149e+01
4.262904526788232e+01
3.339383217198487e+01
9.130513779414126e+01
6.043340692316806e+01
3.440996545106636e+01
8.810257813339241e+01
7.360754649788493e+01
4.187254674819882e+01
1.902985289647703e+01
1.288615740504402e+01
4.150187579984864e+01
9.931469843690968e+01
1.523616556787685e+01
1.996589317916236e+01
3.476481206471325e+01
3.176528920036056e+01
3.684307408372084e+01
7.061490992578440e+01
3.544398268472589e+01
3.921685905159305e+01
8.188787497667963e+01
3.251712822006881e+01
2.480466017723300e+01
8.883021668942189e+01
7.019470686567701e+01
4.544462731361605e+01
6.123334307280991e+01
8.383204177200425e+01
6.286892591177902e+01
2.917000145147089e+01
5.997760536148101e+01
3.111057301569291e+01
4.329947956991358e+01
7.123730055579790e+01
5.072895388618529e+01
3.986299589269934e+01
8.788287271181256e+00
6.607300265043648e+01
1.958199176917877e+01
7.836973158566735e+01
3.893584256942190e+01
6.853174863780464e+01
8.438885290380048e+01
1.457092338920148e+01
5.474069158301721e+00
1.717639352063481e+01
4.356394682245513e+01
2.920224286113039e+01
4.428110273754275e+00
3.299300467269169e+00
6.841910195928956e+01
6.967917837653272e+01
3.166874359905196e+01
9.322376213652257e+01
5.850939501938848e+01
6.011135553014993e+00
7.663324455573840e+01
6.458871055608090e+01
2.764579063637452e+01
2.714991719794921e+01
9.375871200755178e+01
8.762339599785554e+01
5.826049021364212e+01
7.294786506004066e+01
4.678589745740681e+01
5.072594636619367e+01
5.065731003445448e+01
1.820057514971149e+01
1.679894897006403e+01
5.332955580825431e+01
2.352115666657740e+01
4.551219891082133e+01
3.877105039487176e+01
7.425473666482360e+01
2.516009864637633e+01
6.189018458215993e+01
2.706367444575936e+01
6.872404546883145e+01
8.656226279519603e+01
3.149178471951363e+01
4.287820539571261e+01
1.584547027752058e+01
4.890161200841032e+01
7.454694899476458e+01
5.273529149253633e+01
6.208867051735925e+01
5.402962828708330e+01
7.012679123791251e+01
2.715374507343105e+01
7.110954731288811e-01
9.628961612297669e+00
5.680213051699201e+01
2.674208964535132e+01
7.681408830770016e+01
2.974999553046655e+01
4.719518797807171e+01
2.754003462732771e+01
8.164122480975522e+01
2.910217178478007e+01
4.433898359739175e+01
5.064660736855428e+01
5.262332845135747e+01
7.204190551864073e+01
8.259770417706935e+01
3.622080643485337e+01
3.212502781866353e+01
3.366277731659951e+01
2.765193662031178e+01
5.158456869031516e+01
3.558031615595348e+01
6.874370252189399e+00
9.446277408602776e+01
3.607051038931613e+01
5.577598226059972e+01
6.900972308079234e+01
2.956405711805637e+01
6.318698924183239e+01
2.303935132130950e+01
3.923081785404627e+01
4.525254706165406e+01
4.038370062614963e+01
5.778441590153817e+01
6.568864004951372e+01
6.712579027150096e+01
3.459850416267221e+01
7.689286036272200e+01
6.766145768000811e+01
6.213853878999992e+01
5.730016592764303e+01
3.305722076122520e+01
6.477522340825537e+00
6.340780633660397e+01
2.237927761039663e+01
6.727145131084670e+01
9.736443110618947e+01
3.124409696610835e+01
4.703847018398273e+01
9.049339922633646e+01
5.889603363298627e+01
9.862303887429789e+01
2.607371533572381e+01
8.959842514693663e+01
9.308581296032565e+01
8.732275892390066e+01
2.154638609920926e+01
9.116533496005710e+00
1.688681599539091e+01
8.473337534104165e+01
4.053721625382882e+01
1.657766430479366e+01
7.507410965630510e+01
7.266899448478082e+01
2.589747427306020e+01
2.221697444199443e+01
9.264437816694583e+01
7.464396328415907e+01
2.239707467257841e+01
6.079672182015921e+01
4.334380246854565e+01
5.083410043773898e+01
9.385394258138442e+01
3.857334826075162e+01
1.424190672777682e+01
8.887723311263939e+01
3.340044381720966e+01
6.172120508818012e+01
8.345997803074306e+00
5.241278654542416e+00
9.274841346440297e+01
7.901736371173401e+01
6.470122577841451e+01
4.400066195242137e+01
6.845405090993924e+01
7.214776578924980e+01
3.132342082975591e+01
6.633415364955280e+01
2.457891484935718e+01
6.697279045682996e+01
7.919905813373582e+01
1.937818900653077e+01
6.478790112994048e+01
8.911169175482900e+01
4.489677690197563e+01
9.068537544956681e+01
4.835861299576173e+01
3.754115502235533e+01
4.181067330847060e+01
8.711004009801431e+01
9.171711159484326e+01
4.555647775789558e+00
3.794414048918716e+01
7.389341521723820e+01
4.724648936989088e+01
5.218604726353010e+01
7.444828724230094e+01
7.178588401143713e+00
1.243346445841410e+01
7.672795237820966e+00
5.833256759603162e+01
2.270484097427914e+01
7.358698098621656e+01
6.667945527782638e+01
6.670550292670052e+01
1.837474848999397e+01
3.882722102051005e+01
3.796890533434642e+01
8.470890213954677e+01
6.307508957715476e+01
4.941695744610250e+00
3.577643103700897e+01
9.244871176427635e+01
1.102706166497761e+01
6.191806963734238e+01
3.734548861968587e+01
2.134223939913429e+01
1.027668258653799e+01
7.488664364204119e+01
6.704177575513803e+01
5.774513038701616e+01
8.861384754470262e+01
7.571491686427730e+01
6.162357887328768e+01
1.961936932970740e+01
4.148670511389464e+01
2.985880134154987e+01
4.863318882353287e+01
4.866529351503835e+01
5.981522889799217e+01
4.320280609801542e+01
3.438526263199061e+01
8.252006991883744e+01
1.678978703766586e+01
2.962251148634707e+00
9.538194467098543e+01
6.812985505355981e+01
4.178947216914477e+01
3.335084995876571e+01
1.987343762064047e+01
1.485999488032423e+01
3.829254574994210e+01
5.564986870421556e+01
7.308706598034457e+00
4.520718708876855e+00
2.420399334477447e+01
4.465419521772032e+01
3.977278696362524e+01
2.784462088152981e+01
1.954083885976153e+01
7.327493153199318e+01
1.640435080807859e+01
3.866847052176877e+01
7.063426015462460e+01
4.721333014183367e+01
1.285337210300070e+01
1.212096522195310e+01
7.707213152994966e+01
6.148656097309969e+01
4.800394961983149e+01
1.600792762637507e+01
3.045129116179947e+01
9.706905470093203e+01
1.940743025364700e+01
2.147915410878097e+01
3.130584956673246e-02
6.863300309918495e+01
1.172852931159014e+01
3.572349885279476e+01
1.588749960804707e+01
7.651712730364740e+01
9.471381907105159e+01
9.381156651946323e+00
3.575162786792574e+01
8.189535987651691e+01
1.390187540738931e+01
4.973493425628866e+01
3.505324690372368e+01
2.013503118424445e+01
8.670477326340264e+01
8.510786992735596e+01
9.955543410012287e+01
3.817634673915364e+01
9.345130663991500e+01
7.018969420818132e+01
4.711281417268925e+01
7.833746898841926e+01
8.231065947670054e+01
8.745476807814779e+01
9.811627352522513e+01
6.235501522307983e+01
8.690981841036576e+01
2.805640503207985e+00
4.016597286805789e+01
4.374955871317049e+01
2.428479461198896e+01
4.019727871762462e+01
1.238256176578932e+01
8.092848429499590e+01
2.027599444625713e+01
2.522773622778605e+01
1.732812063644087e+01
3.869882968193797e+01
6.365413608199644e+01
8.961260751337400e+01
9.688517339382562e+01
5.155309343317202e+01
1.303536967050069e+01
1.133198394036479e+01
1.714081788302437e+01
9.974014293390333e+01
1.704629017833913e+01
1.669625193658110e+01
8.009640326727946e+01
3.296780420139795e+01
8.688594614476243e+01
4.996208113150768e+01
1.130527314325109e+01
6.919660557489684e+01
7.793380784705924e+01
7.556861661168217e+01
1.229352374202270e+01
2.275936213450477e+00
6.096160554371849e+00
5.245949665664672e+01
4.602549492662097e+01
2.659051726879111e+00
9.265677537427133e+01
9.117855033426478e+01
3.026421695494290e+01
7.467483211060745e+01
1.640628651548470e+01
4.103314752738603e+01
1.337366174597929e+01
8.006042259748114e+01
6.720860957503720e-01
1.606197097155357e+01
7.588242952520142e+01
1.370745576625106e+01
2.739395491191836e+01
4.757055414261788e+01
1.344759870015439e+01
6.691045251996744e+01
1.266864147627197e+01
1.629686565897281e+01
9.987825672136539e+01
2.016653992243416e+01
6.625894679048049e+01
1.118352981805034e+01
9.049112759087753e+01
3.542964436832333e+01
8.847998431347310e+01
2.784651332900232e+00
3.770558058177381e+01
6.685424142836325e+01
5.524414798954695e+01
6.098137714945775e+01
6.951329320180849e+01
4.790092331725216e+01
5.215992743715641e+01
5.310082917711736e+01
2.257575542785961e+01
6.856621395264109e+01
5.092724028552288e+01
5.121159900501910e+01
5.314658635908113e+01
5.159932638127326e+01
9.686328256356683e+01
4.919814260173502e+01
6.530678219409045e+01
7.445338637309771e+01
6.691046653637218e+01
8.169342199419319e+01
6.908978036096775e+01
8.926821150317240e+01
4.871021874654583e+01
4.548804929735514e+00
9.434751379040419e+00
6.206055267809916e+00
1.746017263152645e+01
5.145025535088510e+01
4.843311190997861e+01
6.203618317937300e+01
7.766973850208788e+01
7.934128021790706e+01
7.279094484299000e+01
3.283742826098457e+01
6.307235572630183e+01
4.230769152860515e+01
1.505820267603649e+00
5.211487927106901e+00
4.919653327632534e+01
4.161017003544148e+01
2.503733929481233e+01
8.954249741022592e+01
5.516250806635362e+01
8.717532455323978e+01
1.432222910892322e+01
2.957097535467286e+01
1.620434034439006e+01
1.702988209064579e+01
2.647917695645204e+01
9.280391037129047e+01
9.078867951910415e+01
9.556895731741980e+01
8.207212187446287e+01
9.083550949154213e+01
1.486166194773356e+00
1.370519172107111e+01
4.570495348689377e+01
5.886374826490123e+01
4.295712855782226e+01
8.734065312302702e+01
2.089993144427423e+01
4.269922703630255e+01
6.668193329436795e+01
9.369087628726422e+01
5.346429527432858e+01
4.821983345235690e+01
3.862018163251699e+01
3.286713288764801e+01
4.690958794528133e+00
8.874904014577579e+01
7.447730292308950e+01
2.972829808934047e+01
2.357119970189929e+01
1.408353266962037e+01
5.616983964860898e+01
4.059591365074549e+01
6.610932325297469e+01
2.625439224124625e+01
5.762579574139127e+01
9.258850020942674e+01
1.602697713115577e+01
3.777736580827150e+01
4.587629784172228e+01
4.725021219218625e+01
7.727626402735535e+01
4.736246403649564e+01
3.875708539912341e+01
9.639127095993202e+01
6.226212254830735e+00
4.763367983868051e+01
9.697008561201864e+01
2.937124633666652e+01
9.033290687498307e+01
7.700380383851184e+01
2.568373644057835e+01
5.580537629118439e+01
6.758092812615491e+00
6.430391807309535e+01
1.077549183311662e+01
4.172386976039218e+01
9.833262036476872e+01
1.151006096578672e+01
1.071838485576137e+01
3.799138066265331e+01
8.378004915256987e+01
2.691008519703061e+01
7.858729431339879e+01
4.988937235897843e+01
3.926240449736938e+01
6.785935120091743e+00
3.573900039109355e+01
4.440494815092764e+00
8.962314873450582e+01
8.161529823281583e+01
7.631005899808838e+01
3.386871690576370e+01
2.897776222274534e+01
9.044779240640243e+01
3.025998781912960e+01
2.476370428910651e+01
7.216200636334811e+01
2.723007338458210e+01
6.233011822324718e+01
7.450308738020392e+01
3.214645675949122e+01
7.981868706635137e+01
3.926606696996189e+01
3.890454957210670e+01
4.351666501886987e+01
4.108395545793881e+01
5.099686218937713e+01
4.245522545764931e+01
1.078047189432218e+01
7.451467354526496e+01
6.435904547775120e+01
9.456052104689205e+01
1.424758695729430e+00
9.213906856819012e+00
9.651065361523565e+01
9.749743323656611e+01
3.094222942876733e+01
3.224965395976307e+01
2.378069070343892e+01
7.550553040369671e+01
1.386495214601278e+01
9.074970152729643e-02
9.734509531284920e+01
4.284271436875812e+01
4.407642737220807e+01
9.917885032444207e+01
6.123734999505680e+01
4.199213978927217e+01
2.640892366245804e+01
1.537230062082983e+01
9.074152111576009e+01
9.451771811326859e+01
9.519098768718121e+01
2.104998469401616e+01
6.835953694226198e+01
3.931359278006180e+01
6.213394015195497e+01
4.898795627476087e+01
8.176881823771113e+01
8.046635961181781e+01
4.033476046302112e+01
9.030245476882087e+01
6.747493304660308e+01
7.866136141990376e+01
9.951636167220602e+01
1.192482635934131e+01
9.606722239221781e+01
1.226387406339118e+00
9.885259233361697e+01
5.703128825734895e+01
7.673191781003584e+01
1.641568821687982e+01
5.712203795887625e+01
4.891236664211022e+01
1.729017063849148e+01
5.434664280821878e+01
4.809121691998617e+01
1.412668391788690e+01
9.633878259749095e+01
1.355142133010152e+01
2.949898453871672e+01
7.343136420167581e+01
4.300640865369067e+01
5.923761174047255e+01
2.374015223409057e+01
2.074292568524504e+01
6.400356495939361e+01
8.244748640919452e+01
6.035390182414739e+01
8.595406407767631e+01
5.878850438575657e+01
6.886622871685132e-01
9.190024686600094e+01
9.473604266286644e+01
9.925845148938636e+01
6.218440479700659e+01
2.306889287339006e+01
1.261341642244412e+01
6.341079220334570e+01
3.704085603218565e+01
6.964470467979308e+01
7.097430530515234e-01
5.345654429563160e+01
4.496460959546483e+01
4.962210969516174e+01
6.345878171895573e+00
4.067482233078909e+01
3.046261376257176e+01
7.072588348329342e+01
5.262346880166952e+01
7.221346724415825e+01
4.997154662849919e+01
5.531363634174393e+01
8.702044379293008e+01
7.466151885439713e+01
7.905378857583449e+01
9.838638934231660e+01
3.866508376722461e+01
6.492788091531391e+01
8.543910644270439e+01
8.443746696432935e+01
8.603487735895202e+01
5.942895345363252e+01
5.416596650805602e+01
4.997982264029785e+01
6.550338280643494e+01
2.993884693362697e+01
8.816808638543267e+01
5.401307873149081e+01
1.932910737550310e+00
8.749120989231915e+01
4.734390296383943e+01
4.207562070436572e+01
7.866548671324993e+01
7.452824650077532e+01
5.629534374750003e+01
2.097908720419700e+01
3.298333484352722e+01
9.870026530637418e+01
5.483926974927972e+00
8.560680364519675e+01
7.091373250396632e+01
9.814452067862476e+01
8.397733209839899e+01
1.779243634910902e+01
6.382168236366551e+01
1.997422846964292e+01
7.411930997582120e+01
6.878207622504890e+01
8.490210938495683e+01
7.491911685788963e+01
3.368651365567302e+01
8.618494592895031e+00
4.569898026329417e+01
2.955725688001013e+01
1.457770569928815e+01
9.303547516140877e+01
6.807937541421474e+01
4.676640357205942e+01
8.931916225204205e+01
6.844641294723675e+01
5.908728393683550e+00
9.439245685673899e+01
1.208790685613076e+01
5.064083265636155e+01
1.160891256835727e+01
2.079818049482916e+01
7.247787885017594e+01
1.968430416643820e+01
5.514120811370258e+01
4.113612451643503e+01
3.443443217986936e-01
8.591320076301378e+01
9.659159811986218e+01
4.621154770544337e+01
3.705637065556663e+00
2.670859053112035e+01
8.972553400775675e+00
1.988446275698229e+01
8.192611848093854e+01
5.108788551347697e+01
3.623496291052316e+01
4.871020985241524e+01
5.970638010637200e+01
2.915164983326181e+01
3.465112207208346e+00
1.830469729299876e+01
9.313630619698033e+01
4.634684210007398e+01
6.507110086505818e+01
8.245546840245625e+01
1.635912825183902e+01
3.704644685473593e+01
6.362813569774298e+01
9.514094055403998e+00
8.095399177677650e+01
5.032910502065398e+01
3.031227455023317e+01
5.343187058038631e+01
7.001340918709217e+01
5.197149382530315e+01
6.447560152247344e+01
7.530451695216098e+01
3.788469454175080e+01
6.106719964233562e+01
8.306161224984639e+01
4.278013517278253e+01
6.091142681469742e+00
8.770184078612451e+01
6.147479441085588e+01
8.326645688305909e+01
4.877862741648156e+01
5.569164462186939e+01
3.629893252453717e+00
9.849610635940735e+01
8.543002385898960e+01
7.095005506228193e+00
1.680080360583998e+01
7.617148807094036e+00
5.659097547484142e+01
6.800529983267435e+01
7.685282769466416e+01
1.805429696946139e+01
1.891835127906797e+01
3.275349672546307e+01
2.756839102486539e+01
6.605630790165454e+00
6.389854371729239e+01
5.788066557509855e+01
3.184636232063470e+01
6.082347750702104e+01
7.691385879968939e+00
9.442070936524343e+01
6.103407100822500e+01
8.808361286673862e+01
2.940317258676662e+01
5.764405902365412e+01
2.967394442747996e+01
4.326369908790276e+01
3.612984881556120e+01
1.015110137413773e+01
2.351157643064464e+01
8.490847627860889e+01
6.584274599600711e+01
2.714146972966449e+01
2.423835113841964e+01
3.285713662992098e+01
3.423647523589268e+01
9.943253593492905e+01
3.423022764466248e+01
2.534193141634666e+01
8.130444035926109e+01
1.732711308511305e+01
9.829203518959324e+01
3.416297903012623e+01
8.020108667211657e+01
9.968917397767733e+01
6.828422428494515e+00
4.409963034284284e+01
9.791659847736200e+01
3.677353022469838e+01
9.441622211337846e+00
4.811551675578370e+01
3.119423954337567e+01
4.556961662395374e+01
2.169694389295622e+01
8.668214850438859e+01
1.152351969458327e+01
6.587307405000230e+01
5.878240329156742e+01
4.765336851014447e+01
2.254246492988545e+01
8.229397976877819e+01
3.269520133393593e+01
8.838521092589255e+01
9.435449451876547e+00
1.532693361645887e+01
9.185354467102026e+01
4.367192468776923e+01
2.549737516115297e+01
2.608377231568274e+01
9.075713441276790e+00
9.606390986408289e+01
7.353136226233624e+01
8.690206165746882e+01
9.628670150241196e+01
5.373244888788668e+01
7.056922515415084e+00
8.940304028308161e+00
9.783207923072953e+01
4.973520992777087e+00
5.336413711931749e+01
1.097530406479505e+01
3.498660257784026e+01
7.108289369898053e+01
7.165368123522666e+01
8.928816737108313e+01
7.053714057921299e+01
5.975859628979051e+01
6.907491002654420e+01
8.771088974909432e+01
8.318171607478602e+00
9.161737495642964e+01
4.418689321921528e+01
6.339241418214162e+01
1.663197982899471e+01
2.104897299830288e+01
5.634030655787341e+01
5.393804207161909e+01
6.472089768607211e+01
7.109977606269521e+01
3.171838975125848e+01
7.098074237396044e+01
7.889839451708756e+00
2.682585046944481e+01
5.788280398486313e+01
6.345038738262392e+01
7.974138766515134e+01
5.299547354364557e+01
1.319297673795045e+01
8.127506951860853e+01
7.137740681477702e+01
6.655711385726795e+01
2.726163781586180e+01
2.446644456333781e+01
7.753705912154962e+01
4.879529427215238e+01
5.869565674043058e+00
3.530210127835260e+01
8.209251998089837e+01
6.891585326237410e+01
1.366285072344488e+01
1.687206216942149e+01
8.109890743209930e+01
2.527637431643734e+01
7.631550360299437e+01
4.656443649277298e+01
4.632534731474023e+01
1.422574166870943e+01
5.166892933271310e+01
1.104624500081234e+01
8.532551777797077e+01
8.338731908397159e+01
8.202698737477277e+01
5.248920365818274e+01
8.783173486023756e+01
8.059928271947395e+01
1.593959099424053e+01
1.303544869322118e+01
4.700316854147388e+01
8.250510230777091e+01
7.122962669061013e+01
7.104681482121666e+00
8.895926773034002e+01
6.333287966592837e+01
4.284701987302258e+01
4.789686796623136e+01
1.227529449959998e+01
6.216026645254357e+01
1.798428083676113e+00
2.082918506154287e+01
2.551748497668537e+01
4.590302558890685e+01
5.726380807220182e+01
3.666592763581590e+00
7.117939990534418e+01
3.357931162863007e+01
4.347279623312541e+00
1.750474722008442e+01
3.008742524780679e+01
6.865159630247001e+01
2.855099222089676e+01
9.513794183504672e+01
3.940352799343110e+01
8.906330964018744e+00
2.237346243223802e+01
7.284380089158368e+01
5.048777086217319e+01
6.356673648746997e+01
8.587924963137100e+01
3.650878217840045e+01
4.424766122561305e+01
1.080088131632697e+01
5.488935753465135e+01
3.503110647901478e+01
7.428088159034070e+01
6.788417886378438e+00
1.527433284338300e+00
4.753156972468438e+01
6.894868433892199e+01
3.325861368014413e+00
7.385361151483544e+00
7.985549414523668e+01
2.813728052570358e+01
4.913609644823526e+01
9.720019255634407e+00
2.014858383692269e+01
8.271540807686533e+01
9.081916622390000e+01
3.852949065087805e+01
1.280283327810598e+01
4.683537513335951e+01
2.618350220200768e+01
4.562365670950322e+01
8.623890317335675e+01
3.219155004815736e+01
7.461819847795097e+00
3.585560067363810e+01
8.267932091033055e+01
5.681753864363652e+01
7.542685534592107e+01
6.110422902791958e+01
2.842355455664152e+01
9.428825275706512e+01
7.657007378366313e+01
3.792048382475995e+01
7.957162381129881e+01
1.372996387711259e+01
3.944791710909825e+01
2.710319348941706e+01
6.806797304566390e+01
9.147255378378209e+01
1.897548186545050e+01
4.792346719090057e+01
7.091105904938236e+01
6.811157831368575e+01
3.439535369835578e+01
7.140881604114958e+01
5.082698634398495e+01
2.803167022207364e+01
2.958913353718311e+01
9.069576970799629e+01
7.204989505561529e+01
8.608496486492686e+01
4.871817708421414e+01
7.024902592890385e+01
9.086246890521723e+01
5.617999693200923e+01
9.414439885604399e+01
1.545791566160410e+01
4.035589026303770e+01
2.904529898848631e+01
7.656214468952368e+01
6.877944486624536e+01
5.579899081764695e+01
9.255573120552847e+01
2.719762834124156e+01
1.630760907023568e+01
8.695675781320629e+01
8.538510328409501e+00
6.337240341276507e+01
3.926393377560374e+01
1.106406562545526e-02
1.782255890677802e+01
2.227713527263940e+01
8.033038302340097e+01
1.735932287637113e+01
6.570515794013868e+01
7.139002586313991e+01
6.792241552282238e+01
9.373682816221232e+01
3.174225940915861e+01
4.826514732477495e+01
5.393690390230012e+01
5.675179509294769e+01
8.458457369570833e+01
2.062016908108265e+01
3.610373914060357e+01
3.645040916113668e+01
6.370100847617770e+00
6.307217965976902e+01
7.680629942417438e+01
6.373005689295478e+00
6.408776732351993e+01
4.558574424385360e+01
3.174034582066366e+01
6.768603346668465e+01
1.701734225126791e+01
3.261173289856488e+01
5.464279123332481e+01
2.966561682041064e+01
1.142035830366442e+01
9.390672500892856e+01
2.967668088603610e+01
2.924291721044244e+01
3.510655399184048e+01
2.553872993473836e+01
2.869938189568901e+01
9.177904300940179e+01
4.480262051560106e+01
9.662179746507751e+01
7.366605185608661e+01
2.455185438718268e+01
5.243676502836717e+01
2.760295575838674e+01
2.533574962305639e+00
3.702133872407551e+01
3.982865779652663e+01
5.014783896047056e+01
5.117614094688378e+01
9.929226622883802e+01
1.554239271932393e+01
5.171871029386237e+01
5.665271871567365e+00
5.285434287640003e+01
4.153842420388871e+01
5.388045951439089e+01
8.504439838465508e+01
8.841400406715181e+01
1.928414405290230e+00
2.352014892898507e+01
1.807962084099633e+01
1.334877270895465e+01
9.586570965864961e+01
3.530086583239066e+01
4.220761677353067e+01
7.145612164002662e+01
8.713460484851831e+00
7.090699866921966e+01
6.323516460286228e+01
6.610462668636097e+01
9.336554775636901e+01
9.560663713869016e+01
9.065648107354365e+01
9.570282869772187e+01
6.450417217076951e+01
1.831435878682619e+00
8.282365150881171e+01
1.891558697396684e+01
1.151837739698513e+01
4.904212739739666e+01
5.053158865800667e+01
6.519929341282663e+01
8.571850270299171e+01
7.267170235173390e+01
6.690930159152919e+00
3.803017830384438e+01
2.655216181955867e+01
3.098034627315605e+00
8.581269331547091e+01
2.722851644606726e+01
5.596610831840248e+01
2.803134742566913e+01
4.182934893380354e+01
5.183181793048597e+01
9.228010498559107e+01
8.442103889976677e+01
3.922878873498588e+01
7.204567374291163e+01
7.094679589893053e+01
9.765903740080959e+01
3.167976328715671e+01
6.698051661578030e+01
3.456025381319237e+01
2.233624431413423e+01
1.278282935395037e+01
9.906442598396187e+01
5.537180400237991e+01
9.560648086276207e+01
3.397255904691879e+00
6.689018139936505e+01
2.960627322532529e+01
1.354328343344074e+01
4.386961969727167e+01
1.532477592831700e+01
3.741640846124683e+01
6.192325598649833e+01
4.258170278863129e+01
5.315270873399112e+01
5.464900529694231e+01
2.258546283588999e+01
8.163328495884001e+01
9.163947417011460e+01
6.710926604788251e+01
2.346263389264356e+01
5.460722537460142e+01
5.938937103347358e+01
8.176185697399167e+01
8.903109817254874e+01
2.496450763426931e+01
5.270865282635607e+01
8.553789890629142e+01
5.664427096799215e+01
4.847915822103580e+01
6.500671467045635e+01
7.898051528212639e+01
6.126198762155231e+01
2.031481527738032e+01
3.435231923794016e+01
6.368835948579402e+01
3.676198815776128e+01
4.758637871015183e+01
8.647474170963967e+01
7.764091579133688e+01
9.519345219954543e+01
9.167283079199159e+00
4.241462659203197e+00
9.583533387437245e+01
5.308563544092962e+00
8.438304284791603e+01
5.048433912474864e+01
2.789402637998296e+01
3.902745630546820e+01
1.004001908471809e+01
9.500329242786546e+01
8.999498178716514e+01
6.464724445931951e+01
4.895931680172650e+01
7.037376294395597e+01
2.522210447360859e+01
4.076294728590313e+01
5.187240454921145e+01
4.036847811209432e+01
5.812833256001041e+01
3.515627702472559e-01
6.161886745207891e+01
3.533334007269393e-01
4.101240175823327e+01
1.719327593091562e+01
4.933427653710091e+01
4.700761197461169e+00
5.395526408867690e+01
1.685576444345329e+01
4.956760446055215e+00
8.328666974943442e+01
8.311762850876788e+00
6.492422524137619e+01
9.198221577889389e+01
6.169101719823248e+01
7.023278878546915e+01
7.636525858024380e+01
9.208990227994039e+01
9.812681516545211e+01
8.463818066969429e+01
9.013158124412018e+01
5.311447491548699e+01
7.463316241029332e+01
7.673573921282578e+01
4.752277096152434e+01
1.681361320280173e+01
8.457168195609547e+00
4.283673900311661e+01
6.868601775201317e+01
1.271784706633438e+01
6.288138402760093e+01
8.650522897322905e+01
1.044451375978278e+01
1.318404917287829e+00
2.751763068489620e+01
9.237819653580812e+01
7.058779069715543e+01
3.221839192892350e+01
9.802395049390566e+01
7.777439494513646e+01
5.408991014309689e+01
8.131062024334010e+01
2.354462422595575e+01
6.084618822710877e+01
6.883875260541159e+01
5.744633518971798e+01
1.198368664457634e+01
3.224111508216761e+01
3.753789730255394e+01
2.125916314369960e+01
1.687929570529577e+01
2.766947850010799e+01
8.901127650822107e+01
9.151245811558908e+01
8.244830415698155e+01
9.108506817886843e+01
3.790245919390696e+01
8.912302753381573e+01
8.879198361597582e+01
2.965029763507205e+01
1.840874553583970e+00
5.167336759701062e+01
9.868787815733249e+01
5.017563246664388e+01
3.620528356926761e+01
2.933900902482635e+01
9.600328067131493e+01
6.793074266423040e+00
7.847215872186803e+01
5.563638571446593e+01
9.423662945359789e+01
4.297453744475475e+01
2.188839964656550e+01
8.999194744508338e+01
9.587409673066534e+01
7.540588298598578e+01
4.743828258823524e+01
5.391943643517766e+00
7.646998021587263e+00
8.044362286126410e+01
4.128874523625185e+01
2.452629372688303e+01
1.264565839089717e+01
5.465487854306348e+01
4.634969171432298e+01
9.509396259444485e+01
2.138508983020908e+01
7.313971597381855e+00
8.599943494703595e+01
5.530689701219410e+01
6.269916289611680e+01
6.900215329090233e+01
9.019377566417390e+01
3.565214734322026e+01
7.590618607397479e+01
2.639905923344151e+01
8.074315515381430e+01
5.533087353935971e+01
4.330330684003575e+01
4.346331504334850e+01
1.096725925382565e+01
2.742876290689630e+01
7.602538390831342e+01
8.092619417278385e+01
1.742071030541356e+01
6.943364090725484e+01
7.165334642476093e+01
5.906890740574753e+01
7.482558459733872e+01
1.355016674546067e+01
3.951253022044549e+01
3.386304529098004e+01
3.807646047234370e+01
3.038559766969905e+01
4.641435148493124e+01
2.469027178580420e+01
5.757479376977999e+01
5.084843889383992e+00
8.056423351194907e+00
7.558512765708618e+01
1.044374760726641e+01
7.075558624731171e+01
4.458728090142239e+01
1.330011394494218e+01
4.620659912294084e+00
3.914873816033301e+00
5.404499911425869e+01
6.961181632690682e+01
5.924574735539302e+01
9.734830595429442e+01
4.520344354454588e+01
7.021300660921867e+01
7.516033434083701e+01
2.392033954333530e+01
3.634971987286104e+00
1.774077984399199e+01
5.853415613925743e+01
6.613461024413565e+00
8.259977273764079e+01
9.210876966459153e+01
2.016362776987424e+01
3.243494552207875e+01
4.947407047705449e+01
2.977045352094362e+01
9.491577674398002e+01
1.448973869648284e+01
1.235530055703376e+01
4.841659271550206e+01
1.957458263243296e+01
8.646496868993387e+01
9.606479913744369e+01
3.001833023969937e+01
5.543348125900770e+01
6.536958136845826e+01
9.749434920842496e+01
6.005414117130178e+01
1.058054962688151e+01
5.153934832268364e+01
2.934632498274852e+01
7.425153300829768e+01
1.268479526633620e+01
4.274108882189779e+01
9.696031086936607e+01
1.300486480491462e+01
3.184160400733426e+01
2.672921308629644e+00
3.507369711765726e+01
9.698144034341976e+01
7.588360131526534e+01
1.334541733998126e+01
2.373550079005561e+01
2.731347471816161e+01
1.477545919584830e+01
1.506202487045062e+01
8.769009839170151e+01
5.476820303814868e+01
2.955176356693346e+01
