2.736022264108072e+01
4.382175372160121e+01
9.573284787858503e+01
2.475741599907978e+01
9.113586996269220e+01
7.461609839211036e+01
5.605951173047512e+01
9.111322969715727e+01
2.311787126731028e+01
4.407630793008781e+01
5.402352360730224e+01
6.639007491357162e+01
6.506457173501354e+01
9.704421274226355e+01
1.160769118536622e+01
8.403186224588746e+00
7.670932164262483e+01
6.754828596839135e+01
4.717888629398257e+01
1.964379708266063e+01
6.070345782707606e+01
7.411769464338090e+01
9.766905070173976e+01
1.101104910998188e+01
6.126513698197209e+01
4.659563854643871e+01
4.618128349361070e+01
4.305869827189422e+01
9.354613399763878e+01
3.329202618137563e+01
8.000803295523302e+01
8.947188900293405e+01
4.173710646188683e+01
6.729135483842872e+01
7.183708905793591e+01
8.736303112812482e+01
8.168472525742125e+01
8.861344716912761e+01
5.123483857663108e+01
8.780340481912875e+00
7.285438788722008e+01
6.490044205677717e+01
1.000609300565258e+01
3.791895962223362e+01
4.022176058041945e+01
2.122066003327289e+01
5.662272980279416e+01
6.686578899010354e+01
4.529191928230781e+00
6.186107968066869e+01
1.140751410806902e+01
2.231608392778602e+01
9.038822501450228e+01
2.409919617888480e+01
6.411686193389671e+01
7.114696729516004e+01
5.051335284975980e+01
5.059553447672890e+01
6.954503393245164e+01
7.294457642032978e+00
3.200513554364682e+01
3.541017260188710e+01
3.527553511563480e+01
3.277580348438388e+00
4.398240933380202e+01
8.234377241802578e+01
2.504487974804122e+01
1.163734584657352e+01
8.051411755406956e+01
2.066219994829139e+01
5.654895424682132e+01
1.140224962094903e+01
1.913369308185470e+01
8.673819396027281e+01
3.727516398638262e+01
4.173525410785119e+01
3.713233626314082e+01
4.713766041544157e+01
6.130106116705624e+01
2.193936208353348e+01
2.182938490148139e+01
1.570105897993830e+01
8.004466974178547e+01
8.874777154473018e+01
1.106565739543441e+01
7.690797069897314e+01
4.684697140327048e+01
1.041673971825128e+01
9.077371004539249e+01
8.658902947166423e+01
9.053094703263181e+01
6.130992400520944e+01
1.103897206999314e+00
5.340846211342535e+00
3.505216596417696e+01
1.717653475570331e+01
1.629038323475531e+01
2.239693339094377e+01
3.911222803365077e+01
9.128659711744943e+01
7.020210389522934e+01
9.870133153102422e+01
2.905416019682501e+01
8.264767941210777e-01
8.972462350024125e+01
9.306704867308356e+01
6.927079719923009e+01
3.998185616917063e+01
5.364870827349309e+01
7.041438853853121e+01
2.201864506212000e+01
9.740753495013692e+01
8.474667616409560e+01
1.134574791013531e+01
8.972466145163619e+01
7.744379433684227e+01
9.497308875200017e+01
5.050963333365956e+01
8.357620345595116e+01
2.427787716699665e+01
2.635604195592741e+01
3.622534327964547e+01
1.840750045068911e+01
1.086813421494706e+01
9.029935211422823e+01
2.564170799480830e+01
4.412333119852623e+01
8.322717122883870e+01
1.956409351879921e+01
1.284662667328800e+01
6.225097759731625e+01
2.267641384279188e+01
3.647416696719554e+01
3.079791657198123e+01
4.248878589947186e+01
3.724621531425333e+01
7.125931469316562e+01
8.782600610881393e+01
6.565867050814380e+01
9.969721720539835e+01
3.921576456130285e+01
2.853672785150666e+01
1.644188091924502e+01
6.429526361836831e+01
4.341397557566593e+01
5.814992951143064e+01
6.834692231768133e+00
4.877230285144052e+01
4.022602724853252e+01
7.867309622404775e+01
3.921685905159305e+01
1.917012586219708e+01
5.600711459108029e+01
2.480466017723300e+01
6.066511318118549e+01
2.236160706838668e+01
1.740232203966115e+00
7.529821301591500e+01
3.015386873397691e-01
7.069637909098360e+01
6.529524534255977e+01
4.608301932275436e+01
2.731942442586618e+01
7.856008111432199e+01
3.738815707032948e+01
4.300617954833721e+01
5.773912647633772e+01
1.769629992437376e+01
3.504842288561558e+01
5.279549199752299e+01
6.794697198455547e+01
4.706072460257482e+01
7.639450583439064e+01
7.345932515964812e+01
1.064441307012197e+00
1.426326097653399e+01
1.915366492194760e+01
4.356394682245513e+01
2.920224286113039e+01
6.511228394932686e+00
4.820991887161970e+01
5.565436084552405e+01
6.281023861971229e+01
3.166874359905196e+01
5.793962984249909e+01
1.144269896272696e+01
7.948267929231872e+01
9.104551779620607e+01
6.458871055608090e+01
1.080952995028790e+01
8.654194608635359e+00
9.375871200755178e+01
3.759067698269649e+01
3.627694250842414e+01
6.067106796459810e+01
7.591826379109093e-01
5.072594636619367e+01
5.222357378910461e+01
6.249361651134380e+01
7.534898471801959e+01
8.117533232140137e+01
4.626546355256134e+01
4.781098018764099e+01
4.762692360562595e+01
7.349855572613821e+01
4.633544774089728e+01
2.984796465833111e+01
5.670060112918755e+01
6.872404546883145e+01
8.797072725741693e+01
1.932418459063591e+01
9.310282016783152e+01
5.760699415468005e+01
4.283953539228045e+01
3.355106675697074e+01
5.386003817145715e+01
1.873943480604302e+01
9.928310220096405e+01
6.592141700252957e+00
8.038151491451147e+01
1.734434930484013e+01
9.070004340759481e-01
8.530200765715075e+01
2.674208964535132e+01
9.880396826137043e+01
3.361884799488767e+01
7.352798710275813e+01
3.729571445719139e+01
4.301390226139403e+01
3.502676325618604e+01
8.728875000369212e+01
2.418923453622928e+01
1.924788002821052e+01
5.770042462167350e+01
9.468525233431032e+00
9.274643580091485e+01
7.436111218964733e+01
4.448788871266316e+01
3.402382248734302e+01
5.218682771184800e+01
3.558031615595348e+01
1.908879714044221e+01
5.166908621400087e+01
2.753565093853308e+01
6.715803373007012e+01
8.522015297097161e+01
7.638436745683866e-01
8.763789994997806e+01
2.303935132130950e+01
5.056561965056026e+01
1.449796753679307e+01
8.116714366766026e+01
7.972343092771406e+01
6.747500038122526e+01
7.472813426271459e+01
4.147093605318616e+00
6.064285727247729e+01
7.726201483852324e+01
5.559296764228166e+01
9.657020685103265e+01
6.775499538879608e+01
6.477522340825537e+00
6.824858680751575e+01
5.183062844529312e+01
6.368817089297257e+01
2.918791274036650e+01
8.291261558556585e+01
9.561570808087275e+01
8.191402171827575e+01
3.120123936384974e+01
3.894080223466307e+00
5.260055631054591e+01
5.534579979970390e-02
6.419534630337513e+01
6.928732612602754e+01
5.293394529862979e+01
5.528479169834628e+01
5.237449754605745e+00
6.659917634287811e+01
8.513488731586136e+01
5.279602042995209e+01
9.912633621093182e+00
5.014817297931210e+01
5.248231196425963e+01
7.560127371717303e+01
3.966804129987399e-01
1.327465945541610e+01
2.670020797601911e+01
7.765869529808811e+01
8.170408866447588e+01
6.233009428825700e+01
3.054104653677952e+00
6.922249685471063e+01
5.377442867205219e+01
2.289296710998424e+01
6.525766386895332e+00
5.829786837953043e+01
1.557471096309587e+01
1.211335352254722e+01
4.745460811418230e+01
7.044653662966869e+01
7.855442770689467e+01
7.294234878986252e+01
6.845405090993924e+01
7.405517062826789e+01
1.620520037422199e+01
1.453897148116444e+01
1.483848999014054e+01
4.490946575296552e+01
7.919905813373582e+01
1.295376057408459e+01
7.519630606993861e+01
5.696509878941117e+01
4.873637712967414e+01
7.150706642843181e+01
2.280434180181676e+01
4.180484388107659e+01
4.181067330847060e+01
1.008413248233690e+01
9.780201478758921e+01
1.957670451122183e+01
3.125678404758535e+01
3.630298978476925e+01
3.418446846035517e+01
2.652043370833641e+01
2.699594377865826e+01
7.178588401143713e+00
2.834922765770426e+01
9.129077088613565e+01
9.152474319167656e+01
5.231622106037857e+01
8.652842109395583e+01
9.432811368924013e+01
4.816519103393200e+01
2.130596615434902e+01
5.151282532676720e+01
4.582489358532470e+01
1.379415407487850e+01
5.354675559957826e+00
9.050725358096288e+01
4.872050157222920e+01
1.262931228272119e+01
1.856994303808079e+00
9.846504786911655e+01
2.036831310036048e+01
8.281479640063587e+00
3.983189460813622e+01
5.312708856217894e+01
2.904388510111901e+01
6.333121725513191e+01
8.181183737787038e+01
6.770856048339445e+01
2.759933929312943e+01
2.404150339962985e+01
5.753127753619630e+01
7.978538655665955e+01
4.106780110908105e+01
2.661608840646971e+01
2.388650501327892e+01
3.080287507306918e+01
1.190735763493337e+01
6.989609430073578e+01
3.339726251242555e+01
2.962251148634707e+00
9.063484780054300e+01
7.872961441927106e+01
4.178947216914477e+01
5.849896616232533e+01
2.931996208118273e+01
6.107084777256048e+01
3.912163252901362e+01
6.719572188667755e+01
7.308706598034457e+00
3.708256699008987e+01
2.034183769502762e+01
5.086117635986822e+01
2.704514596939326e+01
6.017373230316384e+01
4.432625325598114e+01
3.461876406083757e+01
1.640435080807859e+01
6.253559811158832e+01
7.063426015462460e+01
5.214391958533970e+01
6.430449479459995e+00
6.400051729939902e+01
2.378907661130143e+01
1.156042283939217e+00
6.078625878355757e+01
9.447890468615986e+01
3.045129116179947e+01
5.301398036676178e+01
3.098227564756865e+01
3.893714120562055e+01
8.899558949703146e+01
3.700658196443998e+01
1.172852931159014e+01
4.646158816593773e+01
5.186388546222071e+01
4.937982780364334e+01
5.410037979208882e+01
3.842639985421039e+01
5.533594319379700e+01
6.398947954363631e+01
6.222818119555161e+01
2.618702502278007e+01
1.802151921113092e+01
9.662973442889272e+01
7.936967275076064e+01
5.598382095619283e+01
3.550299947871966e+01
4.300948979473183e+01
2.342495314005062e+01
7.018969420818132e+01
4.711281417268925e+01
8.952451804165007e+01
7.066012391385628e+01
8.031054073027826e+01
1.673845207166786e+01
9.429807518343351e+01
8.690981841036576e+01
1.173866005229701e+01
1.257217424575806e+01
5.831087793144903e+01
5.621976356777352e+01
8.913525710307772e+00
2.509388207695162e+01
7.935088778815739e+01
5.537511392281164e+01
1.938126316265262e+01
7.062793721939806e+01
6.323808411287054e+01
5.047230820659190e+01
7.647312454715050e+01
4.675486686022713e+01
1.075176811346401e+01
3.665510073148418e+01
6.490667227884134e+01
1.256563841019088e+00
4.083976347038512e+01
7.153712952115440e+01
6.273293558635420e+01
2.849266958818430e+00
7.716006817163903e+01
8.421600879366324e+01
4.396594550645256e+00
6.302344415477638e+01
9.824878880672566e+01
8.650573384319699e+01
6.701734325243967e+01
5.780698268572194e+01
4.248348457854404e+01
6.096160554371849e+00
2.996925885322004e+01
9.603365151958243e+01
9.635833888145086e+01
2.996327515224148e+01
8.792916633557955e+01
3.026421695494290e+01
9.880545977447436e+01
4.700658831140333e+01
4.759233759138377e+01
3.260136727830459e+01
8.577958838351984e+01
3.395115790606996e+01
3.745643018626442e+01
6.781232341556452e+01
9.778166795046145e+01
4.906826831822669e+01
9.908363912211901e+01
1.516137193663110e+01
6.691045251996744e+01
3.440857587121827e+01
3.465112495918345e+01
7.062297187308918e+01
9.382644956643993e+01
5.562500043568435e+01
1.983526368617791e+01
9.091003248044757e+01
7.063495059061560e+01
4.116837812642026e+01
6.604534111267204e+00
1.555808503905222e+01
2.226334564493194e+01
7.698369104274721e+01
1.986960960546024e+01
7.360740502998577e+01
4.790092331725216e+01
5.859922178024390e+01
9.218090930589517e+01
5.438625680021302e+01
6.856621395264109e+01
4.541833137414341e+01
3.594941717383890e+01
1.337298188049951e+01
8.672110288716904e+01
2.000214169733326e+01
1.910061376127443e+01
9.967092811114664e+01
4.698942343098550e+01
1.534874998747779e+01
1.483230004777773e+01
6.454977531197936e+01
7.925186901318462e+01
9.505124655321764e+01
9.450090955686797e+01
2.967886176411009e+01
1.843406284155048e+01
8.747548790996684e+01
8.732965946538823e+01
8.906901343216607e+01
8.338029984542182e+01
1.588934330078277e+01
4.556975199169002e+01
2.444899320809589e+01
1.339183524874590e+01
1.090245121666344e+01
6.449295071162886e+00
5.639477039519454e+01
5.647112538873736e+01
1.050687362929195e+01
4.161017003544148e+01
6.868479576366245e+01
1.237735618482221e-01
2.142018159917564e+01
4.918865163307109e+00
5.172309994312148e+01
1.873894786403466e+01
2.666717843463047e+01
8.379725100649392e+01
1.888219417020781e+01
6.214576445619844e+01
7.283644972966819e+01
6.522035317738558e+01
8.912868163973498e+01
4.200642339047344e+01
2.406273178014100e+00
1.370519172107111e+01
4.685493747091616e+00
9.389813011228020e+01
3.394484544822240e+01
6.367396137848216e+01
8.521939287205198e+01
6.253332680209229e+01
7.541344742077098e+01
7.685447469207200e+01
8.984999455970247e+00
6.690202256054711e+01
9.836251162847621e+01
9.087820467114365e+01
7.310833408176356e+01
6.666768904154546e+00
7.447730292308950e+01
4.970767444451697e+00
8.887281370762400e+01
8.305907346450681e+00
8.320874817818810e+01
5.106972998523607e+00
2.704485521048533e+01
1.919876710474434e+01
5.522624354587228e+01
8.760871383715826e+01
1.602697713115577e+01
2.706427668550251e+01
4.587629784172228e+01
8.934399135845899e+01
4.017108294189492e+01
4.835571215877110e+01
7.766067426542783e+00
9.639127095993202e+01
4.246855924952243e+01
4.151727824542545e+01
4.360771125350507e+01
7.710431533730790e+01
9.656825130645569e+01
5.898217081976225e+01
1.997399540616851e+01
9.754771124457369e+01
8.909855451858535e+01
8.626258083910801e+01
6.566022306944254e+01
4.173890573053570e+01
4.369760302067623e+01
8.161096474230800e+01
2.756696107218366e+01
3.591298318277718e+01
6.354695109815660e+01
2.691008519703061e+01
7.763894529903259e+01
4.515481653863323e+01
1.603274467216467e+01
3.415222649190213e+01
3.573900039109355e+01
6.919145456943264e+01
5.381245322237371e+01
4.245066872912025e+01
2.696836368505301e+01
6.596694214547377e+01
7.225930386793767e+01
7.294891177348276e+01
7.834476073195448e+01
1.761589144245530e+01
8.438239273819252e+01
3.367800853852090e+01
9.105577030733963e+01
3.510044181491268e+01
6.544091606766028e+01
8.314713820961637e+01
3.926606696996189e+01
4.845678040220252e+01
9.168926551551058e+01
3.640439688991960e+01
2.241034089699869e+01
6.035038636082336e+01
7.707898927716491e+01
8.929476006389352e+00
7.571799544418137e+01
9.273066324774672e+01
4.716873059383069e+01
9.213906856819012e+00
9.651065361523565e+01
9.434633110386615e+01
8.922097277325623e+00
9.806112861170486e+01
5.749069752986110e+01
8.543114274993127e+01
1.386495214601278e+01
3.149919623113200e+01
5.139808489540503e+01
8.663360126625449e+00
4.506641353716442e+01
9.917885032444207e+01
8.133388510035996e+01
4.403398565204534e+01
5.992440463040229e+00
3.189560809726623e+01
7.155807608345434e+01
1.122855209337014e+00
2.473308864270015e+01
7.768049015555553e+01
5.172506698953224e+01
9.028965681339133e+01
1.172732515806673e+01
4.420006910534579e+01
9.668056443179053e+01
8.046635961181781e+01
9.723292849829092e+01
8.212318559276088e+01
8.792330054003899e+01
2.501266772160897e+01
3.614673811762908e+00
5.340938407620853e+01
3.224907877494073e+01
5.645532312637908e+01
8.016285425059631e+01
4.203894964514252e+01
7.999350413679774e+01
8.409917693776040e+01
5.964945794998178e+01
2.762911581789568e+01
2.554028100592097e+01
2.249961584922840e+01
1.958097332137682e+00
5.896787953514973e+01
9.633878259749095e+01
7.450014062901033e+01
1.638822519052226e+01
3.395543141940396e+01
1.957465159686965e+01
8.219744781134532e+00
5.460033107297511e+01
2.074292568524504e+01
4.537817199964923e+01
4.220722957617009e+01
9.380375104667793e+01
7.387883671274355e+01
7.107824379162781e+01
3.111956474889049e+01
2.519944139067058e+01
3.867167217595115e+01
1.011560103395749e+01
7.577288047213708e+01
8.581780744056115e+01
1.697930619911259e+01
2.768230998315025e+00
8.365139704367677e+01
6.880600311272126e+01
7.591352633941617e+01
6.400725369528274e+01
5.592573329616604e+01
4.962210969516174e+01
7.538902399846774e+01
6.791657524552038e+01
9.771332666171404e+01
2.718495141118064e+01
7.745216799781292e+01
1.842015237473890e+01
6.439549991134344e+00
3.701114837872383e+01
4.123132589330493e+01
8.459268653979184e+01
9.161147945169894e+01
9.514416479279481e+01
9.195538363044867e+01
2.312103133793968e+01
8.543910644270439e+01
1.408863533944294e+01
6.211032516421299e+01
3.070787206790776e+01
8.478488348647248e+01
1.572235534699743e+00
1.543809953864575e+01
2.993884693362697e+01
7.062490925687594e+01
5.335771551046415e+01
2.788814079383767e+01
1.286796131770497e+01
6.297290458482360e+01
3.036446633300021e+01
7.767562520582025e+01
2.529387661502411e+01
2.456053454641278e+01
2.097908720419700e+01
5.331634443873370e+01
8.659870512159480e+01
6.565825900326402e+01
7.925869565422586e+01
6.977787803382513e+01
6.897729745552749e+01
8.397733209839899e+01
6.303517383664621e+00
6.382168236366551e+01
4.203027963732848e+01
2.769501755372389e+01
5.577706599411418e+01
7.626593861555025e+01
5.881577472147335e+01
3.758772371224487e+01
3.380678572403583e+01
7.883426802178577e+01
8.785248016372904e+01
7.869999868734739e+01
9.857758819059357e+01
8.215654505517172e+00
1.841751854793053e+01
4.482280777060558e+01
1.905781771943803e+01
1.971879784004707e+01
1.408194588221700e+01
7.155543117390732e+01
5.149879164597895e+01
4.053175390722777e+01
8.310792547795359e+01
4.883275495322084e+01
6.725054446945458e+01
7.288942745555632e+01
7.031373906429566e+01
6.799214764870337e+01
5.720002863425763e+01
3.813570730301352e+01
8.661162307793816e+01
9.503352213419673e+01
1.752768345993370e+01
5.004581368996102e+01
7.667654658512983e+01
5.670717193591742e+01
5.837410402408526e+01
5.977229669679529e+01
6.104682412047256e+01
8.952646380733999e+01
7.415717899527270e+01
5.262995043426284e+01
8.298185085085306e+01
9.313630619698033e+01
8.631853618953309e+01
1.658036835332418e+01
7.340772863170491e+01
6.146328214624118e+01
5.051450945926574e+00
8.716091890221504e+00
4.040969523620312e+01
3.806628996416288e+01
9.999238480813447e+01
9.788734591467649e+01
5.343187058038631e+01
9.471447239383798e+01
4.981072035143651e+01
1.166125168635568e+01
6.019328784206569e+01
6.283816712109287e+01
7.994209024121150e+01
8.162654190399988e+01
4.278013517278253e+01
9.622333911071686e+01
6.373470726596876e+01
1.945668171134623e+01
8.801726120897442e+01
9.179692561356208e+01
5.569164462186939e+01
5.797569190989048e+01
1.964941724187202e+01
3.999522805213706e+01
6.594763941408490e+01
4.445882809556035e+01
9.808947141193295e+01
8.208512816675247e+01
2.270787634081574e+01
8.340833642678723e+01
6.657588545539225e+01
1.122814184577583e+01
2.956590365132592e+01
2.024332388315505e+01
9.568748017572216e+01
4.953162374418770e+01
7.637156950140911e+01
7.354614612345870e+01
3.522633837313686e+01
7.619748337948577e+01
1.323925424983690e+00
7.135470531478278e+01
4.791428449000897e+01
2.085892703424158e+01
2.552869311791318e+01
4.740996814677955e+01
4.157644707782960e+01
3.196838839536924e+01
3.530715593849642e+01
1.872101799525368e+01
6.632852212820599e+01
6.584274599600711e+01
2.318189201093367e+01
2.729104544375606e+01
2.556579435503380e+01
4.983214617233358e+00
2.873703834076274e+01
4.284077465666494e+01
6.258792000011910e+01
2.072647526894066e+01
6.016285534024372e+01
9.747003484399525e+01
6.363900288177607e+01
2.915395979264470e+01
3.195698802916193e+01
1.257747077037462e+01
4.393143157657769e+01
6.609127356954444e+01
2.077645129560328e+01
6.393765521419126e+00
8.914881678724140e+01
6.614682905662191e+01
5.451600516890921e+01
2.169694389295622e+01
2.544577202081949e+01
7.529553271611013e+01
7.299667404638448e+01
6.399276017397305e+00
4.765336851014447e+01
2.254246492988545e+01
8.229397976877819e+01
2.832342755437057e+01
1.071255943305444e+01
9.435449451876547e+00
5.561447299812663e+01
7.861638971539978e+01
7.883681029958501e+01
8.795309722793898e+01
2.608377231568274e+01
6.259844641322197e+00
6.284350285438984e+01
8.168589048166103e+01
8.083309795746258e+01
9.636283330449966e+01
5.433759840872958e+01
8.127165007464198e+01
2.236895776464090e+01
9.683405528628923e+01
8.539892872115547e+01
4.775967283535734e+01
4.845173435679252e+01
8.439873903263302e+01
9.742859722926683e+01
7.802056925279115e+01
3.374350207566447e+01
4.672872999065031e+01
8.317720092980993e+01
8.332133809259223e+01
8.297469973702668e+01
9.819733598185579e+01
9.161737495642964e+01
1.161352354642634e+01
6.339241418214162e+01
9.214954529523362e+01
2.104897299830288e+01
6.559941054582569e+01
5.598220054804450e+01
4.339091481798837e-01
1.612719097925685e+01
1.575601497467422e+01
8.379064536829975e+01
7.889839451708756e+00
5.441361132749059e+01
5.788280398486313e+01
4.252672709642291e+00
4.077025136946247e+01
8.349201007908769e+01
2.201423902158357e+01
1.258702558120108e+01
1.419941667197245e+01
6.655711385726795e+01
2.726163781586180e+01
1.228820952227721e+01
9.461884591477869e+01
9.164512520266935e+01
5.774741790152500e+01
8.069721892508549e+01
8.345768525426168e+01
2.304811893172940e+01
4.704862029619916e+01
3.908649144651671e+01
7.767192096341024e+01
4.372747044252579e+01
9.486659373849005e+01
5.347761681930982e+01
2.031407417744122e+01
2.981670188243347e+01
7.108295959005270e+01
4.557615637107573e+01
1.238037087599764e+00
6.651411022362956e+01
1.907729679675647e+01
8.640787302814790e+01
2.096044329039773e+01
3.990979131306977e+01
5.434061105099535e+01
7.720017497297384e+01
1.829893026421728e+01
8.067570113608413e+01
3.275629581546238e+01
5.139564073243906e+01
2.971140669179680e+01
8.914239196532517e+01
1.721160049420390e+01
5.968566940151419e+00
5.268743352624002e+01
6.009288284000609e+01
7.683545349949759e+01
4.434071865134906e+01
5.333930894422313e+01
4.590302558890685e+01
9.193758815151527e+01
8.953005414899907e+01
3.207397564876544e+01
2.637041901534908e+01
5.023102930292070e+01
5.655623560610983e+01
2.880003584027292e+00
2.419345221677490e+00
2.855099222089676e+01
3.095575558531832e+01
8.501206607791225e+01
2.926717709250151e+01
2.498243419685515e+01
9.492627084018955e+01
5.267510011451091e+01
5.369904490825675e+01
7.490549593926663e+01
7.767563098002022e+01
4.978780050286455e+01
1.870808797828298e+00
1.282243654728981e+01
8.793391207602524e+01
3.166379920750102e+00
8.646792144815805e+01
2.623523074492590e+01
1.201725630649238e+01
5.675852087175405e+01
4.624913462728688e+01
9.511015196103145e+01
6.786140458093091e+01
4.378431199294716e+00
8.704774006598058e+01
9.720019255634407e+00
4.438903385046359e+01
8.271540807686533e+01
7.562488428113279e+01
9.306257832472332e+01
8.530756220468672e+01
2.860264481445898e+01
2.161357049905396e+01
8.508835746212320e+01
1.361471084580510e+01
3.219155004815736e+01
6.764904645627785e+00
8.645851178395493e+01
8.267932091033055e+01
7.402893261705941e+01
6.242515382469872e+00
5.953763726145851e+01
5.888116902619655e+01
9.428825275706512e+01
7.600440712459590e+01
9.153673559964483e+01
5.655473617676401e+01
8.335849167004157e+01
3.299714812682809e+01
2.710319348941706e+01
8.672065403625399e+01
5.764385622816340e+01
2.663331372972266e+01
5.836060245445026e+01
9.585098498307680e+01
2.515048008651960e+01
1.197351725398261e+01
8.766204332358299e+01
6.841836346705368e+01
2.994299248323915e+01
6.447139436587290e+01
4.889118543308749e+01
5.663431503653261e+01
1.299672001646679e+01
4.871817708421414e+01
2.757547932098409e+01
3.263262344181194e+01
8.619938371060387e+01
5.670753766629265e+01
6.411629527067592e+01
2.339610272245300e+00
2.904529898848631e+01
2.702819235950158e+01
6.877944486624536e+01
5.762738737167203e+00
1.436759695148449e+01
5.085176683536348e+01
8.488708086539390e+00
8.695675781320629e+01
3.603745216319219e+01
5.121100770831620e+01
3.926393377560374e+01
2.342067953358436e+01
2.196205501536003e+00
2.786886791133735e+01
3.910191750112079e+01
6.592593959808626e+01
3.984238516531996e+01
6.727086508985184e+01
6.737119484104738e+01
2.707770575167505e+01
6.323535901644982e+01
9.889937913925358e+01
9.150874912343396e+01
1.782722422751934e+01
4.545308046296848e+01
8.419470725776381e+01
5.669704445483956e+01
4.131233642870203e+01
8.219069153172461e+01
6.137248597171740e+01
7.680629942417438e+01
9.380155340479759e+01
6.717189339323522e+01
7.412569014081997e+01
1.365847592878085e+01
9.883457440828653e+01
5.128147050332347e+01
8.136203963372951e+01
2.880270617492623e+01
8.031460050508129e+01
6.262010189826604e+01
3.843532672079063e+01
5.265040577047058e+01
4.852116934420596e+01
5.341574738426867e+00
4.984702921931028e+01
5.404604741094916e+00
6.146579750881800e+00
8.179663390936173e+01
7.071857213541799e+01
3.719390786122247e+01
5.576606097433998e+01
2.817403256342469e+01
8.283595255708134e+01
4.421137443008431e+01
8.152302451502672e+00
6.703065976827902e+01
7.848281780187172e+01
4.489485395368880e+01
2.104617740076323e+01
7.487407218426189e+01
8.083511971907463e+01
8.985722721082029e+00
7.963016004284385e+01
2.309598947088048e+01
3.537182925984814e+01
8.076313407195877e+01
5.956213500330324e+01
6.798356215841302e+01
1.999872257932961e+01
4.051375907869718e+01
3.426485431113506e+01
1.838148982188734e+01
2.046286217889882e+01
2.915546182969373e+01
3.674830195342577e+01
1.671181927281982e+01
7.457309755243971e+01
4.463338989048889e+01
3.747225335681450e+01
3.037705814017777e+01
9.798846654500275e+01
4.968333549317128e+01
7.138670155377439e+01
7.523264325001865e+01
5.868988444967655e+01
3.855519995026067e+01
8.993397457056398e+01
4.381458090795883e+00
8.882952699848894e+01
5.826153469191004e+00
5.711634874209592e+01
8.121782056112671e+01
1.232057028092470e+01
1.479588309991913e+01
6.348868304094704e+01
4.117812432403588e+01
9.829990388746369e+01
3.605749785716529e+01
2.891992900004607e+01
5.596610831840248e+01
7.392237278349808e+01
4.298971250792486e+01
8.089603371028605e+01
9.228010498559107e+01
2.577573611669975e+01
2.593510836639214e+01
9.912399696145393e+01
1.396636451313568e+01
8.386217867204090e+01
7.534461369521199e+01
7.364083341026716e+01
8.180117312902640e+01
1.872763047866879e+01
3.417842063781732e+01
4.413048212608810e+01
5.537180400237991e+01
3.832569408152517e+01
6.908219390040365e+01
4.526471753849868e+01
3.052774957871425e+01
9.858324709282408e+00
8.743611205715504e+01
7.693459972596476e+01
8.980318875508532e+01
6.418816748270214e-01
9.369267620783891e+00
6.737521908589417e+01
4.496941461459241e+01
5.167224879920121e+01
8.097433349163008e+00
9.318191497269176e+01
2.559462158269930e+01
6.958383799976848e+01
6.244693154583076e+01
7.416237684626243e+01
3.676312725840283e+01
1.234743255765523e+01
5.175445780705402e+01
5.270865282635607e+01
9.607364907677920e+01
3.883666630780169e+01
9.118424481301766e+01
9.045923319200948e+00
3.590690495255725e+01
2.745374572810426e+00
7.388381337462170e+00
9.414018960396768e+01
3.526047847013011e+01
8.617804198813533e+01
6.764563874697575e+01
5.105618091814973e+01
8.982446267727039e+01
9.519345219954543e+01
9.498365833190441e+00
4.594907818639143e+01
3.030797747443802e+01
5.308563544092962e+00
4.830828693150929e+01
4.964501999767731e+01
8.502091885778165e+01
2.142173062144859e+01
9.958480154144802e+01
9.500329242786546e+01
2.495647697940305e+01
6.922132241037737e+01
2.286815635062203e+01
7.175683871459069e+01
8.927140295937257e+00
3.178727283691395e+01
6.593720385149922e+01
5.000789326150338e+00
6.472160102088080e+01
6.505744772267408e+01
7.269710035654580e+01
6.954264634733211e+01
8.172658913849229e+01
1.415837603349163e+01
2.200923833158297e+01
6.237414468190360e+01
1.691749064108240e+01
6.914176986047150e+01
5.245567562638581e+01
2.688379642874179e+01
7.932685077159053e+01
8.368049519307935e+00
4.686229431389938e+01
6.971696977024757e+01
8.223403607599160e+01
1.867075754267664e+01
3.087795899756158e+01
6.715495310125638e+01
5.250317214639074e+01
9.847572506334433e+01
9.313010754675145e+01
7.463316241029332e+01
7.673573921282578e+01
3.507537307919719e+01
9.725763788319082e+01
9.756139437554468e+01
8.231869651112645e+01
4.185912890446332e+01
1.271784706633438e+01
6.288138402760093e+01
4.040521566774939e+01
9.668370121935554e+01
7.786334128019556e+01
8.586291064781271e+01
7.773950327082514e+01
4.036813627014315e+01
3.383011083762632e+01
5.303603497009540e+01
7.637277691456153e+01
4.257757330433353e+01
1.513165049959517e+00
5.569962763958593e+01
7.922069271058808e+01
7.135312337025680e+01
9.891463294574740e+01
8.673702109918790e+01
3.224111508216761e+01
5.724008966108788e+01
3.617660945103346e+01
1.485433984308240e+01
6.736780911095805e+01
6.175755195401494e+01
8.727347673255646e+01
8.716518384738136e+01
6.191204160540925e+01
3.790245919390696e+01
4.509009558013179e+01
3.880109732914767e+01
9.129893546518821e+01
6.182326756502654e+01
9.750047600711717e+01
7.759863095246192e+00
5.670626971717284e+01
9.417427903701285e+01
2.328607203591898e+01
9.808231205590177e+01
8.356438269073348e+01
8.985120583784358e+01
1.816938026722957e+01
6.858466661934958e+00
4.297453744475475e+01
7.071142581790286e+01
3.990198100912477e+01
1.971690930412938e+01
2.198528620506883e+01
5.315412923374871e+01
2.600599593762588e+00
2.039390058275028e+00
9.241475895625295e+01
6.833737998657738e+00
4.586981136625158e+01
8.010440928866360e+01
1.875044066400753e+01
1.449283911590131e+00
7.105731376030357e+01
3.584392742991631e+01
5.394121103637908e+01
1.130446652476884e+00
2.836601083556470e+01
6.269916289611680e+01
6.855603250142002e+01
9.531326577780455e+01
8.193324654453119e+01
9.920931151099937e+01
6.425321831565965e+01
7.847198395918682e+01
2.415004858009054e+01
4.100727114873345e+01
2.054338032405050e+01
4.388043328369056e+01
7.781202843310872e+01
1.506740879969085e+00
6.374322658579016e+01
9.391297124974102e+00
7.459099272945477e+01
7.075175739394118e+01
9.992572502229629e+01
9.359743743836761e+01
3.440163607448415e+01
7.590841151583400e+01
5.295839060701355e+01
9.293054202242314e+01
3.038559766969905e+01
5.833460970704193e+01
6.558969903997597e+01
9.399683624226452e+01
5.874252554901993e+01
6.328668643873496e+01
4.414471985965256e+00
8.710853643115077e+01
7.075558624731171e+01
4.458728090142239e+01
7.108188977981075e+01
2.871792988326304e+01
2.157585985100635e+01
5.404499911425869e+01
9.461084990511221e+00
2.702590628854274e+01
9.734830595429442e+01
2.375649522233591e+00
2.086751760023996e+01
5.660054667694519e+01
9.151668133750404e+01
4.654864321767755e+01
4.504695769634422e+00
1.781990938718427e+00
7.524731674941597e+01
6.253573278083267e+01
4.073223659802798e+01
5.775592087663520e+01
3.985342622727781e+01
1.819493045015025e+01
5.931842516144664e+00
7.374768428213321e+00
1.619016137728009e+01
1.221043444807196e+01
4.544264676302795e+01
5.727873666085244e+01
6.472903395291839e+01
6.811961208848265e+01
5.646160289480425e+01
7.066480017763787e+01
9.500445513753428e+01
5.502345783404235e+01
6.731752886777629e+01
4.303156865901853e+01
5.153934832268364e+01
8.434923625753690e+01
3.174962239887082e+01
2.769708271496793e+01
4.424936219316412e+01
1.962629008089485e+00
2.404798857124894e+01
2.691337285885279e+01
1.740709120286959e+01
7.466302596715420e+01
9.115861462948779e+01
1.893292247268042e+01
3.941236484768445e+01
4.804672927039058e+01
2.551345677371764e+01
9.356536618134257e+01
4.882382613086320e+01
7.964993881976696e+01
8.154070069153826e+01
8.598888627532352e+01
3.048752361465596e+01
3.184795753650738e+00
9.587808041641399e+01
1.781840357827880e+01
1.185632339299485e+01
4.336625665583008e+01
1.162443291937207e+01
9.429777539069660e+01
6.600412380229874e+01
9.948329585580309e+01
7.121147819385467e+01
2.817837392360827e+01
6.085599789435789e+01
6.348912383592181e+01
1.294648885398474e+01
2.172866706816883e+01
1.991643804121597e+00
2.707908527323933e+01
4.864203992702162e+01
4.746724062015640e+00
1.742111240393534e+00
1.651550336578651e+01
5.766083335395010e+01
4.557808942421250e+01
5.654264923955438e+01
5.173177614423064e+01
7.618028334164075e+01
9.384299590896956e+01
9.885850185475242e+01
3.460316310385389e+01
8.851181817637375e+01
7.927970666404801e+01
9.993225201029901e+00
6.835631200501524e+01
8.687265370361165e+01
6.303342551134220e+01
6.858577344966390e+01
7.139320511901434e+01
6.305616729103781e+01
8.738922345796098e+01
8.045349571874993e+01
2.336619981721332e+00
9.764973544406227e+01
3.103833088233989e+00
7.746608423882448e+01
1.712119184300359e+01
1.574824485729832e+01
6.720107396468570e+01
9.283847841100696e+01
6.485992728958834e+01
1.201113439724368e+01
2.227360551351384e+01
1.239896286856335e-01
9.438434713258610e+01
4.388163101108820e+00
8.491586399493546e+01
4.611612323025061e+01
1.143003055426759e+01
4.582335606488556e+01
4.540954252956879e-01
6.872282939437908e+01
7.524102464096669e+01
1.298449230984994e+01
1.422182890317488e+00
7.795022105702675e+01
4.314626955573739e+01
7.576018202852465e+01
8.176101985469508e+01
