5.531193737653640e+01
7.623259940940542e+01
9.858271372438536e+01
2.475741599907978e+01
7.165124345182033e+01
3.169050455637765e+01
8.522179773320528e+01
7.674790093523818e+01
3.550074707507191e+01
6.228926985631197e+01
2.374723787593992e+00
6.639007491357162e+01
5.192950058352645e+01
8.406492349880976e+01
9.902151399246488e+01
1.790409163474296e+00
6.479931844621865e+01
7.723104249557063e+01
7.264082253567913e+01
1.104122186593768e+01
3.328434873059594e+01
7.853169742903286e+01
9.766905070173976e+01
2.005809448662125e+01
6.326935326832782e+01
7.656255125839382e+01
8.499770471127597e+01
1.267772820437221e+00
1.106624026366800e+00
3.329202618137563e+01
8.000803295523302e+01
1.124116052465567e+01
3.690632727784399e+01
5.668999313222710e+01
4.735202782198415e+01
8.577781733394498e+01
8.838049768860475e+01
8.656672820754663e+01
5.419078704630527e+00
3.330876269997506e+01
1.154781319738730e-01
6.490044205677717e+01
4.065049124911916e+01
9.641376924534039e+01
3.544119355987813e+01
8.929283366971316e+01
6.864136833168629e+00
8.817333466753985e+01
1.640036493372189e+01
6.929486467004514e+01
1.140751410806902e+01
4.968471366431784e+01
7.754894852524109e+01
2.409919617888480e+01
2.746772511278639e+01
6.827726111201441e+01
8.563911602163647e+01
2.352249376639840e+01
6.954503393245164e+01
7.294457642032978e+00
4.575745595887185e+01
6.656685507230779e+01
6.108500033667544e+01
9.646796816795504e+01
4.398240933380202e+01
4.488899640035303e+01
4.105989883703175e+01
1.163734584657352e+01
1.128677148897516e+01
3.585617059648790e+00
1.703175083595875e+01
1.140224962094903e+01
4.975371027819519e+01
5.768224208507792e+01
4.027352358227294e+01
7.312772654608251e+01
1.508274391064548e+01
4.713766041544157e+01
6.130106116705624e+01
8.160662002936314e+01
4.375882667664384e+01
1.570105897993830e+01
5.861791649768963e+01
4.876673447376431e+01
2.814553586214107e+01
6.604716166204176e+01
1.704399553921260e+01
1.041673971825128e+01
9.855107143453839e+01
8.658902947166423e+01
6.026057953027104e+01
4.913129631855120e+01
9.352192855138422e+01
5.340846211342535e+00
4.559926443994011e+01
1.677877670935298e+01
2.978260793247382e+01
4.065050773352874e+01
2.841612260249263e+01
2.478636425211391e+01
6.106942080011098e+01
6.393471321274280e+01
6.864611863561259e+01
1.272218390960348e+01
8.972462350024125e+01
8.919642171319406e+00
1.664943658590756e+01
2.670005952320064e+01
5.364870827349309e+01
2.094298145777685e+01
8.641398739368374e+01
9.740753495013692e+01
4.929825847470121e+01
6.962405297422039e+01
4.617426942390123e+01
7.744379433684227e+01
3.111754545528327e+01
6.321826496311382e+01
1.177716381464953e+01
2.524087001813616e+01
4.980729443477806e+01
3.209898347598453e+01
7.437216633668736e+01
2.734455444260712e+01
5.874583723896455e+01
7.356775308659661e+01
4.412333119852623e+01
8.322717122883870e+01
7.059623406762083e+01
3.679283849745655e+00
7.049229395133084e+01
5.845438561330288e+01
3.647416696719554e+01
7.665965411656521e+01
4.248878589947186e+01
3.895861093837703e+01
7.977724968445359e+01
8.782600610881393e+01
6.565867050814380e+01
3.342595795794668e+01
7.169156226873936e+01
1.742014522544115e+01
1.412642640719490e+01
2.098982069687444e+01
6.245204911681454e+01
8.059772755047202e+01
6.834692231768133e+00
4.427363748861180e+01
4.022602724853252e+01
7.867309622404775e+01
6.951450755331410e+01
9.003332168331059e+01
6.361576987598826e+01
9.721535565201908e+01
3.390201029083785e+01
2.236160706838668e+01
6.385810462006280e+01
9.275579158810703e+01
4.744381413210361e+01
3.445433864111748e+01
6.529524534255977e+01
5.545734961305622e+01
4.345575507891166e+01
6.197161272259970e+01
3.211700368305529e+01
1.463232455525190e+01
9.302236609767301e-01
1.769629992437376e+01
3.504842288561558e+01
6.658889416912054e+01
5.844394604603013e+01
6.739985107788810e+00
7.639450583439064e+01
7.345932515964812e+01
5.664034618839637e+01
1.416968689959947e+01
6.628520119296630e+01
2.616342079181383e+01
3.241614943017073e+01
6.511228394932686e+00
4.214813459764613e+01
5.565436084552405e+01
6.281023861971229e+01
5.292021425111230e+01
7.184450578496070e+01
1.144269896272696e+01
2.235157653798888e+01
3.570261040502349e+01
4.626106282056359e+01
6.458067128648082e+01
8.654194608635359e+00
6.949373584682762e+01
2.003802089953703e+01
3.627694250842414e+01
7.126314811001679e+01
7.591826379109093e-01
4.488572191674528e+01
9.923135088720888e+01
6.985132455353221e+01
7.993414480236086e+01
5.820571144959224e+01
2.918422325941930e+01
8.042792299782295e+01
8.128436751723493e-01
7.349855572613821e+01
1.440393566824679e+01
1.498253062133795e+01
5.670060112918755e+01
4.056735646006063e+01
5.862921525660400e+00
9.822293380192617e+01
4.269144211089772e+01
6.151728241775059e+01
4.283953539228045e+01
7.693152561640903e+01
1.438699882216146e+01
7.247587133779929e+01
9.928310220096405e+01
8.930803094492667e+00
7.667436184206716e+01
5.297196561143359e+01
4.669401857382339e+01
8.530200765715075e+01
9.736720570240506e+01
9.880396826137043e+01
1.743124575234542e+01
4.952223023843124e+01
6.554624245760323e+01
4.168515500691028e+01
3.502676325618604e+01
4.018456132159780e+01
7.486830804258040e+01
1.924788002821052e+01
1.517477026915866e+01
9.468525233431032e+00
9.274643580091485e+01
5.224303940881185e+01
5.272610897790925e+01
7.901927553071607e+00
5.278634696862956e+01
8.877821890114723e+01
6.124861308431654e+00
5.877153946029560e+01
2.753565093853308e+01
6.715803373007012e+01
3.570306503013850e+01
7.638436745683866e-01
3.963390502130329e+01
3.837958864792231e+00
9.694646769061055e+00
1.449796753679307e+01
8.116714366766026e+01
4.941634268007071e+01
6.247636450569908e+01
9.644854264168467e+01
4.147093605318616e+00
1.282844469548596e+01
2.805657956193042e+01
6.439751017112168e+01
9.657020685103265e+01
4.743013430732774e+01
4.582071492719497e+00
9.144433438379519e+01
9.598791235871050e+01
6.368817089297257e+01
2.918791274036650e+01
5.271921411748939e+01
7.270338957789512e+01
8.191402171827575e+01
5.509116633566617e+01
6.871755727041399e+01
5.260055631054591e+01
6.407458477843301e+01
6.419534630337513e+01
3.560163664426731e+01
8.573929811163772e+01
5.528479169834628e+01
3.636548031883569e+01
6.800796639547123e+01
8.399414456635441e+01
4.606012713446288e+01
8.431623325884166e+01
4.028989423079877e+01
1.971722441712265e+01
9.498804993694093e+01
1.882424355429795e+01
6.793753531199765e+01
2.670020797601911e+01
7.409895498962092e+01
8.170408866447588e+01
6.233009428825700e+01
1.482385327798494e+01
3.021748928828979e+01
5.377442867205219e+01
9.029886978226661e+01
3.940996399121823e+01
8.296234141241868e+01
3.748810851829504e+01
1.211335352254722e+01
6.487636308412830e+01
9.257927490052734e+01
7.855442770689467e+01
7.294234878986252e+01
5.379530254462516e+01
7.995163871904445e+01
8.543985434129828e+00
8.216936391879310e+01
2.895961605429632e+01
4.490946575296552e+01
4.326924255270010e+01
1.295376057408459e+01
9.096959288742839e+01
3.845731724913107e+01
8.490603788984289e+01
5.253158479581194e+01
3.344536713950586e+01
1.627145405685131e+01
6.480173858106217e+01
7.986369220533581e+00
2.740581274377453e+01
6.818886840166005e+01
3.125678404758535e+01
4.222966606832559e+01
3.239069801400914e+01
5.736638463910967e+01
4.776210428577015e+01
1.556803370619567e+01
4.032872600496222e+01
8.525021285063131e+01
2.768138722874289e+01
4.101999054710380e+01
5.730739601762378e+01
9.432811368924013e+01
3.305885397505893e+01
3.162479020265154e+01
7.427975236171845e+01
2.799377493932553e+01
1.379415407487850e+01
3.239368369448635e+00
9.050725358096288e+01
6.397148434257670e+01
1.262931228272119e+01
2.332161395965219e+01
9.846504786911655e+01
1.007652278527456e+01
4.838260083849663e+01
1.189829558688137e+01
5.440602463409585e+01
1.318433941955880e+01
8.773757838073074e+01
8.181183737787038e+01
8.137320782121887e+01
1.899436238174995e+01
2.404150339962985e+01
5.753127753619630e+01
4.496007610343401e+01
4.106780110908105e+01
7.309931124239196e+01
4.654175953312859e+01
7.997580565511053e+01
7.806984245687251e-01
5.965231301246784e+01
5.780529331313693e+01
9.510881211380885e+01
2.062060405529132e+01
7.706457394038540e+01
6.544089911758941e+01
2.449117415793760e+01
3.224237544100842e+00
2.091289508198988e+01
3.912163252901362e+01
6.719572188667755e+01
8.882106183507528e+01
7.866254517746276e+01
9.223948232468193e+01
4.361873014998563e+01
2.704514596939326e+01
4.137777864997172e+00
4.432625325598114e+01
3.461876406083757e+01
5.729793517724515e+01
2.613809058728539e+01
3.311429164983066e+01
5.214391958533970e+01
6.430449479459995e+00
6.400051729939902e+01
2.816854632839959e+01
1.156042283939217e+00
2.118310105110663e+01
4.364575522190228e+01
7.685733971970963e+01
5.301398036676178e+01
4.226808326424476e+01
3.893714120562055e+01
4.812279248057063e+01
5.182810935742599e+01
2.836722467484289e+01
8.794328136739475e+01
4.559008313603238e+00
3.159146221894373e+01
8.856176449384623e+00
3.956412083449034e+01
8.441675067153608e+01
4.239838381409569e+01
3.931361666848586e+01
7.665623294965188e+01
8.601711401064746e+01
6.635876268444525e+01
9.859932637708230e+00
5.598382095619283e+01
7.492257662812368e+01
4.300948979473183e+01
1.545078191694374e+01
8.036868277954342e+00
5.214199435531255e+01
8.952451804165007e+01
7.324911936803215e+00
8.031054073027826e+01
2.303727368034295e+01
5.955819387899628e+01
3.590316024418136e+01
4.169121572826580e+00
1.257217424575806e+01
6.711066554631603e+01
7.740393317183663e+01
6.069496672632869e+01
1.893877485717590e+01
7.424318738013655e+01
7.820632363586050e+01
1.938126316265262e+01
3.064949625667627e+00
2.702124017617723e+01
5.047230820659190e+01
1.852133684722769e+00
4.730596488681900e+01
8.978592492164388e+01
6.630008754613813e+01
5.543673795435426e+01
1.256563841019088e+00
8.674037851707097e+01
2.939337842603837e+01
6.273293558635420e+01
1.916950993201207e+01
6.873830243420707e+01
8.421600879366324e+01
1.432291931208359e+01
5.826282042929103e+01
9.824878880672566e+01
6.580324334362672e+00
3.903473352037125e+01
5.780698268572194e+01
4.248348457854404e+01
7.595896747706409e+01
7.037915693148000e+01
2.540556463664657e+01
7.406791950299774e+01
3.107412361124257e+01
2.853292493546983e+01
4.831110683656814e+01
9.280447200536935e+00
4.890296610486832e-01
9.360366728790275e+01
3.260136727830459e+01
6.859572048699284e+00
2.247462576370436e+01
2.493202538459191e+01
6.781232341556452e+01
6.175588847219753e+01
5.745772922293177e+01
9.689195030224134e+01
1.516137193663110e+01
7.051194886235145e+01
4.524802772572638e+01
5.708541858805596e+01
3.925025124999241e+01
5.054876271195187e+01
7.140833790013956e+01
9.751307167928344e+01
4.879755147211139e+01
7.425287457846704e+01
3.654780515308855e+01
6.604534111267204e+00
2.047214676648013e+01
3.321179153081579e+01
7.698369104274721e+01
1.986960960546024e+01
7.279710987247393e+00
7.979965609488993e+01
5.859922178024390e+01
5.559081787038167e+01
8.537978319701729e+01
3.102643225855494e+01
9.545862953898433e+01
1.798115042875574e+01
1.337298188049951e+01
9.091443046504372e+01
2.000214169733326e+01
2.273503286891386e+01
9.967092811114664e+01
6.101491817320460e+01
5.025419255264764e+01
1.483230004777773e+01
3.152686698898993e+01
7.925186901318462e+01
5.482599640024174e+01
7.077711823898234e+01
2.980063167857035e+01
1.907998394178226e+01
8.658998905987943e+01
1.068368750190534e+01
9.706864617628447e+01
2.882036009282822e+00
4.587499920552364e+01
1.754079289619848e+01
9.513305048231643e+01
6.218640835126229e+01
4.760708974097254e+01
6.449295071162886e+00
1.805924797340261e+01
9.091794327409842e+01
8.304257322244466e+00
8.758248481321264e+01
2.194437548608723e+01
4.969562424798292e+01
2.142018159917564e+01
2.609270323351617e+01
9.467731727970640e+01
2.443154855837652e+00
2.666717843463047e+01
2.061648691101768e+01
1.888219417020781e+01
5.753220103566171e+01
3.544878695879541e+01
6.522035317738558e+01
5.303442131403574e+01
9.027478340560327e+01
6.576205830358064e+01
7.800067806523326e+01
4.685493747091616e+00
9.389813011228020e+01
3.394484544822240e+01
1.754139876809968e+00
3.889024315350235e+01
1.914756271017136e+01
4.862661200977239e+01
7.694002970910633e+01
8.133397106143366e+01
6.690202256054711e+01
9.836251162847621e+01
9.087820467114365e+01
7.310833408176356e+01
6.666768904154546e+00
9.431723584156356e+01
2.186947135341795e+01
1.042965571881722e+01
1.573741744073919e+01
1.192075857516413e+01
5.106972998523607e+00
5.715974073724809e+01
1.919876710474434e+01
5.245460916890512e+01
8.760871383715826e+01
9.876295700611685e+01
9.038847288600563e+01
8.259365390175658e+01
2.976538940787566e+01
4.017108294189492e+01
4.835571215877110e+01
7.766067426542783e+00
8.067947643840661e+01
4.246855924952243e+01
9.645043304024750e+01
1.035555876342373e+01
3.924872537108545e+01
3.100979776634360e+01
5.898217081976225e+01
3.116194188183264e+01
3.828754417518506e+00
6.863057169533828e+01
2.952445351030885e+01
6.566022306944254e+01
4.173890573053570e+01
4.369760302067623e+01
4.820901809642511e+00
2.756696107218366e+01
4.662087817984674e+01
4.761612324398762e+00
1.558550764601003e+01
1.041409555376232e+01
5.067902847690463e+01
6.805430309290732e+01
4.182460300709335e+00
3.796328796910275e+01
6.681726005245804e+01
9.457093323328110e+01
7.922557610051035e+01
9.112624763097905e+01
7.056491587802996e+01
2.779600523775257e+01
7.294891177348276e+01
1.716886852736067e+01
5.164506856894356e+01
8.438239273819252e+01
3.367800853852090e+01
9.513289811794316e+00
1.713045072608183e+01
3.540655767331205e+01
4.067523174019308e+01
4.237896904460106e+00
4.037129322084193e+00
9.168926551551058e+01
9.687270284484732e+01
2.241034089699869e+01
3.538686848962068e+01
1.693604607923704e+00
7.334299612480355e+01
5.301178579824594e+01
9.273066324774672e+01
1.283071577215135e+01
6.238403393066676e+01
5.465201626282745e+01
7.151720257080962e+01
8.922097277325623e+00
1.718876306767984e+01
6.265130236868342e+01
6.200354982260779e+01
7.184088033244055e+01
5.377754999966247e+01
7.405794634207055e+01
7.307267518391491e+00
4.506641353716442e+01
9.410140905254586e+01
5.895233613390118e+01
1.446575830432855e+01
5.898034710389578e+01
3.189560809726623e+01
1.487490079127015e+01
8.132434407310763e+00
2.008997156288939e+01
1.911279774229638e+01
9.842403409929203e+01
9.028965681339133e+01
1.805765373541864e+01
4.420006910534579e+01
9.668056443179053e+01
6.026704612200477e+00
9.723292849829092e+01
8.212318559276088e+01
8.407307038273339e+01
2.501266772160897e+01
4.450721947686151e+01
5.340938407620853e+01
1.890983573110301e+00
3.175286153878684e+01
8.016285425059631e+01
8.825641036418100e+00
9.375641140796077e+01
1.786556859401314e+01
8.094314284666588e+01
7.068895188657984e+01
2.554028100592097e+01
6.183500981975114e+01
6.479036093912570e+01
8.449261713982216e+01
7.077684997151459e+01
2.518774686622794e+01
1.638822519052226e+01
5.535021547942898e+01
1.957465159686965e+01
8.690861556069396e+01
5.413391145604379e+01
1.799868569616167e+01
1.423171717404933e+01
9.252066695714400e+01
4.221568449503541e+01
7.387883671274355e+01
6.414246292046386e+01
7.974182003165680e+01
2.650814998266667e+01
4.821553325663113e+01
1.011560103395749e+01
7.101536945952817e+01
1.118962434641534e+01
8.530799070620350e+01
2.768230998315025e+00
9.135247859701164e+01
6.880600311272126e+01
8.204373395165602e+00
1.460438031451980e+01
1.775368443585638e+00
4.910943459212288e+01
3.210683447872606e+01
6.791657524552038e+01
1.531683435445504e+01
1.961839013715200e+01
3.869342517046883e+01
1.842015237473890e+01
3.600661532767425e+01
2.361045490187148e+01
6.007923281755263e+01
5.547195377548781e+01
8.967647742930636e+01
7.014577173169040e+01
6.970367094953716e+01
9.059413503417471e+01
4.027667331522176e+01
1.408863533944294e+01
6.211032516421299e+01
5.181006917348601e+01
4.059678532210960e+01
1.032585837427800e+01
3.013409433426992e+01
1.161215473507166e+01
2.151548276725946e+01
4.214067894133770e+01
6.724672655912430e+01
1.286796131770497e+01
6.297290458482360e+01
1.090502809309635e+01
2.245345335567997e+01
6.474827302840923e+01
2.456053454641278e+01
8.061039581923298e+01
9.253319785582516e+01
1.012257747823493e+01
1.211343799350478e-01
6.079343727826767e+01
2.854272989953995e+01
1.320423186440218e+01
1.861947542923478e+01
4.046118289253729e+01
6.867618563988999e+01
8.295952811975010e+00
1.165728564916984e+01
3.837985658942715e+01
6.263815102290277e+00
5.881577472147335e+01
5.246849192887009e+01
6.837414026650328e+01
7.883426802178577e+01
9.306527725097969e+01
7.869999868734739e+01
9.210016084467068e+01
8.215654505517172e+00
8.581961686062610e+01
5.110904129739341e+01
1.905781771943803e+01
1.971879784004707e+01
1.408194588221700e+01
2.996284581253438e+01
6.822235918055398e+01
4.053175390722777e+01
7.547401556534415e+01
4.883275495322084e+01
7.136341671988528e+01
1.535138441964583e+01
7.031373906429566e+01
6.799214764870337e+01
9.573333454119663e+01
8.351797092869784e+01
8.661162307793816e+01
8.825828954030681e+01
5.219415652202171e+01
9.903810634232968e+01
9.991557518947664e+01
5.217706693903406e+00
7.210960154054203e+01
1.354939351489273e+01
3.965759917146415e+01
3.432260324914130e+01
9.976312802162167e+01
3.610778219816637e+01
8.298185085085306e+01
9.186328881972624e+01
3.019944016365309e+01
4.846101130752871e+01
8.554279011932331e+01
5.661821228294550e+00
6.154445403327441e+01
6.654301107234461e+01
5.657530229379204e+01
5.674262468551407e+01
4.537322993640473e+01
9.788734591467649e+01
9.019747268883394e+01
7.505462708652701e+01
4.740070227878201e+01
5.452926892532467e+01
4.304677468866425e+01
6.283816712109287e+01
8.993367519692224e+01
2.965839772003628e+01
5.109645661483354e+01
9.622333911071686e+01
6.449235303536632e+01
3.406217300056581e+01
9.024430317349932e+01
2.573736455558677e+01
7.494634872998407e+01
2.983985716935241e+01
7.092455782504965e+01
3.999522805213706e+01
6.594763941408490e+01
5.390640867590272e+01
4.134725189830515e+01
8.208512816675247e+01
2.270787634081574e+01
9.380831708843276e+01
6.657588545539225e+01
1.122814184577583e+01
1.723190490958835e+00
4.432225164227292e+01
6.797076653128991e+01
5.724558050615973e+00
7.637156950140911e+01
7.354614612345870e+01
2.246120470690597e+01
7.036050053795823e+01
1.323925424983690e+00
7.135470531478278e+01
3.319866761248497e+01
4.535310801367886e+01
3.962237883341609e+01
4.623486271418392e+01
4.157644707782960e+01
1.301305043185737e+00
3.530715593849642e+01
9.327998975910245e+01
8.992571695238618e+01
1.025350466848049e+01
2.318189201093367e+01
8.827817397577602e+00
6.790383028234534e+01
2.416129583686651e+01
2.873703834076274e+01
9.251082134084349e+00
5.715270813421937e+01
2.072647526894066e+01
3.651302356110561e+00
9.747003484399525e+01
9.667024426007190e+01
6.341072733672836e+01
8.922190917153931e+01
2.487560735311154e+01
9.723707232495633e+01
6.559347862638229e+01
6.568832111809790e+01
6.415427874967189e+01
8.936575036000728e+01
6.701224654308159e+01
6.295119540903308e+01
1.168007506601516e+01
1.236535451019432e+01
9.976014741685249e+01
2.506921488096435e+00
5.394180158802392e+01
1.061452413472092e+00
8.280395724941229e+01
8.058733827461830e+01
3.896471203256618e+01
1.071255943305444e+01
3.769230285551972e+00
5.306332067263467e+01
7.861638971539978e+01
7.883681029958501e+01
1.052675550362410e+01
7.803458807898434e+01
9.558470253627036e+01
9.596885796448629e+01
8.168589048166103e+01
9.305473733369948e+01
7.678720055929720e+01
5.433759840872958e+01
4.690653520957871e+01
5.728011292278772e+01
8.429745565368675e+01
3.570456357472789e+01
9.546726974447597e+01
4.845173435679252e+01
3.350884957868087e+01
6.172984156838145e+01
7.802056925279115e+01
4.518892464469603e+01
4.672872999065031e+01
7.778071662307751e+01
8.384929424331024e+01
6.705315786742286e-01
1.423962382331473e+01
7.244647912329366e+01
8.298613246669348e+01
1.780688106911578e+01
1.398233897703809e+01
1.766542057398028e+01
6.559941054582569e+01
5.598220054804450e+01
8.820594287859552e+01
1.695801150843408e+01
4.384967239752862e+01
8.379064536829975e+01
7.209502401393605e+01
3.477654342296373e+01
1.338092508417597e+01
9.627204639663549e+01
8.911414183169330e+01
8.349201007908769e+01
2.201423902158357e+01
1.258702558120108e+01
7.877935999016248e+01
6.528598324641864e+01
2.765639942495916e+01
1.228820952227721e+01
7.921135033444099e+01
4.258122618430351e+01
2.560926025063230e+01
2.521285378616901e+01
8.345768525426168e+01
9.864125805843680e+01
4.704862029619916e+01
6.229985429081128e+01
7.611180594009898e+01
3.003475271632651e+01
7.522581465320000e+01
5.347761681930982e+01
9.008331675551986e+01
1.038346710167055e+01
2.555125636307116e+01
8.658554762908516e+01
2.734147861010464e+01
5.330948971831682e+01
1.907729679675647e+01
4.682632444744293e+01
4.426868341130609e+01
2.392113209884666e+00
4.309837079751230e+01
7.720017497297384e+01
1.595023196002014e+01
8.067570113608413e+01
3.090223159217380e+00
3.514680561383572e+01
9.815720990214368e+01
1.744359993256796e+01
1.721160049420390e+01
5.968566940151419e+00
6.568268140111243e+01
5.022953406452645e+00
5.234665565767636e+01
6.578253818013824e+00
1.448150790039520e+01
9.939527595387551e+01
6.887810810882510e+01
4.441772985477826e+01
2.943002862363590e+01
4.898484346875215e+01
4.407093061323787e+01
2.360433271322601e+01
9.469098942107101e+01
5.353074798059219e+01
2.473625630360853e+01
5.065678360436894e+01
9.910608706954220e+01
2.926717709250151e+01
9.748310805181187e+01
9.492627084018955e+01
5.267510011451091e+01
4.058147880275803e+01
7.490549593926663e+01
7.767563098002022e+01
4.978780050286455e+01
6.191364632077219e+01
1.282243654728981e+01
8.793391207602524e+01
1.097174315292935e+00
9.223612970311015e+01
9.390247901617664e+01
6.677985571640536e+01
7.564285731671511e+01
4.624913462728688e+01
1.135439607843496e+01
1.174059096339186e+01
4.564441053459626e+01
7.793417679049735e+01
9.339057984454119e+01
7.507443915823215e+01
6.199225721042243e+01
4.640483541712391e+01
4.612345301831302e+01
8.530756220468672e+01
9.993558339771609e+01
5.631333331405806e+01
3.596434576248952e+01
6.775821050058966e+00
8.558051045312570e+01
3.344745381430138e+01
2.039830559883188e+01
4.730590942655965e+01
7.402893261705941e+01
7.382853765684577e+01
6.456808460157741e+01
6.748384813195274e+01
7.329952063658253e+01
3.780397690730354e+01
1.542885849039483e+01
7.439669495187546e+01
4.926472932531718e+01
4.074242908542158e+01
1.757724504805041e+01
2.490758659546617e+01
8.372916215273048e+01
2.663331372972266e+01
7.388043658522909e+01
2.937357264076060e+01
1.591366064544472e+00
6.727101638320416e+01
8.015463830910373e+01
6.358362327496690e+01
8.777852090437828e+01
6.250262198154937e+01
4.889118543308749e+01
6.806685028973355e+01
4.529348846771451e+01
8.485553119557702e+01
4.509038545428328e+01
6.817193504803438e+01
1.830298496331227e+01
6.548869105311516e+01
6.411629527067592e+01
9.233191762693781e+01
7.002055480611537e+01
2.868437982568721e+01
2.499367521376986e+01
5.762738737167203e+00
7.699498654203256e+01
9.155310252288035e+01
8.488708086539390e+00
2.625971582078362e+01
2.903313000175782e+01
3.843941406274188e+01
3.560265788603697e+01
1.276229210792216e+01
2.196205501536003e+00
7.464243856940533e+01
4.213586474868276e+01
3.787571566080475e+00
1.601612396352744e+01
8.759253266621033e+01
6.737119484104738e+01
8.246815757940902e+01
9.086498529224889e+00
5.422324922598118e+01
9.150874912343396e+01
5.437998699693940e+01
4.545308046296848e+01
8.599867438245504e+01
6.463398354343791e+01
1.942089638645803e+01
8.219069153172461e+01
8.011182797146581e+01
1.175281396682971e+01
5.221124633783998e+01
2.057121271294132e+01
5.972836798044311e+01
5.599859000928634e+01
9.883457440828653e+01
5.128147050332347e+01
6.448729809582574e+01
2.880270617492623e+01
8.031460050508129e+01
1.727556810587438e+01
4.274070050695013e+01
9.307689261300345e+01
8.234829589833892e+01
5.017747592654893e+00
4.659812955493020e+01
5.198851411789121e+01
3.339926303988288e+01
8.179663390936173e+01
8.750752875930981e+01
3.719390786122247e+01
9.088313243858663e+01
7.338492249761937e+00
3.033966837932340e+01
4.526311938895989e+01
4.887820316892034e+00
1.470133132054533e+01
9.157318160476777e+00
2.430871670335006e+01
9.689202285226995e+01
7.487407218426189e+01
8.083511971907463e+01
8.985722721082029e+00
4.220759498058241e-01
4.860548197692516e+01
6.498431273036837e+01
8.674933206604297e+00
5.679837798550650e+01
8.591340830824963e+01
1.581297582751744e+01
2.738596961246150e+01
4.362416763027392e+01
1.173778107005068e+01
2.046286217889882e+01
5.997292998245588e+01
1.675552866270557e+01
3.191460153642791e+01
3.752578633722187e+01
9.336078404139764e+00
3.747225335681450e+01
9.064102936100262e+01
4.652998631192836e+01
2.835538574883499e+01
7.138670155377439e+01
7.523264325001865e+01
5.868988444967655e+01
5.077109432349498e+01
8.993397457056398e+01
5.162895328906782e+01
8.882952699848894e+01
3.728056812532273e+01
5.711634874209592e+01
3.664476929076238e+01
4.626629084640476e+01
6.695670758697983e+01
1.827012864792260e+01
1.125060353020700e+01
2.989016768051785e+01
7.506850663342910e+01
2.891992900004607e+01
6.165794015939251e+01
2.122474341710319e+01
8.434638198667503e+01
7.339572122944320e+01
6.541215398600891e+00
4.431931192256478e+01
2.593510836639214e+01
3.845581693502880e+01
5.517196392415649e+01
4.243281578758397e+00
4.561080646031108e+00
4.581299328515911e+01
8.180117312902640e+01
4.280017974916854e+01
4.379251484935754e+01
5.703381633247893e+01
2.247663257758908e+01
3.970659186118589e+01
7.257775663052581e+01
4.526471753849868e+01
4.028983043520238e+01
9.858324709282408e+00
6.086112468543515e-01
7.693459972596476e+01
5.612461555568716e+01
6.933777382100828e+01
9.369267620783891e+00
6.737521908589417e+01
4.496941461459241e+01
4.639641803055835e+01
8.097433349163008e+00
3.641403123569397e+01
9.576731137734247e+01
9.244381533583804e+01
9.247754173934345e+01
7.416237684626243e+01
3.676312725840283e+01
1.234743255765523e+01
6.152668505046828e+00
4.657655146279212e+01
4.761861937475327e+01
1.717927442732233e+01
5.323707147186486e+01
2.941979245721353e+01
3.590690495255725e+01
1.666914141581820e+01
7.388381337462170e+00
1.332441988090259e+01
5.637573327700409e+01
7.996613796798798e+01
7.209575603348006e+01
9.666556375877261e+01
8.982446267727039e+01
7.270436728033441e+01
6.719658759757718e+01
4.594907818639143e+01
3.030797747443802e+01
3.852449899470643e+01
1.332429722571946e+01
7.527739208903043e+01
7.184473577507062e+01
2.142173062144859e+01
7.674378071760003e+01
6.761204715241308e+01
1.386554591072050e+01
6.922132241037737e+01
2.670445531918875e+01
5.062867316912332e+01
1.045118007364272e+01
9.688689582836204e+01
1.182037620424311e+01
5.806979944839598e+01
5.650192352780230e+01
6.505744772267408e+01
2.373423414478741e+01
9.905584366016828e+01
8.172658913849229e+01
3.112261548224958e+01
9.704601382699144e+01
6.237414468190360e+01
1.108875345023757e+01
6.914176986047150e+01
7.651294948370800e+01
9.132160809418262e-01
2.529258943409314e+01
8.368049519307935e+00
4.686229431389938e+01
4.208421699799793e+01
8.223403607599160e+01
6.018659153961884e+01
3.087795899756158e+01
6.715495310125638e+01
5.250317214639074e+01
7.648995796986388e+01
1.969703157418270e+01
1.757890485114367e+01
4.571128033367511e+01
4.640148689337144e+01
4.610254124091125e+01
9.756139437554468e+01
8.572413599385142e+01
5.792291749172048e+01
9.194109267179904e+00
4.195769258865979e+01
2.298036516782845e+01
9.668370121935554e+01
3.463488795544714e+01
4.190989073454863e+00
7.062690191465751e+01
4.036813627014315e+01
4.280927667525097e+01
7.799150230269484e+01
4.690522004240435e+00
4.307808323906646e+01
5.257129061621208e+01
4.904745693739851e+01
8.594521236882787e+01
6.408932170089768e+01
8.558367839343086e+01
6.902165634977709e+01
2.527517100110425e+01
9.087785118766028e+01
3.617660945103346e+01
9.179960866076854e+01
6.736780911095805e+01
7.125917280617131e+01
8.727347673255646e+01
9.970414941185346e+01
2.275127872021463e+00
3.337601797346771e+01
5.082845923063739e+01
1.120305019952499e+01
9.129893546518821e+01
4.692406526157822e+01
3.022532329439434e+01
1.427930058645052e+01
5.670626971717284e+01
9.417427903701285e+01
2.328607203591898e+01
9.808231205590177e+01
5.228347519984631e+00
8.985120583784358e+01
5.324673887959063e+00
3.943514886285884e+01
3.292928903034390e+01
3.453897220759604e+00
3.990198100912477e+01
1.971690930412938e+01
2.198528620506883e+01
7.961427973565380e+01
2.600599593762588e+00
6.364987872710911e+01
7.049213092331408e+01
2.491517505837380e+01
2.503880030710194e+01
9.783162739958224e-01
1.432468170035849e+01
2.039604825917447e+01
5.093902943233915e+01
8.306394395561141e+01
8.981252130577924e+01
5.151092491648669e+01
1.831539548855060e+01
3.634509110653079e+01
1.153349341430398e+01
1.288531069312492e+00
5.544017406899490e+01
1.544545936186121e+01
6.614874231915397e+01
7.872624610491388e+01
1.352777137119685e+01
9.788424628688220e+01
6.245900442006952e+01
8.976086512662511e-01
3.731939510317491e+01
1.506740879969085e+00
5.879357320200352e+01
2.119794037248843e+01
2.714960539115109e+01
7.075175739394118e+01
4.668359972847793e+01
9.962215838004935e+00
3.440163607448415e+01
7.590841151583400e+01
7.281571392566697e+01
5.307811687378125e+01
8.960921270288956e+01
8.714039562602545e+01
3.257408748966367e+01
9.029167838873884e+01
9.425274091505106e+01
6.328668643873496e+01
2.628689414182999e+01
1.256813635703555e+01
7.607098695639101e+01
5.333609671952952e+01
7.108188977981075e+01
5.774820496223317e+01
2.157585985100635e+01
4.969469190095304e+01
3.379819762604227e+01
1.714879461431354e+01
4.757893814126912e+01
2.375649522233591e+00
7.760297128819069e+01
8.489833329101015e+01
3.882390402202676e+00
7.683997651414944e+01
1.070033414787628e+01
2.510604063286727e+01
5.761883592122180e+01
5.778522135586721e+01
7.960219140146030e+01
8.565815248790111e+01
4.641611773819482e+01
6.994564736725094e+01
3.873626936168236e+01
5.793377759770200e+00
8.561185434721962e+01
1.221043444807196e+01
2.631700878325710e+01
8.434200528279972e+01
7.549712088680693e+01
6.811961208848265e+01
5.413536394673184e+01
7.512889838550653e+01
3.157812540027226e+01
3.042345267274577e+01
3.020084990663494e+01
4.303156865901853e+01
8.011814457369883e+01
2.337867995881414e+01
4.557776066734351e+01
2.769708271496793e+01
4.424936219316412e+01
2.318073190896806e+01
6.095928887881306e+01
7.025708750367960e+01
5.506674309962744e+01
7.206091050620233e+01
1.680372949540789e+01
8.372476221235691e+01
3.941236484768445e+01
3.043138456085296e+01
8.377429208893994e+01
3.143739110391466e+01
4.882382613086320e+01
3.708000077730045e+01
3.723076886368485e+01
8.598888627532352e+01
9.614968620992717e+01
7.731527559334192e+00
7.033089151155710e+01
2.478755611217933e+01
6.724200773390103e+00
6.857234675836393e+01
9.991645454425199e+01
3.609730579708577e+01
4.968350909169927e+01
9.948329585580309e+01
7.121147819385467e+01
1.213139482407430e+01
9.411635198356414e+01
6.348912383592181e+01
6.811026673210331e+00
6.049104903847493e+01
8.666985574488987e+01
4.414629132679956e+01
3.406308108664261e+01
4.746724062015640e+00
4.270219273991054e+01
5.086681058205050e+01
8.847148627437255e+01
8.211455763416112e+01
5.654264923955438e+01
7.224577836331250e+01
1.355194869150964e+01
5.691968116765827e+01
1.279466227292766e+01
3.460316310385389e+01
4.290856739641566e+01
4.207040990799219e+01
7.320775183532749e+01
6.671853226922384e+00
8.687265370361165e+01
6.303342551134220e+01
7.524420003185244e+01
3.884200055098255e+00
9.913073130842798e+01
8.738922345796098e+01
1.690641255905219e+01
1.704209443044015e+01
9.952061828203527e+01
2.622947163238631e+01
8.053121826636196e+01
8.270762068345566e+01
7.151381358109127e+01
6.720107396468570e+01
7.957141277360330e+01
2.261950076679676e+00
7.194779807326746e+01
2.227360551351384e+01
2.837321475538109e+01
6.239007099642887e+01
4.388163101108820e+00
8.491586399493546e+01
3.810473249205609e+01
1.143003055426759e+01
2.163999025786295e+01
5.089939476498374e+01
6.872282939437908e+01
8.474411251244327e+01
1.298449230984994e+01
1.924094549344897e+01
9.798357142041604e+01
9.002410266083857e+01
9.917289814873268e+01
8.803472807073720e+01
