6.715039618646279e+01
2.613946237887231e+01
6.538820465346249e+01
6.103214526597045e+01
5.870520912981835e+01
6.345485256214386e+01
2.907535127786703e+01
9.745486806959606e+01
3.110112465503678e+01
9.338445393060542e+01
5.776549608342606e+01
9.047133596170291e+01
8.835119492763243e+01
7.962891253625457e+01
1.160769118536622e+01
8.403186224588746e+00
6.605296622312299e+01
9.840547828860836e+01
4.806410421061521e+01
3.213299956737691e+01
4.654702658138565e+01
4.308234357418602e+01
8.331906063636721e+01
8.444875166027282e+01
4.066545303941958e+01
4.659563854643871e+01
7.902900668747212e+01
6.724593060428553e+01
7.342527731015592e+01
4.602622135822951e+01
1.434245450158718e+01
3.873970971384072e+01
6.935811376634898e+01
6.768243250794822e+01
8.274074349680018e+01
7.915498198902002e+01
6.165263110848732e+01
9.817034518260991e+01
1.893984555217430e+01
1.595634972488338e+01
9.459955985406393e+01
2.118391027729209e+01
2.200821718294556e+01
2.163506989443445e+01
9.058633404345546e+00
6.334877785451187e+01
5.480785353798785e+01
6.381491504787231e+01
4.529191928230781e+00
2.238111571519688e-01
9.603874715791957e+00
7.146165038992727e+01
7.186968246096265e+01
9.650302887731372e+01
9.128321064230204e+01
3.313481944293473e+01
8.404290130550177e+01
2.875080165860746e+01
5.784550730970012e+01
7.810084842057007e+01
7.475417855882746e+01
6.563223184348654e+01
7.096223592337326e+01
3.277580348438388e+00
9.254862838077761e+00
9.056009961783890e+01
2.342585181976941e+01
6.435415854880314e+01
7.603345246800848e+01
3.474954796710496e+01
2.701653341158132e+01
9.285538429061667e+01
9.772772979816781e+01
9.211560054315049e+01
2.925496768637326e+01
5.051142720063749e+01
3.851036962052359e+01
3.603490890750425e+01
9.061741428012840e+01
7.959572811592172e+01
3.506677659930045e+01
6.631775869350776e+01
8.004466974178547e+01
8.874777154473018e+01
1.342017660542400e+01
5.412513220409171e+01
4.684697140327048e+01
1.809574771583814e+01
6.711453896347179e+01
1.319967802297309e+01
2.572247219538431e+01
2.372987816283939e+01
5.516286359874665e+01
1.487311791389860e+01
5.204107149133509e+01
1.717653475570331e+01
3.030745560783309e+01
7.492839469338227e+01
7.854743184454153e+01
1.673448105190624e+01
8.756852093505138e+01
4.847009146980480e+01
7.691078250152560e+01
7.061072926531115e+01
9.868889977163118e+01
3.342228598586390e+01
5.446576040911757e+01
4.153192557465840e+00
3.557775408754951e+01
3.807840842664167e+01
2.201864506212000e+01
5.728319625243693e+01
4.559754857122784e+01
7.629512719637487e+00
8.169540594410869e+01
6.065943467461478e+00
2.270386983766400e+01
5.050963333365956e+01
7.711347293905609e+01
8.178712515243662e+01
1.436899537889706e+01
7.331006902889817e+01
8.733613192445418e+01
5.351771467994793e+01
8.818318698936291e+01
5.362076896877064e+01
7.069424943565123e+01
4.596661815697635e+01
2.781749140835250e+01
1.284662667328800e+01
3.176014699589468e+01
3.713835256040951e+01
8.778162486282253e+01
1.099852235568619e+01
7.956342370229001e+01
8.912065010011226e+01
5.634949596428754e+01
7.278784181586832e+01
6.518082789386662e+00
1.779932669261439e+01
3.921576456130285e+01
4.150187579984864e+01
3.319853550437769e+01
8.481331313253068e+01
6.998376565518964e+01
3.003905361054421e+01
6.794985913110425e+01
7.041689770781291e+01
5.610392361697924e+01
2.094451120167249e+01
7.277029816655923e+01
9.429124723854068e+01
9.734168033923100e+01
4.811946328176160e+01
4.350784632540673e+01
8.243776717336745e+01
1.740232203966115e+00
8.191322166561766e+01
8.383204177200425e+01
5.269064225847397e+01
6.190709074116643e+00
1.976143974799730e+01
6.344275589261332e+01
3.859668063865820e+01
9.263446493662636e+01
4.267276350533253e+01
1.606755024570392e+01
7.154783805438683e+01
7.703536365974479e+01
6.016602747150046e+01
1.303004706885202e+00
4.260137776965340e+01
7.037409193365559e+01
1.448291163634644e+01
5.793043764211724e+01
1.589885727311431e+01
3.955524942816945e+01
2.588029677322148e+01
5.660278231678660e+01
1.370704719503738e+01
6.583999081786722e+01
2.599252794216970e+01
3.000631883275058e+00
6.009457100187176e+01
9.322376213652257e+01
2.915794501507559e+01
4.253233817523920e+01
2.477561329713818e+01
4.336004077613356e+01
7.748653603600643e+00
4.553557920527439e+01
6.607758708581216e+01
6.265139647882962e+01
5.234296296366629e+00
6.067106796459810e+01
4.183316465552577e+00
9.537796783045771e+01
4.996701467315062e+01
9.134851330488385e+01
7.991341132666608e+01
9.744666833311631e+01
9.423370803437834e+01
1.336144102428176e+01
7.346304984458865e+01
6.719377993941016e+01
2.516009864637633e+01
3.855493177592518e+01
7.549819633155046e+00
9.235733202302704e+01
8.797072725741693e+01
8.776615834225255e+01
5.707091812839309e+01
5.760699415468005e+01
6.854267663720188e+01
1.716548908369871e+01
5.386003817145715e+01
4.800277689844499e+01
7.738276760903316e+00
6.592141700252957e+00
4.106066238184491e+01
1.734434930484013e+01
9.070004340759481e-01
1.146942554575830e+01
9.570878068716674e+01
9.157856558057412e+00
2.646179037469523e+01
3.184936010830540e+00
6.270827332637658e+01
7.044188402148052e+01
1.628772724246966e+01
9.933747937871958e+01
8.658387166754522e+01
8.407563310306317e+01
9.865174232919316e+01
9.615741167038559e+01
5.241282207538040e+01
6.065737598606263e+01
2.752535656444978e+01
3.402382248734302e+01
8.230442161779126e+01
6.781281086980030e+01
6.540974865919434e+01
2.004222130404889e+01
8.992453044742557e+01
8.993727834426672e+01
9.918423746674519e+01
4.096642892852725e+01
8.763789994997806e+01
5.471197504303976e+01
5.565165544657580e-01
8.719194731078666e+01
6.020191919999286e+00
7.548562720207760e-01
3.472809420653065e+01
1.490656114877507e+01
7.116691184750150e+01
7.974353850807228e+01
6.581326041641331e+01
7.388291809423031e+01
3.108474124739167e+01
6.975594915903916e+01
2.348065051412240e+01
9.897329360198849e+01
5.481853245516239e+00
3.374822020239580e+00
5.279262780807569e+01
2.084800313266367e+01
8.354822321960154e+01
5.489110707067471e+01
5.487182566657282e+01
3.894080223466307e+00
2.607371533572381e+01
8.219832744551745e+00
3.148214511176671e+01
5.446165495294223e+01
5.293394529862979e+01
5.909103907602422e+01
5.237449754605745e+00
7.568256839908780e+00
7.814922462131327e+01
5.279602042995209e+01
9.912633621093182e+00
5.646995969883630e+00
1.128887543980446e+01
9.438395411445944e+00
2.487630719546057e+01
1.135414122201230e+01
7.008125268392324e+01
2.789377469005704e+00
5.967731692813211e+01
1.165993884748776e+00
7.976978024457105e+01
3.921682435982713e+00
1.424190672777682e+01
8.423237413365040e+01
6.525766386895332e+00
4.046418324134508e+01
3.830273404638410e+00
8.494894284985445e+01
1.150258821970904e+01
8.548163198189886e+01
5.657046430584531e+00
5.035380411443944e+01
3.007377499252268e+01
3.409068055175742e+00
9.798009265120146e+01
6.255902571722820e+01
6.748258153325068e+01
8.699413164844462e+01
3.626313704823290e+01
2.530323975966463e+01
7.265829507850962e+01
9.284997302705887e+01
4.523066936304359e+01
8.848039288468678e+01
1.602537846938957e+01
9.914451157634356e+01
9.983453410669907e+01
6.668458034595687e+01
7.289635402750986e+01
8.241031322740498e-02
3.794414048918716e+01
7.365146152379525e+01
2.872378841448752e+01
2.248994723078327e+01
9.932679748131279e+01
9.930749102463363e+01
8.342103272835773e+01
4.660440857829731e+01
7.886704610607916e+01
2.564167390840206e+01
5.836787887772912e+01
8.452409258322980e+01
6.605495841524329e+01
8.844165387025180e+01
3.962401591223851e+01
9.062030291679329e+01
5.827634029941463e+01
2.719733325168366e+01
1.286132261755938e+00
6.874815154296725e+01
2.657805952549822e+01
5.398217176738296e+01
3.261254156595680e+01
6.751049899845873e+01
9.797210064622206e+00
9.578243656818869e+01
6.653127827054415e+01
7.573380329447509e+01
6.849052592576041e+01
7.576345111046146e+01
8.927330220549987e+01
8.161611621343350e+01
1.961936932970740e+01
9.933786005682211e-01
9.747419324585897e+00
5.897563936141117e+01
3.624293340195107e+01
9.206172651241614e+01
2.661896204884115e+01
6.410645789658020e+00
4.952817892168098e+01
1.314738309623086e+01
9.963407204469389e+01
2.415439874127247e+01
5.787058801291072e+01
3.387351447431068e+01
3.267147477374947e+01
4.129225250393723e+01
5.830809150743676e+01
9.951430982887480e+00
2.434890164264892e+01
7.308706598034457e+00
3.708256699008987e+01
8.483571516575093e+01
8.994204443411066e+01
3.977278696362524e+01
1.663734825171407e+01
8.847865187026498e+01
6.474563580227347e+01
8.853672015878219e+01
9.899248140817159e+01
3.701522598835417e+01
1.004513912370668e+00
9.110267622913358e+01
1.967876596361341e+01
4.482597310320752e+01
3.832329112958317e+00
6.630823158952791e+01
1.347654867613528e+01
8.377837761481217e+01
9.706905470093203e+01
9.213213300897372e+00
5.411619700217442e+01
8.899558949703146e+01
9.450375241902832e+01
4.486542965512044e+01
8.024591881793268e+01
8.310773441712732e+01
4.772847622992866e+01
8.393995174390263e+01
3.842639985421039e+01
5.689519818727635e+01
6.729062910531212e+01
6.222818119555161e+01
1.043223185019206e+01
3.073856082313627e+01
1.892662472972955e+01
4.629652637350211e+01
2.818451362111816e+01
4.018395395958049e+00
6.757683622072304e+01
5.622938650484634e+00
7.018969420818132e+01
3.363603485451826e+01
5.856997643530833e+01
7.066012391385628e+01
5.605811698178673e+01
6.767128499582003e+01
3.503209838412334e+01
3.870070941685732e+01
1.506567621373836e+01
8.365959263577108e+01
1.293229251770875e+01
8.415296398296626e+00
7.410257611149110e+01
1.700223796861350e+01
7.935088778815739e+01
9.552428610414466e+01
3.275922524405608e+01
4.602166490909721e+01
6.732448631307319e+01
1.057554451309868e+01
8.449551313393540e+01
6.275714634114743e+01
4.172487554220709e+01
6.147009076619059e+01
6.490667227884134e+01
8.674808078759726e+01
3.016037961009908e+00
3.951649756148294e+01
2.225108021975080e+01
8.991602900899763e+01
8.500232574762884e+01
3.241434266437513e+01
6.715068503615944e+00
1.130527314325109e+01
5.246087985693519e+01
8.650573384319699e+01
6.395225425434869e+01
4.675895504036870e+01
7.720228907521921e+01
5.063600775349699e+01
3.041854762957364e+01
7.982607697128601e+01
2.848840408422445e+01
3.073729715810031e+00
9.117855033426478e+01
3.155555624121594e+00
4.253481446883400e+01
4.873949394036992e+01
5.925144369679105e+01
7.806225357486971e+01
8.006042259748114e+01
3.395115790606996e+01
1.606197097155357e+01
5.507108301626103e+01
9.542124867226055e+01
9.730640034997202e+01
9.908363912211901e+01
3.483888629583591e+01
4.485549556317530e+01
2.133471929530367e+01
6.328255155276626e+01
3.842099031359935e+01
9.283411698082188e+01
5.001280510333032e+01
1.118352981805034e+01
6.947613319823338e+01
8.712291865941273e+01
4.116837812642026e+01
2.229596363487466e+01
6.356950768435816e+01
2.325139754603216e+01
5.271451126444829e+01
5.233574428238708e+01
7.027405736515023e+01
7.301762950281501e+01
4.242454471179496e+00
3.049563431669754e+01
1.982631074256557e+01
5.422343595615749e+01
5.276994498109908e+01
3.244851037508273e+01
3.545123447452264e+01
5.159932638127326e+01
6.632369168397211e+01
8.198348050098096e+01
8.083231564649954e+01
3.268072504209388e+01
3.632113106377475e+01
1.591120451498367e+01
2.026314871397947e+01
1.319042407590450e+00
8.474577953328648e+01
4.667133588654517e+01
4.097068078861138e+00
3.447862413454737e+01
7.702081081318707e+01
7.484140199368885e+01
2.197390944788880e+01
6.199074888694600e+01
8.353176139459562e+01
4.332982084868933e+01
8.351660016156575e+01
8.613213551516279e+01
2.070440306361038e+00
5.884955146296394e+01
5.639477039519454e+01
1.482547466402197e+01
1.164691579139182e+01
1.422876320510579e+01
6.868479576366245e+01
1.493379660646142e+01
4.322953757049029e+01
2.083210182414954e+00
2.756790645772960e+01
1.910730782854711e+01
2.582463339242369e+01
5.137322174914797e+01
5.780956291491611e+01
8.977258493647565e+01
7.283644972966819e+01
5.374908878176896e+01
8.912868163973498e+01
5.758222921638853e+01
1.925973888452152e+01
2.875618665886865e+01
8.695600791226886e+00
8.018661419869709e+01
6.478378202988942e+01
4.540193325160161e+01
2.089993144427423e+01
1.267580013381122e+01
1.679748954102280e+01
6.501651674742648e+01
9.857819476098669e+01
2.243701183350618e+01
4.502775610658701e+01
3.475742746831729e+01
3.987276481458581e+01
5.553462973587896e+01
8.045812713934953e+01
9.224050859559351e+01
6.408738906685607e+00
2.368766466327369e+01
4.908468669703449e+00
8.370276930914390e+01
8.817265671127133e+01
8.754727714115161e+01
7.450310866092477e+01
9.058418389902644e+01
2.631683667484523e+01
9.406150392911466e+01
2.740236196080333e+01
5.018937115100649e+01
3.606792731958811e+01
9.659877461222874e+01
3.794381652862943e+01
2.636217862663892e+01
5.303727912392341e+01
1.941702776561353e+01
8.307791663477100e+01
2.712614369910496e+01
7.740628303839187e+00
5.572808606351170e+01
6.386052824736598e+01
4.537515744817217e+01
7.567189097202936e+01
7.485744919388436e+01
3.703275804269722e+01
9.378951331311349e+01
4.911856695502929e+01
3.506001761884429e+01
4.744445497516750e+01
5.403578237352696e+01
9.205207698608380e-01
8.687882823258583e+01
8.332435231810639e+01
4.661849133978527e+01
5.316447743827686e+01
3.583751094333712e+01
6.519506665188590e+01
4.234958139357603e+01
5.381245322237371e+01
4.245066872912025e+01
5.779509966159011e+01
8.589966124198384e+01
7.225930386793767e+01
1.242834544388035e+01
3.569716384434009e+01
2.824080997530409e+01
4.563015398831580e+01
6.910134687512245e+01
6.355325489470422e+01
7.162796001491508e+01
6.544091606766028e+01
8.220228365725013e+01
9.313358557090796e+00
5.119795010015273e+01
1.030076798531262e+01
7.992885223586525e+01
8.179182455958419e+01
1.042661327422904e+01
1.987600034097024e+01
9.530705814031282e+01
7.571799544418137e+01
5.676000991685316e+01
4.716873059383069e+01
1.969461698070849e+01
8.245493149499173e+01
6.320147526599536e+01
4.543920925140344e+01
1.871963884621842e+01
4.484673051389247e+01
9.845289708974441e+01
5.533317451147977e+01
1.844881089331993e+01
7.748575977864012e+01
2.466315861077195e+01
2.999769539106530e+01
9.917885032444207e+01
3.750979375909539e+01
5.036396125814131e+01
5.619659556830143e+01
3.661243209457604e+01
2.887488907616347e+01
6.794583884437840e+01
7.333451475637709e+01
9.603108963744300e+01
4.477999030834995e+01
6.264047145966462e+01
8.161263222881250e+01
8.100080447318069e+01
2.344029495652779e+01
2.511305083758805e+01
8.805638290385546e+01
9.915829040070916e+01
5.792852386735776e+01
6.904760350894537e+01
1.885290733485152e+01
5.196099628320010e+01
7.089129144833018e+01
4.494335853724897e+01
5.138438495406154e+01
2.001087554730981e+00
8.995859547981927e+01
8.409917693776040e+01
1.146291662541354e+00
3.926077840815335e+01
4.083978158460920e+01
2.249961584922840e+01
9.911273904103449e+01
3.382218141752396e+01
7.615331503383504e+01
5.450610711914771e+01
3.488523007132356e+01
5.609874443900713e+01
3.669859517211960e+01
4.807621326673600e+01
5.460033107297511e+01
9.016471323099206e+01
7.645182887858330e+01
4.220722957617009e+01
2.346485481758828e+01
1.529532247935204e+01
4.932210023949020e+01
7.847804360952138e+01
5.064796742547675e+01
3.150738069392153e+01
3.226161810209119e+01
6.246284668448514e+01
7.814941246907665e+01
2.497772137866249e+01
7.691555427243727e+00
2.229468241440816e+01
6.955082815585230e+01
2.395212656071043e+01
6.393859305602432e+00
5.592573329616604e+01
1.278475174344366e+01
2.706247010597143e+00
3.284652672374925e+01
9.082741937172945e+01
3.652842842812111e+01
3.314003280044535e+01
1.653153962294177e+00
7.141365849944468e+01
8.514808764920947e+01
8.148965187440145e+01
7.963340328057920e+01
6.123872350959048e+01
1.956539043205110e+01
9.072407572098266e+00
2.783778595171766e+01
4.496720668159761e+00
1.735030529897208e+01
3.635276576334274e-01
8.490216610250164e+01
1.215103986307561e+01
3.776894716442048e+01
7.597273312321525e+00
6.556915438993329e+01
3.839812848642381e+00
8.781863366617758e+01
6.616589998182184e+01
5.193510416519600e+01
5.736946177546376e+01
9.727022312454424e+01
5.832896351736456e+01
4.312258066754908e+01
5.113769073557932e+01
8.648214414086293e+01
3.542117673690485e+01
6.812472407153096e+01
9.990416564974197e+00
3.309379989891024e+01
9.703429424997154e+01
6.897729745552749e+01
6.684224194234342e+01
8.129627121672792e+00
7.856752964601272e+01
2.465087702714413e+01
7.224535223666828e+01
9.696949589856411e+01
2.996170866767024e+01
9.233137447961205e+01
3.540068200575219e+01
8.802141094953819e+01
1.797847241069119e+01
1.814951110545057e+01
6.934434565219300e+01
8.799678263626843e+01
4.266413708341501e+01
8.842223574799590e+01
6.583397768709528e+01
8.489957884182202e+01
5.908728393683550e+00
4.819900391073851e+01
9.464275403630117e+01
4.134083592395337e+01
1.447314504276642e+01
2.079818049482916e+01
8.098488477104570e+01
6.725054446945458e+01
5.011321089701411e+01
9.993968536143176e+01
7.099324347031919e+01
5.341755061103848e+01
8.822260726626152e+01
5.622573334547958e+01
7.604065308162973e+01
9.792779674657052e+01
3.192888215739694e+01
7.667654658512983e+01
8.888493920158825e+01
3.958112655188010e+01
3.360444881655483e+01
4.450969963544500e+01
8.952646380733999e+01
8.193394317381734e+01
8.221310706912218e+00
9.096281034451110e+01
7.573750898043509e+00
3.497431033056896e+01
2.203957853933777e+01
9.523201449552178e+01
3.236101140843751e+01
7.142672360475488e+01
2.643855364361711e+01
4.308073941761662e+01
5.182218963830834e+01
3.114504699182932e+01
6.569484116774743e+01
4.876833327522889e+01
9.471447239383798e+01
4.981072035143651e+01
6.894485464736114e+01
6.019328784206569e+01
5.218784941927895e+01
6.744605305951372e+01
9.251434523263683e+01
3.405239667466488e+00
6.091142681469742e+00
2.133763116846682e+00
1.775870971277296e+01
7.277949977329908e+01
1.154453326554249e+01
4.157990684806364e+01
1.728919936217796e+01
6.120775042157981e+01
9.718047533984318e+01
1.644842648713310e+01
2.220416377401174e+01
9.808947141193295e+01
2.835144476422642e+01
4.424374231334950e+01
2.987931213801695e+01
2.748314814059211e+01
9.111338536772568e+01
1.732594939755553e+00
7.287089860666120e+01
3.328887835763808e+01
7.230731121837502e+01
2.884632932434153e+01
4.288689328492009e+00
8.972993390156418e+01
8.473662016202537e+01
9.316383208761169e+01
6.988686093589610e+01
7.033603064265849e+01
1.078883340153323e+01
8.215685448709729e+01
4.439554044250191e+01
4.594151826852072e+01
7.594908647050573e+01
9.834721893926486e+01
4.005867784845581e+01
6.300637357076927e+01
3.569602432460339e+01
4.457748031456838e+00
6.186993795534127e-01
2.556579435503380e+01
9.130262606372249e+01
6.869717928054612e+01
6.207655149608689e+01
7.114260437485883e+01
6.706660546691464e+01
1.948866994096370e+01
5.516405331677014e+01
8.218823935938453e+01
8.551317052241096e+01
3.679283183850014e+01
2.248908417415297e+01
4.393143157657769e+01
1.809345866464705e+01
6.855872141595870e+01
1.675249166635447e+01
7.294538383043621e+01
4.966892439390948e+01
4.976683959819695e+01
6.990781681142180e+01
9.663442992448546e+00
2.297013351832057e+01
2.241666415818812e+01
9.245854848644629e+01
7.443197377698122e+01
2.320768731795609e+01
7.012817271525421e+01
7.607299949790956e+01
3.421645939080811e+00
9.375397530093508e+01
8.544697751544741e+01
9.827103810304358e+01
6.705987847738893e+01
4.001324113459012e+01
1.376308012463296e+01
3.820248285224777e+01
6.284350285438984e+01
3.183073905847536e+01
5.475199080759287e+01
7.920530162714668e+01
4.034715645962728e+01
9.154482264609301e+01
2.236895776464090e+01
3.028807157198343e+01
4.937485812668449e+01
2.525428963138456e+00
6.394502449033085e+01
2.574152323684726e+01
9.742859722926683e+01
7.213355483120939e+01
8.662238488282188e+01
6.225377543003009e+01
3.517704263104919e+01
4.994742434935059e+00
6.428563104210684e+01
7.506092450351497e+01
9.125114800001083e+01
1.161352354642634e+01
4.739625935787161e+01
9.467279398565776e+01
1.826855461963851e+01
2.035029359178166e+01
4.944344551742238e+01
6.472089768607211e+01
6.690309521132292e+01
3.388181511959146e+01
1.217719256513621e+01
7.897069383364669e+01
1.077289288433869e+01
4.821410050998167e+01
1.004112931435980e+01
7.022119335374850e+01
2.095611115030763e+00
1.319297673795045e+01
4.603580722866384e+01
8.895773826584114e+01
3.065987980489614e+01
1.809888617978379e+01
2.877359186707698e+00
1.380616636658374e+01
5.903260431207372e+01
5.869565674043058e+00
4.579913264410530e+01
8.700922452239749e+01
6.766356759130190e+01
1.679083188846280e+01
5.268124963747396e+01
1.429926693174023e+01
6.196756896654496e+00
9.466408290651817e+00
5.302480582754352e+01
3.923905898781450e+01
2.981670188243347e+01
6.024254353728264e+01
7.432950822372433e+01
4.594389286169032e+01
5.963671717775833e+01
8.202698737477277e+01
4.476956987975611e+01
1.056378055855808e+01
6.486083653981837e+01
1.649228856735504e+01
6.586427947779386e+01
4.277470551560386e+01
3.252115800628492e+01
3.275629581546238e+01
5.139564073243906e+01
9.191877385225091e+01
5.085518199524618e+01
4.354060745962924e+01
2.433025260657550e+01
7.513000791665633e+01
2.400643957034053e+01
8.896639146328270e+01
9.913960909430851e+01
4.705455854863606e+01
9.362628538796039e+01
1.196864788046509e+01
3.666592763581590e+00
8.762227389385099e+01
8.680418184343920e+01
1.666195612245330e+01
5.655623560610983e+01
4.669031582152952e+01
7.101327416999884e+01
4.483034952768607e+01
7.876208498085015e+01
1.623128038655560e+01
5.393643418975940e+01
6.431707142121952e+01
9.455846943639148e+01
2.315870277730688e+01
9.357819095886228e+01
4.226270324655935e+01
3.387621605483639e+01
4.059417431270433e+01
8.546944301830112e+01
9.586349031695327e+01
5.516720384134315e+01
8.727267109196292e+01
6.212251198576880e+01
7.223968737397328e+01
1.470934879719715e+00
8.612895160267546e+01
3.053997225618920e+01
5.424163036711590e+01
8.451497130306204e+01
6.509757240540235e+01
4.913609644823526e+01
9.453733558512168e+01
5.704320648547411e+01
9.338972763781889e+01
6.486322188976371e+01
2.147685024956095e+01
7.673192549344708e+01
6.782140329844384e+01
7.259668273506531e+00
5.549401042773109e+01
5.053607423349101e+00
1.337664365460008e+01
4.131724719950801e+01
2.769370811418337e+01
1.506978772351043e+01
8.417589337759460e+01
2.432372682929212e+01
5.953763726145851e+01
2.842355455664152e+01
5.338835620944777e+01
7.600440712459590e+01
6.761917381902187e+00
7.957162381129881e+01
8.335849167004157e+01
9.469935963614815e+01
1.930392473903667e+01
4.842535497081715e+01
6.421165343570135e+01
5.606800525266119e+01
1.394353728459381e+01
1.007970753595219e+01
6.670463837995409e+01
6.009137409743451e+01
3.966941649078830e+01
1.854020767777237e+01
5.323559411486406e+01
4.865294562124319e+01
6.605388995541907e+01
6.405806185866616e+01
6.150148755940678e+01
8.445087135045364e+01
7.024902592890385e+01
4.426729639259507e+01
4.696485448952991e+01
5.584323567144723e+01
8.994791893751729e+01
5.612019792018468e+01
4.898354455315673e+01
5.743030768699493e+01
9.732823544057471e+00
8.996013234833261e+01
3.343471481159083e+01
7.960425418783177e+01
3.128145017255165e+01
9.176682405721715e+01
8.538510328409501e+00
3.000836899970116e+01
3.553332599603260e+01
1.106406562545526e-02
3.173295535693548e+01
6.289901545406273e+01
5.317717918808441e+01
5.688343544345508e+01
9.437755746505110e+01
2.460243134973684e+01
1.419350631264667e+01
9.050911073130979e+01
3.223752497333918e+01
4.147753303008039e+01
5.037114319874492e+01
7.531851631371237e+01
5.511295276466429e+01
6.620647649569739e+01
8.040388523619802e+01
4.131233642870203e+01
8.496439428299870e+01
6.929058263510959e+01
5.244560090473183e+01
7.535387546539022e+01
2.379267789600076e+01
2.687847145222057e+01
2.970655738828078e+01
6.066081582599357e-01
7.582047315119787e+01
8.136203963372951e+01
4.607314572021046e+01
9.421673067576100e+01
2.775564181048220e+01
4.719836895689292e+01
1.585446145192462e+01
4.852116934420596e+01
9.172155749598591e+01
9.983839676707909e+01
8.749871523468696e+01
5.212072611419518e+00
2.444082811681593e+01
5.592603159878684e+01
2.621672462030161e+01
2.455185438718268e+01
2.230578089240276e+01
8.283595255708134e+01
3.576982321020673e+01
5.400291898008572e+01
1.882561520618648e+01
5.522924473287036e+01
1.563379728031987e+01
1.526713451150206e+01
4.106505943511848e+01
1.558075981008856e+01
9.068687869733520e+00
8.015652591369884e+01
4.714146421623484e+01
7.537212999322085e+01
8.076313407195877e+01
1.684775483647723e+01
2.784268186792856e+01
8.747450224471955e+01
4.904672924850450e+01
3.426485431113506e+01
3.213624527311709e+01
5.531735068900388e+00
4.026382371795542e+00
3.266141178675993e+01
6.370913854972885e+01
8.819062839643593e+01
6.605582957437998e+01
5.040748973861685e+01
7.346170026504514e+00
8.587246788007788e+01
4.968333549317128e+01
9.132465719772721e+01
9.279998154044151e+01
4.211514859558789e+01
4.336967921972725e+01
8.993306923188878e+01
1.388962539559678e+01
9.606612077730993e+01
5.826153469191004e+00
1.736609061125950e+01
1.435423135494545e+01
1.263890108682164e+01
6.690930159152919e+00
1.776187350869266e+01
5.924495433422036e+01
9.829990388746369e+01
3.636668349447040e+01
8.724858196789800e+00
2.787707030208645e+01
1.552460059315180e+01
9.791942099012407e+01
5.944635069903283e+01
5.706476376255265e+00
7.391126895039866e+01
6.633859875907126e+01
4.145575102486450e+01
1.396636451313568e+01
3.239442828688512e+01
4.879012664258020e+01
2.075277223286814e+00
7.025717239373232e+01
7.116267209461084e+01
3.417842063781732e+01
5.103229431017875e+01
7.856065373800726e+01
8.484195200020538e+01
6.624818750016772e+01
7.007002144589556e+01
7.280933566987949e+01
9.169640582599510e+01
1.017182316173418e+01
4.488198098022583e+01
9.514626464580478e+01
3.627872925078437e+01
9.614128051145994e+01
8.105140662801051e+01
5.464900529694231e+01
2.642328074501049e+01
9.874514588096419e+00
1.582211368522705e+01
5.502909089207141e+01
3.276597733272518e+01
9.204600024597998e+01
5.938937103347358e+01
8.522120732125883e+01
2.408961408030689e+01
2.700889842911107e+01
6.862421262479583e+01
3.478266356269953e+01
9.288327609788779e+01
5.549331873445460e+01
9.045923319200948e+00
4.847894154883872e+01
2.980321665750966e+01
8.756909826191566e+01
6.487072881537989e+01
5.847044897194507e+01
3.676198815776128e+01
6.706712207154702e+01
7.816096715543465e+01
3.155963943878172e+01
2.237686222529824e+01
6.659013510988567e+01
9.735176768030588e+01
9.583533387437245e+01
3.059843770721854e+01
2.414234775311423e+00
4.101471744525001e+01
4.929732300774069e+01
1.603028272093752e-01
9.958480154144802e+01
4.487665088143044e+01
2.495647697940305e+01
1.448755088005567e+01
2.286815635062203e+01
1.145594781798122e+01
2.522210447360859e+01
4.257444159247654e+01
2.446549154094676e+01
6.365117703734487e+01
2.157274252808315e+01
9.808376287020918e+01
7.576671805035635e+01
1.673244606551362e+01
4.130280378335286e+01
1.719327593091562e+01
2.200923833158297e+01
2.507519988579452e+01
3.203709476256608e+01
1.338876034756599e+01
1.754356409308667e+01
4.276544751728208e+01
4.430975562162220e+01
8.124543967714787e+01
9.793368917793673e+01
6.971696977024757e+01
9.640823774803813e+01
6.186459290881855e+01
1.055798014186229e+01
6.665867151071255e+01
6.444469274228656e+01
6.430652600913612e+00
6.267893382472868e+01
8.857520119686387e+01
6.663191857125234e+01
1.345036794126517e+01
7.471971189357328e+01
3.950406836322698e+01
5.175041805568637e+01
2.890562854190619e+01
7.735391188289687e+01
4.027504052048318e+01
9.820052441125760e+01
7.047942516881946e+00
9.741355008325239e+01
8.170801949766839e+01
3.611854428244687e+01
2.532702620389267e+01
2.754463028514042e+01
9.776598033391219e+00
7.777439494513646e+01
1.341089266976849e+01
1.513165049959517e+00
1.809520084322207e+01
7.922069271058808e+01
7.870291544995408e+01
9.453502231954364e+01
8.590001616901719e+01
4.360731641929937e+01
1.567900507509662e+00
1.631039609960764e+01
7.313951895252779e+01
5.919549132659822e+01
4.675909310894045e+01
7.160015081595636e+00
1.227380009939605e+01
2.536707060661496e+01
7.035253894066091e+01
7.596415620109261e+01
8.676076591329685e+01
6.563112803997059e+01
8.567343930978022e+01
8.866867613451028e+00
7.070586619465885e+01
8.168488302346546e+01
9.519387972317350e-01
2.278081147129685e+01
9.764432934934474e+01
4.636305605357655e+01
8.193065835252901e+01
5.068036427287402e+01
3.450872159307297e+01
9.841232877150752e+01
2.742978675636919e+01
5.161013722029055e+01
9.718477511647380e+01
9.951236224710586e+01
5.315412923374871e+01
8.549924697051721e+01
9.536195280745716e+01
7.739196851728110e+01
1.906035054431313e+01
3.135977495990683e+01
8.010440928866360e+01
5.465487854306348e+01
7.827543382452589e+01
4.675433614605774e+01
1.148987664444832e+01
5.394121103637908e+01
7.930649499376607e+01
2.836601083556470e+01
6.269916289611680e+01
4.378662716773648e+01
4.547427168370889e+01
8.193324654453119e+01
9.920931151099937e+01
1.058676885933930e+00
3.304649099383805e+00
8.847201642974839e+01
2.923931341117216e+01
1.627743542952344e+01
2.166748690496548e+01
8.467105649629192e+01
6.249916211818306e+01
2.702394212923197e+01
3.586537420557131e+01
6.106332077694280e+01
7.352292899672078e+01
8.294706059757017e+01
2.282653810588016e+01
2.528122487723885e+01
9.645982966593458e+01
5.339630569955162e+01
9.293054202242314e+01
7.656423890803207e+01
8.851792383404351e+01
2.690602602758726e+01
2.788017002301298e+01
5.084843889383992e+00
8.946770326675274e+01
8.372977286750906e+01
9.918286628051794e+01
6.943355806611179e+01
2.454420571427057e+01
7.227581188654332e+01
3.605478184113967e+01
9.867231850450501e+01
7.333448877247724e+01
3.610915398975329e+01
1.004935163541201e+01
2.768592318877854e+01
4.594020128526735e+00
9.626619452436744e+01
7.516033434083701e+01
3.628186175426555e+01
2.467672197365981e+01
9.638563892635780e+01
7.169969392553888e+01
7.524731674941597e+01
6.253573278083267e+01
1.547142691699389e+01
2.104241238955521e+01
3.985342622727781e+01
6.670780916079310e+01
8.590242256685274e+01
3.404670159055232e+01
4.101447902667079e+01
5.075332156883242e+01
9.882546523531221e+01
5.324043722508496e+01
6.472903395291839e+01
6.012130158959017e+00
5.646160289480425e+01
3.728850364558794e+01
7.817872943271824e+01
2.873741473478145e+01
1.988523999223730e+01
5.789708190499670e+01
8.364061866125121e+01
6.199864147324051e+01
9.967341497525265e+01
2.975782669603723e+01
3.653096805165102e+01
1.246577702111834e+01
4.525580426922804e+01
9.847010811719584e+01
2.200291679334031e+01
5.919263426176860e+01
1.328536580004048e+01
3.923733683267484e+01
8.763745007460818e+01
8.909020996144517e+01
2.945001010291745e+01
1.059540543267289e+01
1.506202487045062e+01
7.612453665403859e+01
7.965370536765722e+01
4.222229595399568e+01
1.873117965587004e+01
9.696023259170364e+01
9.587808041641399e+01
4.498975944937661e+01
1.918077744505404e+01
5.237934391590736e+01
1.162443291937207e+01
6.455702547196161e+01
8.111675869725494e+01
5.365835286381577e+01
7.208231444101888e+01
8.318866220451363e+01
3.119837959818467e+01
4.108148824473912e+01
4.880169823244293e+01
8.536300202150038e+01
8.890084893857168e+01
5.854272756657690e+01
6.219393194755257e+01
6.041059985775994e+01
6.229202931853571e+01
1.651550336578651e+01
4.848996556759344e+01
3.303452955234541e+01
5.488202150672768e+01
9.077480276616980e+01
5.504684949063083e+01
5.087718109175432e+01
2.400748404860845e+01
2.962705932074555e+01
3.120716820992863e+01
5.162414221634349e+01
9.457226795822953e+01
7.745356684432065e+01
4.780053582405697e+00
4.127100098006008e+01
2.983291076022801e+01
6.321801057235245e+01
2.215903467599258e+01
8.771232249574378e+01
8.907443056305611e+01
2.059233375852570e-02
1.112661739398102e+01
7.080384547393949e+01
4.341810827302658e+01
6.202003781777808e+00
9.098944779997200e+01
8.182579133744620e+01
3.616761734530684e+01
5.222040817710590e+01
8.036661300825263e+01
2.113635522366332e+01
3.185253577858793e+01
9.989722450259012e+01
3.806270651429086e+01
2.664772673819574e+01
8.316168612016443e+01
1.795383385287311e+01
4.582335606488556e+01
7.178765594576842e+01
7.963436994684598e+01
7.720630102660800e+01
7.889350060322019e+01
5.757411842121469e+01
7.127821513976819e+01
1.633139737710887e+01
2.930661692717421e+01
9.370233174120185e+01
