9.538690703706205e+00
9.347847015293244e+00
6.931652099327954e+01
2.685454316756434e+01
2.190899714916432e+01
3.455880751579944e+01
3.921456473842942e+01
7.674790093523818e+01
1.402831287776507e+01
8.424094076465859e+01
8.217596173387764e+01
6.676949102746764e+01
6.506457173501354e+01
4.409522765506768e+01
5.197497608697740e+01
7.997284460811542e+01
3.648211100906232e+01
5.728221822403474e+01
4.717888629398257e+01
1.964379708266063e+01
5.891365653784651e+00
3.832897904251189e+01
6.072679909911324e+01
7.987636983388866e+01
4.119075212683098e+01
2.738474971958657e+01
6.152006353322419e+01
6.565024106095090e+01
9.031406254056564e+01
2.163228025735928e+01
3.676102996652994e+01
8.874244461243154e+01
1.920565637722875e+01
6.019322008834836e+01
4.735202782198415e+01
4.755069583074688e+01
4.573349479852873e+01
5.626335710113093e+01
5.123483857663108e+01
8.780340481912875e+00
6.372675828809233e+01
3.341080026394259e+01
7.554983150938052e+01
3.176607295487359e+01
3.532541326029478e+01
8.929283366971316e+01
9.992937734347274e+01
3.029542585382957e+01
4.130761746378039e+01
5.378079998948648e+01
1.140751410806902e+01
2.231608392778602e+01
3.918838512114640e+01
7.434828401280022e+01
3.276785012929134e+01
3.936892917350350e+01
6.707473018536099e+01
5.059553447672890e+01
3.357107901646340e+01
1.338768564788051e+00
1.158463908898860e+01
4.354671819300703e+01
6.538983148773659e+01
3.768184866648254e+01
3.992784914557257e+01
1.972241127850600e+01
9.482540194635530e-02
1.163734584657352e+01
9.393150978439093e+01
7.627971832467230e+01
3.405769720396851e+01
7.252693156363765e+01
4.645812876823271e+01
9.607528666782905e+00
8.162628071458371e+00
8.178354207509362e+01
3.713233626314082e+01
5.675869442371591e+01
1.184685389131627e+00
2.193936208353348e+01
1.643252503892059e+01
3.481662139986484e+01
2.784281858608258e+01
9.398147356416167e+01
2.917535650971129e+01
8.372307898650089e+00
7.241028741579983e+01
5.131037125890627e+01
5.896784242194511e+01
8.510122983022650e+01
4.731318887663688e+01
3.119565710946715e+01
5.543333881321985e+01
6.254999761588406e+01
6.887750582251581e+01
9.563326020521730e+01
8.221044860883171e+01
9.392238557055703e+01
9.331512236656394e+01
7.054973126880346e+01
7.020210389522934e+01
4.529372176401957e+01
6.154378110614781e+01
9.344435715742611e+01
5.490125043080246e+01
2.707369938822170e+01
5.845071513133623e+01
5.264173031441948e+00
6.877506480960877e+00
2.094298145777685e+01
3.843505537995838e+01
2.870689138244227e+01
3.090475687333604e+00
4.503190389137338e+01
4.106086019475985e+01
3.226583219704489e+01
2.688854272798101e+01
4.125481217226703e+01
8.357620345595116e+01
2.966861684325552e+01
8.046711472816165e+01
3.622534327964547e+01
8.781954650199951e+00
8.178938076914724e+01
4.655857460878723e+01
2.564170799480830e+01
6.774804865370879e+01
8.322717122883870e+01
4.357493754642780e+01
7.253945380101887e+01
3.680503253676232e+01
8.976619741402855e+01
4.473434977453870e+01
8.272205809258021e+01
6.965881985130665e+01
8.143982262417666e+01
3.284087019639130e+01
8.291589765945258e+01
7.121263205595902e+01
3.971837667735218e+01
5.021842990546414e+00
8.518558083343579e+01
1.412642640719490e+01
7.320073813814703e+01
4.341397557566593e+01
5.814992951143064e+01
4.037815087492492e+01
9.356959457209780e+01
6.942620969816400e+01
5.725314210041107e+01
4.337448447168548e+01
2.576078363962508e+01
7.844391268605548e+01
9.633997818284668e+01
7.550164362206201e+00
3.913539384451480e+01
9.295279183096848e+01
9.275579158810703e+01
3.015386873397691e-01
1.307327137937456e+01
5.428228618310871e+01
5.545734961305622e+01
2.731942442586618e+01
1.769412263189169e+00
5.449373296205594e+01
9.697824427717283e+01
5.773912647633772e+01
8.733460315844724e+01
2.586906856199218e+01
3.784136610936437e+01
8.562917941512036e+01
4.258473103055019e+01
1.413733931916642e+01
7.345932515964812e+01
4.686039464867692e+01
5.755131489483235e+01
5.362817740702452e+01
8.723854552360184e+01
4.432894212395369e+01
5.303291904415606e+01
8.202605414298645e+01
3.188696561003428e+01
9.053043801827843e+01
2.872656566497244e+00
2.822694374631482e+01
8.634386709255347e+01
1.050799126294814e+01
1.348577552171693e+01
3.753253088217812e+01
1.080952995028790e+01
5.103900258012069e+01
3.035976613422845e+01
2.003802089953703e+01
1.098685609688370e+01
9.448444735933302e+01
3.707493782838571e+01
7.533667128315972e+01
9.923135088720888e+01
1.320810132343699e+01
9.062904216844078e+00
6.145881985382123e+01
3.085152522234783e+01
4.781098018764099e+01
9.531267164056779e+01
4.694076867166011e+01
9.467137483631790e+01
2.451292193704886e+00
5.689460321184928e-01
8.190992031335361e+01
2.042997964677865e+01
2.123636208532209e+01
9.310282016783152e+01
3.761662176699220e+01
2.170319530260898e+01
1.855093679323371e+01
6.535479569125678e+01
8.068345276670691e+01
1.274851346982108e+01
3.256161363449023e+01
7.667436184206716e+01
8.579293879950090e+01
9.061844814131895e+01
9.630588115952251e+01
6.837414361926454e+01
6.195904322059781e+01
1.052620937606609e+01
4.952223023843124e+01
3.729571445719139e+01
4.301390226139403e+01
3.463920677762442e+01
4.635861867403548e+01
5.956010043600579e+01
4.660969257662524e+01
1.517477026915866e+01
4.194602386185249e+01
2.930303743542314e+01
7.596958427502288e+01
7.236589261906497e+01
2.883085786776192e+01
7.075089391821572e+01
9.279587226584361e+01
8.243272299060258e+01
9.547778907952727e+01
6.090372370598079e+01
7.544530754696825e+01
2.832913157917984e+01
3.545090650927784e+01
3.963390502130329e+01
3.312540335260583e+00
6.801252014376806e+01
1.394924042464664e+01
4.780435517793724e+00
5.403507424240702e+01
1.025512153760303e+01
5.747962275402602e+01
8.069583828593410e+01
1.045450009892439e+00
6.292870415511015e+01
5.086789398960205e+01
4.405935227128646e+01
4.743013430732774e+01
6.649185273167298e+01
4.703614504404187e+01
7.410846970701054e+01
6.368817089297257e+01
8.775049293774669e+01
2.370381496087826e+00
8.023708508360995e+01
6.011638551024552e+01
8.545137685046130e+01
9.341228292016884e-01
5.291225777608913e+01
6.121602769066394e+01
1.484169299474065e+01
6.928732612602754e+01
2.846225310511061e+01
4.317082457392049e+01
4.738232588739242e+00
6.202997866181190e+01
3.892647318492013e+01
7.030088178361808e+01
2.711344329971514e+01
3.558884404394257e+01
2.436388909088629e+01
8.623434067062770e+01
9.306846679796858e+01
3.793606862329695e+01
8.727979068052014e+01
5.599717090651261e+01
7.175226554821816e+01
8.759519219752178e+01
1.911081556189378e+01
8.603047522997041e+01
9.958772971275623e+01
2.289296710998424e+01
7.742658666215212e+01
8.733822260393679e+01
2.526334860607206e+01
5.766367169919595e+01
4.745460811418230e+01
5.646458796992179e+01
7.312890387751577e+01
3.668658437053048e-01
9.965355070291719e+01
2.349334360263001e+01
4.724062348121807e+01
7.366187710951169e+01
9.860340659441586e+01
5.854671576924003e+01
6.059078209129665e+01
5.715731627175460e+01
4.714317733754552e+01
3.657000117775519e+01
4.873637712967414e+01
7.150706642843181e+01
2.280434180181676e+01
7.471001836224926e+01
4.464914288588295e+01
7.986369220533581e+00
6.315227717307967e+01
9.824709761806163e+01
5.520399443581886e+01
9.806759883559663e+01
3.239069801400914e+01
4.101100510033360e+01
3.532543104855597e+01
6.062104234500837e+01
3.300306579703608e+01
9.474282790661921e+01
1.936783106968171e+01
3.714208800212577e+01
5.120741587654102e+01
5.944727131139826e+00
3.305885397505893e+01
1.251256885589686e+00
9.149506226717264e+01
2.799377493932553e+01
2.441945663859111e+01
1.817699345675157e+01
2.021731814379679e+01
6.397148434257670e+01
3.132452654248315e+01
6.736049548134231e+01
8.092731134077874e+01
8.006090367215728e+01
4.603428558727460e+01
3.983189460813622e+01
2.186574750666774e+01
4.831069686837061e+01
4.991602709047311e+01
8.950025401520556e+01
4.353172175750682e+01
9.133930252461661e+01
6.625427448481986e+01
8.073452165384522e+01
3.235030757838408e+01
7.028453660676468e+01
8.714419840236390e+01
6.069953523608834e+01
3.047658164542009e+01
1.207193593125415e+00
2.140600561229792e+00
7.428374708363961e+01
8.919460046533244e+01
6.857004769545516e+01
7.901192483446184e+01
9.143966463927164e+01
6.296369017239832e+01
3.678880773335174e+01
2.091289508198988e+01
7.871628430612212e+01
3.314284888708166e+00
4.094118463850635e+01
3.765932849499365e+01
2.034183769502762e+01
2.554655714218810e+01
2.369385725990583e+00
6.017373230316384e+01
3.285489791671508e+01
2.939295816672638e+01
8.653655321641665e+01
3.032987314757419e+01
7.981283286577688e+01
3.977801354591642e+01
2.878987259640818e+01
1.064820001397664e+01
3.377936945007153e+01
6.452362638177519e+01
3.187726579228289e+00
9.447890468615986e+01
8.843957785909976e+01
1.509508421416166e+01
3.098227564756865e+01
8.110068793459827e+01
5.502192357323222e+01
4.365634827113540e+01
1.093966845001079e+01
4.646158816593773e+01
4.424883054767215e-01
2.530902439044278e+00
9.754690462609143e+01
7.449240348045360e+01
5.845187327752443e+00
6.788429853873527e+00
5.665555068135986e+01
2.618702502278007e+01
5.632566788994040e+01
5.877177233750549e+00
8.636075732594392e+01
6.088935502846230e+01
1.008703564763397e+01
8.264144760679521e+01
2.342495314005062e+01
2.496059132970897e+01
8.949443203839215e+01
7.692671095809280e+01
1.922494369522899e+01
5.316122274527383e+01
5.696833946600945e+01
3.879651796948003e+01
4.473356741700953e+01
3.608087200488936e+01
5.389160218364169e+01
5.821079279212784e+01
4.310626277844713e+01
8.913525710307772e+00
1.893877485717590e+01
8.890417203721785e+01
1.045061285162839e+01
2.931790986532248e+00
1.047062688063394e+00
1.145336013820645e+01
5.975895838800768e+01
7.647312454715050e+01
4.850054702186051e+01
4.172487554220709e+01
2.660149523364450e+00
2.886021632182422e+01
3.280378316193995e+01
8.902090689587449e+01
7.801790348161846e+01
9.241759855878428e+01
8.547142356888922e+01
7.691543604103636e+01
7.626873384056088e+01
8.335100216015753e+01
4.875257222389456e+01
5.787083332327699e+01
5.406096845588691e+01
6.641227289401567e-01
6.715814725829202e+01
4.114780278929872e+01
9.150055627874124e+01
2.104974944193370e+01
9.826793116436710e+01
1.906523020894510e+01
2.996327515224148e+01
2.853292493546983e+01
7.961990175751033e+01
8.533838907505310e+01
1.976198657404724e+00
6.469097703913738e+01
9.679174925982568e+01
2.556825961245609e+01
9.545580097262551e+01
5.264540251933290e+00
9.653135654354998e+01
6.175588847219753e+01
5.745772922293177e+01
6.906888725658361e+01
2.561335164383676e+01
1.914251582657104e+01
8.696809131045271e+01
7.227399832209292e+01
1.975670937437411e+01
4.742092497061050e+01
8.408900563795540e+01
9.297457839966499e+01
8.082558544391096e+00
7.063495059061560e+01
7.273647457954310e+01
7.524070580268312e+01
1.178275333334820e+01
9.705749438007246e+00
9.629045524461681e+01
1.005068445114916e+01
7.027405736515023e+01
2.163571856060797e+01
8.081971350164139e+01
9.218090930589517e+01
8.537978319701729e+01
6.513409831800224e+00
7.302748880955740e+01
1.798115042875574e+01
9.685087925607844e+01
5.950821426674175e+00
1.364840893710424e+01
9.338223575306229e+01
3.004209139851951e-02
3.259992912998420e+01
1.255808035496533e+01
9.053506413033934e+01
6.454977531197936e+01
9.952617171198416e+01
2.753298293218621e+01
9.450090955686797e+01
7.924710092099714e+01
1.843406284155048e+01
5.027290612937553e+01
1.794167152510103e+01
8.906901343216607e+01
7.660193903213457e+01
9.631667104378188e+00
8.517667655142801e-01
2.444899320809589e+01
5.886082046612204e+01
1.090245121666344e+01
6.860944590000877e+01
8.511455086298034e+01
1.999754338525121e+01
8.458800245290062e+00
3.410547647350723e+01
1.271972130645053e+01
7.161965825204722e+01
5.090538926930418e+00
2.609270323351617e+01
7.757047967872140e+01
4.142232329650890e+01
7.278008483014073e+00
8.130296905585703e+01
6.414620734944297e+01
9.961497462336672e+01
7.183803313963023e+01
2.869598261485620e+01
1.959841731917039e+01
3.464709554549637e+01
2.319689212515805e+01
6.352436573408747e+01
5.308115843361298e+01
6.550412367354339e+01
8.868436556713858e+01
4.215017181921293e+01
9.087264327838675e+01
4.843966823464244e+01
1.929493281957458e+01
7.703045903566780e+01
7.281895669774103e+01
9.263115226879304e+01
6.394278153960723e+01
6.508698084628535e+00
7.390193323320800e+01
6.666768904154546e+00
9.431723584156356e+01
1.239717850107568e+01
1.042965571881722e+01
8.305907346450681e+00
3.289048091177386e+01
5.102130144416414e+01
5.715974073724809e+01
1.919876710474434e+01
4.391728250492237e+00
7.408436479702794e+01
8.805245966094195e+01
2.706427668550251e+01
9.936586567171190e+01
2.143866080857751e+01
6.171137223099888e+01
4.308393734650870e+01
7.766067426542783e+00
1.479253061804573e+01
5.375631733506746e+01
2.705894127816844e+01
5.694270248382478e+01
2.464065976657004e+01
9.656825130645569e+01
1.728549088225024e+00
1.997399540616851e+01
1.834025374536414e+01
5.384903086994264e+01
6.380415850496113e+01
7.398392230923470e+01
6.742200286473241e+01
8.649913551588503e+00
8.902419493022570e+01
6.802657380142556e+01
9.253050177010266e+01
5.118980302996459e+01
6.561221250594231e+01
4.108613451993379e+01
6.303722763575485e+01
1.980464254496835e+01
3.415222649190213e+01
5.422829019568315e+01
9.743546154230621e+01
6.121650317740463e+01
7.411533537046766e+01
8.185933766973173e+01
2.415660863004467e+00
1.719927267041023e+01
6.336772593826415e+01
3.772040602644925e+01
7.095559005204383e+01
9.740265044262756e+01
9.466310851027403e+01
9.559624981861387e+01
7.695626238219266e+01
6.507020912369257e+00
4.897590528660263e+01
1.193330023062103e+01
4.845678040220252e+01
9.948702212399199e+01
9.894485603968839e+01
4.577603505261989e+01
8.136935629014362e+00
6.409086196873844e+01
8.929476006389352e+00
1.313964403846284e+01
8.323430087567973e-02
7.454168851233166e+01
6.150777515094158e+01
6.312046193663052e+01
8.480564615912999e+01
2.621785342982870e+01
1.734875208574755e+01
6.934657463307799e+00
8.743435660723334e+01
9.146408750278134e+01
3.149919623113200e+01
7.405794634207055e+01
9.963688557019313e+01
6.913625312463206e+01
3.772573267935111e+00
3.695595131113937e+01
9.226957261202371e+01
4.274574645922787e+01
7.521519995071702e+01
8.624047431454085e+01
3.735349594492162e+01
8.233668831285867e+01
9.817377459172802e+01
9.218133152098456e+00
9.027246720635912e+01
3.457817143508148e+01
6.201802080591116e+01
9.840940283537350e+01
6.930298077375767e+01
4.898595532820837e+00
1.154904682727020e+01
7.711632702365347e+01
4.548918532463218e+01
3.614673811762908e+00
6.187272964132611e+01
8.331998455492779e+01
2.983252724159161e+01
3.509078455860298e+00
8.825641036418100e+00
2.554580183957973e+01
8.154590175559088e+01
3.104968733668779e+01
2.762911581789568e+01
7.934892935648044e+01
6.840506804567067e+01
7.571175381341565e+01
5.896787953514973e+01
6.067464065769438e+01
1.845750022607739e+01
3.418307943930062e+01
8.314516022016535e+01
6.818003164053896e+00
2.496852456823388e+01
4.508888947083097e+01
1.799868569616167e+01
1.524099172802688e+01
9.252066695714400e+01
8.944156360320819e+01
7.387883671274355e+01
7.833609430973236e+01
7.458679013633486e+01
6.053589352431516e+01
9.730473938272556e+01
2.007597546096704e+01
8.455422790001809e+01
8.376709231350901e+01
6.398834943025762e+01
5.864664249059122e+01
1.818257338282772e+01
1.950441441475619e+00
7.591352633941617e+01
8.886814261268272e+01
7.548858736431626e+01
9.522911039890214e+01
6.821707192259704e+01
4.389365536342080e+01
4.974275703995617e+01
5.529843790237720e+01
6.826023946900864e+01
9.272650424052333e+01
9.590763305123320e+01
5.148341094678427e+01
5.352289227467165e+01
6.133625212187705e+01
5.806692869312453e+01
9.514416479279481e+01
5.043627040015360e+01
9.577940478724399e+01
1.177350059699896e-02
1.522794171014239e+01
8.914150655695308e+01
7.799777601752326e+01
9.172538402105000e+01
3.166381760112188e+01
9.344622366756491e+01
8.916928576732488e+00
7.062490925687594e+01
5.335771551046415e+01
1.664247625351067e+01
8.880748263970366e+01
5.530815695193976e+01
7.545109995428990e+01
2.242024700270046e+01
8.782493355117037e+01
7.344309197433437e+00
4.589269712841729e+01
9.311066977358921e+01
8.659870512159480e+01
9.383582933518841e+01
4.739470251248903e+01
4.469858545097456e+01
8.844996531887443e+01
3.074210655444400e+01
3.783349349993909e+01
5.968851505764226e+01
2.731440697205924e+01
3.297765824616777e+01
1.012478541122972e+01
3.553768249020804e+00
3.176111631643079e+01
1.653066557670509e+01
5.812922388228085e+01
5.131364523028658e+00
8.919423138219594e+01
8.979304152996886e+01
9.857758819059357e+01
7.155053427980772e+01
6.041795074027868e+01
4.399862943403360e+01
7.514474600327422e+01
1.971879784004707e+01
5.827756661841532e+01
7.894641313652807e+01
3.966299534759624e+01
3.804020487612123e+01
8.629072233396150e+01
7.279375566765374e+01
1.273060450923192e+01
4.336171650484284e+01
2.696648632500623e+01
9.198930021002390e+01
5.720002863425763e+01
8.031708359733088e+01
1.656074608515983e+01
9.503352213419673e+01
1.099318406125213e+00
7.640258105304213e+01
5.473361883998551e+01
5.217706693903406e+00
7.554618105084923e+01
5.977229669679529e+01
6.104682412047256e+01
6.979252773793067e+00
6.490366121982395e+01
4.863351562462445e+01
1.650757157081159e+01
5.569033876792078e+01
3.019944016365309e+01
6.794639670660085e+01
1.541655301834296e+01
6.146328214624118e+01
3.033022127595274e+01
6.654301107234461e+01
3.468374504460196e+01
7.094481315973439e+01
9.385438319009467e+01
2.670041757016462e+01
5.575379592168788e+00
5.220089333700058e+01
4.580610433863760e+00
5.673144983906832e+01
3.793304354787480e+01
1.141219600635217e+01
3.704853338983307e+01
8.815152998461924e+01
5.182339574760915e+01
3.814785179595829e+01
3.819734362801413e+01
7.983457612797366e+01
1.022141157194106e+01
3.660195457590834e+01
3.349308368446914e+01
2.265377632465855e+01
3.525731434824751e+00
9.236302235739447e+01
6.171570730475509e+01
4.049630413786336e+01
8.769821528703822e+01
6.586840947431904e+01
2.270787634081574e+01
8.340833642678723e+01
9.497525547397103e+00
2.223854908823899e+01
9.934210926263691e+01
4.432225164227292e+01
1.621889822008968e+01
6.676856859902320e+01
7.660763840033097e+01
2.128344859056335e+01
5.670345800775264e+01
9.428873196909611e-01
2.807541500221725e+01
1.657116995964719e+01
1.033415277969751e+01
1.800909015257335e+01
6.151910231519449e+01
3.740454178182620e+01
3.035686585603136e+00
3.196838839536924e+01
9.148827069042636e+01
2.061373103438585e+01
2.376531400893131e+01
2.790860223020827e+01
7.862908238481222e+01
7.990047628055349e+01
6.790383028234534e+01
1.944485400777536e+01
3.233862418324622e+01
7.675451896002261e+01
7.768217319514703e+01
9.932600106081273e+01
1.970993821495675e+01
6.251498365891863e+01
7.747860927017341e+01
6.623120539180525e+01
1.242220444251886e+01
9.369750749026309e+01
2.491701022950793e+01
8.902984284284983e+01
8.102469597059520e+01
7.319916559997908e+01
4.728810724210371e+01
4.586844940011783e+00
9.331697756113344e+01
5.627205882047864e+01
8.427166197647884e+01
5.483607987632793e+01
1.722341632341194e+01
8.445255089758548e+01
4.558113545439259e+00
4.767076454482543e+01
5.066281885405203e+00
2.832342755437057e+01
3.369304134216767e+01
4.833378929101573e+01
5.561447299812663e+01
6.068570164995533e+01
5.331700390824908e+01
8.795309722793898e+01
9.251484651701285e+00
6.334461973204493e+00
5.148975176340424e+01
9.760307595022167e+01
6.997101095969370e+01
2.726763222704997e+01
2.536965810012522e+01
7.349889808031679e+01
5.728011292278772e+01
5.989486400964431e+01
3.570456357472789e+01
7.923166625165923e+01
1.506937384375807e+01
3.552881900012903e+01
6.222152447431419e+01
4.885190122241708e+01
6.864556375362238e+01
9.264283212490513e+00
2.144162637248711e+01
1.676893784514113e+01
9.371683411007599e+01
5.266178201542319e+01
6.443970243653268e+01
6.625874562480428e+01
4.999332765582638e+01
1.636266848834356e+01
3.522909816132351e+01
4.837221295962679e+01
5.598220054804450e+01
2.137398469325806e+01
2.816277305975686e+01
9.601226616465127e+01
6.768371121384376e+00
8.516983589398201e+01
7.507915262835061e+01
7.561781675350751e+01
6.473412614536198e+01
1.005700636192086e+01
8.349201007908769e+01
8.382758269264716e+00
4.267392058049977e+01
2.719095960594293e+01
8.761442452092395e+01
4.279322398025227e+01
6.271977860607196e+01
5.531605950338583e+01
9.164512520266935e+01
6.771008142629177e+01
8.069721892508549e+01
1.308675152859034e+01
2.451043674932347e+01
6.209029548898819e+01
3.908649144651671e+01
4.170736299907200e+00
7.241789618153959e+01
8.010673540649319e+01
4.607728014051787e+01
2.031407417744122e+01
3.347299435803341e+00
9.459817320788193e+00
2.074798332562111e+01
1.238037087599764e+00
8.557155033832954e+01
1.907729679675647e+01
1.821164796976915e+01
5.382401680286230e+01
3.134171153946860e+00
2.669942943691249e+01
7.358916484452280e+01
6.002363793553022e+01
7.706075868432445e+01
4.634916798507290e+01
8.721459754147315e+01
8.601695335750327e+01
5.569533726931333e+00
4.993437610097899e+01
7.736856019001853e+01
8.078751712142839e+01
4.639765678271542e+01
8.446275372265967e+01
9.387426865001873e+01
5.962987530959298e+01
4.143975150838482e+01
9.755990649459879e+01
1.624281248834115e+01
8.762227389385099e+01
2.637041901534908e+01
6.232009267542515e+01
5.238804982620666e+01
3.477990521806288e+01
2.419345221677490e+00
7.313603319839390e+01
1.652330132970740e+01
8.799089556000703e+01
5.646363331771624e+01
8.195205325351658e+01
7.783249881017605e+01
9.587207194225493e+01
6.911209941334656e+01
5.324080598225854e+01
6.381019673487647e+01
9.841721951887813e+01
2.884114711957106e+01
8.500075460644474e+01
4.794501040500822e+01
9.473483725205755e+01
2.290177197330714e+01
2.531357054846062e+01
7.552235432691981e+01
4.735682711347790e+01
2.789498452464817e+01
3.480176261384122e+01
6.986702376504756e+00
2.348348033776669e+01
1.818261887793551e+01
4.428849860294186e+01
3.250871171825971e+01
2.691902021268337e+01
7.562488428113279e+01
1.108414470734268e+01
5.844552053997550e+01
7.804422950281027e+01
4.460648579737473e+01
8.729347735051694e+01
6.603512501625117e+01
3.610536001441319e+01
8.826150679414231e+01
8.768212948352198e+01
3.989191881375942e+01
6.044836391715722e+00
1.093251468191506e+01
4.224469281837562e+00
5.888116902619655e+01
5.037925562373328e+01
2.503517047736569e+01
4.249452163581481e+01
7.903904178135053e+01
1.718390500973161e+01
2.414634093835314e+01
8.678215150105866e+01
6.712424576614249e+01
4.312444801587819e+01
6.456458455164199e+01
1.002960964573063e+01
2.097936175809212e+01
1.807897250078571e+01
5.431810824867250e+01
8.015463830910373e+01
4.860636668680532e+01
2.994299248323915e+01
9.322519036625754e+01
5.046305514427976e+01
7.987221939483296e+00
2.867816273527135e+01
3.511075611929910e+01
7.402234695573446e+01
6.478352274968454e+01
6.454300515565230e+01
9.425589120679344e+01
1.547784442802791e+01
2.339610272245300e+00
3.664409906447125e+01
8.377557018947583e+00
6.122077929844185e+01
5.316905903311869e+01
2.312471099343370e+01
5.085176683536348e+01
6.442885620725754e+01
1.879054695311494e+01
5.128296513635804e+00
3.843941406274188e+01
2.183345417577469e+01
2.338457434595776e+01
7.389782093181172e+00
6.633445474614132e+01
3.910191750112079e+01
6.592593959808626e+01
8.618117211674394e+01
9.154838402362000e+01
5.318989909868217e+01
1.612416455341697e+01
1.387062390049483e+01
5.422324922598118e+01
1.231981875017277e+01
9.646204854196965e+01
3.401013521198655e+01
9.813373349520086e+01
6.463398354343791e+01
9.781068456257259e+01
2.384531783119091e+01
6.137248597171740e+01
4.277668704408067e+01
9.074201136396360e+01
6.975004299066498e+01
3.944618550103446e+01
8.917737183588434e+01
3.285450978803193e+01
9.029795233639794e+01
7.808733218260451e+01
4.847619279682459e+01
6.529606011011454e+01
2.501010318520018e+01
4.274070050695013e+01
7.767095681171443e+01
3.668812193753576e+01
6.760487466473360e+01
2.252053335426400e+01
2.614061489055893e+00
9.152274685517081e+01
9.253070200445629e+01
5.580396058773807e+01
7.646911408587783e+00
5.576606097433998e+01
2.802062254772551e+01
9.485365212655331e+01
8.674080948659257e+01
8.871347489241207e+01
3.442532761694180e+01
4.376627087768459e+00
3.805843267499397e+01
5.373734927444595e+01
6.574911305948585e+01
8.083511971907463e+01
5.549922215542720e+00
6.138164273527528e+01
8.227086252638645e+01
5.703061728599975e+01
9.085833006112759e+01
1.055740300126253e+01
8.232059813212631e+01
1.721927892287228e+01
9.925431897829023e+01
3.527091407928193e+01
9.347723354281729e+01
6.931136202500731e+01
3.195728041788437e+01
9.881880828124416e+01
4.380402408717388e+01
7.457309755243971e+01
9.034155513641497e+01
4.798213501832547e+01
2.987287618679594e+01
1.544590015683598e+00
8.622821238181936e+00
9.797952161076456e+01
2.974676444649080e+01
3.978036974546517e+01
3.409939167746315e+01
8.993306923188878e+01
8.254679566367847e+01
3.839314348920860e+01
9.907646411986858e+01
9.906109892719476e+00
1.756899865230965e+01
9.735951553907223e+01
4.996061052659555e+01
6.348868304094704e+01
5.548815338662274e+01
7.563164079358413e+01
3.605749785716529e+01
6.146072762155008e+01
3.375765431381652e+01
2.122474341710319e+01
9.673164174739813e+01
4.243671481611054e+01
9.520586356297407e+01
6.869067776421582e+01
2.593510836639214e+01
7.135877989761474e+01
5.517196392415649e+01
8.026091609162322e+01
7.534461369521199e+01
7.096606240187123e+01
4.410950543550286e+01
6.744540076118214e+01
1.218806082019026e+01
7.631511831484508e+01
7.225770460081179e+00
9.185320436575134e+01
1.739497688477625e+01
7.620738804163756e+01
7.090824738652829e+01
1.714542304032735e+01
2.476174967585213e+01
5.212606790108889e+01
5.541729626963721e+01
6.694143082338452e+00
7.132791144369538e+01
2.364876215516067e-01
4.496941461459241e+01
5.167224879920121e+01
4.837498532066819e+01
3.641403123569397e+01
2.559462158269930e+01
6.049953375966266e+01
8.144561703384184e+01
7.416237684626243e+01
9.140458753863562e+01
7.499313078587555e+00
7.037932019232741e+01
2.294249945457210e+01
2.389456425974824e+01
3.515498639790108e+01
1.819783273069087e+01
2.941979245721353e+01
2.600387112517090e+00
2.745374572810426e+00
7.575240334298108e+01
8.685302533528443e+01
7.894364161367697e+01
3.234119640306625e+01
6.120892486591308e+01
6.168725810092281e+00
8.800645362958612e+01
2.249780205194736e+01
3.407181754432238e+00
4.807179930995768e+01
7.703036795231996e+01
7.390954469978323e+01
4.830828693150929e+01
4.964501999767731e+01
8.492091707183090e+01
5.992063798937976e+01
9.101221239707070e+01
5.268238412806875e+01
6.843435916511079e+01
8.530136620872717e+01
7.197690013422486e+01
9.555389387326031e+01
8.248478513326720e+01
2.366136360152688e+01
4.266450449017086e+01
4.682728985642422e+01
3.419893711535211e+01
1.330064889662929e+01
6.800592880137541e+00
9.957572654801223e+01
3.162847595830843e+01
2.159586461335228e+01
7.936880391993039e+01
6.237414468190360e+01
3.170071511142921e+01
4.057772873927733e+01
6.080028147473945e+01
2.688379642874179e+01
6.749621115973974e+01
1.243071975765318e+01
9.793368917793673e+01
7.577494167526017e+01
8.634026445743640e+01
8.151699205931135e+01
4.191249592318781e+01
6.715495310125638e+01
3.326938484481973e+01
4.576824509807315e+01
7.618771683247188e+01
1.703743963364392e+00
1.510776333283063e+01
5.661623922950413e+01
9.725763788319082e+01
7.310377586311837e+01
6.686264591611113e+01
7.711609680071292e+01
4.056553400147964e+01
4.222605947508759e+01
2.086874987970514e+01
9.553905944132202e+01
3.347551405126020e+00
4.190989073454863e+00
3.292134885346580e+01
1.869938216111594e+01
3.383011083762632e+01
5.648168030031103e+01
4.690522004240435e+00
8.796603688409833e+01
8.336547672905283e+01
8.636961485555842e+01
3.967566417515076e-01
5.832107242118617e+01
7.863709078106893e+01
8.673702109918790e+01
8.158495504482880e+01
5.798700873646280e+00
3.506026921563794e+01
1.485433984308240e+01
6.148514173062758e+01
9.117780131808379e+01
1.336572305921732e+01
8.284468179701115e+01
2.275127872021463e+00
6.167743837538987e+01
2.125773356354690e+01
8.799926386587288e+01
7.701056337776154e+01
6.002256854438343e+01
9.750047600711717e+01
9.723863880952757e+01
5.736232700634856e+01
8.480273656770714e-01
3.602966281400512e+01
7.388523867069057e+01
5.228347519984631e+00
6.985977365163144e+01
4.676535611355926e+01
9.918869524225066e+00
6.742398076105117e+01
3.089573091403383e+01
9.322808151749339e+01
1.785900356148323e+01
9.876314452791733e+01
7.186517225199620e+01
2.639660147316596e-01
3.394372828022750e+01
9.241475895625295e+01
2.433383992143620e+01
8.489120010514334e+01
9.783162739958224e-01
5.376219100028379e+00
5.197853415830924e+01
7.600293111801284e+01
2.209144086674388e+00
1.526500560122775e+01
1.222586543868569e+01
6.590471498943154e+01
3.634509110653079e+01
5.540716054635456e+01
7.719017019364524e+01
8.227622275346714e+01
9.656336186293669e+01
6.614874231915397e+01
7.847198395918682e+01
8.684703767618493e+01
4.781760095982700e+01
4.833175756425213e+01
3.361239378974419e+01
6.734249678782304e+01
1.506740879969085e+00
5.822299330412550e+00
6.034242061914058e+01
6.438013518433094e+01
2.991927211634781e+01
4.100847348617784e+01
9.339723367867862e+00
6.876035997120681e+01
1.218408030093838e+01
5.295839060701355e+01
7.123192077094314e+00
8.960921270288956e+01
5.833460970704193e+01
2.438755520823763e+00
8.092126226095542e+01
3.034138205942762e+01
5.663970078185186e+01
2.667915785064882e+01
2.644846878314785e+01
1.611305061546762e+01
4.361550684255339e+01
8.985365977969657e+01
9.268282567741480e+01
4.017886865892395e+01
6.080718560181892e+01
3.702735571983613e+01
2.702590628854274e+01
1.924479008617103e+00
8.535911328408827e+01
6.063830007828693e+01
8.902534408915106e+01
9.991175918835764e+01
2.438152666407708e+01
4.504695769634422e+00
2.510604063286727e+01
5.761883592122180e+01
2.483208129407469e+01
1.588377734454525e+01
9.880865048561648e+01
7.826639408164955e+01
2.091444843491281e+01
5.931842516144664e+00
5.611687808116753e+00
7.652954020375830e+01
2.955928027143668e+00
5.739228229848309e+01
8.434200528279972e+01
9.494050107660726e+01
6.811961208848265e+01
5.413536394673184e+01
5.445485084990731e+01
6.615775854613528e+01
3.078883398826646e+01
1.301022256399050e+01
4.370743876495745e+01
7.482300562543003e+00
8.408730937358332e+01
6.018036327333206e+01
9.406779571160104e+00
3.217795925781967e+01
1.028452697688924e+01
6.908559951422997e+01
2.691337285885279e+01
3.466605364096633e+01
5.290920732212682e+01
8.281018938068775e+01
9.137250114761875e+00
9.478603922519183e+01
4.804672927039058e+01
1.005136250054993e+01
3.124413664045005e+01
6.624165972054082e+01
1.598320501669459e+01
1.228757994821648e+01
4.277119987773299e+01
3.495398626427818e+01
7.303037828441261e+01
5.179521951442362e+01
4.157574420868221e+01
1.185632339299485e+01
4.336625665583008e+01
8.923828494233931e+01
9.429777539069660e+01
9.674167916958298e+01
3.011730440432081e+01
3.129361031171568e+01
5.439616309217929e+01
8.633197554682009e+01
6.656432285279237e+01
1.363075925671997e+01
2.172866706816883e+01
1.794258203261652e+01
9.488160810194984e+01
2.385198703215084e+01
1.151490342408181e+01
5.015010752256499e+01
1.252398631187341e+01
4.848996556759344e+01
3.681899967455259e+01
7.949895857809994e+01
7.571466154219334e+01
9.807502804234393e+01
4.574061825207463e+01
4.879218304939204e+01
1.479918841030411e+01
8.851181817637375e+01
7.878590127396672e+01
8.782956669471672e+01
2.159771580323470e+01
4.810903046657752e+01
9.968589008771157e+01
1.172256861427918e+01
7.139320511901434e+01
9.398366543184206e+01
8.738922345796098e+01
1.978414627713344e+01
1.090176133946598e+01
1.268822746942203e+01
9.401957783569563e+01
5.905805298083371e+00
5.919945689812277e+01
1.574824485729832e+01
5.431493402193995e+01
5.957072230967261e+00
2.828232479667400e-01
9.016680907931496e+00
2.430330264582452e+00
9.584251413859543e+01
8.858745297816930e+01
1.043326408156811e+00
9.381767748567168e+01
3.810473249205609e+01
6.449431789316903e+00
2.108209087563776e+01
7.018861401369266e+01
9.202279820666779e+01
9.593909005445386e+00
2.330468614739584e+01
9.261346393852190e+01
7.795022105702675e+01
9.757735109775204e+01
7.953825494252995e+01
8.967278967130594e+01
