5.062973641354112e+01
9.373986902355210e+01
9.721671701279316e+00
8.789963395702635e+01
4.644777953924974e+00
5.592603159878684e+01
3.141373001570522e+01
1.508694515334766e+01
1.656220402408494e+01
8.251330716652484e+01
3.259311170903645e+01
6.040521876905357e+01
5.786096428421371e+01
4.964252065384878e+01
8.706998419345821e+01
1.311620269581499e+01
1.356456950938542e+01
3.130947636967035e+01
6.937080960225818e+01
5.368807336952914e+01
9.644127529880092e+01
3.879954108912476e-01
2.474416299944006e+01
1.135113155997877e+01
1.449071397748343e+01
9.291737228302162e+01
8.722827475854581e+01
5.051169612003103e+01
3.551571608312229e+01
7.237709563801860e+01
8.784084654778282e+01
1.124830362910791e+01
6.370913854972885e+01
1.641478571873847e+01
9.171309466087870e+00
7.544068902518633e+01
6.967408567186169e+01
6.693541191841263e+01
8.791763279024401e+01
8.355166231447443e+01
2.824293977033484e+01
3.996432639656790e+01
4.175575256429415e+01
1.148897857008920e+01
7.979767377478893e+01
9.782590619187145e+01
2.459619842683719e+01
9.922346067578694e+01
6.055649512473331e+00
8.661768766428236e+01
6.235281925758013e+01
2.560534799732517e+01
8.700568312173974e+01
8.239581602737113e+01
6.190387921496475e+01
7.022595357626022e+01
2.682401925643162e+01
2.968137759234820e+01
5.200809317268808e+01
3.550708272285158e+01
4.858859779713144e+01
3.313042723253855e+01
7.548624997748354e+01
1.470556236556990e+01
2.501269649947653e+01
6.595006779113322e+01
3.032171634506514e+00
9.040835937038453e+01
6.585964265552333e+01
6.984083194743882e+01
6.074979489704118e+01
7.877212678025110e+01
5.525822451117366e+01
8.484195200020538e+01
5.381526088054072e+01
5.257084041487931e+01
8.269654837562543e+01
2.074946398881704e+01
2.386663939052571e+01
1.186062107414967e+01
6.932079180577807e+01
7.813826067286462e+01
8.596238418759890e+01
1.955065411494610e+00
5.498491490957556e+01
7.991907190527724e+01
9.586923178093006e+01
5.860429399581826e+01
8.074351902154439e+01
4.787732495361814e+01
6.212135817023058e+01
3.760927894041374e+01
1.078720335419625e+01
1.890011644870980e+01
4.148178773069838e+01
8.897253414102482e+01
6.432112439736775e+01
3.310929752565422e+00
8.239077952801752e+01
9.138529155933544e+01
9.063581744704202e+01
2.483426538521157e+01
5.819894348187324e+01
7.354103348848459e+01
6.960451680682810e+01
3.437200008629448e+01
6.972732170006601e+01
4.320050493963086e+01
8.706014784381732e+01
6.225699096091883e-01
4.579563515530695e+01
7.461801165464242e+01
8.771375314691744e+01
9.470475469469314e+01
8.880013417862362e+01
4.101471744525001e+01
5.677681065014415e+01
8.466936591298756e+01
3.030553405653011e+01
4.524259657843159e+01
7.121728876196654e+00
8.464604773775025e+01
7.286679748113584e+00
8.188986553898540e+01
9.366656518246351e+00
8.398244971594887e+01
5.177782008041526e+01
5.036638972832187e+01
5.687957208458314e+01
4.345498752941144e+01
8.836762834729981e+01
7.281764381230698e+01
8.527477657668049e+01
4.993905818552666e+01
7.867813533110457e+01
4.020416715191871e+01
3.293388240641629e+01
3.192465977367231e+01
1.203725622596092e+01
3.309889791211993e+00
8.446022620632324e+01
7.862739133584657e+01
1.860717074880710e+01
9.935048306330594e+01
8.495652986921208e+01
9.518024786151025e+01
5.600041414424797e+01
3.767303844805483e+00
2.927038051619678e+01
9.720203159246688e+01
9.570551588931377e+01
9.076245543116818e+01
3.007464242636908e+01
1.208474799622071e+01
4.252389839036572e+01
7.417938908291021e+00
5.619543923819226e+01
5.150402744836361e+01
3.863692876819378e+01
1.324087987339165e+00
3.023046344995054e+01
4.555355480199379e+00
3.708855423009421e+01
9.841519552209190e+00
3.027021392726815e+01
9.535893187642047e+01
7.103191510356585e+01
3.356553289739673e+00
9.000792172272128e+01
8.414862746566004e+01
5.160088816266548e+01
4.370799872265570e+01
4.596250701973332e+01
6.595288322584372e+01
5.737473166425467e+00
4.400088598206681e+01
8.690601195530314e+01
9.631726885974280e+01
8.078659669532748e+01
4.185050834987802e+01
5.014811421285761e+01
3.683115171121022e+00
6.588776524452854e+01
2.366404958239945e+01
6.749875576584542e+01
2.102254206362299e+01
4.804214064406331e+01
6.207708323471113e+01
4.858844217312916e+00
7.399875837098749e+01
9.306441843186711e+01
6.756475012170372e+01
3.764292571583898e+01
7.500975582516276e+00
8.150347484345710e+01
1.131691476857146e+01
2.383322763435227e+01
3.564636667056305e+01
1.467346810487726e+01
5.559215920772039e+01
9.851586436783703e+01
4.233268031027759e+01
2.967088158692740e+01
8.007002243775409e+01
4.229042988377177e+01
4.743710274223103e+01
3.097593329426643e+01
8.910519484854545e+01
5.565131109005367e+01
8.364999777807388e+01
6.428472062772360e+01
1.537352335423861e-01
2.458172651221125e+01
3.017248582568601e+01
4.570151997995634e+01
1.436415995208740e+01
4.176275084808596e+01
2.163657425978993e+01
2.265205477487857e+01
7.367687587331835e+01
9.129122625630872e+01
7.633220449850532e+01
7.899624573951412e+01
4.878911983631045e+01
3.983487586483121e+01
1.120894072167992e+01
6.010603460488191e+01
8.873491086472521e+01
8.943347893163258e+01
3.853624585947779e+01
8.877722192033065e+01
2.383081546231676e+01
3.679868324510691e+01
7.504124589033484e+01
1.088766940445065e+00
9.499284121906052e+01
5.917281692809091e+01
9.139456990705550e+01
5.387594185484384e+01
4.016799113721027e+01
6.929613084965204e+01
6.943303498878751e+01
2.714705086645999e+01
8.688968177274320e+01
9.405932156092456e+01
4.414333656623183e+01
1.253841678264477e+00
8.551225410099713e+01
8.762274402548687e+01
7.585684679255674e+01
2.877553409374111e+01
3.415946659360056e+01
6.573365901863838e+01
8.092467830559457e+01
1.141364407325799e+01
9.805752988814261e+01
1.516054124346028e+01
6.769926257790033e+01
3.331159932227414e+01
7.983404434278330e+01
2.020750102596707e+01
5.007939084902377e+01
8.527888454742678e-01
8.284849276898825e+01
4.848047711350046e+01
2.895838112056180e+01
1.957873782123380e+01
3.299715716065707e+01
3.400625611376309e+01
4.834337311254040e+01
4.243548467868729e+01
8.922187089418148e+01
3.294761769145151e+01
1.836203738039454e+00
8.309972825604478e+01
8.986494042438685e-01
2.500187676632864e+01
7.372618302410756e+01
5.345525781319256e+01
6.593611029253161e+01
3.923023270407236e+01
1.453100192105910e+00
3.870216265260343e+01
9.745288672738377e+01
8.237777849770048e+01
5.799323891196085e+01
2.180145868184113e+01
9.182367995000615e+01
9.748507551731778e+01
8.230285722869581e+01
7.165772429278945e+01
2.130571586140698e+01
4.928784773186214e+00
1.820974085396610e+01
4.154208583829091e+00
3.769819067683918e+01
7.445206897074918e+01
8.943201675518976e+01
1.536781406745678e+01
8.458325037946144e+00
5.222164888504038e+01
5.481784071531978e+01
6.017842947513723e+01
3.813578539441144e+01
1.362268808932169e+01
2.024091613490177e+01
7.700620055059260e+01
5.026317110763079e+00
6.426090903778604e+01
7.700647575641352e+01
4.532972599627903e+01
8.600122313294617e+01
3.067094391708772e+01
1.819243282926848e+01
4.866922649027279e+00
9.300653068023107e+01
6.941909746705512e+01
2.131207344183329e+01
1.066141110410048e+01
8.681003217902501e+01
2.413052056177078e+01
6.431277215681634e+01
7.634134393946330e+01
2.973121704055519e+01
8.252251301078243e+01
7.245910175724845e+01
3.246430700293942e+01
5.442794461475124e+00
3.046761738623847e+01
7.089072138578199e+01
4.263146931428065e+01
5.077280683944598e+01
5.302132570791120e+01
1.467017206115190e+01
2.394682035033909e+01
2.406488001535874e+01
7.857206830688382e+01
9.530208543655559e-01
8.796400017475897e+01
5.643740513196094e+01
6.730366254565476e+01
9.047571317780563e+01
1.228691046698341e+01
2.342526899810195e+01
1.122751590387314e+01
1.924856743740317e+01
1.945577339243878e+01
9.427545615205329e+01
6.350651502772537e+01
3.835044006740229e+01
2.721645749510101e+01
1.721337904092547e+01
8.396282679585872e+01
1.830415423880525e+01
1.151856137975983e+01
6.648533976007501e+01
5.027797508532087e+01
8.520548510607587e+01
9.570986479321023e+01
4.882913299316034e+01
5.307242137057353e+00
7.691297627841726e+01
9.369779755067908e+00
3.205565038698523e+00
2.693880834939834e+01
1.010171487466512e+01
7.519995331540702e+00
5.020973745277605e+01
3.438486793748330e+01
6.876342816686417e+01
9.173470269503756e+01
3.567449675671500e+01
3.515360771452711e+01
9.370233174120185e+01
9.538690703706205e+00
4.382175372160121e+01
2.343219012181842e+01
1.220177258933045e+01
9.250021674321043e+01
3.455880751579944e+01
3.185182722837284e+01
1.778332605854763e+01
4.435902286523908e+01
1.581465397766542e+01
1.251059417264098e+01
6.676949102746764e+01
8.229999373774044e+01
2.090956108686959e+01
6.290791875818181e+01
7.997284460811542e+01
7.515571609845185e+01
5.327863239370223e+01
3.386723442648874e+01
1.732993052216709e+01
3.818484844555373e+01
4.394782383178725e+00
6.072679909911324e+01
7.476172604354178e+01
5.460451983595478e+01
2.777627959278239e+01
4.843890576085025e+00
4.305869827189422e+01
9.706140984644249e+01
3.739754536067952e+01
8.228044974723852e+01
1.896464448373981e+01
6.545403397896050e+01
2.408190366070806e+01
3.116641707307027e+01
3.573429981979276e+01
3.395800061242562e+00
6.301824430144310e+01
4.984853148918996e+01
2.516291380169006e+01
3.423885099321550e+01
1.026290520572239e+01
8.689018934354661e+01
3.253493357102150e+01
7.750602791901026e+01
4.979810805516230e+01
6.783880203396025e+00
8.983124265905062e+01
8.477739146201750e+01
7.300998492772224e+01
7.554202982016933e+01
2.231608392778602e+01
7.740476731090097e+01
8.763429042307395e+01
6.411686193389671e+01
3.200928710028962e+01
2.213501470262884e+01
3.962705933471539e+01
7.092949066820064e+01
1.338768564788051e+00
7.083071068433611e+01
7.033210902955946e+01
9.008121322378572e+01
2.793350961428765e+01
5.321375320349529e+01
3.006350157319731e+01
2.504487974804122e+01
3.401764413994627e+01
9.308174587464040e+01
4.433905358628326e+01
8.374785067688107e+01
9.479305711332385e-01
9.690518542048762e+00
3.931052453783831e+01
3.886689019336686e+01
5.477438352758735e+01
4.620350256851106e+01
5.675869442371591e+01
1.184685389131627e+00
2.193936208353348e+01
4.520027150642139e+01
3.481662139986484e+01
6.263705965254319e+01
6.101777002262779e+01
4.518952260035534e+01
8.372307898650089e+00
3.286997723992447e+01
1.495465418088932e+01
5.896784242194511e+01
8.510122983022650e+01
8.786950189986709e+01
3.209017437514392e+01
2.341667456711487e+01
8.070246683466364e+01
6.887750582251581e+01
1.348099816286983e+01
6.378754128878356e+01
3.612241015588977e+01
2.301088195434347e+01
7.471670474611069e+01
7.020210389522934e+01
2.595306040065040e+01
7.508675245339365e+00
7.989262243727809e+01
5.490125043080246e+01
8.809894420583683e+00
7.342727113209071e+00
2.727426049638272e+01
3.756679680085126e+01
6.827385428746877e+01
2.926504962577719e+01
2.870689138244227e+01
5.006787565074296e+01
3.287353624257889e+01
4.880549127646046e+01
2.915712368169666e+01
4.109301047450538e+01
8.252470138600316e+01
9.248533909790466e+01
1.100789486011858e+01
1.366009675602433e+01
3.622534327964547e+01
8.904765969563633e+01
7.392734176196500e+01
5.499318817397262e+01
1.934468523568692e+01
9.622764536003939e+01
4.775029292691047e+01
6.321372746639593e+01
1.923852731438285e+01
8.076766914723798e+01
2.868076689945569e+01
4.519158771503325e+01
4.943093468874270e+01
6.965881985130665e+01
8.665287745494994e+01
5.114796205942890e+01
1.609281730656178e+01
7.121263205595902e+01
3.971837667735218e+01
3.932847778281592e+01
7.221998245093040e+01
6.842526810636058e+01
4.297500454959227e+01
4.341397557566593e+01
8.122701602113760e+01
6.003487387673690e+01
6.318097694925078e+01
9.940474168369768e+01
8.069752076673205e+01
7.360110975503973e+01
6.490015800339177e+01
6.017969761052154e+01
1.179849831936811e+01
3.961192511004020e+01
3.913539384451480e+01
1.798913349303842e+01
7.529821301591500e+01
8.926658299251767e+01
2.103543096270200e+00
8.959411382190609e+01
7.177167491604186e+01
6.472987405244722e+01
6.872604301605655e+01
5.449373296205594e+01
4.238665506354843e+01
5.773912647633772e+01
2.351709204889698e+01
9.898529094596640e+01
2.895175848573063e+01
9.987491942004996e+01
4.176728848450225e+00
3.761452694312414e+01
6.491761108158045e+01
4.686039464867692e+01
4.270804563663344e+01
5.900744835799907e+01
4.851959140436705e+01
6.756599315794463e+01
1.062040515738558e+01
3.441413214170101e+00
3.149216483882263e+00
2.589662243886693e+01
3.804874934165214e+00
7.437464477232409e+01
8.634386709255347e+01
9.452084642579818e+00
1.348577552171693e+01
4.170891663139170e+01
8.027733125736812e+01
3.307747842421638e+01
6.050156385661175e+00
2.154296372157660e+01
7.835842700598688e+01
8.903404706578425e+01
7.091914632866120e+00
3.731242480562647e+01
7.876930920349866e+01
9.201497877576155e+01
9.062904216844078e+00
8.117533232140137e+01
2.128324225604685e+01
4.943809120424003e+01
4.553954929371343e+01
4.694076867166011e+01
9.321936280150868e+01
5.286398648883402e+01
2.660340402582819e+01
8.190992031335361e+01
1.241584038940065e+01
1.727911481507081e+01
1.510221590991235e+01
5.423885409451967e+01
3.239556776005568e+01
8.982739913734952e+01
4.228898568185465e+01
5.541021086061849e+01
1.748651057364722e+01
6.922893294563002e+01
8.038151491451147e+01
1.620517820874470e+01
8.360061621461092e+01
9.630588115952251e+01
4.611268823319705e+01
1.591670988868769e+01
9.549424568912677e+00
5.663997533574700e+01
3.889590727113928e+01
5.521894914806772e+01
9.272804730233179e+01
4.635861867403548e+01
2.418923453622928e+01
8.132114316398331e+01
3.696582267850908e+01
4.148282624850181e+00
4.108578466860847e+01
3.018518543345164e+01
2.322324222103844e+01
2.883085786776192e+01
1.924553742597137e+01
9.279587226584361e+01
4.912252037279426e+01
5.049441943433808e-01
8.502615666250985e+01
4.665600813303888e+01
8.539370125410786e+00
6.222122337772568e+01
3.968236993052175e+01
8.963284240552822e+01
3.752658564482191e+01
1.394924042464664e+01
7.677308613284170e+01
3.719945947509234e+01
7.325943502283629e+01
2.783247424654312e+01
5.294373773641127e+00
5.104732702069326e-02
3.360966361761543e+01
5.720300891306391e+01
9.503821613967336e+00
3.912194950465204e+01
8.833854165316491e+01
6.824858680751575e+01
5.631249680012115e+00
2.530436428510787e+01
3.801194058638622e+01
2.399838241934701e+01
5.548954976512563e+01
3.179453272921710e+01
7.114915515815335e+01
5.626277083356995e+01
5.291225777608913e+01
1.363396235445233e+01
2.779897936982986e+01
3.383518379825875e+01
1.623997838061302e+01
7.079761152658500e+00
9.787066550826219e+01
6.641237771437149e+01
7.333527690420638e+01
3.539725115308411e+01
6.622028908050632e+01
8.120620659608683e+01
2.436388909088629e+01
7.921243118085546e+01
7.350603969465291e+01
3.793606862329695e+01
6.171580993650286e+01
4.264834441367925e+01
5.624406545248072e+01
3.370344654363740e+01
4.878449744953983e+01
8.266434570898504e+01
2.723754547873398e+01
7.116063249817147e+01
1.857365105234722e+01
8.733822260393679e+01
5.541843252974490e+01
5.766367169919595e+01
6.956091903595296e+01
3.422780150278835e+01
8.651650607889355e+00
6.083644929380922e-01
3.285534890967205e+01
6.960037582069653e+01
3.584413232088282e+00
9.856080342948475e+01
8.650572867435670e+01
2.840489150416334e-01
7.648272666916378e+01
4.769356229700779e+01
6.344929391678855e+01
8.748781829489759e+01
9.867042298366800e+01
4.749465354135942e+01
2.280434180181676e+01
4.180484388107659e+01
9.443135005162626e+00
1.008413248233690e+01
6.595056507082217e+00
8.993067587256928e+01
6.281309475321932e+01
6.900354263791979e+01
4.981462040441792e+01
2.091369131622542e+01
6.947947930054715e+01
6.838827150333127e+01
5.530012634363962e+01
9.474282790661921e+01
8.402776042187017e+01
9.134377473562201e+01
5.120741587654102e+01
9.226024839666684e+01
7.617070161559187e+01
2.130596615434902e+01
3.219400818096194e+01
2.744109459567866e+01
1.379458630168559e+01
7.926270332153081e+01
1.247949945390201e+01
1.598326499386843e+01
9.769182717320129e+01
9.774825349345257e+01
1.702755280631946e+01
5.759514908194316e+01
2.759753480907415e+01
9.393613799192762e+01
7.045318268726263e+01
4.296738791417675e+01
9.822746189228606e+01
1.050893818517632e+01
7.342369662291543e+01
7.403277204094118e+01
9.108368311593480e+00
1.479152483623080e+01
5.109119687745869e+01
9.456824497066822e+01
2.710704334411167e+01
8.993699382522003e+01
4.627357150720133e+01
3.407806075833648e+01
5.873546831250911e+01
8.062329780339417e+01
3.992683931250443e+01
1.168797794342413e+01
5.396230255903783e+01
9.143966463927164e+01
5.849896616232533e+01
5.378622382589906e+01
8.812531879550093e+00
1.861725501651748e+01
3.020764302006348e+01
3.961775202286325e+01
8.064301813982567e+01
2.344741696652370e+01
3.681592267789688e+01
9.892022432709123e+01
6.017373230316384e+01
4.286783581733138e+01
8.768568895183768e+01
6.302978506452860e+01
9.530326239545983e+01
8.596896211894646e+01
1.429061871687445e+00
2.878987259640818e+01
8.434770260208644e+01
2.774277028056922e+01
3.225082644831893e+01
6.171850322825765e+01
9.447890468615986e+01
7.967048812642250e+01
1.005235179795528e+01
3.098227564756865e+01
7.668420554915639e+01
1.690785648157255e+01
4.557539711034642e+00
5.957850187997263e+01
1.965182601458012e+01
9.937940463394830e+01
3.657654581432070e+01
5.607824626196094e+01
2.382180580115961e+01
9.305536718715697e+01
9.619817328462292e+01
8.146851187640266e+00
1.650278410711455e+01
2.217933848601735e+01
2.501756466227470e+01
8.636075732594392e+01
6.088935502846230e+01
6.663986610557878e+01
2.318057432918836e+01
1.968544182352975e+01
7.463444353762755e+01
9.736688998405211e+01
7.123269106784495e+01
7.306111584094404e+01
2.937591040012236e+01
1.673845207166786e+01
8.807124527547101e+01
4.261093393089759e+01
6.559735772460576e+00
5.389160218364169e+01
2.775638211879711e+01
8.842286560145341e+01
1.503145355499883e+01
8.545289462686185e+01
2.056966676403287e+00
5.537511392281164e+01
8.211918938072360e+01
9.638793584722464e+01
5.030177978347139e+01
3.342648387580481e+01
9.150199805921969e+01
4.738112611108512e+01
7.361379814036833e+01
2.660149523364450e+00
5.613988831459540e+01
5.220372846918354e+01
3.346830989861316e+01
8.738366532483309e+01
6.104892476510672e+01
4.965940925742472e+01
5.312339428492049e+01
9.275283799169252e+01
1.753740642105108e+01
6.302344415477638e+01
8.744484050546067e+00
2.491000677687582e+01
7.976189622644424e+01
6.715814725829202e+01
7.183736775621649e+01
9.150055627874124e+01
1.803380014283294e+01
8.675548950524791e+01
9.013843447442094e+00
3.277936947195762e+01
9.904440771743862e+01
6.754104032532361e+01
5.249955619336085e+01
9.603963033111749e+01
1.864839383338037e+01
3.682509019823051e+00
3.077258841636246e+01
2.317465158327234e+01
5.106363517747430e+01
9.653135654354998e+01
1.698553604864773e+01
8.984076003070957e+00
4.347113894460310e+01
7.385572561708080e+00
9.535933993540674e+01
8.696809131045271e+01
4.487293537001728e+01
7.035937726980046e+01
2.604068318663197e+01
1.631145608439644e+01
9.297457839966499e+01
3.478516723717803e+01
7.063495059061560e+01
3.091825536960654e+01
5.562212446500646e+01
1.178275333334820e+01
2.779638097984548e+01
6.565108707437808e+01
8.754571531319326e+01
4.416045264534673e+01
2.625373039685829e+01
3.842244881131801e+01
1.137238075554948e+01
6.569179392684801e+01
2.398431167192027e+01
7.349729424971029e+01
3.529711437192611e+01
9.685087925607844e+01
3.098696345975015e+01
1.364840893710424e+01
1.943919529180936e+00
2.816361609295179e+00
4.540725948540832e+01
3.125230974110417e+01
6.743533442143134e+01
7.018588006970747e+01
9.952617171198416e+01
1.230826974488249e+01
7.642243433577121e+01
4.765030785819996e+01
1.895249309900798e+01
8.747548790996684e+01
6.570306120705933e+01
7.610637996164448e+01
9.557264209518797e+01
9.641643776391467e+01
5.388851657225216e+01
2.444899320809589e+01
7.007236237175407e+01
1.090245121666344e+01
6.860944590000877e+01
4.859932993939115e+01
1.999754338525121e+01
4.239720452688504e+01
6.192787632435927e+01
7.876740744280043e+01
7.161965825204722e+01
9.622700302685936e+01
6.803538932839194e+00
7.757047967872140e+01
9.006372238046662e+00
5.270716564390211e+01
3.465804855090475e+01
1.706151380998153e+01
3.386002952878365e+01
9.757095272539694e+01
2.869598261485620e+01
6.995066491419016e+01
3.464709554549637e+01
2.319689212515805e+01
8.342731692056512e+01
9.106254241944410e+01
9.072131723664762e+01
3.771229970162376e+01
9.989990475582886e+01
2.545845607549812e+01
6.253332680209229e+01
9.553712662101590e+01
1.272869594987887e+01
2.139414726821433e+01
5.390438984795678e+01
6.394278153960723e+01
6.508698084628535e+00
6.278202001134959e+01
1.621309491629391e+01
2.747360059408173e+00
4.970767444451697e+00
9.890854288773077e+01
6.691157020018976e+01
3.289048091177386e+01
8.968343636471939e+00
5.772308407245348e+01
1.354695130770418e+01
8.915288210341376e+01
9.119106260649443e+01
6.937501484964741e+01
6.689806527779348e+01
5.236688240075804e+01
2.143866080857751e+01
6.171137223099888e+01
3.416730963353408e+01
3.407196292377634e+01
8.835568129474096e+01
9.585295617387301e+01
3.323494178859281e+00
6.474434200895222e+01
2.055739626314370e+01
5.689593309392031e+01
2.409717753720339e+01
1.239247355255879e+01
2.820542195262640e+01
3.083765657191987e+01
8.391677694577574e+01
7.014779405209599e+01
2.775096410315063e+01
3.602335724794462e+01
3.967354141160545e+01
7.816218430090798e+01
1.273953347128794e+01
6.585111611795198e+00
6.884601841161307e+01
4.789505915152611e+01
6.354024809018720e+01
1.980464254496835e+01
6.876957093773855e+00
4.109618619135404e+01
3.274281547998209e+01
3.217663780421793e+01
9.354627704878629e+01
1.087092143058354e+00
9.251118152984938e+01
2.771358663575425e+01
6.336772593826415e+01
3.626493473363339e+01
7.636239522898681e+01
3.985967204899512e+01
7.818171585825353e+01
8.302561071842240e+01
1.222040854032170e+01
8.596194502243863e+01
9.541808427098118e+01
1.193330023062103e+01
6.901783080260169e+01
4.842739740779037e+01
3.640439688991960e+01
1.013610531116655e+01
8.136935629014362e+00
8.861295650182894e+00
8.929476006389352e+00
1.313964403846284e+01
8.685988657495933e+00
5.517345147913948e+01
8.255467954210690e+01
6.312046193663052e+01
4.641517430842629e+01
9.272838337008299e+01
1.734875208574755e+01
2.203433216644187e+00
2.568269438374913e+01
9.146408750278134e+01
3.686663281957927e+01
6.874806236883070e+01
8.663360126625449e+00
1.915525431705418e+01
9.288503187377239e+00
2.630030467468328e+01
4.655646115846767e+00
8.352483426384852e+01
4.580666923234550e+01
4.001906497404867e+01
3.735349594492162e+01
9.078544512893328e+01
9.817377459172802e+01
1.716006967106837e+00
9.027246720635912e+01
4.556650162933697e+01
2.719378826543399e+01
9.840940283537350e+01
1.229413366517710e+00
1.352122133296040e+01
9.780968068996894e+01
7.366635490845253e+01
7.296753375463538e+01
8.390739047150471e+01
5.332962523835229e+01
6.261093963990498e+00
8.183595919135770e+01
4.265997057904488e+01
7.657033064242933e+01
5.807284003033900e+01
6.683568682839893e+01
7.353814587627451e+01
2.762911581789568e+01
6.668086124895180e+01
2.507482777585966e+01
7.571175381341565e+01
5.256839261975530e+01
8.408975418847508e+01
1.845750022607739e+01
1.664155377850009e+01
2.434725878962654e+01
7.037336680589867e+01
2.496852456823388e+01
4.792154256623310e+00
2.427835251403896e+00
3.427211988450593e+01
3.082547911015595e+01
9.928316203843950e+01
7.642083949242758e+01
4.290863421881042e+01
7.904859780289632e+01
8.817289163739089e+01
3.426241345436425e+01
8.149905623006590e+01
6.641613457650698e+01
1.928789705004911e+01
5.991149184289923e+01
5.864664249059122e+01
7.373921949124859e+00
1.950441441475619e+00
8.909927973947454e+01
8.886814261268272e+01
5.271522856909559e+01
8.989183795167685e+00
6.821707192259704e+01
9.244765997512623e+00
7.925439592416137e+01
7.322562386897654e+01
4.568295974549044e+00
6.264665325295490e+01
7.509792208443299e+01
6.493836788690574e+01
5.352289227467165e+01
5.467576065784123e+01
9.657230041761524e+01
3.886019617266031e+01
1.577547146742021e+00
5.268723729657346e+01
8.570790699948925e+01
7.217523901358956e+01
8.474212981981324e+01
5.911486212122946e+01
1.464514993813129e+01
3.166381760112188e+01
8.364092646336226e+01
1.467465358538304e+01
1.564243408648410e+01
7.140107661085253e+01
5.552556354344150e+01
9.794313642100578e+01
8.606019736549825e+01
4.462484328291605e+01
7.767562520582025e+01
8.844678601643386e+01
5.753930060078357e+01
8.549063377338025e+01
5.025425299548276e+01
2.226679423929508e+01
7.395671996006590e+01
9.126451182703697e+01
6.074560250190347e+01
3.444567939007919e+01
3.074210655444400e+01
8.416114574492030e+01
5.368754456457102e+01
6.311693925555652e+01
3.993704521094311e+01
2.376909648243761e+00
2.338375440956268e+01
9.035628386324099e+01
3.758772371224487e+01
5.812922388228085e+01
4.686646929330494e+01
6.188617956912433e+01
8.979304152996886e+01
9.959801421482022e+01
9.465242009360921e+01
3.083652147596540e+01
5.193530365449158e+01
7.514474600327422e+01
4.922543337998233e+01
7.243460606431337e+00
3.569155150823833e+01
6.346979749550567e+01
3.946458196242553e+01
3.892917592959905e+01
4.896043122231981e+01
1.273060450923192e+01
5.589956620517167e+01
4.033832635746259e+01
6.835975454578165e+00
1.282879659572095e+01
9.258024315004249e+01
3.760537609346461e+01
7.217422452390856e+01
8.439315053838918e+01
5.004581368996102e+01
6.030422861702006e+01
2.345910040822769e+01
7.844542678373188e+01
4.006885236132371e+01
3.226649990876508e+01
7.289633302618579e+01
6.490366121982395e+01
9.584208489202060e-01
5.171421573111517e+01
2.253599139979854e+01
8.256411691315664e+01
2.701186725264968e+01
1.278451453558380e+01
6.146328214624118e+01
3.021271155691366e+01
2.266001362477430e+01
4.059165135984852e+01
1.203732379341373e+00
6.875514018757043e+01
5.639797661285753e+01
7.077261361795134e+01
3.127738923359541e+01
8.481170660108873e+00
2.547023772516764e+01
6.754572459847932e+01
5.678987361341243e+01
9.703719625111539e+01
3.148676358698251e+01
8.007379950958948e+01
3.189103632787756e+00
3.819734362801413e+01
7.315354606749189e+01
6.160695220418598e+01
5.775907126150982e+00
9.283714932056011e+00
7.511636315617541e+01
3.525731434824751e+00
4.510533998026761e+00
2.810283649158796e+01
6.927321146674139e+01
5.009082222827283e+01
3.677584255895383e+01
6.698737683100038e+01
6.284665379805801e+01
1.370197185953239e+01
5.630897039375685e+01
6.068350051561533e+00
3.117077254279087e+01
4.594551564471121e+01
4.771382466317798e+01
8.756874915564840e+01
1.449566712346657e+01
9.418252096240526e+01
7.619748337948577e+01
8.224334790475822e+01
7.763364011311607e+01
1.735988707158709e+01
6.163231644855455e+01
3.854271752691954e+01
3.020920452205893e+01
7.346120498769973e+01
8.793955072198973e+01
5.034464246143803e+01
2.061373103438585e+01
1.896663001690369e+01
5.962835739349405e+01
4.181444227779957e+01
2.729104544375606e+01
2.633330269080275e+01
1.788922623632905e+01
8.370812525214075e+01
8.439059601369807e+01
8.957485118395410e+01
9.932600106081273e+01
8.845001165217255e+01
4.394228642058665e+01
7.747860927017341e+01
6.623120539180525e+01
6.511540127225007e+01
6.030585428714094e+01
5.557305303196100e+01
8.902984284284983e+01
2.077645129560328e+01
9.246950642786432e+01
1.594850524139987e+01
1.846818952749864e+00
1.434412785542390e-01
4.764410487732110e+01
2.544577202081949e+01
1.434629089867058e+01
7.785330944594615e+01
9.580926038129687e+01
5.387825130199933e+01
8.121606003549698e+01
7.326116956456619e+01
2.822676423388848e+01
5.192296609837700e+01
1.507561179579963e+01
6.144621877998403e-01
7.835301690658230e+01
6.092592066197000e+01
3.203327629344225e+01
9.915363141296135e+01
3.293832220739607e+01
1.314666821302225e+00
9.760307595022167e+01
7.911004264797552e+01
8.032149108141731e+01
3.382912489298225e+01
9.470439101322758e+01
5.845521495605595e+01
9.683405528628923e+01
6.373116856614648e+01
4.100944550754942e+01
1.978354389769190e+01
6.312346228543831e+00
9.489471469768077e+01
7.477941409441615e+01
3.374350207566447e+01
4.112472419679385e+01
2.144162637248711e+01
1.676893784514113e+01
3.327764828376363e+01
2.422669484476870e+01
3.895707253318144e+01
9.878311599548120e+01
4.661326485062635e+00
8.649283241782935e+01
3.602459600010170e+01
8.498169197001573e+01
7.704837018486502e+01
5.647137288771168e+01
2.085233476052635e+01
1.448859070171071e+01
9.152912329487928e+01
8.297612070244557e+01
7.049967286665910e+01
2.111811298929067e+01
6.329761173729673e+01
6.596254425400987e+01
5.688946678158337e+01
8.808072977144306e+01
5.078162795434782e+01
2.719095960594293e+01
8.761442452092395e+01
3.678201257101354e+01
6.213244039664624e+01
3.662950938410569e+01
9.164512520266935e+01
9.646328068173644e+01
8.069721892508549e+01
9.749589660088340e+01
8.605147059357327e+01
2.174925833090640e+01
3.908649144651671e+01
9.063300699490728e+01
4.269824253520846e+01
9.340965896537978e+01
9.403458945175382e+01
6.825364863884340e+01
2.775243033084666e+01
7.167984110847108e+01
5.713940493629286e+01
8.647583256777182e+01
8.970604841118029e+01
4.437470414879486e+01
2.774351925018407e+01
5.486232291667831e+01
6.655257342688394e+01
3.633541634135666e+01
2.616826548528311e+01
9.949401435418707e+01
1.346314042502229e+01
2.354529501104043e+00
2.824188537348150e+00
3.233259908497920e+01
3.982305868520544e+01
5.562233159114716e+01
8.529589650467778e+01
1.231787652350863e+01
4.639765678271542e+01
8.446275372265967e+01
9.387426865001873e+01
5.962987530959298e+01
1.457983800888985e+01
2.821170358369672e+01
7.678193928524010e+00
3.207397564876544e+01
2.637041901534908e+01
8.068601558016892e+00
5.238804982620666e+01
2.971771845115243e+01
4.697132662263294e+01
6.389540921146768e+01
7.602517952957432e+01
8.291026106239774e+01
2.292127140002384e+01
6.869619021597141e+01
1.177490912926146e+01
3.786558799346238e+00
9.480982972067306e+01
5.924327730165947e+01
3.646345261319701e+01
8.977591767431046e+01
6.259853535452789e+00
7.843977244498198e+01
8.535279486577623e+01
3.675134840270102e+01
2.656198787808511e+01
3.371805200992061e+01
7.552235432691981e+01
4.735682711347790e+01
8.840570421349523e+01
6.939662297693854e+01
5.512767250422745e+01
4.677765334340634e+01
2.357383026907864e+00
9.191376505974389e+01
9.928889390979375e+00
2.872780204225695e+01
1.271314654159972e+01
1.774459016404328e+01
7.613370147353676e+01
4.928124400287924e+01
1.195608168465834e+01
7.521256272458126e+01
6.603512501625117e+01
3.487735308468218e+01
7.898126145777351e+01
8.204795847742258e+01
3.071435449212527e+01
3.912067792337419e+01
2.743537874307268e+01
1.015459690715866e+01
5.888116902619655e+01
8.523726108727850e+01
6.405531673881008e+01
8.963098758348775e+01
4.455093044999565e+01
2.265647334170363e+01
2.270808835639995e+01
2.125750450475956e+01
4.566050304363505e+01
3.992886419404711e+01
2.494714405618009e+01
1.994964164679388e+01
8.670651753745345e+01
5.090666094371428e+01
2.779683681567984e+01
9.180364291733301e+01
7.740007991781462e+01
6.522557584812193e+01
9.322519036625754e+01
5.648838121280464e+01
1.450681980443504e+01
6.585466319967745e+01
6.578359788553026e+01
2.740259562963741e+00
1.704043565180173e+01
1.165485620110056e+01
2.571158438255619e+01
4.675441516877823e+00
8.407447211634110e+01
8.606275114513130e+01
5.112245490361119e+01
5.996666339224515e+00
1.778001818702557e+01
1.898472249460627e+01
5.085176683536348e+01
6.442885620725754e+01
1.879054695311494e+01
4.850792840519357e+00
4.733874287798011e+01
2.542795987121200e+01
1.812255574302867e+01
3.989261050703591e+01
8.282767836136171e+01
6.590873695253802e+01
8.572877402684128e+01
1.321467245612977e+01
7.938160848775023e+01
8.656500428289408e+01
1.612416455341697e+01
4.147316065685505e+01
4.305338544913260e+01
7.006133416204776e+01
9.191352175172118e+01
3.401013521198655e+01
9.813373349520086e+01
4.879212758913270e+01
8.543653468854563e+01
5.758981176539781e+01
6.137248597171740e+01
7.822540624915874e+01
1.950054896040845e-01
6.975004299066498e+01
3.944618550103446e+01
2.169468785715042e+01
6.366045911035522e+01
3.365327940958240e+01
7.808733218260451e+01
5.164505674114687e+01
5.851005509426355e+01
1.250748369493870e+01
7.347851096348768e+01
9.354481338222735e+00
3.668812193753576e+01
