1.569751352802735e+01
3.433419304636037e+01
9.622924942347652e+01
1.765829185846182e+01
5.870520912981835e+01
6.345485256214386e+01
2.907535127786703e+01
9.745486806959606e+01
5.430371861639605e+01
9.338445393060542e+01
7.538768708491125e+01
3.993534531441301e+00
2.094134782484795e+01
2.612341597030098e+01
7.510836090664769e+01
8.403186224588746e+00
3.215888660967298e+01
9.840547828860836e+01
8.215251843545236e+01
2.282435895075293e+01
9.996693423016319e+01
5.407259024403645e+01
6.244364383744245e+00
5.307319576529469e+00
6.126513698197209e+01
9.677575770615402e+01
2.427333724884006e+01
6.724593060428553e+01
3.412710550899017e+01
4.602622135822951e+01
7.145318308447170e+01
3.873970971384072e+01
2.370816037231505e+01
6.729135483842872e+01
5.639800157230255e+01
8.204189519492996e+01
4.229853085349246e+01
8.547335285016958e+01
1.893984555217430e+01
5.392835664280148e+00
9.459955985406393e+01
2.319205702431130e+01
6.550189213152132e+01
2.163506989443445e+01
3.532541326029478e+01
2.122066003327289e+01
5.480785353798785e+01
9.600137104094092e+01
8.459582793740361e+01
5.484404543174619e+01
5.741259276746428e+01
6.036207967454664e+01
5.429640140118841e+01
9.650302887731372e+01
9.128321064230204e+01
7.114696729516004e+01
8.404290130550177e+01
1.279571713544229e+01
5.406927985794343e+01
9.542238837826177e+01
7.268365503879434e+01
6.563223184348654e+01
3.416209804553636e+01
3.277580348438388e+00
4.311594993021151e+01
9.056009961783890e+01
5.379693873869113e+01
1.706770286758789e+01
7.603345246800848e+01
3.989593672561270e+01
2.701653341158132e+01
8.520607286375299e+01
9.772772979816781e+01
9.211560054315049e+01
3.087153277866148e+01
8.385503114380643e+01
3.851036962052359e+01
3.422755893982368e+01
8.295277412186972e+01
1.786545245808803e+01
3.506677659930045e+01
6.631775869350776e+01
8.004466974178547e+01
8.874777154473018e+01
3.910450261975848e+01
3.028872238019887e+01
7.557112079838809e+01
6.337220187455984e+01
5.321993820984845e+01
2.964040065633152e+01
2.572247219538431e+01
5.662339988938692e+01
7.230438272110391e+01
1.487311791389860e+01
2.113145590812501e+01
7.496942629803411e+01
3.030745560783309e+01
2.571022288208372e+01
7.854743184454153e+01
9.128659711744943e+01
2.735372480347461e+01
8.269633053927511e+01
7.691078250152560e+01
2.753554309137889e+01
9.868889977163118e+01
8.667651148823859e+00
5.446576040911757e+01
4.153192557465840e+00
2.729460761290724e+01
3.807840842664167e+01
7.872004223927857e+01
6.174597770988288e+01
5.556819692979017e+01
5.876471198106405e+01
3.614493721916570e+01
9.559671636465784e+01
2.270386983766400e+01
9.597308533078669e+01
7.697426237956354e+01
8.178712515243662e+01
5.570527066276654e+01
7.086054006165850e+00
6.466163916730399e+01
5.351771467994793e+01
6.856930454660640e+01
9.829582185405111e-01
7.069424943565123e+01
4.596661815697635e+01
2.781749140835250e+01
4.562416521162920e+01
2.052688799823024e+01
2.267641384279188e+01
1.154795820431223e+01
9.743767049975585e+01
5.021195698073691e+01
9.801936675702191e+01
9.050471912627329e+01
1.948275413340086e+01
1.742198686926718e+01
4.617101207662886e+01
2.883400541210268e+01
1.123395041154416e+01
4.930909445942803e+01
9.952725195303897e+01
6.998376565518964e+01
3.003905361054421e+01
6.794985913110425e+01
1.493898188459639e+01
5.610392361697924e+01
1.017478737522605e+01
4.284649577124347e+00
1.297704075136084e+01
9.425458023057067e+01
4.811946328176160e+01
5.095488920386643e+01
5.829719596463126e+01
6.045989569297987e+01
8.191322166561766e+01
8.383204177200425e+01
5.269064225847397e+01
6.190709074116643e+00
4.163575118483778e+01
4.266316138331926e+01
1.280192491263241e+01
1.719911020118702e+01
4.267276350533253e+01
1.606755024570392e+01
7.703829280894170e+00
2.586906856199218e+01
1.519078603721726e+01
5.142730448927139e+01
9.656249210078384e+01
7.037409193365559e+01
7.296007195159795e+01
5.793043764211724e+01
8.519444758314380e+00
3.508751403311617e+01
2.588029677322148e+01
6.769630241566166e+01
9.744026944853378e+01
9.259331011799785e+01
5.888492383942238e+01
6.916587463075568e+01
8.538815471594602e+01
7.004387074617849e+00
2.915794501507559e+01
1.859468548493212e+01
4.274957750120646e+01
4.336004077613356e+01
7.748653603600643e+00
9.624227895226436e+01
8.442501499523642e+01
6.265139647882962e+01
5.234296296366629e+00
4.541340700602783e+01
8.609222089224133e+01
9.298257496812501e+01
4.933500152515946e+00
9.134851330488385e+01
2.901987821283745e+01
2.872510907646507e+01
2.953113458563161e+01
1.336144102428176e+01
7.481130150836486e+01
6.967912319567013e+01
6.647703524980557e+01
6.756668699326305e+01
4.130446782396383e+01
7.783949932914204e+01
5.824763861403225e+01
1.878804444278965e+01
2.324623983504541e+01
8.057486516450292e+01
2.232481652047710e+01
1.716548908369871e+01
5.273529149253633e+01
8.068345276670691e+01
7.738276760903316e+00
6.260465749660724e+01
9.949433789564964e+01
8.914150278509665e+01
9.070004340759481e-01
1.146942554575830e+01
6.920061151925503e+01
9.144348091978742e+01
2.646179037469523e+01
6.235545368974817e+01
6.270827332637658e+01
9.509980529318554e+01
6.948509647952631e+01
9.933747937871958e+01
8.658387166754522e+01
5.262332845135747e+01
9.865174232919316e+01
9.615741167038559e+01
9.697926235244574e+01
6.065737598606263e+01
2.752535656444978e+01
3.402382248734302e+01
2.494783020808726e+01
2.713412150141509e+01
2.284069746864992e+01
5.166908621400087e+01
6.235173487213986e+01
7.567282364502215e+01
9.918423746674519e+01
7.346470517733353e+01
5.860872862795774e+01
5.577152411256522e+00
5.565165544657580e-01
7.926955939236542e+01
7.340894689476535e+00
7.567282713748180e+01
1.267271908590231e+01
8.392058326113995e+01
7.116691184750150e+01
1.093848376112919e+00
7.726201483852324e+01
6.365799622780550e+01
3.108474124739167e+01
8.917871508243434e+01
2.812945750920542e+01
6.423774718504293e+01
5.481853245516239e+00
8.239628285281187e+00
4.824404602322916e+01
4.691172845052170e+01
3.717563610392419e+01
5.489110707067471e+01
7.050962800649442e+01
6.859259678450999e+01
9.581406824095829e+01
1.274276637134271e+01
5.556316643746717e+01
5.816580306653204e+01
3.449676257301903e+01
1.336069130960884e+01
7.437757611012906e+01
4.057184520204171e+01
2.728469880637000e+01
9.601608072222028e+01
7.799328662361637e+01
8.549011931078979e+01
8.038807543012689e+01
5.431281661349946e+01
2.487630719546057e+01
1.135414122201230e+01
7.008125268392324e+01
2.789377469005704e+00
5.967731692813211e+01
5.160031861234471e+01
7.976978024457105e+01
7.848530974168577e+01
2.124003391770647e+01
8.423237413365040e+01
6.525766386895332e+00
1.451145047997658e+01
3.830273404638410e+00
8.494894284985445e+01
1.150258821970904e+01
7.044653662966869e+01
5.657046430584531e+00
5.317632339577020e+01
9.551572901919285e+01
4.661756052943764e+01
9.798009265120146e+01
6.255902571722820e+01
9.295789082206689e+01
8.699413164844462e+01
3.626313704823290e+01
2.530323975966463e+01
2.289760085889026e+01
1.425642362528314e+01
7.847783387567748e+01
8.848039288468678e+01
2.288368391938679e+00
7.159018287043561e+01
4.181067330847060e+01
6.668458034595687e+01
5.310971338912366e+00
8.278910381849349e+01
1.828489891173546e+01
3.630298978476925e+01
8.419724846454210e+01
2.248994723078327e+01
3.532543104855597e+01
9.930749102463363e+01
1.413908564212690e+01
4.660440857829731e+01
7.886704610607916e+01
6.154004603696058e+01
8.343133809204741e+01
2.460446680179074e+01
6.605495841524329e+01
8.844165387025180e+01
3.962401591223851e+01
7.363017456309412e+01
5.827634029941463e+01
1.024664217152011e+01
3.108457090849270e+01
6.874815154296725e+01
2.657805952549822e+01
5.398217176738296e+01
8.536872159939665e+01
5.055893354609560e+00
9.797210064622206e+00
9.016728093389762e+01
6.653127827054415e+01
8.589223650558490e+01
5.678573174252441e+01
1.488255360856771e+01
9.881797209327014e+01
7.479131369608982e+01
7.676660696825320e+01
7.583826318189421e+00
1.403692952079555e+01
5.897563936141117e+01
3.624293340195107e+01
9.206172651241614e+01
5.440071316175196e+01
6.410645789658020e+00
4.451567029790751e+01
1.314738309623086e+01
5.965891529790075e+00
2.328067031841756e+01
6.812985505355981e+01
2.774320264707469e+01
5.201582436078034e+01
5.025294052914388e+00
7.062011210742412e+01
9.951430982887480e+00
5.384893601473837e+01
8.335067740797562e+01
3.708256699008987e+01
3.921765756756890e+01
7.355104013045832e+01
3.977278696362524e+01
3.586429452331005e+01
8.847865187026498e+01
1.843844061644675e+01
8.853672015878219e+01
6.952483661916332e+01
3.701522598835417e+01
5.061587605188409e+01
7.114414445643507e+01
1.967876596361341e+01
4.482597310320752e+01
4.935029742743368e+01
6.437197447026706e+01
1.347654867613528e+01
3.045129116179947e+01
8.936151749890368e+01
9.213213300897372e+00
6.242217918039401e+01
3.160707318764509e+01
7.444243569599578e+01
1.107789977038181e+01
5.632481973447130e+01
7.448482721787171e+01
4.039786185156454e+01
9.010700974152751e+01
3.496428068492761e+01
1.376119834080394e+01
6.143879623219315e+01
7.204684772158360e+01
1.043223185019206e+01
3.644494588321305e+01
8.074424792115774e+01
5.443898171858814e+00
7.559232510421069e+00
4.502270661528348e+01
4.549203815194407e+01
3.886243404767589e+01
7.170178264924408e+01
4.702890266060312e+01
5.789127520187351e+01
7.066012391385628e+01
7.090189078399068e+01
6.767128499582003e+01
5.164534363506611e+01
9.988516783336419e+01
1.506567621373836e+01
6.067327999541223e+01
9.098381134261555e+00
4.572233112795387e+01
5.562479400803559e+01
8.946442189135794e+00
3.764265623765190e+01
2.437495436723109e+01
7.667257603102949e+01
5.500829455210282e+01
6.732448631307319e+01
7.331387012885598e+01
2.622286883472599e+01
6.275714634114743e+01
6.782145605786771e+01
3.665510073148418e+01
1.133198394036479e+01
1.710016234642834e+00
9.974014293390333e+01
7.153712952115440e+01
1.669625193658110e+01
8.991602900899763e+01
8.500232574762884e+01
1.293076105086634e+01
2.001046618447195e+01
6.199374392721511e+01
8.583628464761949e+01
6.999917517881802e+01
6.395225425434869e+01
4.069351392830420e+01
7.773790279297992e+00
5.063600775349699e+01
3.041854762957364e+01
2.286400898493082e+01
8.861671108222413e+01
4.651267167484047e+01
9.117855033426478e+01
2.970689517897875e+01
4.253481446883400e+01
4.873949394036992e+01
5.925144369679105e+01
3.409286897354427e+01
4.451410227665404e+01
3.395115790606996e+01
9.685001536125783e+01
5.715060516127879e-01
9.542124867226055e+01
4.906826831822669e+01
9.908363912211901e+01
6.526142883359522e+01
6.126092218852644e+01
2.133471929530367e+01
4.534287506031938e+01
5.784151980552893e+01
4.742092497061050e+01
5.185006216720215e+01
1.983526368617791e+01
1.920235642194858e+01
8.802905799263579e+01
9.731838940517902e+01
4.233354327377562e+01
5.245676103628089e+01
2.325139754603216e+01
7.650046836421846e+01
5.233574428238708e+01
3.074761108995770e+00
4.071720616925378e+01
2.482529130057678e+01
3.049563431669754e+01
5.438625680021302e+01
7.356478524094670e+01
6.039322291519177e+01
3.244851037508273e+01
3.545123447452264e+01
5.159932638127326e+01
9.046285883079417e+00
3.041444580555635e+01
8.214235151286347e+01
9.158314372952242e+01
3.632113106377475e+01
2.146322798052022e+01
7.944574569326161e+01
1.617360008702315e+01
8.474577953328648e+01
4.619405225207752e+01
6.844556521086282e+00
9.165587103537092e+01
7.702081081318707e+01
7.484140199368885e+01
4.802013721690520e+01
6.203618317937300e+01
1.527967183630898e+01
4.871812115829351e+01
8.351660016156575e+01
8.613213551516279e+01
2.070440306361038e+00
8.001123935916054e+01
5.677823054454208e+01
9.889454394527458e+01
1.164691579139182e+01
1.422876320510579e+01
6.868479576366245e+01
6.519010898898826e+01
1.006102194546770e+01
4.795496791971613e+01
2.756790645772960e+01
1.910730782854711e+01
2.286211835353734e+01
5.137322174914797e+01
2.508153171515163e+01
1.044469811508651e+01
4.713423589576698e+01
5.019486604733153e+01
8.912868163973498e+01
5.758222921638853e+01
6.423960959736240e+01
4.859982521673656e+01
2.342802375714668e+01
2.322864393853985e+01
4.954042101723162e+01
8.310572336572490e+01
2.089993144427423e+01
9.183601811148041e+01
7.844776668513556e+01
9.369087628726422e+01
3.287860473286295e+01
8.549497909168478e+01
4.502775610658701e+01
6.042060934026754e+01
9.475896544510451e+01
5.553462973587896e+01
9.982393649398531e+01
8.557560531682130e+00
6.408738906685607e+00
9.422747213124646e+01
4.908468669703449e+00
5.029530741753769e+01
8.817265671127133e+01
3.849053617496534e+01
1.668529120119535e+00
8.076044357417173e+01
5.980747782616292e+01
7.450497884978772e+01
2.610512395673670e+01
8.934399135845899e+01
3.208720801961012e+01
9.659877461222874e+01
3.794381652862943e+01
9.244509953653677e+01
7.809940514997551e+01
4.451667444990793e+01
6.081956227348165e+01
3.825667194940926e+01
7.740628303839187e+00
4.348844412876687e+01
2.081701998636919e+01
7.018286332962236e+01
8.438633418846238e+01
3.347543433004778e+01
9.189482829156091e+00
2.491793968943783e+01
4.911856695502929e+01
3.506001761884429e+01
4.856778823238229e+00
3.591298318277718e+01
9.205207698608380e-01
8.687882823258583e+01
4.397662158309325e+01
1.787743001146122e+01
5.316447743827686e+01
9.402796779481135e+01
6.519506665188590e+01
4.234958139357603e+01
7.432114266526007e+01
7.634892024861134e+01
5.779509966159011e+01
9.822051864965843e+01
2.011907092301132e+01
1.242834544388035e+01
9.342517461321557e+01
2.529658294529495e+01
7.653895750480656e+01
3.940909646423957e+01
5.777871332027890e+01
7.162796001491508e+01
6.544091606766028e+01
8.220228365725013e+01
7.291698449892783e+01
5.119795010015273e+01
9.389054542122899e+01
7.877058721090229e+01
1.423481624305007e+01
3.980501226140419e+01
1.987600034097024e+01
7.451467354526496e+01
8.769402424231825e+01
9.790316494084111e+01
3.999350845813449e+01
1.969461698070849e+01
6.899997269222512e+00
1.247641947701407e+01
4.543920925140344e+01
3.547389471692680e+01
4.484673051389247e+01
9.845289708974441e+01
5.533317451147977e+01
1.844881089331993e+01
4.017300211832533e+01
4.170049589206488e+01
9.264785330400237e+01
9.917885032444207e+01
3.750979375909539e+01
5.198243118449227e+01
9.331539659449616e+01
4.759372847508347e+01
7.709258165075099e+01
2.090732502793303e+01
8.233668831285867e+01
8.087143464054513e+01
2.225232637592234e+00
9.843749930078047e+01
5.237050496617822e+00
6.385732510306747e+01
3.062434887076931e+01
9.677845099790881e+01
8.805638290385546e+01
9.915829040070916e+01
6.418710028016339e+01
9.235178236493459e+01
1.181487925900839e+01
5.196099628320010e+01
3.224907877494073e+01
2.456024392720323e+01
9.822148089214297e+00
2.001087554730981e+00
8.995859547981927e+01
5.362901964859525e+01
5.712203795887625e+01
3.926077840815335e+01
4.083978158460920e+01
2.249961584922840e+01
9.911273904103449e+01
1.946262075540732e+01
7.615331503383504e+01
8.660788824158156e+01
6.705634923049078e+01
5.609874443900713e+01
9.455377347513743e+01
4.694067269886875e+01
7.126871872286719e+01
8.121364134420345e+01
9.980877181506193e+01
9.817032059569392e+01
5.153320173338670e+01
4.166057568120797e+00
7.107824379162781e+01
1.680938057452877e+01
5.064796742547675e+01
3.150738069392153e+01
8.379468339672064e+01
8.447719532273578e+01
6.734147284521789e+01
2.497772137866249e+01
3.420978758214498e+01
8.365139704367677e+01
9.573123263927700e+01
3.662868404603968e+01
6.882207252496019e+01
8.360046589914731e+01
6.866421232403452e+01
9.538974310056760e+01
3.284652672374925e+01
8.521990402844730e+01
8.213807986217462e+01
6.009130741473814e+01
1.653153962294177e+00
3.765201379435696e+01
7.348593951830918e+01
8.148965187440145e+01
8.156149149013753e+01
6.123872350959048e+01
1.956539043205110e+01
9.072407572098266e+00
2.783778595171766e+01
3.846133143569405e+01
3.413691606099574e+01
1.998362858778966e+01
8.490216610250164e+01
8.478488348647248e+01
2.749375674291223e+00
3.002532428597348e+01
6.556915438993329e+01
7.271059242669054e+01
3.257499473755015e+01
6.616589998182184e+01
3.707506313783819e+01
7.743253073535512e+01
9.743175147913012e+00
5.832896351736456e+01
2.529387661502411e+01
1.563890781981820e+01
7.641648826022470e+01
4.185061652299511e+01
6.812472407153096e+01
4.701215282409086e+01
3.309379989891024e+01
9.703429424997154e+01
7.006266241430428e+01
5.041880018562954e+01
8.129627121672792e+00
6.772800193528086e+01
3.901717711194287e+01
9.551232172898590e+00
6.744798313241823e+01
7.585754263021869e+01
9.233137447961205e+01
3.540068200575219e+01
3.157539848777251e+01
9.009508061692821e+01
1.814951110545057e+01
4.768044359408340e+01
2.012040485633556e+01
1.779132705078988e+01
1.841751854793053e+01
9.266097945750737e+01
3.156314121166390e+01
5.484635525143070e+01
1.378906025262040e+01
9.464275403630117e+01
6.822517708326930e+01
3.908293691421064e+01
2.079818049482916e+01
8.098488477104570e+01
6.580702707441851e+01
5.011321089701411e+01
3.558440647813697e+00
5.806933113283912e+00
5.341755061103848e+01
7.141842240068057e+01
3.939895780729081e+01
7.604065308162973e+01
9.792779674657052e+01
9.825601298280806e+01
4.548857274720844e+01
3.762681490631160e+01
6.746626331818581e+01
3.360444881655483e+01
4.450969963544500e+01
5.112863269221440e+01
8.078859121575420e+01
8.221310706912218e+00
9.880907628629780e+01
9.089960720897634e-01
8.803869308346822e+01
1.658036835332418e+01
7.824961034499557e+01
3.236101140843751e+01
7.142672360475488e+01
1.060189535403712e+01
7.764236842172330e+01
2.485214035252675e+01
4.779902880443215e+01
1.372013753918937e+00
8.102811038541985e+00
4.642769798935750e+01
9.413162730360945e+01
1.166125168635568e+01
4.600524327066040e+01
5.666911874742672e+01
1.142875040482206e+01
2.230976569573849e+00
2.733623735948291e+01
5.736331928398614e+01
4.869895058157805e-01
2.578436556541564e+01
2.533472055817708e+01
3.193935380873240e+01
7.762416269519560e+00
3.629893252453717e+00
7.485049123636004e+01
9.718047533984318e+01
1.644842648713310e+01
2.220416377401174e+01
9.808947141193295e+01
2.453389019916481e+01
4.424374231334950e+01
6.011478009639065e+01
9.116384670658216e+01
4.462935512169700e+01
1.732594939755553e+00
7.287089860666120e+01
9.618587833651615e+01
4.953162374418770e+01
2.884632932434153e+01
4.288689328492009e+00
9.012717729905955e+01
6.340461203986993e+01
1.594994101484769e+01
3.345783112266000e+01
7.033603064265849e+01
1.583379996746490e+01
8.215685448709729e+01
4.740996814677955e+01
4.594151826852072e+01
7.594908647050573e+01
3.631287656552758e+01
4.005867784845581e+01
4.513769747928610e+01
8.950022579613153e+01
9.140990129271984e+01
6.360876954328677e+01
7.085269450715403e+01
6.834428318233428e+01
5.957314765992255e+01
7.384339956280003e+01
7.114260437485883e+01
6.706660546691464e+01
7.778667550430944e+01
4.342351520593441e+01
1.479647914636716e+01
7.951927044406500e+01
4.642657541969166e+01
9.860362526895648e+01
2.905089418825269e+01
1.809345866464705e+01
5.650509235286390e+01
1.675249166635447e+01
4.728810724210371e+01
9.893588414366165e+01
9.246685714110120e+01
8.054403731624784e+01
9.663442992448546e+00
9.667438766764216e+01
2.241666415818812e+01
9.245854848644629e+01
3.093530201862347e+01
6.523812355717557e+01
7.012817271525421e+01
3.743834730118436e+01
3.421645939080811e+00
9.375397530093508e+01
6.496894963317035e+01
6.261482558334936e+00
6.531157668927293e+01
8.617413406547817e+01
1.376308012463296e+01
3.820248285224777e+01
1.157020032944633e+00
7.806927043854691e+01
5.475199080759287e+01
6.647295507903814e+01
4.034715645962728e+01
8.480720971003510e+01
8.456104164224166e+01
8.308930866564125e+01
2.900668328116028e+00
2.525428963138456e+00
5.264374406665738e+01
2.574152323684726e+01
6.251379342866773e+01
5.051577405562428e+01
8.597054052444666e+01
5.788635497814341e+01
3.517704263104919e+01
4.994742434935059e+00
6.165100916365674e+00
7.506092450351497e+01
9.125114800001083e+01
5.673048070479673e+01
7.268164119342418e+01
9.467279398565776e+01
1.446166104379187e+01
2.035029359178166e+01
6.077745280264758e+01
9.063680730324090e+01
6.690309521132292e+01
8.027146201593403e+00
3.864736423764721e+01
7.897069383364669e+01
7.766519765260871e+01
1.055078846893776e+01
7.995701557023311e+01
5.112004934396597e+01
9.052212438104773e+01
4.672547874354081e+01
2.011626726953139e+00
5.779605738716016e+01
8.626794446551610e+00
5.465537079361052e+01
3.934514962106251e+01
1.380616636658374e+01
5.139186240331822e+01
3.271125752139429e+01
4.313153011870176e+01
8.700922452239749e+01
6.510495974919989e+01
5.090514796362498e+01
5.268124963747396e+01
2.470598887871298e+01
4.372747044252579e+01
9.466408290651817e+00
8.704845364533759e+01
6.199602506216431e+01
1.607582174058809e+01
6.024254353728264e+01
3.512252365943162e+01
4.594389286169032e+01
5.963671717775833e+01
8.202698737477277e+01
7.061151790926769e+00
1.056378055855808e+01
6.486083653981837e+01
8.701816740772601e+01
1.269909693519543e+00
1.829893026421728e+01
8.934414074260003e+01
9.259859257964351e+01
7.104681482121666e+00
3.409070159964762e+01
8.597071221376336e+01
6.625902171538166e+01
8.857170976166228e+01
7.513000791665633e+01
5.982390849842872e+01
7.148061295574560e+01
9.913960909430851e+01
4.705455854863606e+01
6.708037777202222e+01
7.374341454065564e+01
6.135382548037629e+01
8.762227389385099e+01
8.680418184343920e+01
1.666195612245330e+01
3.013797962578851e+01
2.204451133592264e+01
7.101327416999884e+01
4.483034952768607e+01
7.876208498085015e+01
1.623128038655560e+01
5.445063186551008e+01
6.431707142121952e+01
9.455846943639148e+01
7.034417422038698e+01
9.357819095886228e+01
4.226270324655935e+01
4.339303567232240e+01
6.374687974515692e+01
5.453502333468526e+01
8.787344744795629e+01
7.030558100450112e+01
3.166379920750102e+00
9.666563807831409e+01
4.267602839631775e+01
5.585381344699013e+01
1.589586954372743e+01
3.164241981303432e+01
1.558308066594558e+01
8.451497130306204e+01
6.509757240540235e+01
8.704774006598058e+01
3.697741056651688e+01
2.729665251788527e+01
9.193624043461691e+01
1.616655216373808e+01
9.655938315976383e+01
7.673192549344708e+01
4.131022805409051e+01
7.259668273506531e+00
5.549401042773109e+01
4.336747715406468e+01
3.918952715545405e+01
4.131724719950801e+01
4.224533110030244e+01
9.830623119990631e+01
8.417589337759460e+01
5.151754741161948e+01
6.720394364893620e+00
8.217408944953888e+01
5.338835620944777e+01
5.540112753184565e+01
4.249452163581481e+01
3.145970787455315e+01
3.944271609161176e+01
5.343161167271045e+01
1.930392473903667e+01
2.942856602809791e+01
6.421165343570135e+01
6.132574289167567e+00
8.214958602662644e+01
1.237276397290303e+01
7.791574582360487e+01
4.717832861802463e+01
3.966941649078830e+01
2.464855505370002e+01
5.323559411486406e+01
8.173169571986966e+01
1.188334450679056e+01
6.748531170537943e+01
1.489476189710887e+01
1.009112853095454e+01
1.351756789419687e+00
4.426729639259507e+01
4.696485448952991e+01
6.032844048940038e+01
5.070991332210131e+01
5.612019792018468e+01
8.380650448790124e+01
5.743030768699493e+01
9.277484537697157e+01
7.472671404235378e+01
7.145582375650099e+01
4.076649571804632e+01
3.128145017255165e+01
2.241032320186977e+01
8.538510328409501e+00
4.368999974973966e+01
6.308881373288521e+01
2.342067953358436e+01
3.173295535693548e+01
3.472809136599679e+01
4.616210816715011e+01
4.577514289215912e+01
3.978111317371070e-01
2.460243134973684e+01
1.419350631264667e+01
6.925449919386510e+01
3.223752497333918e+01
4.147753303008039e+01
5.661922793677972e+01
4.713228687044806e+01
4.891864645710152e+01
5.591892937939564e+01
7.270466437223585e+01
4.184484497729915e+01
8.496439428299870e+01
6.211609996953798e+01
5.244560090473183e+01
7.535387546539022e+01
6.717189339323522e+01
2.687847145222057e+01
4.619262397577643e+01
6.066081582599357e-01
6.164518625552077e+01
5.888538796402764e+01
4.607314572021046e+01
8.948459424520125e+01
2.505203933690304e+01
8.496619634561530e+01
3.028900941381650e+01
4.852116934420596e+01
6.760487466473360e+01
9.983839676707909e+01
8.876682817412859e+01
5.212072611419518e+00
9.858679855176564e+01
6.980886499854218e+01
2.621672462030161e+01
1.781232544119112e+01
9.557318510281536e+01
8.283595255708134e+01
3.576982321020673e+01
5.400291898008572e+01
6.703065976827902e+01
2.754798877404443e+01
4.634504734833960e+01
9.929226622883802e+01
4.934599709200952e+01
1.558075981008856e+01
4.115270434001121e+01
8.015652591369884e+01
4.714146421623484e+01
4.648064228076517e+01
8.076313407195877e+01
1.684775483647723e+01
2.784268186792856e+01
8.747450224471955e+01
9.827807363973841e+00
5.289472120483160e+01
5.721333984155829e+01
3.282216677107949e+01
8.278602365534103e+01
3.266141178675993e+01
7.329503170833691e+01
2.621256561307822e+00
1.356012239752343e+01
7.331251891949798e+01
6.901887625875830e+01
6.812566750129949e+01
2.848819630615795e+01
1.636317945847436e+01
2.050072612264227e+01
3.380151187712397e+01
4.336967921972725e+01
3.658214883719671e+01
4.381458090795883e+00
9.606612077730993e+01
1.820785315623873e+01
1.736609061125950e+01
1.435423135494545e+01
1.263890108682164e+01
7.388104455260608e+01
4.182467741976710e+01
9.124821791949134e+01
9.829990388746369e+01
1.081508663986581e+01
8.141301371222967e+01
2.787707030208645e+01
7.688044257316758e+01
3.430773487049515e+01
2.959029680564548e+01
5.706476376255265e+00
7.391126895039866e+01
9.999747024848939e+01
4.145575102486450e+01
1.396636451313568e+01
3.239442828688512e+01
4.879012664258020e+01
2.075277223286814e+00
7.025717239373232e+01
6.455015198539485e+01
8.506919754905124e+01
4.090226396960312e+01
7.758537273741577e+01
2.362439745274577e+01
8.251343131182409e+01
7.007002144589556e+01
1.969051818348957e+01
9.169640582599510e+01
8.572607375016719e+01
6.220295082880322e+01
9.514626464580478e+01
5.262651785864798e+01
4.936812242929270e+01
5.386308941704365e+01
4.207791222356163e+01
2.258546283588999e+01
3.527610308270720e+01
6.245570344033451e+01
1.062299041572166e+01
6.958383799976848e+01
2.448418085672156e+01
4.761315116082000e+01
5.854171349599105e+01
2.408961408030689e+01
2.700889842911107e+01
4.770157674686125e+01
9.077902724537022e+01
9.288327609788779e+01
4.977685401671420e+01
4.214188146504661e+01
4.859631394436411e+01
3.484605151919930e+01
3.501185338711918e+01
6.487072881537989e+01
5.847044897194507e+01
1.752528469894327e+01
6.706712207154702e+01
7.816096715543465e+01
5.030527159120201e+01
2.237686222529824e+01
3.653575295421097e+00
9.735176768030588e+01
9.583533387437245e+01
4.302378769173463e+01
8.438304284791603e+01
7.295201009742543e+01
7.502004042035902e+01
5.992063798937976e+01
9.282390684486549e+00
5.199373073503083e+01
2.495647697940305e+01
2.406898239816957e+01
4.592924245909287e+01
2.791175480369094e+00
2.522210447360859e+01
4.257444159247654e+01
5.049275222723035e+01
1.214448609954886e+01
8.302379044844945e+01
1.642859471795549e+01
7.949995672306976e+01
1.673244606551362e+01
4.130280378335286e+01
1.451181006362280e+01
2.200923833158297e+01
5.665415895946984e+01
3.203709476256608e+01
1.338876034756599e+01
6.800841818005239e+01
5.576934989344764e+01
4.430975562162220e+01
8.124543967714787e+01
6.983995832029728e+01
8.666244148586991e+01
4.480047204755269e+01
7.636525858024380e+01
1.055798014186229e+01
1.663780050195651e+01
1.883106036988602e+01
5.682731273436328e+01
6.267893382472868e+01
9.076245543116818e+01
7.673573921282578e+01
2.780379086164934e+01
9.136637667723298e+01
9.075209670269494e+01
1.343402672253271e+01
4.185912890446332e+01
7.735391188289687e+01
6.313441082049832e+01
9.820052441125760e+01
7.047942516881946e+00
9.741355008325239e+01
9.362909481564029e+01
4.924092816619246e+00
1.942278836826924e+01
7.083049950694222e+01
3.356553289739673e+00
8.179427240127430e+01
1.671086536567233e+01
1.513165049959517e+00
1.809520084322207e+01
1.460513612935559e+01
7.870291544995408e+01
2.271615714892566e+01
6.366609067826815e+01
4.759129041228038e+01
5.419789955681092e+01
1.631039609960764e+01
1.687929570529577e+01
7.638220702129519e+01
4.675909310894045e+01
7.160015081595636e+00
3.732818809213498e+01
3.324230715317759e+01
4.067485963025823e+01
7.596415620109261e+01
9.252208345221452e+01
5.295766855262112e+01
1.519222558252151e+00
9.017433705282134e+01
7.070586619465885e+01
3.065327900957934e+01
9.519387972317350e-01
8.500425596023177e+01
2.010066081774452e+01
6.057858181212963e+01
2.116979613023335e+00
1.816938026722957e+01
5.805552883914464e+01
6.742398076105117e+01
4.264821803320582e+01
9.082985617724705e+01
2.223534165985665e+01
7.704002916675063e+01
3.789977265424084e+01
8.590143233812481e+01
8.467331150764288e+01
2.542133094995345e+01
4.689992756904100e+01
4.586981136625158e+01
8.010440928866360e+01
1.875044066400753e+01
1.603875184247212e+01
1.743259733423246e+01
3.584392742991631e+01
5.552011181391781e+01
4.276783282066129e+01
5.648083968855479e+01
4.330725602028298e+01
6.855603250142002e+01
4.547427168370889e+01
7.543842409524993e+01
2.609000565767754e+01
6.395730216240385e+01
7.834808322524097e+01
7.602093698271593e+00
2.923931341117216e+01
1.953295293242342e+01
2.166748690496548e+01
6.701351044094818e+01
7.871689599878941e+01
9.648289982997017e+01
2.122425177191582e+01
6.296569428544757e+01
7.352292899672078e+01
1.206045388805701e+01
2.282653810588016e+01
1.772456379501362e+01
9.645982966593458e+01
6.059902569306968e+01
9.293054202242314e+01
7.656423890803207e+01
7.214674641012529e+01
2.690602602758726e+01
9.399683624226452e+01
4.220173984868534e+01
1.754997112674171e+00
6.659223151700211e+01
4.945213540897338e+01
2.495535478226624e+01
7.227859430586854e+01
7.227581188654332e+01
2.871792988326304e+01
5.191428142223241e+01
3.964547996392729e+01
5.314662123711156e+00
8.679786016549815e+01
6.341089278618382e+01
2.159209755323459e+01
9.626619452436744e+01
7.695195673822982e+01
8.354521178805511e+01
9.274909435433759e+01
9.819015199234251e+01
3.271287429738458e+01
6.627202330449225e+01
6.253573278083267e+01
1.547142691699389e+01
7.345467967607765e+01
3.985342622727781e+01
2.593000602253247e+01
6.839327843319312e+00
5.094342532145950e+01
1.619016137728009e+01
6.297403684024422e+01
4.345824846227572e+01
9.931668331814775e+01
6.472903395291839e+01
4.568429922018400e+01
5.646160289480425e+01
9.116731015554038e+01
6.858900127401063e+01
1.031289450373170e+01
5.569425404802628e+01
5.789708190499670e+01
4.995837446765898e+01
4.948315264167411e+01
2.839180237073069e+01
4.049029831797364e+01
3.217795925781967e+01
4.882986589746078e+01
7.827738708736254e+01
4.222319556503705e+01
2.200291679334031e+01
7.466302596715420e+01
4.384439147256519e+01
3.923733683267484e+01
4.099082389892583e+01
1.821312695658446e+01
6.765634835122914e+01
6.997536945621268e+01
1.641116319988443e+01
5.608552985642363e+01
4.131075043292285e+00
4.222229595399568e+01
1.852339763125563e+01
8.036616588028434e+01
9.587808041641399e+01
4.498975944937661e+01
1.763294516952380e+01
5.237934391590736e+01
9.074114393011719e+01
1.418523253602219e+01
6.846843560620603e+01
4.962319249735362e+01
7.208231444101888e+01
9.702010401385841e+01
3.119837959818467e+01
2.917779010216602e+01
4.880169823244293e+01
1.997073638251551e+01
8.890084893857168e+01
2.707908527323933e+01
8.592395856321042e+01
3.648500956431264e+01
6.229202931853571e+01
9.453793596221969e+01
4.848996556759344e+01
4.557808942421250e+01
5.488202150672768e+01
9.077480276616980e+01
5.613148610858781e+01
8.102180984850126e+01
2.400748404860845e+01
7.272667017426653e+01
1.478838930595126e+01
3.113645484258256e+01
9.457226795822953e+01
1.066646972236525e+01
4.780053582405697e+00
4.127100098006008e+01
1.583953668169656e+01
3.800926643331035e+01
2.845829335435214e+01
8.771232249574378e+01
8.907443056305611e+01
2.059233375852570e-02
9.413833161543046e+01
7.080384547393949e+01
4.341810827302658e+01
7.084820422849068e+00
9.098944779997200e+01
8.182579133744620e+01
3.161257674527009e+01
8.526850141830207e+01
6.816602776207310e+01
3.263143907889325e+01
8.137543065537486e+01
5.750664652209107e+01
5.337352098588531e+01
2.664772673819574e+01
4.611612323025061e+01
6.658301598698972e+00
9.670378961446872e+01
7.065000700328964e+01
3.996900820171880e+01
8.043652748709383e+01
5.815819406796162e+01
5.757411842121469e+01
7.127821513976819e+01
1.043534609975076e+01
2.930661692717421e+01
5.836685158236271e+01
