6.715039618646279e+01
2.613946237887231e+01
1.036325973009842e+01
7.398159200045354e+00
2.190899714916432e+01
2.224231279559541e+01
2.924806951975826e+01
7.674790093523818e+01
3.110112465503678e+01
9.338445393060542e+01
5.402352360730224e+01
6.676949102746764e+01
6.506457173501354e+01
4.409522765506768e+01
1.468862766152650e+01
7.997284460811542e+01
3.648211100906232e+01
5.728221822403474e+01
4.717888629398257e+01
3.559435742702073e+01
5.891365653784651e+00
1.840849538259604e+01
6.072679909911324e+01
7.987636983388866e+01
7.963187414204323e+01
2.738474971958657e+01
6.152006353322419e+01
6.565024106095090e+01
7.342527731015592e+01
2.163228025735928e+01
3.676102996652994e+01
8.874244461243154e+01
1.920565637722875e+01
6.019322008834836e+01
4.735202782198415e+01
4.755069583074688e+01
4.573349479852873e+01
5.626335710113093e+01
1.893984555217430e+01
8.780340481912875e+00
6.372675828809233e+01
3.341080026394259e+01
3.556664629632917e+01
3.176607295487359e+01
8.128227669805396e-01
2.122066003327289e+01
5.088664160617004e+01
3.029542585382957e+01
4.529191928230781e+00
5.378079998948648e+01
1.140751410806902e+01
2.231608392778602e+01
7.186968246096265e+01
9.650302887731372e+01
1.636731853539465e+01
1.254097307684877e+01
5.051335284975980e+01
5.059553447672890e+01
3.357107901646340e+01
3.386752248456121e+01
7.268365503879434e+01
5.332210122296684e+01
6.538983148773659e+01
7.282433336266518e+00
3.992784914557257e+01
1.972241127850600e+01
9.482540194635530e-02
6.435415854880314e+01
1.973960405203495e+01
7.627971832467230e+01
3.405769720396851e+01
9.285538429061667e+01
1.913369308185470e+01
9.607528666782905e+00
8.162628071458371e+00
5.051142720063749e+01
4.773570739093037e+00
5.675869442371591e+01
9.061741428012840e+01
8.858752361898661e+01
6.968959689591527e+01
3.481662139986484e+01
2.784281858608258e+01
7.956051238792041e+01
5.049774658423743e+01
8.372307898650089e+00
5.982814811162098e+01
4.800288451276854e+01
9.742622659421815e+01
7.087108985095801e+01
8.187040699732975e+01
7.010988158644638e+01
1.103897206999314e+00
6.171762988051290e+01
3.101231149910591e+01
1.320352745857254e+01
8.221044860883171e+01
9.392238557055703e+01
6.815958324268441e+01
7.054973126880346e+01
7.020210389522934e+01
8.269633053927511e+01
6.154378110614781e+01
9.344435715742611e+01
5.490125043080246e+01
8.667651148823859e+00
5.446576040911757e+01
5.264173031441948e+00
6.877506480960877e+00
3.441199866794609e+01
3.843505537995838e+01
5.728319625243693e+01
3.090475687333604e+00
9.241514750403125e+01
3.614493721916570e+01
3.226583219704489e+01
2.688854272798101e+01
4.125481217226703e+01
8.357620345595116e+01
2.966861684325552e+01
8.046711472816165e+01
2.692437047461251e+01
8.733613192445418e+01
8.178938076914724e+01
7.406212122834387e+01
5.674167492275204e+01
6.774804865370879e+01
8.322717122883870e+01
4.419946304718007e+01
8.927226308233675e+01
2.120805122945833e+01
8.976619741402855e+01
1.154795820431223e+01
1.099852235568619e+01
5.999750623479370e+01
8.143982262417666e+01
5.634949596428754e+01
3.402918406484145e+01
7.121263205595902e+01
5.915868471337421e+01
3.048948945034737e+01
4.150187579984864e+01
9.532904959997583e+01
8.481331313253068e+01
4.341397557566593e+01
3.147398677257541e+01
4.037815087492492e+01
8.415455323837445e+01
6.942620969816400e+01
5.725314210041107e+01
3.921685905159305e+01
9.429124723854068e+01
7.844391268605548e+01
2.480466017723300e+01
4.350784632540673e+01
3.913539384451480e+01
4.544462731361605e+01
9.275579158810703e+01
8.383204177200425e+01
6.143876791998687e+01
5.428228618310871e+01
7.680177436061287e+01
2.731942442586618e+01
1.769412263189169e+00
5.263427354052396e+01
9.246545615255155e+01
5.773912647633772e+01
8.733460315844724e+01
6.607300265043648e+01
5.279549199752299e+01
8.562917941512036e+01
4.258473103055019e+01
4.706876140417008e+01
7.345932515964812e+01
4.686039464867692e+01
5.755131489483235e+01
5.362817740702452e+01
4.356394682245513e+01
2.920224286113039e+01
5.303291904415606e+01
8.202605414298645e+01
9.695864757381317e+01
9.053043801827843e+01
3.075392820441812e+01
9.322376213652257e+01
8.634386709255347e+01
1.050799126294814e+01
4.274957750120646e+01
3.753253088217812e+01
1.080952995028790e+01
5.103900258012069e+01
9.244829425236597e+01
3.756306405997046e+01
2.596751238497324e+01
9.094521859239099e+01
4.183316465552577e+00
3.225075585406774e+01
9.923135088720888e+01
1.320810132343699e+01
9.062904216844078e+00
6.145881985382123e+01
6.656656496532567e+01
1.336144102428176e+01
9.531267164056779e+01
4.694076867166011e+01
9.467137483631790e+01
2.451292193704886e+00
5.689460321184928e-01
8.190992031335361e+01
2.042997964677865e+01
9.143105409640401e+01
9.310282016783152e+01
3.761662176699220e+01
2.170319530260898e+01
1.855093679323371e+01
6.535479569125678e+01
8.068345276670691e+01
1.274851346982108e+01
3.256161363449023e+01
6.131602365584858e+01
1.734434930484013e+01
8.319034421965030e+01
1.146942554575830e+01
4.481363554709294e+01
6.195904322059781e+01
5.290300918412535e+01
4.952223023843124e+01
3.729571445719139e+01
4.301390226139403e+01
2.910217178478007e+01
4.433898359739175e+01
4.460323161659912e+01
4.660969257662524e+01
8.738145520323025e+01
4.439750315826270e+01
6.282158292030059e+00
7.596958427502288e+01
7.236589261906497e+01
2.883085786776192e+01
7.075089391821572e+01
1.418136461366963e+01
8.243272299060258e+01
1.585428659611116e+01
6.090372370598079e+01
7.544530754696825e+01
2.832913157917984e+01
4.782713695793745e+01
7.717162607105990e+00
5.888206467911697e+01
6.801252014376806e+01
4.548626632685134e+01
4.780435517793724e+00
7.548562720207760e-01
1.267271908590231e+01
5.747962275402602e+01
8.069583828593410e+01
1.045450009892439e+00
6.581326041641331e+01
6.213853878999992e+01
8.821549000601074e+01
4.743013430732774e+01
6.649185273167298e+01
4.703614504404187e+01
5.183062844529312e+01
6.368817089297257e+01
8.775049293774669e+01
1.176401153754630e+01
8.023708508360995e+01
7.103840502493010e+01
5.010969939181101e+01
6.203955517245436e+01
3.885121584816427e+01
6.121602769066394e+01
4.405830346236858e+01
6.928732612602754e+01
4.608492061779132e+01
4.317082457392049e+01
4.738232588739242e+00
6.466008660600525e+01
7.131510329028363e+01
8.223515613108647e+00
9.912633621093182e+00
3.558884404394257e+01
8.038807543012689e+01
8.623434067062770e+01
2.487630719546057e+01
3.793606862329695e+01
7.008125268392324e+01
5.599717090651261e+01
3.565012548847595e+01
6.853841690744200e+01
3.838547889068046e+01
8.603047522997041e+01
9.958772971275623e+01
2.237500125652878e+01
6.525766386895332e+00
1.451145047997658e+01
4.166731952767228e+01
5.766367169919595e+01
1.150258821970904e+01
9.177701891948330e+01
7.312890387751577e+01
5.317632339577020e+01
7.624257205810517e+01
2.349334360263001e+01
4.724062348121807e+01
7.550481244712360e+01
9.860340659441586e+01
5.280023876242351e+01
6.059078209129665e+01
5.715731627175460e+01
4.714317733754552e+01
3.657000117775519e+01
4.523066936304359e+01
7.150706642843181e+01
2.288368391938679e+00
9.914451157634356e+01
4.464914288588295e+01
3.472294450491804e+01
6.315227717307967e+01
9.824709761806163e+01
5.520399443581886e+01
9.806759883559663e+01
7.377814463050018e+01
7.367490244734795e+01
3.532543104855597e+01
2.159018769002994e+01
3.300306579703608e+01
9.129077088613565e+01
8.761750244890223e+01
3.714208800212577e+01
5.836787887772912e+01
5.944727131139826e+00
4.123189441917087e+00
5.498247195732895e+01
9.149506226717264e+01
2.799377493932553e+01
2.441945663859111e+01
2.719733325168366e+01
5.396928622106523e+01
7.052072932502288e+01
3.132452654248315e+01
6.736049548134231e+01
8.092731134077874e+01
8.006090367215728e+01
2.914180384443226e+01
7.440215273499588e+01
2.186574750666774e+01
4.831069686837061e+01
7.075045810581672e+01
8.950025401520556e+01
6.616780248757816e+01
9.133930252461661e+01
1.961936932970740e+01
7.583826318189421e+00
1.881041145828106e+00
5.897563936141117e+01
8.714419840236390e+01
6.069953523608834e+01
4.093743443532728e+01
1.207193593125415e+00
5.539313194127433e+01
1.314738309623086e+01
3.101511259144876e+01
2.552365689795635e+01
7.901192483446184e+01
9.143966463927164e+01
5.584215463876825e+01
4.843553884347693e+01
2.091289508198988e+01
2.215646692652091e+01
2.434890164264892e+01
2.420370598519393e+01
3.765932849499365e+01
2.034183769502762e+01
2.554655714218810e+01
2.369385725990583e+00
6.017373230316384e+01
3.285489791671508e+01
2.939295816672638e+01
2.248565313522036e+01
6.952483661916332e+01
7.981283286577688e+01
3.977801354591642e+01
7.114414445643507e+01
3.800860458892240e+01
3.377936945007153e+01
3.832329112958317e+00
3.187726579228289e+00
3.463843829680162e+01
3.045129116179947e+01
8.936151749890368e+01
3.098227564756865e+01
8.110068793459827e+01
8.899558949703146e+01
4.365634827113540e+01
5.656750377107761e+01
3.474031544045560e+01
4.424883054767215e-01
5.003042614554540e+00
9.754690462609143e+01
7.449240348045360e+01
3.575162786792574e+01
6.398947954363631e+01
6.222818119555161e+01
2.618702502278007e+01
5.632566788994040e+01
2.216654947128452e+01
8.636075732594392e+01
2.415889181390353e+01
1.008703564763397e+01
8.264144760679521e+01
9.368372843306685e+01
7.170178264924408e+01
3.363603485451826e+01
7.692671095809280e+01
2.004653719256005e+01
9.363990956621240e+01
5.696833946600945e+01
3.879651796948003e+01
1.454776530831482e+01
1.262108926317705e+01
5.389160218364169e+01
5.821079279212784e+01
4.310626277844713e+01
7.410257611149110e+01
1.893877485717590e+01
8.890417203721785e+01
8.201805678290225e+01
2.522773622778605e+01
1.047062688063394e+00
1.145336013820645e+01
2.193560000599157e+01
7.647312454715050e+01
4.850054702186051e+01
2.051108350069778e+01
8.840830209125220e+01
2.886021632182422e+01
1.185549018525308e+01
8.902090689587449e+01
7.801790348161846e+01
9.241759855878428e+01
8.375987679872657e+01
4.126130428223932e+01
9.740753769753852e+01
8.335100216015753e+01
4.875257222389456e+01
7.732588903853944e+01
5.406096845588691e+01
9.347507129119479e+01
1.229352374202270e+01
4.114780278929872e+01
8.208301946617803e+01
2.104974944193370e+01
9.826793116436710e+01
1.906523020894510e+01
2.996327515224148e+01
1.602678667568918e+01
2.970689517897875e+01
8.533838907505310e+01
1.640628651548470e+01
6.469097703913738e+01
9.679174925982568e+01
9.855039794861824e+00
3.395115790606996e+01
1.606197097155357e+01
9.653135654354998e+01
6.175588847219753e+01
5.745772922293177e+01
6.906888725658361e+01
3.626101209607954e+01
1.914251582657104e+01
8.696809131045271e+01
7.227399832209292e+01
1.975670937437411e+01
4.742092497061050e+01
5.185006216720215e+01
1.118352981805034e+01
8.082558544391096e+00
7.063495059061560e+01
9.653805102991781e+01
7.524070580268312e+01
1.555808503905222e+01
9.705749438007246e+00
9.629045524461681e+01
1.005068445114916e+01
1.964486903494451e+01
7.434262147841166e+01
8.081971350164139e+01
9.218090930589517e+01
2.257575542785961e+01
5.124904278258283e+01
5.276994498109908e+01
1.798115042875574e+01
9.965034411272515e+01
5.950821426674175e+00
1.364840893710424e+01
9.338223575306229e+01
8.214235151286347e+01
3.259992912998420e+01
1.255808035496533e+01
4.341812387267971e+00
1.593580009226492e+01
1.617360008702315e+01
2.753298293218621e+01
9.450090955686797e+01
7.924710092099714e+01
1.843406284155048e+01
5.027290612937553e+01
7.484140199368885e+01
2.197390944788880e+01
7.660193903213457e+01
5.648950052284146e+01
8.517667655142801e-01
7.279094484299000e+01
5.886082046612204e+01
8.805073932188132e+01
6.860944590000877e+01
8.511455086298034e+01
9.889454394527458e+01
4.919653327632534e+01
3.410547647350723e+01
6.868479576366245e+01
7.928356029059904e+01
3.277617638594293e+01
3.218199924201798e+01
7.757047967872140e+01
1.309785768999618e+01
2.582463339242369e+01
8.130296905585703e+01
6.414620734944297e+01
9.961497462336672e+01
9.578426298489062e+01
2.869598261485620e+01
1.959841731917039e+01
3.464709554549637e+01
1.925973888452152e+01
3.918772751427615e+01
5.308115843361298e+01
6.550412367354339e+01
8.304256716884792e+00
4.215017181921293e+01
8.521939287205198e+01
9.183601811148041e+01
7.844776668513556e+01
7.703045903566780e+01
7.281895669774103e+01
9.263115226879304e+01
2.931109072142797e+01
6.508698084628535e+00
7.390193323320800e+01
8.874904014577579e+01
9.982393649398531e+01
1.239717850107568e+01
8.887281370762400e+01
8.305907346450681e+00
3.289048091177386e+01
9.997277143410071e+01
5.715974073724809e+01
1.919876710474434e+01
4.391728250492237e+00
2.898734143422327e+01
2.631683667484523e+01
2.706427668550251e+01
9.936586567171190e+01
2.143866080857751e+01
6.171137223099888e+01
4.308393734650870e+01
7.766067426542783e+00
1.541762902188004e+01
7.809940514997551e+01
1.941702776561353e+01
5.694270248382478e+01
3.825667194940926e+01
5.821340296334279e+01
1.791605433352108e+01
1.997399540616851e+01
4.165625155049202e+00
5.384903086994264e+01
6.380415850496113e+01
7.398392230923470e+01
9.378951331311349e+01
8.649913551588503e+00
8.902419493022570e+01
6.802657380142556e+01
3.591298318277718e+01
6.502994669835547e+01
7.881451820899477e+01
7.858729431339879e+01
6.303722763575485e+01
1.964667538164494e+01
3.415222649190213e+01
5.422829019568315e+01
4.234958139357603e+01
6.121650317740463e+01
4.245066872912025e+01
9.174916147801521e+01
1.208740822602408e+01
1.719927267041023e+01
6.336772593826415e+01
8.404536018336441e+01
7.095559005204383e+01
9.740265044262756e+01
9.466310851027403e+01
5.777871332027890e+01
5.337078229215498e+01
6.507020912369257e+00
4.897590528660263e+01
7.820559855466969e+00
2.584426250580897e+01
9.948702212399199e+01
9.894485603968839e+01
7.877557183558847e+01
9.263523197389917e+01
8.780888602501196e+01
8.929476006389352e+00
3.472132833428743e+01
8.323430087567973e-02
1.424758695729430e+00
9.213906856819012e+00
9.651065361523565e+01
5.458923618057242e+01
4.530054859132531e+01
3.224965395976307e+01
9.420534418626006e+01
8.743435660723334e+01
1.386495214601278e+01
9.153070207290850e+01
7.405794634207055e+01
4.284271436875812e+01
2.987395279569270e+01
3.772573267935111e+00
3.695595131113937e+01
9.226957261202371e+01
2.640892366245804e+01
7.521519995071702e+01
8.624047431454085e+01
9.451771811326859e+01
8.233668831285867e+01
9.817377459172802e+01
2.225232637592234e+00
8.363528274168972e+01
5.237050496617822e+00
6.201802080591116e+01
3.781502444195329e+01
6.930298077375767e+01
6.829500043219655e+01
1.154904682727020e+01
6.418710028016339e+01
7.866136141990376e+01
3.614673811762908e+00
2.833285021052363e+01
3.224907877494073e+01
2.983252724159161e+01
9.822148089214297e+00
8.825641036418100e+00
8.995859547981927e+01
8.154590175559088e+01
3.104968733668779e+01
2.762911581789568e+01
7.934892935648044e+01
6.840506804567067e+01
7.243515228500364e+01
3.382218141752396e+01
6.067464065769438e+01
1.845750022607739e+01
2.234440242049489e+01
7.343136420167581e+01
6.818003164053896e+00
2.496852456823388e+01
7.126871872286719e+01
1.799868569616167e+01
1.524099172802688e+01
5.249166262917764e+01
2.346485481758828e+01
7.387883671274355e+01
7.833609430973236e+01
7.458679013633486e+01
5.156186183521611e+01
9.730473938272556e+01
2.007597546096704e+01
3.082155712452790e+01
1.799657485354532e+01
1.697930619911259e+01
5.864664249059122e+01
8.365139704367677e+01
1.950441441475619e+00
6.750773343607213e+01
8.886814261268272e+01
5.592573329616604e+01
9.522911039890214e+01
7.538902399846774e+01
9.434908721332862e+01
8.521990402844730e+01
5.529843790237720e+01
6.826023946900864e+01
9.272650424052333e+01
9.590763305123320e+01
5.148341094678427e+01
3.762832662911542e+01
8.504867231708424e+00
5.806692869312453e+01
9.514416479279481e+01
5.043627040015360e+01
2.783778595171766e+01
4.496720668159761e+00
4.997307236770776e+01
8.914150655695308e+01
7.799777601752326e+01
9.172538402105000e+01
3.166381760112188e+01
6.234097823609643e+01
8.916928576732488e+00
7.062490925687594e+01
8.781863366617758e+01
7.331809656383382e+01
8.880748263970366e+01
5.530815695193976e+01
9.727022312454424e+01
2.242024700270046e+01
7.452824650077532e+01
8.846517148821856e+01
4.589269712841729e+01
2.004166292959902e+01
4.078488682433259e+01
2.299387195286987e+01
4.739470251248903e+01
4.469858545097456e+01
8.844996531887443e+01
6.684224194234342e+01
3.783349349993909e+01
5.968851505764226e+01
2.465087702714413e+01
7.411930997582120e+01
3.889898720146110e+01
3.024382099054932e+01
7.553333485291030e+01
1.653066557670509e+01
5.812922388228085e+01
5.131364523028658e+00
8.120250798817841e+00
1.457770569928815e+01
3.341657194933694e+01
7.155053427980772e+01
6.041795074027868e+01
6.583397768709528e+01
7.514474600327422e+01
1.971879784004707e+01
3.615667206987583e+01
1.071972800917911e+01
6.822517708326930e+01
1.160891256835727e+01
6.185741879132456e+01
7.279375566765374e+01
6.580702707441851e+01
2.099628048995336e+01
9.993968536143176e+01
9.198930021002390e+01
5.720002863425763e+01
8.031708359733088e+01
1.656074608515983e+01
2.155985651610413e+01
1.099318406125213e+00
7.640258105304213e+01
7.667654658512983e+01
5.217706693903406e+00
7.554618105084923e+01
5.977229669679529e+01
4.450969963544500e+01
6.979252773793067e+00
7.492507988350702e+01
4.877339054307593e+01
1.650757157081159e+01
7.573750898043509e+00
3.019944016365309e+01
6.794639670660085e+01
1.541655301834296e+01
6.146328214624118e+01
5.051450945926574e+00
6.654301107234461e+01
3.468374504460196e+01
4.639228686987995e+01
9.385438319009467e+01
2.670041757016462e+01
5.575379592168788e+00
5.220089333700058e+01
4.580610433863760e+00
5.673144983906832e+01
4.034743273646917e+01
4.022289856347390e+01
3.704853338983307e+01
8.815152998461924e+01
4.885060347097488e+01
6.091142681469742e+00
3.819734362801413e+01
1.945668171134623e+01
1.022141157194106e+01
5.159947217982238e+01
3.349308368446914e+01
1.728919936217796e+01
3.525731434824751e+00
3.762558774912058e+01
7.851764134993667e+01
4.049630413786336e+01
3.076189389953478e+01
2.835144476422642e+01
1.738561038737446e+01
8.340833642678723e+01
9.497525547397103e+00
9.111338536772568e+01
3.275349672546307e+01
2.024332388315505e+01
8.380714612258930e+01
6.676856859902320e+01
7.660763840033097e+01
2.128344859056335e+01
8.594226803907299e+01
9.732770616995529e+01
2.807541500221725e+01
6.988686093589610e+01
6.328958969716430e+01
9.733222378293621e+01
4.409568321150527e+01
4.439554044250191e+01
4.594151826852072e+01
3.196838839536924e+01
1.015110137413773e+01
2.061373103438585e+01
2.376531400893131e+01
7.747119906240665e+01
7.862908238481222e+01
7.990047628055349e+01
3.468333745127699e+00
5.929367107306312e+00
6.869717928054612e+01
6.207655149608689e+01
6.258792000011910e+01
6.706660546691464e+01
1.948866994096370e+01
6.251498365891863e+01
1.479647914636716e+01
2.320008944869046e+01
1.242220444251886e+01
9.860362526895648e+01
4.393143157657769e+01
1.498050150227756e+01
8.102469597059520e+01
1.675249166635447e+01
9.971712166430294e+01
9.388491548313057e+01
9.331697756113344e+01
3.623497348103438e+01
9.626810788003174e+01
5.483607987632793e+01
2.241666415818812e+01
5.507323520959971e+00
2.957988950869995e+00
1.505443361357527e+01
2.512029401265098e+01
2.832342755437057e+01
8.838521092589255e+01
4.833378929101573e+01
3.176544668700800e+01
5.168652867511219e+01
5.331700390824908e+01
2.549737516115297e+01
9.251484651701285e+00
6.334461973204493e+00
6.219985422780731e+01
9.760307595022167e+01
5.475199080759287e+01
4.349472883320168e+01
2.536965810012522e+01
7.349889808031679e+01
4.888304278668158e+01
5.989486400964431e+01
3.570456357472789e+01
6.357790933157220e+01
4.225844705582523e+00
3.552881900012903e+01
6.251379342866773e+01
4.885190122241708e+01
6.864556375362238e+01
9.264283212490513e+00
2.176022693596791e+01
1.676893784514113e+01
9.371683411007599e+01
7.506092450351497e+01
9.125114800001083e+01
6.625874562480428e+01
4.999332765582638e+01
9.467279398565776e+01
3.522909816132351e+01
9.242098689657682e+01
5.598220054804450e+01
6.472089768607211e+01
1.483638562021609e+01
9.793990282245908e+01
5.579879770791102e+01
8.516983589398201e+01
7.507915262835061e+01
1.055078846893776e+01
6.473412614536198e+01
2.520371387954975e+01
9.052212438104773e+01
3.487201888806747e+01
4.603580722866384e+01
2.719095960594293e+01
2.268323326608317e+01
2.726163781586180e+01
6.271977860607196e+01
8.354535726064134e+01
9.164512520266935e+01
5.869565674043058e+00
8.069721892508549e+01
1.308675152859034e+01
9.128957432289123e+00
6.209029548898819e+01
3.908649144651671e+01
7.552776568360989e+01
6.072977043722280e+01
7.631550360299437e+01
9.812355199741364e+01
2.031407417744122e+01
1.786955283855533e+01
9.459817320788193e+00
1.104624500081234e+01
1.238037087599764e+00
8.557155033832954e+01
8.202698737477277e+01
1.148867393447490e+01
5.949411679035710e+01
6.486083653981837e+01
2.669942943691249e+01
7.358916484452280e+01
5.538296087429997e+01
7.706075868432445e+01
4.634916798507290e+01
1.751923268545383e+01
8.601695335750327e+01
5.569533726931333e+00
4.993437610097899e+01
2.568148031164030e+01
6.224819871701682e+01
4.639765678271542e+01
8.446275372265967e+01
9.387426865001873e+01
5.962987530959298e+01
7.199206951632726e+01
2.281156369615885e+01
1.624281248834115e+01
8.762227389385099e+01
3.357931162863007e+01
7.032588635120814e+01
5.655623560610983e+01
3.477990521806288e+01
2.419345221677490e+00
9.930284726400991e+01
6.784750151813379e-02
8.799089556000703e+01
1.057797954910341e+01
2.498243419685515e+01
7.783249881017605e+01
9.587207194225493e+01
6.911209941334656e+01
8.639778033196824e+01
6.381019673487647e+01
9.841721951887813e+01
2.884114711957106e+01
8.500075460644474e+01
5.516720384134315e+01
7.610288107586227e+01
6.788417886378438e+00
4.775712455052748e+00
4.753156972468438e+01
1.589586954372743e+01
5.232929710872904e+01
3.480176261384122e+01
6.986702376504756e+00
6.509757240540235e+01
1.818261887793551e+01
4.428849860294186e+01
3.250871171825971e+01
8.271540807686533e+01
7.562488428113279e+01
2.147685024956095e+01
5.844552053997550e+01
9.050266830739689e+01
2.161357049905396e+01
8.729347735051694e+01
6.603512501625117e+01
3.610536001441319e+01
8.826150679414231e+01
8.768212948352198e+01
7.149885528325049e+01
8.417589337759460e+01
1.093251468191506e+01
4.224469281837562e+00
5.888116902619655e+01
5.037925562373328e+01
2.503517047736569e+01
6.761917381902187e+00
7.903904178135053e+01
1.718390500973161e+01
3.299714812682809e+01
9.767679660472869e+01
6.712424576614249e+01
5.764385622816340e+01
6.456458455164199e+01
1.002960964573063e+01
2.097936175809212e+01
1.807897250078571e+01
9.081514062863548e+01
9.235676470788044e+01
4.860636668680532e+01
2.994299248323915e+01
7.635093577036212e+00
1.188334450679056e+01
7.987221939483296e+00
2.867816273527135e+01
3.511075611929910e+01
7.402234695573446e+01
7.487813121400686e+01
8.619938371060387e+01
5.670753766629265e+01
8.994791893751729e+01
4.035589026303770e+01
3.664409906447125e+01
8.377557018947583e+00
9.732823544057471e+00
8.996013234833261e+01
3.598266096598593e+00
1.642473997381736e+01
2.905175463717979e+00
9.176682405721715e+01
4.485034711884816e+01
9.196131159177111e+01
2.183345417577469e+01
2.338457434595776e+01
7.389782093181172e+00
9.439221489913399e+01
5.393525401779230e+00
3.378465270334140e+01
4.902859979729568e+01
2.460243134973684e+01
5.318989909868217e+01
1.612416455341697e+01
1.387062390049483e+01
5.422324922598118e+01
1.231981875017277e+01
4.713228687044806e+01
5.511295276466429e+01
6.172160024834872e+01
3.610373914060357e+01
4.184484497729915e+01
8.496439428299870e+01
8.847081600151529e+01
4.277668704408067e+01
9.074201136396360e+01
6.975004299066498e+01
3.944618550103446e+01
6.728468861770102e+01
8.674026857444098e+01
9.029795233639794e+01
3.261173289856488e+01
4.607314572021046e+01
6.529606011011454e+01
2.775564181048220e+01
4.274070050695013e+01
6.501797603676933e+01
3.668812193753576e+01
3.503507544986675e+01
2.124798690026998e+01
2.869938189568901e+01
7.081920945589394e+01
9.253070200445629e+01
5.580396058773807e+01
1.981663830569789e+01
5.667835309015510e+01
2.802062254772551e+01
9.485365212655331e+01
9.243181314898273e+01
8.871347489241207e+01
3.442532761694180e+01
7.848281780187172e+01
4.489485395368880e+01
5.373734927444595e+01
4.106505943511848e+01
8.083511971907463e+01
9.528911746818997e+01
6.138164273527528e+01
1.329984442018897e+01
8.298104814392563e+01
9.085833006112759e+01
1.055740300126253e+01
9.322622259763359e+01
1.721927892287228e+01
9.827807363973841e+00
3.060366401011295e+01
9.347723354281729e+01
6.931136202500731e+01
8.278602365534103e+01
9.881880828124416e+01
4.380402408717388e+01
2.317827647699894e+01
9.034155513641497e+01
7.331251891949798e+01
2.987287618679594e+01
1.544590015683598e+00
4.968333549317128e+01
1.636317945847436e+01
9.695102753907024e+01
3.380151187712397e+01
4.147273443707858e+00
8.993306923188878e+01
6.134950065116841e+01
1.842579088100502e+01
1.820785315623873e+01
7.026166881912465e+01
1.756899865230965e+01
9.735951553907223e+01
7.388104455260608e+01
6.348868304094704e+01
5.548815338662274e+01
7.563164079358413e+01
2.644418237099619e+01
8.724858196789800e+00
3.375765431381652e+01
7.688044257316758e+01
4.298971250792486e+01
5.944635069903283e+01
9.520586356297407e+01
2.734782482839554e+01
2.593510836639214e+01
7.135877989761474e+01
7.094679589893053e+01
2.998124683740607e+01
7.534461369521199e+01
8.298524077189398e+01
4.810228247572774e+01
4.475914186088328e+01
7.430989792305506e+01
7.293224212384422e+01
7.856065373800726e+01
5.438354478887447e+01
9.533543027720202e+01
7.620738804163756e+01
3.052774957871425e+01
9.206591741743773e+01
2.476174967585213e+01
5.212606790108889e+01
5.541729626963721e+01
6.694143082338452e+00
4.936812242929270e+01
2.364876215516067e-01
4.496941461459241e+01
1.869888530052215e+01
4.837498532066819e+01
6.245570344033451e+01
2.559462158269930e+01
6.049953375966266e+01
2.915907792242201e+00
4.761315116082000e+01
8.176185697399167e+01
7.499313078587555e+00
7.037932019232741e+01
7.250807800912675e+01
2.389456425974824e+01
3.515498639790108e+01
8.868176140295424e+01
2.941979245721353e+01
2.600387112517090e+00
2.745374572810426e+00
4.142655792712539e+01
8.685302533528443e+01
7.894364161367697e+01
5.665129211575318e+01
1.242500637305202e+00
5.197064250333730e+01
3.155963943878172e+01
8.912848494440712e+01
3.407181754432238e+00
8.772168009901497e+01
7.703036795231996e+01
9.890254978039421e+01
4.830828693150929e+01
7.448498181741917e+01
2.789402637998296e+01
9.219049964667786e+01
2.244155068064181e+01
5.268238412806875e+01
6.843435916511079e+01
1.448755088005567e+01
2.286815635062203e+01
9.555389387326031e+01
8.248478513326720e+01
2.366136360152688e+01
8.093038153877966e+01
4.682728985642422e+01
7.056835669584962e+01
1.150273383199365e+01
7.269710035654580e+01
9.957572654801223e+01
3.162847595830843e+01
6.026619857189534e+01
7.936880391993039e+01
6.237414468190360e+01
3.772149329898949e-01
4.057772873927733e+01
6.080028147473945e+01
2.688379642874179e+01
6.749621115973974e+01
8.879514764472616e+01
9.793368917793673e+01
7.577494167526017e+01
8.769769737855424e+01
6.186459290881855e+01
4.191249592318781e+01
6.715495310125638e+01
6.444469274228656e+01
5.323792302666135e+01
9.140928219603806e+01
1.703743963364392e+00
2.878839845247026e+01
1.345036794126517e+01
9.725763788319082e+01
1.957843686434367e+00
1.343402672253271e+01
7.711609680071292e+01
4.056553400147964e+01
5.137323972367367e+01
2.086874987970514e+01
9.553905944132202e+01
3.779139427365335e+01
4.190989073454863e+00
3.611854428244687e+01
1.869938216111594e+01
9.586732862324794e+01
5.303603497009540e+01
8.524617519473945e+01
8.796603688409833e+01
8.336547672905283e+01
2.481805250272996e+01
3.967566417515076e-01
7.208257549073667e+01
7.863709078106893e+01
8.590001616901719e+01
3.394716835298910e+01
5.419789955681092e+01
3.506026921563794e+01
1.687929570529577e+01
7.638220702129519e+01
9.117780131808379e+01
8.674470795632560e+01
8.284468179701115e+01
2.680707426127375e+01
6.167743837538987e+01
2.125773356354690e+01
8.879198361597582e+01
9.054436175643670e+01
1.840874553583970e+00
9.017433705282134e+01
9.723863880952757e+01
5.736232700634856e+01
9.519387972317350e-01
8.478976790084959e+00
7.388523867069057e+01
5.228347519984631e+00
8.193065835252901e+01
5.068036427287402e+01
5.805552883914464e+01
6.742398076105117e+01
3.089573091403383e+01
5.861910696077119e+01
1.785900356148323e+01
9.951236224710586e+01
7.186517225199620e+01
2.639660147316596e-01
8.467331150764288e+01
9.241475895625295e+01
6.833737998657738e+00
8.489120010514334e+01
2.335653091937142e+01
5.376219100028379e+00
5.197853415830924e+01
7.600293111801284e+01
2.209144086674388e+00
5.552011181391781e+01
7.930649499376607e+01
6.590471498943154e+01
6.269916289611680e+01
6.624008168756966e+01
4.527997167095540e+01
8.227622275346714e+01
9.656336186293669e+01
8.656898019209922e+01
6.302665074496839e+01
8.684703767618493e+01
6.940975923529349e+01
2.254801929115691e+01
3.361239378974419e+01
7.781202843310872e+01
7.871689599878941e+01
2.702394212923197e+01
3.586537420557131e+01
6.438013518433094e+01
5.899120655795150e+01
4.100847348617784e+01
9.359743743836761e+01
6.876035997120681e+01
3.951253022044549e+01
7.143506094414511e+01
9.293054202242314e+01
3.038559766969905e+01
5.833460970704193e+01
2.438755520823763e+00
8.092126226095542e+01
3.034138205942762e+01
5.663970078185186e+01
2.667915785064882e+01
9.918286628051794e+01
1.611305061546762e+01
4.361550684255339e+01
7.596811087614303e+01
2.871792988326304e+01
4.017886865892395e+01
6.080718560181892e+01
9.461084990511221e+00
5.924574735539302e+01
1.924479008617103e+00
8.535911328408827e+01
6.063830007828693e+01
8.902534408915106e+01
9.991175918835764e+01
2.438152666407708e+01
4.504695769634422e+00
3.271287429738458e+01
1.138439029985312e+01
6.253573278083267e+01
1.547142691699389e+01
9.880865048561648e+01
1.627335977567051e+01
2.597181490900545e+01
5.931842516144664e+00
5.611687808116753e+00
7.652954020375830e+01
5.149212156026258e+01
4.841659271550206e+01
1.957458263243296e+01
9.494050107660726e+01
2.400172032602211e+01
5.413536394673184e+01
2.642085604668635e+01
6.615775854613528e+01
3.078883398826646e+01
6.291720893369857e+01
7.685104789065711e+01
2.071903507258698e+00
8.408730937358332e+01
3.174962239887082e+01
9.406779571160104e+00
7.454976857386053e+01
1.028452697688924e+01
2.404798857124894e+01
2.691337285885279e+01
3.466605364096633e+01
5.290920732212682e+01
8.281018938068775e+01
9.137250114761875e+00
9.478603922519183e+01
4.804672927039058e+01
9.528674282845424e+00
2.816195889756175e+01
6.624165972054082e+01
1.598320501669459e+01
1.228757994821648e+01
3.863900436025067e+01
3.495398626427818e+01
7.303037828441261e+01
5.179521951442362e+01
2.045712281039782e+01
1.185632339299485e+01
5.237934391590736e+01
9.074114393011719e+01
9.429777539069660e+01
9.674167916958298e+01
4.962319249735362e+01
3.129361031171568e+01
2.817837392360827e+01
8.633197554682009e+01
2.901479603211153e-02
1.363075925671997e+01
2.172866706816883e+01
1.794258203261652e+01
5.854272756657690e+01
1.852880139766671e+00
4.664565112751241e+00
5.015010752256499e+01
1.252398631187341e+01
4.848996556759344e+01
3.681899967455259e+01
5.974255551572077e+01
7.571466154219334e+01
9.807502804234393e+01
4.574061825207463e+01
3.723308864852092e+00
7.272667017426653e+01
3.120716820992863e+01
7.878590127396672e+01
8.782956669471672e+01
2.159771580323470e+01
4.810903046657752e+01
9.968589008771157e+01
1.172256861427918e+01
7.139320511901434e+01
9.683284549826423e+01
8.430797228790260e+01
8.045349571874993e+01
1.090176133946598e+01
1.187905301893086e+01
9.401957783569563e+01
5.905805298083371e+00
7.471576359808248e+01
1.574824485729832e+01
5.431493402193995e+01
1.936844988696671e+01
2.828232479667400e-01
9.016680907931496e+00
2.430330264582452e+00
9.584251413859543e+01
8.858745297816930e+01
9.765451820458030e+01
9.381767748567168e+01
4.778017189715997e+01
6.449431789316903e+00
2.108209087563776e+01
7.018861401369266e+01
9.202279820666779e+01
9.593909005445386e+00
4.834730194338938e+01
9.261346393852190e+01
8.892868402829798e+01
1.633139737710887e+01
7.576018202852465e+01
8.967278967130594e+01
