9.418159573999307e+01
2.252768805368230e+01
6.538820465346249e+01
6.103214526597045e+01
7.186541895934633e+01
3.653730039323555e+01
9.410311537520174e+01
3.847429879870000e+01
3.550074707507191e+01
9.338445393060542e+01
8.688053585909332e+00
5.636034317145140e+01
2.591237240746262e+01
6.187908172694924e+01
1.160769118536622e+01
1.679170504994304e+01
7.670932164262483e+01
9.804000346830115e+01
6.243072783687652e+01
2.282435895075293e+01
6.693245846169650e+01
2.965401351901424e+01
2.068226072969021e+01
8.444875166027282e+01
6.126513698197209e+01
4.581947128559438e+01
4.618128349361070e+01
5.844827231878800e+00
9.260704419231370e+00
6.388792398566749e+00
4.688153487950635e+01
8.947188900293405e+01
3.063933445636152e+01
2.595374771671078e+01
5.280059657655685e+01
9.013562676968780e+01
8.838049768860475e+01
9.817034518260991e+01
6.716038671655599e+01
1.595634972488338e+01
9.241128647346575e+01
4.193848173224296e+01
7.203913809360896e+00
5.397122081088425e+01
5.085560299961623e+01
1.803537682538637e+01
5.662272980279416e+01
3.662921955652033e-01
6.403459071369589e+01
7.459658527495181e+01
7.570034445994550e+01
9.939895216347601e+01
3.557968769947984e+01
3.383518379825875e+01
4.981640486503784e+01
9.853390683351732e+01
2.228914863536561e+01
3.006166989452284e+01
7.780343507314261e+01
5.317111548649665e+00
4.575745595887185e+01
6.656685507230779e+01
3.527553511563480e+01
7.374224200553365e+01
2.325684820453490e+01
9.998914930037650e+01
8.734476742676681e+01
2.497584252849959e+01
1.973960405203495e+01
7.719521139617787e+01
4.888780468557393e+01
5.129359636981673e+01
8.304220837682588e+01
8.673819396027281e+01
9.226684001845626e+01
8.526446804649404e+01
4.773570739093037e+00
4.271523991726117e+01
5.072082013390996e+01
8.719082832671274e+00
2.992129364512921e+01
4.041096807476644e+01
5.861791649768963e+01
1.371215196033574e+01
1.531814477188426e+01
1.650907132612032e+01
4.684697140327048e+01
8.229580036471403e+01
2.188678692182842e+00
7.297631822199389e-01
8.187040699732975e+01
5.969226549365198e+00
1.103897206999314e+00
2.134557982038035e+01
6.548754734242686e+01
3.805424647315137e+00
2.910618713549626e+01
2.571022288208372e+01
4.215237728420290e+01
2.478636425211391e+01
9.959214478712163e+01
7.714690103994073e+01
6.864611863561259e+01
1.872583786897633e+01
8.972462350024125e+01
8.919642171319406e+00
1.225266336102628e+01
6.403245235049746e+01
7.518190083800903e+01
3.441199866794609e+01
2.201864506212000e+01
9.226024839666684e+01
8.474667616409560e+01
7.629512719637487e+00
1.832293114546823e+01
5.901772517665184e+01
3.111754545528327e+01
5.050963333365956e+01
9.882492399719773e+01
1.600611396879242e+01
3.435757725236824e+01
2.692437047461251e+01
8.558780117220608e+01
5.351771467994793e+01
9.029935211422823e+01
2.063996708981691e+01
7.341888298905403e+01
8.322717122883870e+01
4.303690048076068e+01
3.532751749052085e+01
6.805279947260991e+01
4.262904526788232e+01
3.774235455214156e+01
8.930835094736346e+01
1.005766862540397e+01
9.256498841222609e+01
6.823495340917025e+01
3.402918406484145e+01
3.603774189764529e+01
1.501321956283097e+01
9.462054529908139e+01
6.284895453734740e+01
1.412642640719490e+01
5.301818244765428e+01
3.988247576164197e+01
2.287321683153194e+01
8.993478384331557e+01
3.183853716209463e+01
8.746528000918462e+01
1.987993792625141e+01
3.921685905159305e+01
1.477803337144574e+00
7.132268951801709e+01
9.721535565201908e+01
1.878505852948178e+01
8.243776717336745e+01
4.544462731361605e+01
3.989773836913413e+01
8.383204177200425e+01
5.777072601847850e+01
3.336176091495983e+01
8.762869708595271e+01
4.345575507891166e+01
3.859668063865820e+01
5.263427354052396e+01
7.872629905060226e+01
5.431008113283202e+01
8.788287271181256e+00
8.200306961406166e+01
4.747965365996568e+01
6.794697198455547e+01
1.125451708736574e+01
3.661639794549737e+01
7.345932515964812e+01
1.064441307012197e+00
3.884655490463905e+01
2.003883087078055e+01
5.420748337833560e+01
2.920224286113039e+01
6.296307615142459e+01
4.214813459764613e+01
2.050769255520203e+01
5.905913610898850e+00
3.166874359905196e+01
5.988619027653998e+01
5.650619676173954e+01
7.948267929231872e+01
7.019110916656959e+01
5.454044018617851e+01
6.458067128648082e+01
8.654194608635359e+00
7.040876321047953e+01
7.424854071543018e+00
7.416973047618276e+01
9.005443802571596e+00
1.185816070617091e+01
6.060786431683594e+01
2.289524959535117e+01
5.557418472858806e+01
1.679894897006403e+01
5.332955580825431e+01
6.656656496532567e+01
6.227456785844387e+01
2.245745110439949e+00
6.719377993941016e+01
2.654726739346388e+01
8.936190716426908e+01
2.706367444575936e+01
5.433075132515782e-01
9.109242744329032e+01
9.822293380192617e+01
4.287820539571261e+01
5.951152935601376e+01
6.768914855443367e+01
4.384049295626603e+01
7.999548883177130e+01
9.770062165227748e+01
6.885805761854074e+01
3.803982396518803e+01
7.667436184206716e+01
3.176896960091263e+01
1.855359804749191e+01
1.146942554575830e+01
2.670456679850098e+01
7.681408830770016e+01
2.047486934832990e+01
7.352798710275813e+01
1.309057055650771e+01
7.634971420110655e+01
7.639848425816675e+01
4.433898359739175e+01
3.497078057144339e+01
5.262332845135747e+01
8.675548950524791e+01
9.468525233431032e+00
6.053333797516922e+01
5.812556140968835e+01
4.448788871266316e+01
8.759701242092858e+01
5.158456869031516e+01
6.781281086980030e+01
1.908879714044221e+01
5.660531206829720e+00
9.509184551196725e+01
6.715803373007012e+01
9.918423746674519e+01
4.661607278819013e+01
4.948654577577791e+01
7.344267762892073e+01
3.923081785404627e+01
5.188530937390649e+01
4.802356741764749e+01
7.413722960005386e+01
1.230424368395668e+01
8.001832858660181e+01
6.079234753772261e+01
4.679580100197149e+01
2.081122008190081e+01
6.213853878999992e+01
2.843702576516058e+01
6.775499538879608e+01
6.115650807561190e+01
6.340780633660397e+01
7.158806001375805e+01
3.374822020239580e+00
4.600551051367331e+01
4.718923878259456e+01
1.593121030178443e+01
9.049339922633646e+01
5.323592762147818e+01
6.203955517245436e+01
3.885121584816427e+01
1.003904431594491e+01
6.419534630337513e+01
6.985752492670785e+01
9.335350547607686e+01
5.528479169834628e+01
5.945587356549495e+01
6.800796639547123e+01
7.473504784271822e+01
8.036709506081748e+01
7.018588006970747e+01
4.028989423079877e+01
1.230826974488249e+01
7.560127371717303e+01
3.309748891419614e+01
4.518510757255606e+01
2.239707467257841e+01
2.664819426212842e+01
8.715757754964642e+01
9.567618146337391e+01
7.833917396065740e+01
4.809852254022775e+01
2.780583641855318e+00
2.237500125652878e+01
7.662860354251628e+00
6.024741724145013e+01
6.378708806065241e+01
8.043891400119240e+01
3.691506904406243e+01
2.947888194093429e+01
3.107814967216838e+01
3.063192075613510e+01
5.379530254462516e+01
4.971534993951924e+01
1.462482489395180e+01
1.133962469703500e+01
7.447233296673387e+01
6.251347864163736e+01
7.919905813373582e+01
7.478102621379357e+01
5.697881805569810e+00
8.785604494058343e+01
9.156251325810445e+01
4.120423758458544e+01
6.471296542543590e+01
3.754115502235533e+01
5.582927007033921e+01
7.236962107586191e+01
7.083931056356025e+01
8.241031322740498e-02
3.794414048918716e+01
5.746323455006966e+01
7.377814463050018e+01
6.624386080831469e+01
3.345030855082455e+01
7.178588401143713e+00
1.243346445841410e+01
8.196179512048224e+01
5.503275885946712e+01
2.709575436408434e+01
8.652842109395583e+01
8.452409258322980e+01
3.998881272971109e+01
8.844165387025180e+01
6.981023879247263e+01
9.062030291679329e+01
2.831899562306655e+00
9.459398868241998e+01
4.941695744610250e+00
8.633968051818185e+01
2.227982963541515e+01
7.129217641022622e+00
3.229817041768607e+01
1.007652278527456e+01
7.585319875546415e+01
7.975120911363103e+01
3.132159730015397e+00
6.315291270760489e+01
8.754394323916358e+01
5.508808118993793e+01
1.573216855327234e+01
2.759933929312943e+01
9.179816725281913e+00
3.199162643029896e+01
7.978538655665955e+01
1.894616676445406e+01
2.917401405478549e+01
2.388650501327892e+01
7.997580565511053e+01
1.510997946146409e+01
5.539313194127433e+01
6.942893418922506e+01
2.962251148634707e+00
5.430985691692209e+01
6.812985505355981e+01
4.178947216914477e+01
3.335084995876571e+01
4.718711597248312e+01
2.071159049901719e+01
7.108630206020842e+01
2.434890164264892e+01
7.308706598034457e+00
6.244324648866581e+01
6.566076975579409e+01
4.361873014998563e+01
3.829644524412996e+01
2.395095071939330e+00
8.847865187026498e+01
1.691542948452543e+01
1.640435080807859e+01
2.349138028150954e+01
7.063426015462460e+01
7.076332511881522e+01
8.488616239507039e+01
8.596194502243863e+01
5.926969496499267e+01
3.832329112958317e+00
2.118310105110663e+01
1.600792762637507e+01
3.045129116179947e+01
9.082806538363363e+01
7.923377048188530e+01
5.320731175747109e+01
8.899558949703146e+01
3.465962039058079e+01
1.172852931159014e+01
4.182077801871149e+01
1.338541042682967e-01
5.003042614554540e+00
8.393995174390263e+01
3.842639985421039e+01
7.671046539987925e-01
6.398947954363631e+01
6.222818119555161e+01
3.180062269410148e+01
6.536148212168435e+01
9.922808990777847e+01
7.936967275076064e+01
5.598382095619283e+01
4.502270661528348e+01
4.430166973932724e+01
9.345130663991500e+01
8.171418373552811e+01
9.515340938007152e+01
5.596237930281198e+01
3.095639414664190e+01
7.090189078399068e+01
3.916613014376077e+00
9.429807518343351e+01
8.690981841036576e+01
1.506567621373836e+01
7.313009522535377e+01
5.831087793144903e+01
4.846029865949428e+01
5.139486466133728e+01
2.693845440025369e+01
3.112057309184250e+01
8.201805678290225e+01
1.938126316265262e+01
8.089378479909794e+00
3.869882968193797e+01
6.365413608199644e+01
1.852133684722769e+00
4.675486686022713e+01
2.507663267901010e+01
6.147009076619059e+01
9.911814290057781e+01
9.400091408472551e+01
9.974014293390333e+01
7.153712952115440e+01
6.344739262175160e+01
2.849266958818430e+00
2.687134082749083e+01
8.688594614476243e+01
4.996208113150768e+01
3.573004456038123e+01
5.246087985693519e+01
8.650573384319699e+01
7.358146820849807e+01
4.139077339386138e+00
7.720228907521921e+01
6.096160554371849e+00
5.719328101593688e+01
6.608466821074703e+01
4.290863421881042e+01
6.731469704178846e+01
3.661890795296939e+01
5.492153580064026e-02
5.580127102127358e+00
5.766319383758270e+01
4.759233759138377e+01
7.806225357486971e+01
1.666398710415884e+01
9.545580097262551e+01
2.481712038853072e+01
2.582982789065215e+00
4.283234083225594e+01
2.739395491191836e+01
1.771232393463716e+01
3.626101209607954e+01
6.691045251996744e+01
9.381236452321167e+01
1.629686565897281e+01
9.574962896096969e+01
2.129452201598069e+01
6.625894679048049e+01
4.450220113829812e+01
3.472111878670805e+01
3.835579596383301e+01
7.301264585601754e+01
2.229596363487466e+01
1.555808503905222e+01
2.325139754603216e+01
6.829495908147420e+01
8.197261252532370e+01
4.286260867624665e+01
5.578824102682445e+01
5.859922178024390e+01
3.314300162398396e+00
2.257575542785961e+01
3.438175163901492e+01
5.092724028552288e+01
4.103496234912190e+01
4.862663650355611e+01
5.159932638127326e+01
5.726563076361345e+01
8.118530529606403e+01
5.154481625722014e+00
4.698942343098550e+01
6.691046653637218e+01
5.710265233977822e+01
8.250345572945823e+00
6.171048062933166e+01
9.049952127528355e+00
4.667133588654517e+01
2.261356442357114e+01
3.122863212191902e+01
8.658998905987943e+01
3.861740983026912e+01
4.802013721690520e+01
1.272288431074605e+01
2.281949251090153e+01
4.556975199169002e+01
4.653626570782451e+01
7.113349129032972e+01
8.805073932188132e+01
5.884955146296394e+01
5.639477039519454e+01
5.647112538873736e+01
8.304257322244466e+00
8.056144932311096e+01
6.868479576366245e+01
4.914406815038252e+01
3.277617638594293e+01
5.160846191067643e+00
8.226137193025154e+01
8.808366408948027e+01
2.582463339242369e+01
8.379725100649392e+01
1.193650141914212e+01
6.214576445619844e+01
3.793386371710052e+01
6.522035317738558e+01
1.039206311590600e+01
4.200642339047344e+01
7.308141052400758e+00
7.800067806523326e+01
3.366229437927822e+01
5.886374826490123e+01
6.478378202988942e+01
1.754139876809968e+00
3.443958881983514e+01
1.409378252648459e+01
4.390863550077594e+01
7.744756954603250e+01
4.426719823119566e+01
4.821983345235690e+01
1.355485618745669e+00
9.087820467114365e+01
4.690958794528133e+00
9.147494234679031e+01
2.091137227644742e+00
4.273852707945673e+00
8.887281370762400e+01
2.368766466327369e+01
2.824396185029482e+01
9.044365663567729e+01
8.394956126993036e-01
1.138430596859395e+01
9.270864743399837e+01
7.166742471590052e+01
7.673096814040605e+01
5.187120784626864e+01
4.126228808484147e+01
7.118604428655749e+00
4.424556817125788e+01
9.415719615954774e+00
2.660681508789156e+01
9.639127095993202e+01
9.581913109674079e+01
3.206271297860086e+01
9.697008561201864e+01
3.825667194940926e+01
3.209282789942475e+01
1.791605433352108e+01
2.081701998636919e+01
3.091538559222379e+00
6.508490823446070e+01
2.578670788825802e+01
4.799968495406196e+01
4.957673049046505e+00
4.911856695502929e+01
5.299935832293674e+01
2.756696107218366e+01
6.080500421151752e+01
6.354695109815660e+01
3.676258597372220e+01
7.858729431339879e+01
6.368614941075731e+01
1.603274467216467e+01
3.621309000822394e+01
7.646214648916487e+01
4.234958139357603e+01
4.001660372131346e+01
6.210980436862903e+01
6.518284434693999e+01
1.782027968104011e+01
7.225930386793767e+01
7.294891177348276e+01
3.025998781912960e+01
2.529658294529495e+01
3.184537320949388e+01
6.910134687512245e+01
6.355325489470422e+01
5.337078229215498e+01
3.303326393153205e+01
5.344786674410471e+01
8.630008883136328e+01
5.485514339751337e+01
3.865252301965492e+01
2.436561590263882e+01
1.882819585447581e+01
3.980501226140419e+01
8.439059601369807e+01
7.770813818914263e+00
5.301178579824594e+01
8.978192153842278e+01
1.424758695729430e+00
3.649681687191912e+01
5.465201626282745e+01
1.782700103606423e+01
4.542699691160908e+01
3.224965395976307e+01
6.679412488210673e+01
8.248982056159984e+01
4.949534998717501e+01
4.001347820275159e+01
5.388526919013135e+01
5.677102755604825e+01
2.573746402083778e+01
2.421836225512361e+01
5.690451681469777e+01
4.199213978927217e+01
1.404067408947306e+00
4.037680702301525e+01
3.505619821839789e+01
6.794583884437840e+01
2.352394518606548e+01
8.087143464054513e+01
3.056029343538000e+01
8.363528274168972e+01
9.970989874550602e+00
2.721929132343237e+00
2.344029495652779e+01
7.564908190427771e+01
6.829500043219655e+01
9.915829040070916e+01
3.962880696152747e+01
7.866136141990376e+01
6.122950853837166e+01
4.664203177515512e+01
3.605523963275144e+01
7.438503525889713e+01
4.414526999189764e+01
7.285512116404954e+01
6.684711490145284e+01
7.444745631629949e+01
5.712203795887625e+01
4.891236664211022e+01
7.081350906324271e+01
6.208569419667390e+00
6.620739976233216e+01
9.533685953139181e+01
4.047531464159270e+01
5.871944881916021e+01
3.571366650784093e+01
7.107813072906720e+01
6.901785869571280e+01
8.690861556069396e+01
3.697017907955226e+01
2.074292568524504e+01
5.556360518353228e+01
6.921793751847835e+01
7.151083372138014e+00
8.964161481225939e+01
5.399045862908962e+01
7.014574951964698e-01
2.357118689621388e+01
2.283919105438478e+01
8.473022747073799e+01
2.431067462279958e+01
1.799657485354532e+01
1.200658460706779e+01
4.135725849371276e+01
8.365139704367677e+01
8.580763064595295e+01
7.097430530515234e-01
6.393859305602432e+00
1.364601171279606e+01
4.910943459212288e+01
6.822839857462253e+01
7.248730546444995e+01
9.771332666171404e+01
3.652842842812111e+01
3.511824795748957e+01
3.684296926336502e+00
8.632938260507275e+01
3.459780920976671e+01
5.398956088069340e+01
6.567716173160689e+01
2.461903589992739e+00
9.941437109346239e+01
6.033145760201452e+01
5.266334817403152e+01
7.953603127018364e+01
8.678375328275550e+01
3.591702298071097e+01
5.758439449480940e+01
1.237366069684441e+00
5.149100928171119e+01
3.013409433426992e+01
2.588946806541153e+01
3.839812848642381e+00
3.241740573775834e+01
8.709499150844989e+00
8.749120989231915e+01
4.776150386210601e+01
9.743175147913012e+00
5.832896351736456e+01
7.702928431193776e+01
6.706530259319828e+01
7.029903431902595e+01
4.451742700511470e+01
6.731441014786922e+01
9.170497068749040e+01
6.079343727826767e+01
2.639960177540760e+01
2.821170358369672e+01
8.397733209839899e+01
5.831947208303934e+01
7.856752964601272e+01
8.247736025716986e+01
7.224535223666828e+01
2.009913144637790e+01
4.208949075177754e+01
9.154992578157686e+01
3.368651365567302e+01
3.723297833336191e+01
1.797847241069119e+01
5.191787153106083e+01
9.598919241502378e+01
1.333656637619090e+01
4.013140836736719e+01
9.763820231782189e+01
9.071399601675290e+00
2.357233670706504e+01
1.971879784004707e+01
3.708066606758194e+01
9.464275403630117e+01
8.799377623386391e+01
1.160891256835727e+01
3.371805200992061e+01
7.247787885017594e+01
6.174644546664621e+01
1.535138441964583e+01
4.884088735507843e+01
3.215685395158680e+01
4.563889896759712e+01
6.891698277039313e+01
9.191376505974389e+01
2.155985651610413e+01
7.339308456210098e+01
9.619417884209854e+00
6.788838336611556e+01
9.342597340858819e+01
3.929666031119258e+01
7.817212030206441e-01
7.775699872419098e+01
9.520803624540942e+01
7.415717899527270e+01
5.262995043426284e+01
8.133920528056994e+01
8.385165100165254e+01
2.758002184684389e+01
2.354647173711400e+01
4.257579238273939e+01
5.661821228294550e+00
2.945520013079755e+01
8.859436935214063e+01
4.308073941761662e+01
9.356775036713469e+01
8.548734653065323e+01
5.794434578062238e+01
6.183408576149218e+00
6.550050529907480e+01
4.981072035143651e+01
1.761472007148653e+01
6.019328784206569e+01
8.466593464122431e+01
8.993367519692224e+01
7.820093155754773e+01
7.138301686913847e+01
3.515268482042136e+01
3.486003402381206e+01
9.368846937720127e+01
2.452824419575196e+01
4.171488966872678e+01
7.452966318211037e+01
9.923514109069255e+01
7.092455782504965e+01
6.691839297624230e+01
5.188568795653325e+01
4.445882809556035e+01
3.076189389953478e+01
1.655631000947036e+01
2.270787634081574e+01
1.321736225542490e+01
4.134263882476028e+01
9.111338536772568e+01
3.275349672546307e+01
7.906069037460755e+01
9.568748017572216e+01
7.810658778907107e+01
5.788066557509855e+01
6.317040746247881e+01
4.742201182405558e+01
2.377227173362499e+01
4.946108239212123e+01
6.727296862158597e-01
9.192909374457277e+01
2.940317258676662e+01
2.552869311791318e+01
4.439554044250191e+01
3.549431526823636e+01
3.612984881556120e+01
2.561103539802648e+01
1.872101799525368e+01
6.937734595005277e+01
6.584274599600711e+01
2.219125219722802e+01
9.672801322151349e+01
6.705909155637914e+01
2.269348149313288e+01
9.929599021528661e+01
9.251082134084349e+00
6.258792000011910e+01
8.544210241429606e+01
1.948866994096370e+01
8.064221696958049e+01
3.416297903012623e+01
6.341072733672836e+01
3.679283183850014e+01
1.204927890191287e+01
6.913528538734433e+01
6.559347862638229e+01
1.250748369493870e+01
2.015271034098822e+01
9.971712166430294e+01
9.865917912621944e+01
7.737308832694455e+01
2.169694389295622e+01
6.045775779544271e+01
2.297013351832057e+01
8.063051392353630e+01
2.888063240278542e+01
1.061452413472092e+00
2.254246492988545e+01
2.512029401265098e+01
3.743834730118436e+01
4.079583396240875e+01
8.695005238379821e+01
7.295403428047618e+01
6.465660201602456e+01
4.367192468776923e+01
7.983604761764224e+01
2.608377231568274e+01
6.259844641322197e+00
6.219985422780731e+01
9.668359723719004e+00
5.475199080759287e+01
6.829758289656489e+01
5.433759840872958e+01
9.511266960534857e+01
8.940304028308161e+00
2.347288374950778e+01
1.814138540911553e+01
2.663605377387072e+01
4.704056323833790e+01
6.242445719541258e+00
6.172984156838145e+01
8.588655618293515e+01
4.448933119163352e+01
1.641478571873847e+01
7.778071662307751e+01
4.883914689945018e+01
2.931954382421428e+01
7.506092450351497e+01
9.125114800001083e+01
4.647260478067799e+01
1.780688106911578e+01
3.608515194434913e+01
1.958383997882895e+01
3.724778994789710e+01
7.103676757357864e+01
6.472089768607211e+01
1.612719097925685e+01
9.922346067578694e+01
4.338342591346402e+01
7.897069383364669e+01
5.441361132749059e+01
1.338092508417597e+01
6.473412614536198e+01
7.877875258157903e+01
5.299547354364557e+01
2.201423902158357e+01
2.303579311027927e+01
1.419941667197245e+01
8.153710820783726e+01
2.726163781586180e+01
4.918601924981271e+01
9.461884591477869e+01
1.457176684149158e+00
5.869565674043058e+00
1.533435006408689e+01
8.700922452239749e+01
9.458554493942556e+00
1.679083188846280e+01
5.284835484477149e+01
7.611180594009898e+01
6.196756896654496e+00
9.009574935310323e+01
4.656443649277298e+01
5.673319332149494e+01
2.734353930100032e+01
9.459817320788193e+00
9.567519696227983e+01
6.493976580209088e+01
1.636046977544225e+01
8.202698737477277e+01
9.392733596913858e+01
8.783173486023756e+01
5.421806730060749e+01
8.309058210956425e+01
1.303544869322118e+01
9.997235187328064e+01
3.252115800628492e+01
3.275629581546238e+01
8.074351902154439e+01
6.163152580225446e+01
5.640891476367084e+00
7.982026384203708e+01
2.568148031164030e+01
6.224819871701682e+01
6.216026645254357e+01
1.584281675323975e+01
5.472690600656295e+01
1.448150790039520e+01
7.904613287143695e+01
6.887810810882510e+01
3.666592763581590e+00
9.982304228461490e+01
2.430725275739434e+01
4.970366770853460e+01
5.655623560610983e+01
5.412395468639394e+01
6.865159630247001e+01
3.088574378326803e+01
1.544997888405341e+01
6.840237652342878e+00
6.101404966833724e+01
2.498243419685515e+01
9.492627084018955e+01
3.011884322861156e+01
8.635746319142984e-01
8.639778033196824e+01
4.446784953794808e+01
3.173841663251557e+01
8.485428191947484e+01
1.282243654728981e+01
7.030558100450112e+01
7.144015518549837e+01
2.879982661865644e+01
2.531357054846062e+01
4.753156972468438e+01
1.589586954372743e+01
3.830343128102992e+01
9.187228842259957e+01
6.053426445486688e+00
4.378431199294716e+00
4.913609644823526e+01
3.567428837328883e+01
7.555783110463891e+01
8.271540807686533e+01
3.659509734092052e+01
4.020416715191871e+01
2.161000958718826e+01
1.613584222092100e+01
2.161357049905396e+01
1.717009885104844e+01
1.361471084580510e+01
6.778876817216573e+01
7.461819847795097e+00
8.645851178395493e+01
1.506978772351043e+01
8.063698032900550e+01
7.382853765684577e+01
5.953763726145851e+01
2.842355455664152e+01
8.823969475377336e+01
3.780397690730354e+01
1.542885849039483e+01
9.648086763754527e+01
8.335849167004157e+01
4.074242908542158e+01
4.906380658460026e+01
5.533858563533919e+01
5.764385622816340e+01
3.863692876819378e+01
5.836060245445026e+01
9.585098498307680e+01
2.515048008651960e+01
7.007374538577803e+01
8.015463830910373e+01
3.148651068633725e+01
2.803167022207364e+01
2.912643483333589e+01
6.605388995541907e+01
5.663431503653261e+01
7.704878453027865e+01
6.630117132621872e+01
1.351756789419687e+00
6.640567144677307e+01
7.426415526972346e+00
5.670753766629265e+01
2.979408247852422e+01
5.750982712838325e+01
7.002055480611537e+01
4.948555619897579e+01
2.499367521376986e+01
9.044599732870515e+01
7.826336169534520e+01
7.554136224814754e+01
2.086216896812532e+01
8.303468212626628e+00
5.838414568378784e+01
7.600182731449689e+01
4.673707580507597e+01
8.465832191736359e+01
6.276372566947887e+01
6.289901545406273e+01
9.586204904870226e+01
5.688343544345508e+01
1.601612396352744e+01
8.759253266621033e+01
3.802723020223306e+01
8.763030794804465e+01
1.387062390049483e+01
8.917469097728595e+01
5.456717258997595e+01
1.782722422751934e+01
5.345947395705593e+01
6.213035758683940e+01
3.610373914060357e+01
4.131233642870203e+01
6.389863787400473e+01
8.732678628867808e+01
6.768123841270862e+01
3.659722960395609e+01
6.408776732351993e+01
5.033578302261223e+01
7.495770355451745e+01
6.768603346668465e+01
2.112710644543502e+01
4.112326383643004e+01
5.464279123332481e+01
2.966561682041064e+01
2.775564181048220e+01
7.086002136155032e+01
6.501797603676933e+01
8.271439423911012e+01
3.503507544986675e+01
7.167762353628763e+01
5.198851411789121e+01
4.857141652543630e+01
7.548929763747813e+01
2.451559269079733e+01
1.981663830569789e+01
2.455185438718268e+01
2.817403256342469e+01
9.191830455880533e+01
7.433310769234464e+01
9.223665063839250e+01
3.648574209608405e+01
7.177447684657503e+01
3.805843267499397e+01
9.929226622883802e+01
8.926914613194258e+01
3.131824072046123e+01
5.665271871567365e+00
7.963016004284385e+01
4.860548197692516e+01
7.077254218550983e+00
4.731619346296237e+01
8.841400406715181e+01
5.482248959821765e+01
1.958984649721060e+00
9.010133966342609e+01
3.188976367557876e+00
5.779972083764137e+01
4.775630177359856e+01
8.278602365534103e+01
7.593681541082302e+01
3.545355505098289e+01
8.819062839643593e+01
5.227515075927375e+01
1.914799447131715e+01
6.752879608773105e+01
5.367377374957957e+01
1.932504075547915e+01
9.132465719772721e+01
6.025627877575172e+01
3.303555964167955e+01
3.545485904228635e-01
1.891558697396684e+01
7.659746900973724e+01
6.189372137277095e+01
5.826153469191004e+00
5.724241722246745e+01
7.074328072869372e+01
1.489484138549065e+01
7.117877680397535e+01
3.803017830384438e+01
5.309694840251326e+01
5.400712362211529e+01
3.636668349447040e+01
8.724858196789800e+00
5.596610831840248e+01
7.688044257316758e+01
9.791942099012407e+01
4.999829300213526e+01
4.067496705831726e+01
2.577573611669975e+01
3.922878873498588e+01
3.509886075514316e+01
1.396636451313568e+01
4.370094898329160e+01
5.424685522646031e+01
8.298524077189398e+01
4.232130299430401e+01
8.205501813537209e+01
4.379251484935754e+01
5.703381633247893e+01
5.263853592455319e+01
3.832569408152517e+01
6.141079755565655e+01
6.652816132014998e+01
4.083915121892427e+01
9.169640582599510e+01
9.395095156224023e+01
5.811110216104942e+01
4.532635074356866e+00
6.418816748270214e-01
7.772268870739392e+00
9.666136279546718e+01
5.464900529694231e+01
1.869888530052215e+01
9.874514588096419e+00
6.245570344033451e+01
6.710926604788251e+01
3.276597733272518e+01
8.641232423782922e+01
2.551569604571708e-01
8.176185697399167e+01
1.234743255765523e+01
5.374585876881418e+01
5.270865282635607e+01
2.123932392394138e+01
1.125270273129116e+01
9.649763353937195e+01
9.045923319200948e+00
4.847894154883872e+01
7.503696068890251e+01
6.606816023870751e+01
7.421882826565710e-01
7.285650538879284e+01
9.872227460086451e+01
1.242500637305202e+00
5.105618091814973e+01
3.155963943878172e+01
6.097020369999586e+01
3.628610448738844e+00
3.252133421251612e+01
9.507613894300356e+01
5.359992871694264e+01
9.760184520743873e+01
7.072050998486603e+01
9.644540604038416e+01
2.121959697511960e+01
1.169142327815826e+01
4.487665088143044e+01
2.495647697940305e+01
1.448755088005567e+01
4.928049973644340e+01
7.175683871459069e+01
7.287214983854076e+01
7.935717109560835e+01
3.056871659614552e+00
1.214448609954886e+01
3.793921300114096e+01
6.682465610412166e+01
8.748959195217564e+01
1.498195725259462e+01
4.130280378335286e+01
6.026619857189534e+01
4.933427653710091e+01
4.700761197461169e+00
7.364600388037321e+00
6.325459469261327e+01
1.754356409308667e+01
7.816886458460655e+01
4.577022932738542e+01
8.879514764472616e+01
6.983995832029728e+01
4.160556315519175e+01
8.393861031343164e+01
7.636525858024380e+01
9.208990227994039e+01
4.570556070921270e+01
8.463818066969429e+01
9.295000419623685e+00
9.313010754675145e+01
7.463316241029332e+01
8.756955610009355e+01
4.752277096152434e+01
7.289936015051759e+01
1.957843686434367e+00
1.343402672253271e+01
3.480155376475377e+01
1.271784706633438e+01
2.301202631695756e+01
8.650522897322905e+01
9.668370121935554e+01
3.779139427365335e+01
4.190989073454863e+00
5.677841001040228e+00
2.532702620389267e+01
3.221839192892350e+01
7.799150230269484e+01
4.690522004240435e+00
4.678700405489048e+01
6.389364076959605e+01
2.481805250272996e+01
1.732993052216709e+01
1.341968994281240e+01
6.857925814975950e+01
2.313234802481362e+01
3.224111508216761e+01
4.797954142465235e+01
3.617660945103346e+01
8.052009115019818e+00
7.638220702129519e+01
9.706140984644249e+01
9.151245811558908e+01
3.118010192698804e+00
2.275127872021463e+00
3.790245919390696e+01
3.927228764596967e+01
8.879198361597582e+01
9.925816748256709e+01
1.840874553583970e+00
3.022532329439434e+01
9.526318083296678e+01
5.670626971717284e+01
3.423885099321550e+01
2.278081147129685e+01
8.157971183842966e+01
4.636305605357655e+01
8.193065835252901e+01
2.499783561797712e+01
1.460347069176076e+01
2.202873333451745e+01
5.219352932283353e+01
5.805334581902872e+01
9.587409673066534e+01
2.354665264652420e+01
5.315412923374871e+01
8.873856565390646e+01
6.715396906582359e+01
2.206741865820597e+01
6.833737998657738e+00
7.520597822740952e+01
5.377417549201016e+01
8.078881608358995e+01
7.265915701755283e+01
9.678830108455769e+01
8.306394395561141e+01
5.394121103637908e+01
6.716127873731837e+01
3.450453548436264e+01
6.269916289611680e+01
6.497993425698016e+01
7.309294565259150e+01
5.796234368251746e+01
3.713938139245816e+01
8.656898019209922e+01
7.168302571945033e+01
3.931052453783831e+01
5.435143441630128e+01
7.185078457549716e+01
7.483041285296456e+01
7.781202843310872e+01
4.552650281485473e+01
3.049728573788763e+01
5.042216752209801e+01
7.994344019328405e+01
5.903168677307278e+00
4.938349386182777e+01
4.041460018624300e+01
1.355016674546067e+01
3.951253022044549e+01
8.001888640225814e-01
9.293054202242314e+01
3.038559766969905e+01
8.851792383404351e+01
6.558969903997597e+01
8.423848873201688e+00
9.873015093558010e+01
1.421266059121707e+01
7.558512765708618e+01
1.044374760726641e+01
4.991134863808348e+00
4.458728090142239e+01
6.747601896872558e+01
4.146068028242359e+01
9.867231850450501e+01
6.160100533701526e+01
9.461084990511221e+00
2.014336032799601e+01
6.842457324658734e+01
5.665253431380379e+01
1.804640331214592e+01
8.990368130146697e+01
8.467174809643615e+01
3.676703867351964e+01
4.517672422583063e+01
7.169969392553888e+01
6.613461024413565e+00
2.484974871615402e+01
9.210876966459153e+01
2.016362776987424e+01
4.641611773819482e+01
2.597181490900545e+01
3.873626936168236e+01
3.999274384230038e+01
4.101447902667079e+01
8.972280150732157e+00
9.882546523531221e+01
8.434200528279972e+01
5.113826554787265e+00
9.271337794731994e+01
4.775029292691047e+01
3.632170750588259e+01
2.145570876144604e+01
2.521725367997646e+01
3.020084990663494e+01
7.250387509004393e+01
5.153934832268364e+01
2.934632498274852e+01
7.979138934975089e+01
3.500190946972086e+01
6.250597930630016e+01
7.696603712484522e+01
2.404798857124894e+01
4.437650653737435e+01
2.672921308629644e+00
7.206091050620233e+01
9.536312813654688e+01
9.286382333043210e+00
5.168313023246970e+00
2.875679271703437e+01
9.834373146218421e+01
1.059540543267289e+01
4.929132310174933e+01
7.612453665403859e+01
2.141647218792535e+01
2.955176356693346e+01
3.694339787445190e+01
3.184795753650738e+00
5.166045392475112e+00
2.045712281039782e+01
4.676348029019473e+01
1.322364477125166e+01
1.162443291937207e+01
2.366970848462996e+01
7.538333599240674e+01
3.315152783559241e+01
4.140807331605259e+01
1.213139482407430e+01
9.411635198356414e+01
4.108148824473912e+01
1.294648885398474e+01
3.540576642165229e+01
1.181824142663658e+01
4.414629132679956e+01
3.230137565746036e+00
4.664565112751241e+00
6.674897403770544e+01
3.085731478913562e+01
9.583595725513806e+01
1.599403895251175e+01
2.098950474569086e+01
7.571466154219334e+01
2.231558315563741e+01
4.289682146296688e+01
1.279466227292766e+01
7.436961684113816e+00
6.456131318796487e+01
6.208509754486619e+01
4.694784541937888e+01
1.368765938733130e+01
9.341161283357610e+01
4.127100098006008e+01
2.983291076022801e+01
3.629395078695097e+01
1.860771864587801e+01
6.947136147388787e+01
8.045349571874993e+01
5.325910684338729e+00
1.187905301893086e+01
1.141705937283908e+01
5.354925480370841e+00
7.471576359808248e+01
9.098944779997200e+01
6.665226638626879e+01
1.377354460478460e+01
9.682396775894983e+01
3.927871665883750e+01
2.454481316942015e+01
2.837321475538109e+01
9.989722450259012e+01
6.986747522366581e+01
9.461330645466843e+01
6.936303953144841e+01
8.164977020660871e+01
1.067971140643568e+01
5.089939476498374e+01
8.677374580259143e+01
4.555853775029934e+01
3.159055031444437e+01
2.087645159143789e+01
9.798357142041604e+01
4.175891473039934e+01
5.394563966148795e+01
7.571632018113338e+01
