1.550325309648330e+01
6.620412709480344e+01
9.079582625571445e+01
8.388983136224087e+01
7.546275713269726e+01
1.011907482059629e+01
6.494183631843973e+01
5.468728260821071e+01
1.212914619228297e+01
8.928673774436430e+01
1.683613560946478e+01
9.704045224797002e+01
6.835020010748421e+01
5.110887850220729e+01
5.347078067877832e+01
3.428828135798140e+01
8.287703100725871e+01
9.337018201750246e+01
4.702522710292843e+01
3.121364080869296e+01
1.794016124584720e+01
3.497812619198958e+00
6.004247537816059e+00
3.864747906972072e+01
1.954870644004490e+01
7.889440067992285e+01
4.549217077227876e+01
6.840572164785384e+01
9.870772166117455e+01
9.516860828509955e-01
5.980983891515519e+01
1.421097471109171e+01
6.715581317765444e+01
5.060566512430350e+01
9.810080607333258e+01
4.261857026378558e+01
6.072473999146592e+01
6.304264234520618e+01
9.730585287199628e+01
7.285388618374890e+01
5.232938008957048e+01
1.414198848146107e+01
6.989433838515279e+01
2.067958015048857e+01
6.525086698366836e+01
2.336511901736498e+01
5.496786150846996e+01
4.812789794436092e+01
1.673530098830131e+01
1.993088564832270e+00
7.934153875305388e+01
3.467546223414850e+01
5.490901184031228e+00
8.534578633743608e+01
7.332294130386921e+01
2.503960762407613e+01
6.424018697079281e+01
1.881511202958185e+01
9.344532927192995e+01
6.294790858540122e+01
1.976679811243284e+01
5.325516814051903e+01
7.715888329649292e+01
8.692261129008727e+01
3.860833218256400e+00
7.525968932325937e+01
2.954118155387285e+01
6.458557320972233e+01
3.830233166846555e+01
2.684703437930300e+01
3.743945934690510e+01
9.063171175803603e+01
4.098902286076407e+01
7.333797685491758e+00
1.131129186195847e+01
6.239889844432422e+00
3.069891670285674e+01
6.627915337042843e+01
5.436778778879334e+01
4.743421769115805e+01
6.827224193526071e+01
3.370932654184723e+01
8.210967997187268e+01
7.376314311929193e+01
1.905511283271718e+01
5.543262122917577e+01
9.880275074336807e+01
8.329529980350998e+01
7.424773330532375e+01
9.224807996873189e+01
4.624320838891119e+01
9.401453141775659e+01
4.550324806268478e+01
2.340209163883798e+01
8.093714270784386e+01
4.936408128094118e+01
9.866178100866348e+01
1.047832421515059e+01
1.394965449066351e+01
3.696411263056291e+01
3.732535859445360e+01
5.138911383756862e+01
2.759582434203282e+01
7.831438150178379e+01
5.872291156962649e+01
3.890711620399128e+01
8.455427134621621e+01
8.942182827248322e+01
5.186269527853592e+00
3.892205908844343e+01
3.685604596364128e+01
7.345851146311429e+01
7.263138563029067e+01
1.896572588894783e+01
4.722165453584010e+01
9.168649846300785e+01
7.439834711812360e+01
4.602440523264203e+01
7.498179826651784e+01
4.864608037688122e+01
3.827248515480780e+01
2.122500660886290e+01
4.266061179463779e+01
8.377573321749257e+01
4.462709824770088e+01
2.359775445591554e+01
3.313981445186763e+01
4.328887920979824e+01
3.407607867106613e+01
4.708946894253113e+01
8.025299184036115e+01
7.140143726551972e+01
9.847858282666587e+01
7.848816135827833e+00
4.971581872073739e+01
5.720149434972625e+01
4.675593233981912e+01
3.427009002038748e+01
4.662332257564334e+01
5.194220186767271e+01
7.319214915539703e+01
8.347936853928462e+01
2.540071328422088e+01
4.582353473912158e+01
2.445094381666320e+00
7.262236782006099e+01
3.751003320212943e+01
7.684344154635605e+01
1.864677300613689e+01
1.249183142208114e+01
2.548952187667113e+01
5.691925816094469e+01
3.371683803094403e+01
6.815013367130894e+01
4.069499133187113e+01
7.834393627864492e+01
9.174788812722447e+01
7.383480583030489e+01
2.163281548844316e+01
2.582396675172446e+01
2.092427472626990e+01
1.885807282238178e+00
9.722540406381032e+01
1.940285750636964e+01
9.734623464632138e+00
4.694122273798158e+01
7.660435185609587e+01
5.649055580445126e+01
8.121131280493518e+01
2.322767443173922e+01
8.432757672123964e+00
5.440346191376609e+01
6.707042924457715e+00
3.383347095634484e+01
2.269966063215382e-01
9.152137352690165e+00
6.455838776405826e+00
3.773702980845097e+01
8.599557889904621e+01
2.510261178254272e+01
5.022886123053210e+01
1.148510072915121e+01
8.202186999005353e+01
8.394569926147615e+01
7.963523444702628e+01
2.271686127535853e+01
6.228963554012107e+01
7.138312252768461e+01
9.655166710566341e+01
8.392245102856423e+01
9.720708932597520e+01
1.747594183193331e+01
8.580825831080240e+01
9.443249334321939e+01
3.687879933830295e+01
9.554288177543454e+01
4.137371603463484e+01
1.348315119439883e+01
5.203343757988580e+01
2.258502879300389e+01
3.671082562613805e+01
6.046619525200975e+01
7.698849070676998e+01
4.341786855059577e+01
9.429966620835461e+01
7.721548735965764e+01
5.257000590328593e+01
7.555049381942976e-01
1.495251712154248e+01
3.856558475576601e+01
2.585811676730314e+01
6.518137839864072e+01
5.005068553148335e+01
7.879986710790539e+00
4.912707761355074e+01
2.968591993194349e+01
3.059684798614907e+01
1.141671310710568e+01
1.069042413061970e+00
2.714851509181248e+01
9.533916413566989e+01
9.827613173903717e+01
4.462445692374579e+01
8.114742244647231e+01
9.270862503569045e+01
8.150325626204872e+01
7.669030417534071e+01
3.408234107032527e+01
9.498640745644757e+01
2.872374170866038e+01
5.666736986332916e+01
3.169723303601948e+01
8.918993696067014e+01
3.365586057009914e+01
7.511510163318138e+01
8.348960316902475e+01
1.087134788319066e+01
2.768510748990118e+01
8.424510810721904e+01
2.582386500473314e+01
6.625069229223331e+01
1.010322482795605e+01
9.100524340337387e+01
1.630137777715054e+01
1.798321153874658e+01
4.013232101692461e+01
4.598729770909403e+01
4.858005957146178e+01
5.154903412403028e+01
4.705634012215600e+01
7.572857466327426e+01
4.688819825970018e+01
4.533247186119318e+01
2.035303154045391e+01
2.803562065960635e+01
3.804109685031748e+01
1.856287755936518e+00
4.725924788380937e+00
7.212343792064276e+01
9.684269525895020e+01
3.344966654360744e+01
2.879080778397192e+01
2.853992824840356e+01
2.263960345771145e+01
6.244666835407106e+01
3.655029835018809e+00
6.129206580170061e+00
7.331801623726170e+01
3.134013737148612e+01
9.037431473395522e+01
9.914188124199485e+01
9.759082966371943e+01
4.775395153451429e-01
9.014712464536872e+01
1.389220739430385e+01
1.846075110065786e+01
3.027944561572720e+01
5.987950510339788e+01
6.704081067211963e+01
8.182847973975747e+01
6.935845178987758e+00
4.276938528882776e+01
2.871667795289153e+01
5.226831704018093e+01
6.312241682928168e+01
5.675229861249789e+01
9.030941393706455e+01
6.497870458521820e+01
6.147822344744496e+01
6.243285181114118e+01
6.182139979760228e+01
9.492788999105240e+01
9.122365959511309e+01
9.036132809257197e+01
1.756749340219772e+01
5.367032790261802e+01
9.401635792759078e+01
2.369670002893391e+01
2.698834409331360e+01
2.535649525251076e+01
1.407101471632301e+01
2.613022533530846e+01
2.294732486966407e+01
1.454855423166815e+01
1.627734993411105e+01
3.683953226396793e+01
3.300930533232601e+01
4.655679554983824e+01
9.671903736736580e+01
5.011595787951535e-02
2.838527524302959e+01
3.654882546353565e+00
4.281950124670728e+01
5.710195324248726e+01
5.592319958653450e+01
5.941918029422834e+00
1.385425180841901e+01
4.623261347703292e+01
7.092062266120716e+01
7.533247525586397e+01
8.665465288174090e+00
3.274202241224331e+01
7.026036520035022e+01
9.988912488328718e+01
2.310335045824915e+01
8.782785864911408e+01
5.355945278590519e+01
1.711970838583992e+01
1.152455863148186e+01
8.054779687921879e+01
4.247620363835068e+01
2.559557334780487e+01
6.678022167961123e+00
6.542352855458088e+01
4.014412757947301e+01
2.295537210207217e+01
2.263060771982679e+00
7.315343295836514e+01
6.951216765191042e+01
9.898209818591461e+01
7.320354891624467e+01
9.789744294150613e+01
2.636980685702051e+00
1.602305016295195e+01
5.499939613742726e+01
5.856018027223655e+01
2.196496819237478e+01
6.885364794584626e+01
4.792793749269467e+00
9.288559085358195e+01
4.418612320171023e+01
1.345825903744356e+01
2.562761326582525e+01
1.444648835549433e+01
1.334738387416461e+01
4.873096372407441e+01
2.274346958042284e+00
6.690683666006980e+01
6.585067210991433e+01
1.379890558952415e+01
4.745463353928860e+01
8.326875748265012e+00
3.939447893732901e+01
5.413265570724973e+01
7.375040430284589e+01
7.953860656336816e+01
7.708802785588801e+01
7.601346507482857e+01
5.269203947516719e+01
4.660019546123231e+01
7.499556321417707e+01
2.589558834484573e+01
4.449763835617231e+01
7.763254389987911e+01
4.191863850779768e+01
9.949703449359957e+01
3.619272417211567e+01
6.388360674673860e+01
6.835068243944583e+01
4.098551792138513e+01
5.676919755375442e+01
1.253680559458994e+01
5.444377695882869e+01
8.239681081957967e+01
2.698329395008427e+01
6.779116083299328e+01
3.112777454365407e+01
2.925764095469268e+01
3.469799749306310e+01
9.697844665356840e+01
4.305654654421683e+01
8.215263103235169e+01
5.305322355267276e+00
8.245102552811197e+01
3.628528669303529e+01
7.905572665811317e+01
6.198963204491401e+01
1.337331450235719e+01
5.506919173294175e+01
1.468167147351507e+01
5.997351001015561e+01
3.006475490055268e+01
4.057725981836079e+01
4.471148319761804e+00
7.697298800431797e+00
8.249589837272461e+01
3.968182813361372e+00
4.389002297254746e+01
4.637950507289707e+01
7.231886525280721e+01
8.487554089393259e+01
3.148702580085352e+00
8.485567084739715e+01
3.931931780619514e+01
8.554551344623114e+01
1.183896475091528e+01
7.110478592622317e+00
1.667328794331909e+01
4.109660570560796e+01
4.180847608568541e+01
1.365173455032135e+01
8.415315229639091e+01
2.396110707147098e+01
1.895705695215475e+01
6.660417777793677e+01
6.024639381107241e+01
9.801278361026793e+01
2.859380977628464e+01
7.361970831342958e+01
5.308197529664355e+01
4.327548124979971e+01
3.359321827701908e+01
8.314673024376236e+01
8.385274106816051e+01
3.806436664334702e+01
9.084402904419416e+01
6.634863939431898e+01
4.203254945670839e+01
3.473405197017549e+01
1.272814442064992e+01
1.435141466294947e+01
1.960959281754196e+01
1.587684704730140e+01
9.920708551034662e+01
5.892891062373711e+01
1.422360446966421e+00
1.104605021469577e+01
6.603938921635942e+01
1.809564839028551e+01
5.214265596686987e+01
7.847865302044836e+00
3.174738294060686e+01
3.629580821669465e+01
3.180897237351582e+01
5.070443989276161e+01
2.899985948065289e+00
9.205536618458822e+01
4.871722350302954e+01
3.149379572434993e+01
6.567507449801782e+01
1.799198753106966e+00
7.476927697414965e+01
9.926829277503690e+01
8.494592899686933e+01
5.862201799574402e+01
3.733265937181779e+01
7.578995799449736e+01
2.497065739006300e+01
7.936520882852618e+01
1.052400991810672e+01
3.769880181071293e+01
9.371662349147564e+01
3.013360273564868e+01
5.357564885801433e+01
9.292370895525613e+01
8.906251335938579e+01
5.499800930498076e+01
3.969759169951900e+00
5.510190257574520e+01
7.309365769526626e+01
5.611241513682176e+01
6.294976787779004e+01
4.841040635873116e+00
9.240822335351642e+01
9.475874025130587e+01
5.554548052863473e+01
9.530820930158170e+01
8.681410643589409e+01
4.262703985098145e+00
2.680200497936551e+01
5.248918088734577e+01
6.061902784771241e+00
1.571281906949022e+00
5.175747361581655e+01
9.100783178164058e+01
6.019329990269304e+01
8.909013303420046e+01
6.679778977613793e+01
8.516395729275604e+01
6.845534181616053e+01
7.732179969424465e+01
2.286275910346897e+01
6.217196530763617e+01
7.455402429893335e+00
7.643840796148331e+01
5.509567421632617e+01
9.651791578927912e+01
3.143641726646405e+01
5.906543338627807e+01
5.161981831845819e+01
4.530074915164185e+00
1.517784847653371e+01
1.456958614968210e+01
9.371115551037303e+00
7.586071783483993e+00
9.328326400987956e+00
6.491659612623816e+01
2.894281038499568e+00
9.614243283688204e+01
6.917930011133630e+01
2.969628601786508e+01
4.863161367766168e+01
7.524120289610755e+01
3.126756792481410e+01
3.890872469121066e-01
6.624903467774811e+01
9.146086787407327e+01
8.947922028111257e+01
3.304682440731992e+01
7.662482512026318e+01
5.793456209727310e+01
1.036862405499845e+01
9.948758422373216e+01
2.010652735834314e+01
1.782402648489178e+01
7.592599218521546e+01
7.520220157466932e+01
1.434194227417090e+01
7.362409405113389e+00
3.426763496094739e+01
6.596176059262909e+01
1.189248432027757e+01
4.944548343748109e+01
8.053134678887731e+01
2.126359991788100e+01
5.703155526753122e+01
8.985967318986528e+01
8.618019604411916e+01
5.992583630603079e+01
8.600210598018118e+01
5.535949610888935e+01
8.962212237046199e+01
3.463371961127674e+01
3.060069900499689e+01
2.088969024870996e+01
3.502280685818885e+01
9.684973368274501e+01
1.235055807621710e+01
2.450202713930143e+01
2.989655804349881e+01
8.897538324304641e+01
8.243658923657452e+01
4.026518209849726e+01
8.846296742021245e+01
2.543116548351532e+00
5.808920862995517e+01
6.438895955886179e+01
7.774531812302085e+01
7.243115090412607e+01
7.175136896397517e+01
1.201295303740210e+01
3.839291145018903e+01
8.364385333081886e+01
6.145843652144934e+01
1.892425819250022e+01
4.907453202133744e+00
1.848999174241442e+01
8.783931335799364e+00
9.108764924625291e+01
7.841582804844521e+01
9.478603731598055e+01
4.644714530857613e+01
6.803795037234106e+01
2.941975688069116e+01
7.704784431357302e+01
8.892764066761715e+01
6.444256378544614e+01
7.389757794975191e+01
1.278198697268124e+00
8.894459092474757e+01
3.794135946684581e+00
9.025358194031455e+01
7.138118011475596e+01
4.405931809174796e+01
7.871654936052698e+01
7.392429666310750e+01
2.148526675137005e+00
4.310550887282263e+01
5.166961473956221e+01
7.457967757926308e+01
1.485687783679779e+01
6.368256782353043e+01
1.297258898288598e+01
9.850073116761666e+01
2.514100429841364e+01
3.189684722195232e+01
3.408184323184278e+00
4.363099604082806e+01
4.068077855775169e+01
9.449583356943720e+01
2.204682404270713e+01
3.546681587373224e+01
4.094297883144718e+01
9.008477446161433e+01
6.488657275442340e+01
1.799082314502020e+01
7.901241508266536e+01
2.932913649330341e+01
9.188840109477211e+01
8.029061377993347e+01
1.827372737148485e+01
9.568253708802281e+01
7.054419572024801e+01
8.965490748624080e+01
3.974185513320465e+01
4.926074503420887e+01
6.357920410278216e+01
4.189038180834166e+01
9.236625390703149e+01
1.524881884234437e+01
1.647005934103860e+01
7.223131697263165e+00
7.893138666587480e+01
2.944264832392458e+01
5.723862818313698e+00
4.072390917722317e+00
6.133949554587691e+01
9.132047141497978e+00
4.770338695855038e+01
2.020274103628599e+00
3.627880664369036e+00
6.975021100125751e+01
3.748708997736084e+01
4.457085954238235e+01
5.983498541630571e+01
2.373662685218110e+00
6.256168268740255e+01
3.884740045240493e+01
3.170279922508765e+01
5.445008373560854e+01
1.913801423233841e+01
4.997652659657250e+01
5.013262077706523e+01
8.968220995258643e+01
3.963143408281330e+01
8.987447591026988e+01
3.894295494022917e+01
3.210638139029331e+00
3.176485767204541e+01
3.130920880069454e+01
1.845945698137370e+01
4.823491701308401e+01
3.853234054452383e+01
9.739084364724850e+01
7.767756538357472e+01
4.425620336283752e+01
1.463234518404694e+00
3.901706088288550e+01
5.338825055090164e+01
4.916662147695507e+01
4.103733498651410e+01
5.701613121527067e+01
1.891683247821258e+01
7.852442496387494e+01
1.586990711086891e+00
7.875181789451830e+01
8.089808769565919e+01
6.414867339848944e+01
1.759921834692323e+01
1.260088687418070e+01
1.859875713409798e+01
3.673723257926164e+01
6.257741347075319e+01
6.873137791116321e+01
2.641944248528193e+01
2.208847507000364e+00
5.860585382143309e+01
6.536239742551111e+01
5.419485692595823e+00
9.037071149347848e+01
9.667160622620564e+01
2.387894267396952e+01
3.860562850656250e+01
3.520394672416334e+01
2.126978632121802e+01
1.628319384357109e+01
7.946015013356700e+01
2.273302083962272e+01
5.530025472645660e+01
3.284840063790251e+01
7.189964236314393e+01
9.633758975953683e+01
8.986453185317318e+01
9.081647484135650e+01
7.486201467684563e+01
9.145152261082620e+01
6.956829268930866e+01
5.576010232593869e+01
5.560019596274951e+01
8.716751103623189e+01
6.836098920011939e+01
7.419895309684750e+01
2.390474356892739e+01
3.093840267087258e+01
4.293033100801070e+01
5.032418605420933e+01
3.314725017787295e+01
1.536184782877650e+00
1.568658343315431e+01
3.856673587046877e+01
9.190689627635614e+01
1.235818965935995e+01
6.244567859100443e+01
3.051252473635251e+01
4.756213638352330e+01
8.371546491222244e+01
4.679571857992360e+01
2.702228647052417e+01
6.448485705279040e+00
2.095973306380200e+00
5.987068710842668e+01
7.834812806842297e+01
9.843356306591703e+01
4.973521896159986e+01
6.916460286321333e+01
7.329557769619653e+01
4.118674152585992e+01
3.873289555252199e+01
2.905568002213523e+01
9.678693748860942e+01
2.590040654218775e+01
9.741666922225461e+01
7.098589058545693e+01
4.980515015768127e+01
2.835507184656107e+01
1.391622154690149e+01
1.293361653244757e-01
6.150232207100015e+01
1.545240632977914e+01
1.581591964504491e+01
6.905789490279643e-02
7.359302559569153e+00
2.817410930440487e+01
6.251473648590722e+01
3.787182734248779e+01
7.573624568792816e+01
4.623020135156354e+01
8.466754592241139e+01
2.758532158452334e+00
5.267868710340871e+01
8.676351922879159e+01
6.262921926687901e+01
3.102681512526554e+01
8.519708224814249e+01
1.236443818191273e+01
1.914179884788664e-01
5.849265994433903e+01
5.355117970777265e+01
3.892431354100086e+01
8.754833996647426e+01
5.033811719638208e+01
6.482472008318861e+01
8.496500914216276e+01
2.132400773527287e+01
1.462987019430374e+01
1.332008098872382e+01
3.524022928217437e+01
1.475920640619435e+01
7.482240305972397e+01
5.069263561195351e+01
3.057512605123926e+01
7.489146095462678e+01
5.805193817152266e+01
5.874923535564414e+01
3.740619744053399e+01
9.592376551401046e+01
3.448548099700617e+01
8.363639879209754e+01
8.059131143642185e+01
3.724401315545850e+01
3.631508584894011e+01
6.735483061864731e+01
9.987323246890364e+01
6.734190102077177e+01
5.255191286678981e+01
1.223767060425024e+01
6.753331900925065e+01
1.104457276456271e+01
6.578885035858902e+01
6.457632503685370e+00
9.859291273103696e+01
1.612696750840497e+01
7.128235258687397e+01
8.355792182663359e+01
3.745097524367785e+01
8.591222282774385e+01
9.687800281535741e+01
7.269120452585220e+01
6.714291873720610e-01
7.170040582851526e+01
2.338384009123958e+01
3.124655523861132e+01
4.659186678314203e+01
8.143577826276226e+01
8.999579059425545e+01
8.399806422367601e+01
7.735954377677270e+01
2.448127154469549e+01
6.763446296920742e+01
5.795085516662842e+01
6.172528474672012e+01
3.949548818147531e+00
2.530568573870961e+01
6.159851716905763e+01
7.129144983891931e+01
7.785759860549942e+01
7.383618777330787e+01
3.882476880160382e+01
8.890217137006212e+01
3.962503808533076e+01
4.528240130528919e+01
8.749508405453297e+01
5.575200559373573e+01
1.656475384559704e+01
7.105300588116656e+01
9.320298083741356e+01
2.476976626774751e+00
6.793100864995783e+01
6.589418531669963e+01
3.148405814146812e+00
3.963141447847309e+01
8.927802540793923e+01
3.439496105275813e+01
8.622328126161513e+01
7.071380367070148e+01
2.439075160044746e+01
7.022134543872501e+01
4.807334740090806e+01
4.887202319170908e+01
3.785580836136630e+01
6.024202520970349e+00
1.059730789186307e+01
4.180535717951383e+01
3.132988825967996e+01
7.219582506092070e+01
1.309680697186701e+01
9.187486865179375e+00
4.603201278766245e+01
5.192157577347084e+01
9.808965823524150e+01
8.565705091955934e+01
9.720397707876003e+01
8.558474228977447e+01
4.140905646672894e+01
1.376873092435707e+01
5.663774812437489e+01
3.461203730414250e+01
1.624570755113182e+01
2.456875672776660e+01
5.062225742760220e-01
1.939411341184476e+01
6.420017120623969e+01
8.978424802878138e+01
5.378907446460289e+01
6.155564931495208e+01
6.049805165291673e+01
7.817982611161649e+01
2.064479781344756e+01
8.571399007258657e+00
2.705184925675944e+01
5.850060622137999e+01
1.459560152822901e+01
3.764915714862251e+01
3.059633543276989e-01
4.592548978790897e+01
9.844982162977095e+00
1.340277037276084e+01
5.511297665308834e+01
5.587699495063955e+01
6.532434614623168e+01
5.320263488832984e+01
4.153404582363276e+01
6.252832322499171e+01
3.878737713153818e+01
8.294310233692784e+01
7.629705414934878e+01
9.542512525591307e+01
1.755513959450421e+01
9.254276170048060e+01
1.999388193711354e+01
1.806136216878023e+01
1.193687506575923e+01
8.419405318991936e+01
7.845610150995483e+00
6.572594957692826e+01
3.461750556464191e+01
6.834366180391221e+01
4.390577564197861e+01
5.526230342465560e+01
7.691506081117086e+01
7.095762489873805e+01
1.376290959946947e+01
9.151066233939987e+01
8.606782000794439e+00
1.406887295379716e+01
3.743615212730884e+01
1.845176416377153e+01
2.747164332655800e+01
9.254912878039718e+01
7.432875911441108e+01
9.279598951935581e+01
4.575176362216089e+01
1.586280493804384e+01
5.532431269778139e+01
8.453914075369907e+01
9.880590727497167e+01
3.162136680056405e+01
7.996426596304600e+01
1.636104682290975e+01
2.416412845447852e+01
9.995814794672567e+01
3.442240899168998e+01
3.610100356680388e+01
8.415220109007889e+01
4.226801918925160e+01
1.826953097166006e+00
1.876970660815467e+01
1.061168094659768e+01
4.573272873914462e+01
7.403201003281028e+01
8.752674180433469e+01
1.669035359131654e+01
8.779491963227974e+01
7.903740409716843e+01
2.529713559211099e+01
1.863792586076908e+00
1.647355617791114e+01
4.374889975588252e+01
2.933543591263492e+01
9.022684958308323e+00
1.807765882372747e+01
2.213142538542460e+01
5.477444858046921e+01
3.394046376177131e+01
7.745573808320600e+01
3.931358933416828e+01
3.274637099017686e+01
9.077104837203914e+00
1.927785525064816e+01
4.910741781308661e+01
3.324123333824856e+01
1.923600315080770e+01
8.352982685134272e+01
6.934223690505243e+01
3.388204194320461e+00
2.579784599402819e+01
7.116919000221844e+01
2.215791084904127e+01
3.640952694062587e+01
1.690191869479693e+01
9.618992088185155e+01
2.393626869839443e+01
3.359227228611348e+01
8.398484051413129e+01
2.973672795562853e+00
5.888940787822447e+01
8.584863310020819e+01
1.944722897347400e+01
2.638307587540852e+00
1.518406896627697e+01
2.846991393178232e+01
2.071596641126832e+01
3.731549439826771e+01
8.324436255881767e+01
5.465643021960577e+01
1.477123243490757e+01
2.255795184641981e+01
8.740280120978262e+01
2.384833731867761e+01
4.183580709706797e+01
3.651021902286924e+01
5.708957065692617e+01
6.107181029444179e+01
2.004004582764583e+01
2.643180751541248e+01
6.446001448876225e+01
4.583789182167402e+01
9.760099751763093e+01
8.661792533780351e+01
8.224741876229990e+01
1.450291616586173e+01
8.280784621965506e+01
6.183687460694316e+00
4.809518845197520e+01
6.679268668722020e+01
9.157360256257169e+00
6.984596283633540e+00
5.264131974086227e+01
2.860458922973116e+01
9.622903871174392e+00
6.782538870713924e+01
5.707450320807961e+01
3.033887028244272e+01
5.140883058840820e+00
4.031886572033115e+01
8.499530050204848e+01
1.991211554031452e+01
6.287681756675095e+01
7.239810171183110e+01
4.376045285899213e+01
4.712624617252790e+00
8.908320688134207e+00
8.500234693521742e-01
6.578443491169458e+01
2.894836651578004e+01
2.728183098476465e+01
3.024444940045683e+01
7.478625833745406e+01
2.488282845582945e+01
1.686237469169422e+01
5.703367705318782e+01
3.938574462169117e+01
9.967022091134928e+01
6.321736451388213e+01
8.748093307366638e+01
6.646290755200334e+01
7.237472477013931e+01
9.446552935729991e+01
1.910422724629949e+01
9.793139998704726e-01
4.088433181908183e+00
8.692961600000486e+01
5.805381720795009e+01
3.442730346435090e+01
9.207049905884568e+01
9.837268292828122e+01
1.942260396639938e+01
1.198261455259408e+01
6.124950044846604e+01
9.182070567823048e+01
5.574306741158621e+01
6.596212506571884e+01
7.290263197985600e-01
5.659309088093838e+01
3.174655997741341e+01
2.967739283557860e+01
8.387492186570303e+01
6.199100937787024e+01
4.463651126466529e+00
8.757750274966353e+00
7.885338406956447e+01
6.149732817965435e+01
4.814349489665753e+01
7.852360498091375e+01
2.471469269353649e+01
3.562442792375779e+01
4.498651248635096e+01
9.708941746367580e+01
3.008995723449158e+01
6.409073977921658e+01
9.806873146354627e+01
3.417839041639976e+01
5.102035573265532e+01
5.612254862493023e+01
6.860569392731678e+01
4.309085474493487e+01
5.449523150664533e+01
8.802829789371616e+01
5.507346934409508e+01
1.574473190854524e+01
7.984900352538051e+01
1.081653670911516e+01
8.170685702083020e+01
8.057802984517907e+01
6.740962763661967e+01
1.345341695167749e+01
1.025542263419154e+01
5.128454945575658e+01
7.544442632954774e+01
1.471907376065807e+01
6.004229977728907e+01
5.429781035254607e+01
7.621640194031242e+01
8.185794627380462e+00
3.282141528689368e+01
9.310945872827874e-01
4.381022259770437e+01
7.780792781981077e+01
9.802051209752472e+01
7.390017983219595e+01
4.189866755246123e+01
9.608924351450486e+01
8.078570248595703e+00
9.291902328511654e+01
5.221179213943509e+01
7.668426417591249e+01
3.600987798348530e+01
6.707023599514283e+00
6.471256202306253e+01
9.108334732758037e+01
2.245175555462565e+01
4.456156550187691e+01
1.899884036695531e+00
4.158612528889726e+00
2.513959530048985e+01
6.930951167331520e+01
1.761202948056722e+01
3.539501793468139e+01
2.059406108250565e+01
9.305645581011495e+01
5.011409169533946e+01
8.063636085979471e+01
4.735426611609490e+01
2.633049358908576e+01
8.882215553374130e+01
8.017568144955472e+01
2.726158822293467e+01
3.263237808487954e+01
5.798360922279936e+01
2.528210027389326e+01
6.532557870509363e+00
9.988227677526058e+01
2.137134374183200e+01
1.461112811910507e+01
9.280130001381100e+01
7.358313588126708e+01
9.129539229501755e+01
2.881117795073017e+01
8.029015952734750e+01
5.600795427151395e+01
1.989452527831054e+01
2.741915035407019e+00
5.695197268247231e-01
2.179440931500607e+01
6.900527564296745e+00
2.570911502731457e+01
9.110392098832126e+01
2.451255704486396e+01
6.110413296199596e+01
1.169798202426079e+01
1.756901280841278e+01
1.121822461076930e+01
9.233434293062163e+01
6.492327892450768e+01
3.754871824642118e+01
8.115649841779680e+01
4.509896032749626e+01
6.481030646935585e+01
1.378887645611022e+01
3.082569503729497e+00
9.009240674324911e+01
2.032143432661958e+01
2.964846232423953e+00
1.146375043851498e+01
3.493256249229078e+01
9.576614624623495e+01
8.504688636634819e+01
2.622795474074220e+01
2.457732419696512e+01
6.533704584712956e+01
8.223590905882227e+01
4.447184947527565e+01
6.807896088253659e+01
8.280542878564700e+01
6.626625879028171e+01
7.497948844683333e+01
8.514543812961572e+00
5.737017973203686e+01
9.949204549169728e+01
6.961867677495754e+01
6.906816175629766e+01
1.706105825354394e+01
8.083690143229295e+01
6.140250464035315e+01
8.198433717805162e+01
1.838561963214801e+01
4.255900301158382e+01
2.708329750554790e+01
8.319592610150386e+01
5.634787946769403e+01
3.016586700927739e+01
7.328833279818684e+01
7.666931384087974e+01
3.313071328826748e+01
8.475208323670182e+01
1.160187628660438e+01
2.889685948793630e+01
6.979896955648390e+01
3.782983102734659e+01
5.347418368490142e+01
3.513601535704733e+01
2.006574003960273e+01
9.794603316017707e+01
3.214976193017781e+00
2.871168825249732e+00
6.421229190389268e+01
7.819446463985112e+01
1.138571263821130e+01
2.158247158936340e+01
7.768651008498226e+01
8.100438941316884e+01
9.065063339222718e+01
9.474756833852621e+01
6.184129079889566e+01
5.205313798601420e+01
7.673190551657784e+01
8.022691043104368e+01
9.461214104416415e+01
3.815202975559608e+00
6.342283648598141e+01
5.096002046529205e+01
3.398106998483701e+01
3.671116923760211e+01
2.762933425960566e+01
6.711178327310448e+01
2.146325247430394e+01
3.923121054621004e+01
9.600864280760690e+01
9.126222203078783e+01
7.706104162012275e+01
4.948282644594219e+01
2.639823738783516e+01
9.712678165972548e+01
4.742885960611927e+01
2.961321358085294e+01
9.999795048497522e+01
1.164115146344581e+01
7.807678220704048e+00
1.138366307662039e+01
3.322362309937535e+01
8.549418830568631e+01
9.238805253635536e+01
2.387425644503639e+01
8.024175664421253e+01
5.422934328868489e+01
7.592739443105059e+01
5.697366211422425e+01
3.445625371972856e+01
7.053953542864861e+01
6.078886508978385e+01
9.787909020570996e+01
2.149955589394065e+01
9.476993507462085e+01
3.459025944331207e+01
4.912889015354630e+01
6.188171834772533e+01
5.605351191761601e+01
8.836010074632247e+01
5.789036110876611e+01
4.731573390183772e+01
6.542114231987910e+01
7.373187508142174e+00
7.371397128967287e+01
6.254792393303845e+01
5.480204711426144e+01
3.327184870525815e+00
6.254587441801367e+01
6.644319862427339e+01
1.113486309122986e+01
7.392953749463406e+01
9.966682172364872e+01
9.662905139691618e+01
6.631758998442329e+01
2.354107812211899e+01
7.687080799456257e+01
2.054693327310818e+01
9.946847255316958e+01
3.384447006222069e+01
5.500318699283674e+01
7.000800798181818e+01
9.463333515200453e+01
5.288227715198056e+01
9.150756387575882e+01
8.940327022662538e+01
8.747253659529264e+01
4.063645398273899e+01
5.128498852778458e+01
4.352604846634252e+01
2.899655468249533e+01
9.175349589984560e+00
9.084178241474638e+01
9.441769700237442e+01
1.654853709812674e+01
6.455575365785312e+01
5.696562093541287e+01
7.135058425895431e+01
6.788293852837893e+01
1.951149530686042e+01
3.779378283666157e+01
7.901780161960879e+01
9.344103280149449e+01
3.746060451374417e+01
7.564685301652497e+01
5.975862278591777e+01
6.100168263586316e+01
5.251766096452142e+01
8.030555605902595e+01
6.047015514246661e+01
8.636213107330823e+01
3.530874300529656e+01
3.047816307771865e+01
8.099546617874664e+01
8.819102015727712e+01
2.198572690691134e+01
7.039873635880591e+01
7.566355675256978e+01
6.262218093621647e+01
2.168372484002436e+01
1.918960517234616e+01
9.161873561871178e+01
3.085907443000892e+01
1.003138754052640e+01
8.603643262108622e+01
4.740761157470178e+01
7.458714124494564e+01
4.300205350993297e+01
1.875819578708997e+01
4.247007972675846e+01
6.251354881679339e+01
5.655197862375154e+01
2.148788134636724e+01
5.595458157172174e+01
9.401258313749572e+01
9.713473436289222e+01
1.571320431107339e+01
5.501426572679276e+01
4.965239528084751e+01
9.601876037009934e+01
1.548442082269323e+01
3.601452630758962e+01
3.132750332882977e+01
4.596258394697801e+01
1.700999248633627e+01
1.951852348610690e+01
6.794831085388935e+01
8.740872884514216e+01
9.518208023867668e+01
3.057049174353969e+01
9.092453685166525e+00
1.437168536445670e+01
2.218922736225148e+01
3.995152811517544e+01
2.440307295154923e+01
8.225659936771569e+00
8.735913968987722e+01
9.899021419649489e+01
5.122771344670453e+01
6.117335430401067e+00
4.146029387668720e+01
1.374126221693180e+01
6.266931405415261e+01
6.294817522305445e+01
6.969584378865355e+01
5.668189714508220e+01
6.008290953938054e+01
8.540904814629306e+01
1.169616282530882e+01
9.735304820228045e+00
8.142780846982627e+01
2.718058369456818e+01
4.574983112781766e+01
1.275531179865604e+01
7.314316764154619e+01
6.275982361415393e+01
3.227383528476294e+01
4.109147844886942e+01
5.016855245929610e+01
2.745591547687348e+01
7.166197023897524e+01
5.926100614446263e+01
4.182760084133017e+01
9.385119760122672e+01
9.921253425963806e+01
6.623067379287941e+01
2.076857491432157e+00
8.657167394951529e+01
6.522088794280816e+01
5.330457093813670e+01
9.268900937991637e+01
6.681181819495364e+00
6.704583315506849e+01
5.535832343406896e+01
6.962935704254981e+01
3.674167689715590e+01
1.204022053258504e+01
2.971226658193035e+01
2.215072499688283e+01
2.373638340445998e+01
3.944757140215839e+01
3.578533466709095e+00
5.091696709902816e+01
8.519740252997605e+01
1.633384526536513e+01
2.406013469400822e+01
4.795722614412998e+01
4.860768055012807e+01
6.515161314287764e+01
9.812577860342607e+01
7.606359602700155e+01
3.681358333528674e+01
5.738678470132257e+01
1.789119682176560e+01
3.066478088994733e+01
5.659931891439450e+01
8.412187066121113e+01
3.274163838137949e+01
4.317099281734367e+01
4.934275855745317e+01
8.604620931951618e+01
3.586000219726004e+01
5.602394037694853e+01
5.309204242801855e+01
9.121832563132901e+01
2.565329741949835e+01
8.983371937174057e+01
3.258546117347919e+00
5.536556400142869e+01
1.198444432205727e+01
2.699492952180790e+01
9.481313540358708e+01
1.556297778876637e+01
7.791189662083606e+01
8.001053788699700e+01
3.189682305413150e+01
1.972031268278152e+00
2.796776398456086e+01
8.050450360425958e+01
6.712364445772192e+01
2.609354254142081e+01
5.656809958469500e+01
3.937227746442532e+00
8.348032724274339e+01
7.445929645302672e+01
3.460200868295599e+01
4.007964615713788e+01
