3.301634077588857e+01
9.874292546824688e+01
9.191497838679467e+00
3.126134343038376e+01
9.331498108492930e+01
1.149171670502597e+01
2.053268627288411e+00
9.767470406260095e+01
1.359320935494882e+01
8.960007051452997e+01
5.326368019602433e+01
3.279573080725769e+01
1.241551503185905e+01
5.809592411764707e+00
3.730298529253480e+01
2.269022293514117e+01
9.067218326529124e+01
4.332772299802291e+01
3.698854019725162e+01
1.152342437371771e+01
9.341751392624225e+01
3.743696875750878e+01
8.899893816048230e+01
9.540765271308258e+00
1.650604983629009e+01
2.463421804114907e+01
3.773068154125041e+01
9.811038784594759e+01
8.862311611353564e+01
4.285437345637678e+01
5.840080206207968e+01
2.163945684285809e+01
1.637709802779234e+01
2.862563255644666e+01
5.290080027324184e+01
4.639045775234255e+01
3.722899921109388e+01
8.381133488556898e+01
2.337082867667583e+01
7.666224351928675e+01
4.287616319157004e+01
7.663450887270015e+01
4.930302367978870e+01
5.529167822342909e+01
3.646049538462446e+01
9.904233673542848e+01
8.257556147062013e+01
2.713267860334957e+01
2.966917642842474e+01
1.956410166787175e+01
1.048824666556355e+01
1.720201630015020e+01
9.431122452687063e+01
9.948718482604585e+01
3.262745557940912e+01
1.081727431659460e+01
1.801042608824113e+01
9.234827761182017e+01
8.927662115976057e+00
2.216578215461493e+01
3.520265102163081e+01
7.593045075234512e+01
8.777918056015818e+01
2.929286352791491e+01
3.492076403224876e+01
9.510458456124393e+01
7.568332128025746e+01
4.178508251988566e+01
5.334858165744161e+01
1.974848304863483e+01
6.682006505635569e+00
2.536563599732036e+01
9.385989713196638e+01
2.790530027258457e+01
8.065731426731558e+01
3.032039251659084e+01
4.259103915774777e+01
6.469333733650545e+01
5.745307111994040e+01
5.661681338987164e+01
8.878498863837913e+01
2.679472268875443e+01
8.972678742824438e+01
4.578605901719353e+01
3.712267374485856e+01
1.233095923081551e+01
8.916972949596575e+01
6.906388507646689e+01
7.612552078260366e+00
9.809739161194180e+01
6.645811575765633e+01
2.052831757838294e+01
6.818322873124072e+01
5.423729627124839e+01
4.982118110629785e+01
7.273931199346637e+01
2.377454304312102e+01
8.362098642793529e+01
1.435140041371407e+01
9.426053990342680e+00
4.525298543519014e+01
3.297172045939216e+01
3.479169003422916e+01
6.089325759601465e+01
7.701843715134004e+01
9.052843716485819e+01
7.823491132735970e+01
1.960947630908781e+01
5.974932408879945e+01
9.454138735055056e+01
4.444147103672915e+01
6.418357224398459e+01
2.133610999273886e+01
2.414497468813554e+01
9.432037169780600e+01
4.761801750753914e+01
3.647593396551718e+01
1.909719031262081e+01
9.191035111058055e+01
6.289807933517643e+01
2.980314839156491e+01
5.836846682167075e+01
3.479339142087539e+01
7.953319697619099e+01
3.994218382981708e+01
1.443798468189220e+01
5.227250896965736e+01
3.638030608947403e+01
3.994248706844751e+01
6.679690343644326e+01
1.350343074347052e+01
9.027179334790995e+00
3.096043129030635e+01
1.109650903898129e+01
3.733451107392764e+00
7.978868395080263e+00
7.914979526733504e+00
2.432364138044586e+01
2.758834470416808e+01
6.687854838877849e+00
1.886502868443030e+01
1.972259214135008e+01
7.087142708286244e+01
2.353526666925069e+01
1.705674804610049e+01
1.051898790081916e+01
8.781915623127443e+01
2.778904523131859e+01
2.961617821343997e+01
7.972950729528885e+01
9.762116805539522e+01
4.096614650495636e+01
9.954551821553406e+01
6.223797167755569e+01
7.014536371927026e+01
3.948770199878500e+01
5.004033425359071e+01
7.277185240423859e+01
8.708404325278664e+01
1.661844338132927e+01
3.956875584068185e+01
8.267128601794657e+01
1.813915838400794e+00
3.933737973651727e+01
9.376779505692785e+01
4.790264593805310e+01
1.458731168629011e+01
2.588899588486598e+01
7.222628731849896e+01
4.217565639045818e+01
9.355329950039895e+01
1.098173549910157e+01
6.189824853180826e+01
9.751915703412106e+00
3.451700216835225e+01
6.348187549201859e+01
2.027090365079739e+01
1.911161086480674e+01
9.127092076990331e+01
5.639325587842300e+01
9.890568959475759e+01
9.575698016945132e+00
9.085322836919373e+01
9.845120776372552e+01
7.438561277202592e+00
1.135257180377495e+01
3.793890971594439e+01
5.747889553079331e+01
8.412442420801354e+01
7.472687255345605e+01
6.510806943527798e+01
4.282397876625134e+01
2.697666270051927e+01
6.692198532024491e+01
6.303055973864652e+01
2.074445771088100e+01
5.393012196474248e+01
6.301358410297594e+01
4.105776606176876e+01
8.705091853023083e+01
6.195390087643355e+00
1.273065824654450e+01
7.814223448659398e+01
6.809363866601774e+01
2.248257394995660e+01
9.434689166692406e+00
3.157551411147021e+01
7.721156416331026e+01
2.854630003149914e+01
2.320838869698736e+01
3.360481999516712e+01
2.738741819159473e+01
4.804480124639571e+00
8.349378783418507e+01
3.998000130056403e+00
4.597756408433316e+00
6.636941454669899e+01
4.193690984600079e+01
5.308738246238202e+01
7.897078384597357e+01
8.624228652857352e+01
1.819545189766001e+01
2.663963801536692e+00
1.321894918252665e+01
6.837032398598750e+01
6.569452358674934e+01
3.396340693997378e+01
2.230044590416385e+01
8.982151587951067e+01
7.502117300174254e+01
7.597245260885566e+01
9.601690596715403e+01
4.308010220671078e+01
6.513522135332936e+01
9.300702907750711e+01
4.968951253671642e+01
7.456991052002176e+01
4.260887719812285e+00
9.244299013747042e+01
4.643804200293405e+01
1.853249353288323e+01
8.508354960246177e+01
3.050362874311564e+01
6.025336322386440e+01
8.474244120751622e+01
9.483013911863330e+01
3.558001510593110e+01
5.111185570764908e+01
9.791974439188826e+01
1.793850209467974e+01
8.465723706626204e+01
8.416203087389563e+01
9.072392340317550e+01
4.505844467555100e+01
9.738098010298842e+01
5.909424734259687e+01
8.682837928031961e+01
3.134438699639607e+01
2.119345954674923e+01
3.946107585889337e+01
8.528145155184038e+01
8.186446413484610e+00
7.963609419746143e+01
1.248839004546794e+01
9.799334062169928e+01
3.677734562045771e+01
5.845728379602417e+01
4.789157828683573e+01
3.246340431853356e+01
5.462089271965478e+01
5.100778883835664e+01
5.099589785141679e+01
6.450847534672752e+01
8.151141758147227e+01
6.462665063544486e+01
4.925091650767760e+01
9.219599063144810e+01
2.947777022117645e+01
3.627722153266763e-01
9.011573497677023e+01
4.741627231585620e+01
8.502000928158873e+01
7.427776585066587e+01
8.355022630819595e+01
4.604660637958283e+01
7.165874590708816e+01
6.503300939920965e+01
3.287498561333631e+01
4.294814725543752e+01
2.599507697205761e+01
9.372446224732531e+00
9.368692808490570e+00
3.794848408454493e+00
8.900854046876009e+01
4.071798880617972e+01
1.788189030153765e+00
6.165166365059635e+01
2.895891388364086e+00
3.957846874351542e+01
3.855567459881104e+01
6.195210831330722e+01
6.402558230982422e+00
2.428329457728346e+00
2.646058366003474e+01
6.001994654537176e+01
7.555612599270238e+00
7.571150016771233e+01
6.425553241942801e+01
3.703338286701282e+01
7.607427238303902e+01
8.739656786778782e+01
1.888926328108146e+00
9.130844031055851e+01
1.660943791112371e+01
6.799988149106497e+01
5.046684250722958e+01
8.826818381821187e+01
7.280149891637335e+01
2.037821287306874e+01
9.912441750016269e+01
1.928840038333480e+01
2.975065914436740e+01
2.735401621430833e+01
2.308324879178929e+01
3.173243595833538e+01
5.945436440382822e+01
4.048129042632938e+01
8.041086321715771e+01
7.096789645541827e+01
9.587605986552128e+01
1.896653781596876e+01
2.848468051687101e+01
8.825669707183572e+01
6.189549982636026e+01
2.570590685387417e+01
9.019259386239229e+01
8.132342532338734e+01
3.120891290307460e+01
4.925807008950882e-01
6.484495292643317e+00
1.692446759758725e+01
4.184469410304199e+01
9.093415047551233e+01
9.972583600307155e+01
2.587798830395471e+01
5.893403192001117e+01
8.515963721329329e+01
4.770187458382075e+01
5.057482549481784e+01
7.057089133680374e+01
8.117867604884256e+01
3.053210672481550e+01
7.471626502215688e+01
8.532692216584781e+00
6.351020599878868e+01
6.448700933926134e+00
7.660469728363897e+01
1.781791249188498e+01
5.715016422660564e+01
4.757259369249110e+01
9.986755629063936e+01
1.845815103429284e+01
1.447167965326071e+01
7.052451612917918e+01
6.384628338918382e+01
7.961037474666274e+01
9.233876820296923e+01
4.516970866600504e+01
3.297209396631089e+01
4.678689443822340e+01
1.316722161749714e+01
4.138948965882393e+01
6.211799325520079e+01
4.722340905443924e+01
1.540378682101322e+01
2.155168402080968e+01
6.076778870111694e+01
5.634239877403826e-01
6.925355860463044e+01
3.789297176426881e+01
2.573893476544830e+01
7.774251139617641e+01
8.120584007408742e+01
4.551997876051812e-01
4.783995046645401e+01
3.193528448787298e+01
8.128119585163947e+01
4.690751556628734e+01
9.197022723591431e+01
8.077280906996354e+01
1.045249454232515e+01
3.579433715706428e+01
2.333812398060137e+01
8.650976879825339e+01
3.794051149764122e+01
8.718440736978521e+01
8.827294986148968e+01
6.356372212225745e+01
3.235411603579023e+01
2.124504378123444e+01
7.706617413883386e+01
4.552133765328738e+01
7.462874570611339e+01
4.497545577817385e+01
2.857499859695090e+01
3.749859008821593e+00
6.652713979898353e+01
8.934278729806783e+01
9.505786308788595e+01
3.578069835704784e+01
7.695245457671231e+01
5.693675845718792e+01
5.451368617569734e+01
4.537753301923048e+01
1.679009106792048e+01
9.184739864051686e+01
7.731281750710347e+01
4.184000661682338e-01
3.875491416023807e+01
1.323959837352838e+01
8.774805678415487e+01
1.412128518061772e+01
2.225182970159307e+01
1.108618076475625e+01
9.862876133929414e+01
6.701439217059611e+01
9.827058813454144e+01
1.541189943226609e+01
3.057811424628743e+01
3.062470412376556e+01
1.014904757502910e+01
1.343557676926049e+01
7.507478719347846e+01
7.278358101508748e+01
5.841103259400047e+01
7.976828984905421e+00
1.731688576625515e+01
2.493817234641787e+01
4.703631175078280e+01
7.912842281122153e+00
6.071887075003184e+01
2.398876628092898e+01
2.852806152241680e+01
7.150986398174886e+01
7.664047064103208e+01
4.766526578351169e+01
1.229875372364128e+01
4.667911680726293e+01
6.473181651194199e+01
1.596754436193385e+01
8.069781022178837e+01
5.247987324953073e+01
9.678462962470233e+01
8.952650757950103e+00
6.356605401428699e+01
3.071988352142269e+01
9.592709783275011e+01
6.183664214882844e+01
1.962388731521735e+01
1.318082456159444e+01
5.909997879485599e+01
6.348089792927769e+01
7.500725429272618e+00
6.860738804964693e+01
2.556515858767795e+00
6.751838897705002e+01
4.215159492667373e+01
8.082136888095242e+00
7.743391910448387e+00
6.739225614228856e+01
1.599497916921739e+01
2.473956971649992e+01
1.317667295838551e+01
7.920932056345480e+01
9.624943374481492e+01
3.878195585626268e+01
2.687458634696649e+01
5.934583514898356e+01
2.922208906580791e+01
7.495825224321254e+01
9.467446682726707e+01
5.216379284493802e+01
9.849222716805163e+01
9.145909640540327e+01
9.809345505111547e+01
6.205828118233862e+01
8.532444494093045e+01
2.507746481573091e+01
8.363399588672165e+01
9.769777762596392e+01
7.201377398893878e+00
1.635626951062878e+01
6.117867550867548e+01
1.470210282816650e+01
8.496365760684183e+01
5.194392667708170e+01
1.198608992248126e+01
1.906033545688742e+01
6.002606356517695e+01
9.313017925858972e+00
8.248242134343945e+00
7.602104278096047e+01
1.470345343216483e+01
2.142491509272946e+01
4.625831849233169e+01
3.013093431020665e+01
3.967887351274438e+00
9.754429296476034e+01
1.950107455230368e+01
9.807376586742409e+01
4.355664683671512e+01
4.401680638269372e+01
5.023755866579598e+01
4.204887395820062e+01
9.862136780220148e+01
2.042423571479704e+01
4.107155093973109e+00
8.394581274313192e+01
1.444478855209648e+01
4.988845160691461e+01
8.889414495271359e+01
2.164616595099036e+01
9.262242624192612e+01
2.135927296306904e+01
9.564540167136370e+01
6.953116681870594e+01
7.330319964015074e+01
7.631491547278824e+00
8.761409152653724e+01
3.332926315876155e+01
1.694450951970392e+01
1.329843360618615e+01
9.350305893155889e+00
8.430332624553859e+01
1.826465945610062e+01
9.056825036675123e+01
1.443426050917910e+01
2.773204414534012e+01
2.315835432296542e+01
5.369005936835429e+01
2.580580996619808e+01
6.671500115968054e+01
8.806226620826044e+01
7.775330398127124e+01
8.763875117881167e+00
6.367259880698872e+01
8.139436006610950e+01
1.287103021185428e+01
8.027404624981529e+01
1.182281631595586e+01
4.087310863699443e+01
8.633601608981193e+01
3.426849419915513e+01
7.288192993629814e+01
7.695289006314841e+00
7.061676302487811e+01
4.241309670843793e+01
8.099848864646559e+01
8.918552356268536e+01
3.100459893746515e+01
1.432775180522713e+01
8.809228646014458e+01
2.784434334740245e+01
2.367805769838302e+01
7.239561265911702e+01
1.659024805603095e+01
4.929211914972036e+01
8.682987321486225e+01
4.432229220137106e+01
7.245047347268577e+01
9.074090318323155e+01
2.376407288190167e+01
3.916547463236631e+01
7.880316934492586e+01
4.617147075299708e+01
4.792934975024748e+01
4.247576810534846e+01
2.756583081910658e+01
6.080037996210176e+01
8.314245519374612e+01
3.938864713506244e+01
1.673488552530058e+00
5.496720283057876e+01
4.658573895999498e+01
8.690494512529344e+01
6.266249183689359e+01
7.077581620345629e+01
3.135156036883200e+01
9.877104782442146e+01
4.192359314389694e+01
3.625960603182186e+00
2.970877994304000e+01
3.001587955747539e+01
1.909194771158134e+01
8.166678998696933e+01
2.411492216592418e+00
3.568219576761229e+01
3.095890909012357e+01
8.924136543145467e+01
4.651055068080804e+00
3.409382562809336e+00
7.998226856812009e+01
5.013259008998637e+01
4.257485719517565e+01
9.557719407397191e+01
9.630406088954958e+01
9.050420694542314e+01
9.844560297133663e+01
2.386989166209003e+01
5.130458686095876e+01
8.158805811851660e+01
4.194466599353807e+01
9.887835136562509e+01
3.389870442165932e+01
7.051806960744693e+01
8.781681507258527e+01
7.899295397987261e+01
5.732906845273873e+00
4.134142768631756e+01
3.118306781686054e+01
1.212093234626620e+01
4.496738828949974e+01
8.917180010544685e+01
1.622712561684992e+01
6.405933604764721e+01
7.083859004585007e+01
4.128758434266205e+01
8.034542858616701e+00
1.797499135973630e+00
2.149129333975320e+01
7.974601978424285e+01
5.206881698782966e+00
8.486848463531047e+01
2.987860982766310e+01
4.778173889395862e+01
6.105506003883438e+00
2.618267067064656e+01
3.828594579281562e+01
4.491512847361859e+01
5.005256233273659e+01
8.959053265377437e+01
8.613916709373667e+01
4.260531796263778e+01
5.381477761725652e+01
3.966711668282147e+01
8.382917073733600e+01
8.245162865261157e+01
2.718920401632283e+01
3.686862976144470e+01
2.379305629236300e+01
5.837227183318338e+01
8.340535409907128e+00
4.232450278584124e+01
4.754407189206410e+01
6.521668772456081e+01
1.404954018725527e+01
1.838266189134804e+01
3.721874460448453e+01
3.256131239820333e+01
2.018016102732167e+01
2.799556540697606e+01
1.230733213588005e+01
2.538704272610463e+01
3.852387738345372e+01
4.218594196354316e+01
7.316878162006326e+01
7.062736780877569e+01
6.836861268075583e+01
1.145472736631275e+01
4.918049240912334e+01
4.756428950818455e+01
1.553028669000151e+01
3.035001737547574e+01
3.173227609681537e+01
4.361386808735033e+01
5.535753097168986e+01
1.556144678758525e+01
1.097665695053370e+01
5.438835646695846e+01
5.817396010187174e+01
7.177662503522664e+01
3.118318367338887e+01
7.163522163016498e+00
1.861899756762152e+01
3.122681706735250e+00
7.059893257478203e+01
5.143877815056535e+01
2.150534364464941e+01
7.817677132700419e+00
8.400009054876868e+01
9.204604578765391e+01
4.992263785094146e+01
8.500443202676458e+01
5.543547619852958e+01
4.540392469866384e+01
6.087483887601404e+01
4.024132901813896e+01
4.752345092013639e+01
6.861977282381607e+00
5.169605643101784e+01
3.921380049512433e+01
5.534276596984955e+01
2.003887496890448e+01
7.453345995141819e+01
4.551237339410576e+01
9.635518453845529e+01
6.343309858973748e+01
7.257687513370853e+01
3.605962266962027e-01
8.427934739006653e+01
2.499166378983839e+01
7.227923421760985e+01
1.546253101688927e+01
3.215518595285490e+01
8.623834903642459e+01
3.091332359747651e+01
4.535395793866085e+00
1.438901699818159e+01
4.306095076867423e+01
4.070302678304865e+01
6.462376800581056e+01
8.253157654895055e+01
9.062566463399011e+01
2.264452312264802e+01
4.960412394702627e+01
3.570384966940799e+01
6.113788777083992e+01
8.984545296516522e+01
2.573715775540897e+01
6.799986505322153e+01
4.154150934961694e+01
7.811114577488561e+01
7.362428124697146e+01
9.428282580072191e+01
7.152711030632588e+01
5.029844564865271e+01
9.063801033917723e+01
3.496020884949723e+01
2.287532073579511e+01
4.874919939262289e+01
9.559964546728862e+01
3.613669915876198e+01
2.088642060797961e+01
6.911728748544924e+01
4.310120811830330e+01
7.623615752730339e+01
3.115842013208122e+01
3.130846583811029e+01
2.151378664258578e+01
4.309156180503385e+01
7.201149266772508e+01
8.613755464839635e+01
5.453606846487899e+01
6.263715725514906e+01
3.576575463440538e+01
4.140192365339115e+00
3.015890500049987e+01
4.626879349642843e+01
9.398564537707048e+01
8.279741410296289e+01
6.455030877355034e+01
3.552715468012130e+01
2.331524939430657e+01
8.997556105720605e+01
2.980998048084321e+01
9.484235970063246e+01
5.731124466159905e+01
2.044799077345430e+01
2.980256850356356e+01
4.326560299064294e+01
9.830648698765155e+01
2.540221392428606e+01
5.421162515609134e+01
1.919290759563116e+01
7.938024354138423e+01
9.770914278817789e+01
2.631767724003535e+01
7.941085457774385e+01
4.494943723313018e+01
4.783146388262113e+01
2.250241633621157e+01
7.600591889396586e+01
5.856420079179304e+01
7.009746044413069e-01
6.366625850259617e+01
6.973477311885672e+01
6.944200567409490e+01
9.382516350309605e+01
1.600356656871902e+01
7.264023729257296e+01
3.721999592949636e+01
5.150421417853991e+01
1.480425778534462e+01
8.496836828299257e+01
1.872846536279119e+01
5.838185928686609e+01
7.220115879187415e+01
8.175378184847244e+01
7.882985006032040e+01
8.698944462788731e+01
1.930531296846704e+01
1.233653231167073e+01
1.239165855217337e+01
7.351693817112452e+01
8.302962434619182e+01
4.961156442277672e+01
7.082977144551919e+01
2.626190582581884e+01
9.786341250774609e+01
7.091588711874368e+01
5.717876542228216e+01
5.837270829750817e+01
7.194498831962468e+01
9.114778390673351e+01
2.106680340183284e+01
3.561124677565473e+01
6.088255702559024e+01
5.235067347639737e+01
2.943641023218465e+01
7.941070170114315e+01
6.314904632193458e+01
8.079003076105845e+01
3.091491583311694e+01
7.795330410727919e+01
6.575839899748489e+01
7.616846429936982e+01
9.392624632172577e+01
8.799706994928283e+01
5.220817427719393e+01
5.945647603806875e+01
7.498651453060401e+01
7.151348729222710e+01
2.329319274206329e+01
5.841230510660089e+00
4.324071786517310e+01
5.469665827913985e+01
2.429378844066234e+01
1.586019681573855e+01
1.567011858135002e+01
5.497962783788314e+01
5.605488342980615e+01
2.087440277490504e+01
4.252302969923384e+01
2.799987174943083e+01
1.935444228321055e+01
6.664393081639145e+01
6.361111852508557e+01
2.487922488938981e+01
5.409864217699442e+01
9.304752880383633e+01
1.765348437132942e+00
6.439000184852163e+01
3.693205143182168e+01
5.920534742027770e+01
9.520099260620819e+01
9.232339989036480e+01
3.537381167308139e+01
7.070641381233298e+01
4.065000812553335e+01
8.082225494125032e+01
8.188539942814289e+01
7.418924201009294e+00
5.909547324250241e+01
7.187690766149987e+01
4.268515735989677e+01
4.125898612721776e+00
6.009757563476338e+01
3.755394315233172e+01
1.998609542846032e+01
9.386984333110500e+01
3.465452265676787e+01
5.162550087628210e+01
6.671872728817105e+01
2.234173706841736e+00
7.505003380358687e+01
3.071539515197063e+01
6.582400685447455e+01
8.762201968935412e+01
2.523845821862968e+01
3.364539385477332e+01
4.376404040668348e+01
5.735996852505950e+01
3.717033743726571e+01
1.048015971224762e+01
1.656531589877108e+01
3.639267386700617e+01
8.338654226781173e+01
2.955550641266420e+01
2.149856883170948e+01
8.312402939569392e+01
1.037776130734839e+01
7.008228375114606e+01
3.145547459435438e+01
9.025159836292806e+01
9.438540441653943e+01
8.111617103271008e+01
2.742485330785851e+00
5.448298000473668e+01
8.226957250492161e+01
2.161970432923162e+01
1.402875930724142e+01
4.198071651252951e+01
7.435408163552827e+01
8.074748664197861e+01
4.345244730052186e+01
7.823644530877306e+01
3.875464687065903e+01
5.810323690907249e+01
3.702613508190314e+01
6.705750183530967e+01
9.174863081041194e+01
8.312282379862053e+01
1.259573847641970e+01
6.713188349601434e+01
6.148626728052565e+01
4.098278621257413e+01
2.617670028758082e+01
9.640654311348057e+01
9.292191378442661e+01
2.100178232463159e+01
7.953057246260838e+01
5.541073063174762e+01
2.226027498126974e+01
3.648344429046076e-01
4.566232894810957e+01
1.664567935124304e+01
4.508046374892837e+01
3.380209940197044e+01
5.320217346456003e+01
2.735003620728386e+01
8.064818646788979e+01
6.666777905387235e+01
5.531441148152315e+01
3.088476179674490e+01
4.797841936721393e+01
1.354564298575075e+01
4.481277072094976e+01
6.289208809048500e+01
2.358454005959655e+01
1.731501222463092e+01
2.649880294990670e+01
5.354608611834519e+01
6.209146467134891e+01
5.091627326370974e+01
2.067796956779341e+01
5.959145499374320e+01
9.189905947628387e+01
2.018118306071553e+01
4.464264448948327e+00
9.999136389232770e+01
9.785524113003873e+01
7.337362434406468e+01
5.540209447750919e+01
2.011551606474235e+01
4.959314970746318e+01
1.064423425618756e+00
3.676119546255153e+01
4.867090682902882e+01
6.009290556427692e+01
1.851246232097618e+01
4.616895874318153e+01
4.074109198560058e+01
7.455763387240360e+01
1.549971146299490e+01
6.954115585868300e+01
3.372181445999156e+01
6.262099997262517e+01
4.983003304797692e+01
9.316311562115472e+01
5.262989450834221e+01
6.714504527260785e+01
8.847235631592216e+01
6.175980580121269e+00
6.525023298582539e+01
2.795328792554945e+01
6.512574947677821e+00
4.888474175188911e+01
6.247725121792278e+01
4.703513325519634e+01
2.930595238195078e+01
4.729822438550099e+01
8.821809868710957e+01
3.261729657306210e+01
3.830514081674868e+01
2.048513014823437e+01
8.221044628052528e+01
3.936956424236742e+01
8.579541905121665e+01
3.088135306298796e+01
9.946246980664435e+01
4.307881325626690e+00
4.140591679206393e+01
4.020356174567880e+01
9.005127641840431e+01
5.690562825505884e+01
4.752097914345608e+01
6.966544458161361e+00
8.595098275037063e+01
5.303913627427031e+01
6.855370759430980e+01
3.858087721214671e+01
3.074999620707240e+01
5.702606386366582e+01
5.349714171769896e+01
8.543441448613741e+01
8.497935183578140e+01
6.000971666537678e+01
1.027610237257374e+01
6.965356789047530e+01
1.864594124194511e+01
7.381076448308805e+01
1.695179227597629e+01
4.901397044258843e-02
6.428061009584023e+00
8.151401718217602e+01
2.734917007728907e+01
1.867966699352472e+01
9.439985658712679e+01
1.493578004414950e+01
1.391662504240713e+01
2.793125539456087e+01
1.745247040756627e+01
5.532254183447107e+01
6.813481714023966e+01
5.692108508987403e+01
6.221616722746573e+01
1.565579628369575e+01
3.127683765780033e+01
9.817915279333440e+01
1.530696349931274e+01
4.821304406421866e+01
1.349971080827513e+01
4.605695970638514e+01
8.481116904169841e+01
6.699685252597409e+01
6.999724952969572e+01
7.444675279522629e+01
2.700656914478474e+01
9.522229511999633e+01
6.164105360472624e+01
7.177363707300911e+01
1.663304544828508e+01
9.313186769985215e+01
7.863767700206380e+01
2.306110645786911e+01
6.010686301631242e+01
4.726912721398712e+01
9.574564839515168e+01
5.450671955687307e+01
1.913143611472632e+01
9.662273390992672e+00
4.391812940310600e+01
1.085452288894659e+01
9.016041727278402e+01
6.699748661694930e+01
4.408765334826319e+01
5.237658445368362e+01
2.242174345181405e+01
3.166323752685601e+01
7.539213806176191e+01
3.772870699769291e+01
2.357753502371606e+01
9.398868651780704e+01
8.378566670407805e+01
5.357197562864609e+01
6.098553899721500e+01
5.378291618720764e+01
2.801872842387237e+01
4.679675164948998e+01
9.660519724553693e+01
7.035651550179185e+01
4.610042206295786e+01
1.323824264725589e+01
6.348838315507788e+01
4.257749954358559e+00
3.629934915169112e+01
4.571947220047911e+01
5.152687721491181e+01
4.799896289966952e+01
5.522367169858128e+01
2.232634887207595e+01
6.957206277622473e+01
9.505047695480775e+01
2.458630736199501e+01
3.455687795512233e+01
6.613928767207045e+01
2.997908742631743e+00
1.176986322354985e+01
5.942523472915647e+01
7.836239974869527e+01
2.244414297046333e+00
3.203877850064951e+01
8.812972753687284e+01
9.623310081485337e+01
4.575254122994492e+01
4.170170311895278e+01
9.298322521754690e+01
9.953545746371870e+01
1.070482852435896e+01
4.521074795406812e+01
9.614065466268950e+01
7.272207186218448e+01
9.131117001702597e+01
9.378897263379255e+00
1.333216098758027e+01
9.556892001795066e+01
6.479172541983040e+01
1.404911312928848e+01
5.875334402488235e+01
2.470151475849632e+01
5.704149140838603e+00
6.082758165934477e+01
7.289564626891895e+01
7.546260490802238e-01
8.541388902133977e+01
2.883045544327724e+01
2.571050172006269e+00
4.298785703395859e+01
6.402993917652869e+01
9.397910828421782e+01
1.800957183260916e+00
6.627435347357502e+01
2.601788673830120e+01
8.993068472013374e+01
2.707648930469365e+01
3.018198717859666e+01
3.361883029975874e+01
1.972609405393064e+01
9.141760235252679e+01
1.352819335345560e+00
6.493684200799878e+01
3.020474553583411e+01
1.704573063973604e+01
5.624801197845862e+01
3.958364284577949e+01
4.499509648652518e+01
7.374848810664774e+01
7.036633704340380e+01
9.427989884013306e+01
9.891272913613950e+01
7.893909857558977e+01
9.998404798097165e+01
5.974031074891813e+01
5.183474479794258e+01
8.211437542089931e+01
5.357147327324909e+01
1.817188473333227e+01
1.666824888282840e+01
2.293000408584718e+01
5.877220344672548e+01
3.011894194880451e+01
1.790958704329542e+01
2.441353789736216e+01
3.666524385878130e+01
4.119977855179449e+01
1.361101270355797e+01
5.342366772397592e+01
4.629403382832838e+01
3.367072722579852e+01
8.748775869025279e+01
4.764685321024007e+01
9.351041856850982e+01
1.769250417952077e+01
3.618799826884083e+01
1.170047536105871e+01
5.727614702530026e+01
3.407171603016170e+01
7.964887212945561e+01
4.253803628615012e+01
2.835161482372862e+01
7.856160121902897e+01
2.147713481517375e+01
2.833566280470028e+01
3.153232053459265e+01
2.356209024952822e+01
6.807059518437394e+00
8.345611173820501e+01
6.742112490694090e+01
3.238406103681031e+01
6.386115777486058e+00
2.556030928416192e+01
3.412266556831201e+01
9.957271120491097e+01
4.997384718152408e+01
8.139803720703257e+01
4.077248975670547e+01
6.517144854421330e-01
3.763514051103738e+01
1.559109856169256e+01
4.354192551390357e+01
9.589997390094211e+01
3.971961012097057e+01
2.783286023318435e+01
5.911183439153798e+01
7.092136450620433e+01
4.295779384810375e+01
2.789830655227337e+01
3.748725440236147e+01
2.498229910851563e+01
6.705111575641256e+01
4.848014900855727e+01
4.293309466118603e+01
6.129328583427392e+01
1.955522332319767e+01
3.947017907140319e+01
2.483386691884783e+01
7.997989271766501e+01
2.292629076304207e+01
6.656784190170832e+01
8.101362119476015e+01
4.123233316523597e+01
6.707402028472815e+01
3.757786673380894e+01
6.042948368025453e+01
5.411472206661232e+01
8.365776160902239e+00
8.157753408028630e+01
1.445528609419953e+01
5.973636622528377e+01
9.716863268854499e+01
5.799721165466924e+01
4.190089052631561e+01
3.190199887934234e+01
1.692173854304558e+01
2.204779746106258e+01
6.679680355209709e+01
1.608085912469814e+01
1.932591224057875e+01
2.966474924686586e+01
8.143737329237041e+01
9.596214717997339e+01
8.879076679646539e+01
3.985579220571359e+01
9.723392389585912e+01
6.196359994912688e+01
9.883588314933510e+01
5.504051454134310e+01
4.194349262022576e+01
5.840509215295552e+01
5.706680484910812e+01
4.539869378572268e+01
3.156466862725311e+01
5.570965295457731e+01
1.359933857507973e+01
4.044246964177232e+01
9.824375021189626e+00
9.134233668043386e+01
9.820235911673045e+01
6.459081161981021e+01
9.825036614120489e+01
1.918863631747134e+01
3.466634896335488e+01
7.924414383212297e+01
3.448389663104150e+01
7.060142842615090e+01
2.343993309114125e+00
5.391399858236034e+01
2.705650256343954e+01
2.166990554969288e+01
9.422461632370232e+01
6.255779846690493e+01
5.130047260378509e+00
5.182975919536770e+01
3.286434376280026e+01
2.363971109671505e+00
9.226929233049475e+01
8.173956194973530e+01
2.443176192437846e+01
8.692247564295423e+01
9.010531906509088e+01
1.306739459422761e+01
5.142110001827641e+01
1.555649257058114e+01
6.877704754880492e+01
6.502043863992228e+01
3.018521393192243e+01
6.022189285616479e+01
6.640066488944026e+00
5.220521765398105e+01
4.319223414323862e+01
4.398331979475139e+01
7.139385397145239e+01
9.687192407291006e+01
2.322746358030823e+01
2.248448916826606e+01
6.747335245249484e+01
3.484332237152538e+00
3.800092350598468e+01
3.217066779368122e+00
1.265223236412379e+01
7.062310402776259e+01
3.023730825178200e+00
8.690686812014638e+01
2.077613208479068e+01
6.818845591889156e+01
2.014625078073994e+01
1.304542436871930e+01
4.992801782206075e+01
4.457801270511840e+01
8.553994567391460e+01
5.769362051863857e+01
5.779665557565011e+01
1.786111500945925e+01
4.743636480878870e+01
2.642245484815093e+01
3.315884486453554e+01
5.702697916749258e+01
5.023877371579352e+00
1.435978706663464e+01
6.277998311574569e+01
4.821611156138410e+01
1.614459167055068e+01
1.220650319578429e+00
2.447499936654931e+01
7.009694681973054e+00
1.736533130396406e+00
1.256138799365674e+01
8.265058588359999e+01
1.036271919047587e-01
7.038859514072006e+00
2.314625932981552e+01
8.683829572370197e+00
1.011497388133545e+01
4.092853900088395e+01
2.945996165716088e+01
4.600304846931390e+01
6.107478982819001e+01
4.250538602588018e+01
1.359134992286160e+01
8.248557526733986e+00
8.522634025906507e+00
2.485004017355388e+01
6.604521310238411e+01
8.269410588904009e+01
7.432637450952380e+01
2.184991031971290e+01
5.954259394646743e+01
3.135335367701638e+01
9.474454205238472e+01
7.879241466465984e+00
9.413333679276208e+01
9.079412063155048e+01
2.402383313701667e+01
2.739036070527060e+01
8.804868915493074e+01
9.013343113015100e+01
6.088617973070879e+01
1.909091268623756e+01
6.274580492765913e-01
5.119912743158598e+01
2.612977220030956e+01
9.364549624437723e+01
2.192585865125333e+01
1.781629403951405e+01
6.470225642654218e+01
3.876742759662095e+01
3.994567759332512e+01
3.310438861749339e+01
8.127281362250113e+01
7.741069247825570e+01
4.135294614422738e+01
1.816200950097386e+01
5.572591622161023e+01
9.472805857412892e+01
8.561153900139571e-01
3.005229073113403e+01
8.444872320836816e+01
9.437556983641142e+01
6.140564440815041e+01
6.712456991296474e+01
2.254811302877409e+00
8.992962254673691e+01
2.215391878138945e+01
2.627864443989407e+01
1.468862766152650e+01
7.318781049604891e+01
3.632141511716014e+01
7.557480739223529e+01
9.227872322885260e+01
5.342808079599779e+01
1.961461087670858e+01
1.851400524308626e+01
4.707357704037501e+01
4.154046952796190e+01
1.735199234325066e+01
2.542484701863716e+01
8.783154654681289e+01
1.496417914282725e-01
4.947581507706820e+01
5.710531187108965e+01
8.817354603119826e+01
9.082876122129558e+01
3.490171122127293e+01
4.389946220624235e+01
7.735980054240665e+01
2.456427576232901e+01
7.395175293737638e+01
2.747498994109919e+01
1.893984555217430e+01
5.743290747396318e+01
4.100178887182930e+01
2.119465685505171e+01
9.089637845330702e+01
5.251825035201304e+01
4.747330134151191e+01
5.585006114833526e+00
2.570606084806196e+01
4.837824867497117e+01
3.309799662469793e+01
1.798478403034843e+01
8.532712188797403e+01
5.735825726639398e+01
2.685005824400581e+00
4.604971248006900e+01
9.425307702936841e+01
5.374527180276125e+01
1.287445529032240e+01
6.713750421401929e+01
3.916494694499529e+01
6.235027036739061e+01
7.268365503879434e+01
1.672528121467926e+01
5.308194740353243e+00
7.409164657541162e+01
4.311594993021151e+01
5.140595191689486e+01
1.317350618223357e+01
1.706770286758789e+01
4.447651894040244e+01
1.597810812107199e+01
9.408718119100070e+01
7.348050171205797e+01
8.184695769187387e+01
4.144971111856853e+01
2.599875201750488e+01
9.390379124968489e+01
4.890648473468911e+01
5.170481286556684e+01
4.565265916551121e+00
3.923022092284179e+01
6.968959689591527e+01
2.760916176606396e+01
9.194282842424830e+01
6.082876308859734e+00
5.049774658423743e+01
