2.107150783812232e+01
3.151842999808417e+01
1.971539869891265e+01
3.228458386486609e+01
9.450375241902832e+01
9.068357520302925e+01
7.570294126668151e+01
3.020137461377372e+01
4.942749363809241e+01
7.122165778243060e+01
6.015734782449778e+01
2.395931073648823e+01
8.217594343338904e+01
5.587989597389470e+01
1.292353077462107e+00
1.974460362444846e+01
2.214302030491783e+01
5.302754815343188e+01
5.726374120324093e+01
9.918268858417062e+01
5.273407555778235e+01
8.629525978411327e+01
1.127762818302849e+01
9.793466655441311e+01
1.451644050633369e+01
3.095639414664190e+01
9.363990956621240e+01
2.848107457555881e+01
7.905068471052250e+01
3.122580709458600e+01
3.147136705530406e+01
2.862417862220862e+01
1.692859279780118e+01
5.785773883473954e+00
4.539040953171924e+01
2.705938184031257e+00
5.034700881240285e+01
8.971945163315137e+01
5.351590693626362e+00
9.977450245049526e+01
6.094110936901583e+01
8.838682146202159e+01
7.228746776109909e+01
3.613369140593973e+01
9.519849465936352e+01
9.343676236152498e+01
5.602823130601469e+01
3.205818442257968e+01
3.530097149093680e+01
7.312937372975487e+01
5.774243239208238e+01
8.991602900899763e+01
1.026171902672468e+01
6.902006057511086e+01
7.649872450926281e+01
6.815299422859820e+01
3.267554544502661e+01
1.719197338316216e+01
5.825895320543039e+01
4.449785214126941e+01
3.394844854900075e+01
5.207279373522512e+01
6.855417665492473e+01
4.252802093631030e+01
1.062828368070921e+01
6.047662396937452e+00
1.767823701616295e+01
6.097529249311206e+01
9.641277184542864e+01
5.303667432304317e+01
9.188968850853372e+01
1.313319397770483e+01
9.123738086374354e+01
6.076660503669018e+01
4.926688538364456e+01
9.180845501451216e+01
4.555814761927265e+01
2.839393537882433e+01
1.134751407026663e+01
5.209363263663539e+01
2.646013336556970e+01
6.669917174926920e+01
2.646074123981443e+01
1.082159113642834e+01
3.811000703745987e+01
5.001280510333032e+01
4.300460510095796e+01
2.778771167052338e+01
8.106488975745853e+01
2.731895871801253e+01
8.696931641873407e+01
9.961563656088693e+01
8.527318112797717e+01
5.552349302709266e+01
2.462941912218436e+01
2.232471696209382e+01
6.432112439736775e+01
2.100908231037160e+01
2.901741770516030e+00
2.999786847736587e+00
5.422343595615749e+01
8.488861056272341e+01
6.289370207250757e+01
7.675413297338139e+01
4.565521559941359e+01
3.506569123597149e+01
5.155150194258965e+01
6.779710015645115e+01
6.345962661479583e+01
9.333099457124760e+01
4.341812387267971e+00
1.636991659941614e+01
6.242094103359661e+01
6.303686069466028e+01
7.413511167938593e-01
1.936713770002459e+01
5.677681065014415e+01
1.962585501355392e+01
4.829502522400348e+01
3.784170036103656e+01
9.655665671292537e+01
2.552417550493226e+01
3.745733692192348e+01
8.505948194538219e+01
5.117678113802187e+01
1.105347369380923e+01
3.142087479653809e+01
9.912708108272733e+01
6.237167826032810e+01
8.569613205534226e+01
4.883894321920301e+01
1.869861368029314e+01
2.883670638726871e+01
2.111725100368133e+01
7.265664710321307e+01
5.445189241061541e+01
5.618294223965282e+01
5.464012755762791e+01
4.022317828620932e+01
9.017128771644612e+01
8.446022620632324e+01
4.479083197414448e+01
7.324145868105882e+01
1.039206311590600e+01
2.788024206081417e+01
1.625811309379438e+01
4.356031238267213e+01
8.695600791226886e+00
6.948856360720870e+01
5.247663695014857e+01
7.462741112086336e+01
6.203191357759382e-01
1.909890124532343e+01
1.208474799622071e+01
9.081987388935866e+01
3.841857208796710e+01
7.317789330760850e+01
8.346731852901509e+01
2.994146213398383e+01
2.383236425175907e+01
6.953243416246606e+01
8.601557383593898e+01
3.972452997217166e+01
9.836914054973477e+01
9.458113452167302e+01
4.109322854368632e+01
9.997277143410071e+01
1.939119776682518e+01
8.288408940792274e+01
6.605222926756936e+01
8.194071333014440e+01
3.085521149023213e+01
9.046377832557251e+01
7.808285703793301e+01
4.124727460613813e+01
2.053795630137341e+01
9.027265435563059e+01
5.217028579310061e+01
8.640255810991049e+01
9.362314562016313e+01
1.005181442482947e+01
5.658981625763225e+01
4.049159248382393e+01
8.805262692647644e+01
1.791605433352108e+01
2.102254206362299e+01
3.855500940166181e+01
8.086591539013475e+01
6.320368352495306e+01
6.849647153564564e+01
1.891831635447141e+00
8.099361857445614e+01
6.832040798306484e+01
8.518624123427376e+00
5.754884917174878e+01
2.333853376253440e+01
3.676258597372220e+01
3.991578744720471e+01
3.586016019613489e+01
1.964667538164494e+01
6.218543372218750e+00
6.266805718777145e+00
1.002450576518872e+01
4.001660372131346e+01
7.176294078666854e+01
4.222074204227922e+01
3.759956091530601e+01
3.461766440170708e+01
9.979591961009237e+01
8.440337618086645e+01
7.040935217887598e+01
8.133695865112215e+01
8.059193523628262e+01
6.339233781369046e+01
9.790036091483215e+01
7.316139669770440e+00
6.626328395971251e+01
1.513058134127901e+01
2.104633493397680e+01
3.558106661568446e+01
2.046608786120363e+01
7.877557183558847e+01
8.883498222047230e+01
2.874267111939502e+01
8.574800784035959e+01
3.472132833428743e+01
7.792679317199010e+00
6.295268063570963e+01
9.224294889357078e+01
1.392612583652424e+01
1.520889551155683e+01
4.247321684028638e+01
3.011890995787406e+01
9.420534418626006e+01
8.777779046808266e+01
5.897534799714356e+01
4.625681380101332e+01
7.323502533754103e+01
3.578316929553783e+01
8.708894424470557e+01
9.723714436275750e+01
4.333386334745859e+01
6.842590284926160e+01
3.305807431836523e+00
1.477656891326260e+01
5.380082826772743e+01
7.638097017834940e+01
6.598491965140445e+01
8.762274402548687e+01
4.628112327599951e+01
6.064254527941465e+01
8.088831840124369e+00
9.027717653209211e+01
5.609059490081416e+01
9.965615025705480e+00
6.829500043219655e+01
2.597780023979852e+01
3.160233159158487e+01
3.595991839466613e+01
6.477930162324537e+01
7.525517110491879e+01
5.782694605077941e+01
9.948080549923741e+01
5.138438495406154e+01
3.026058377244537e+01
8.974233902513159e+01
5.165322271718328e+01
3.388974328240833e+01
5.792050969690108e+01
2.457773388576588e+01
1.348000355692580e+01
3.371845569169077e+01
6.791159727979060e+01
8.028881837627330e+01
3.484381001202567e+01
2.519912543948699e+01
7.425254307419646e+00
1.476763087081147e+01
9.118404513745757e+01
9.504799833290652e+01
9.349505174602152e+01
3.124532556684936e+01
2.726019435900272e+01
5.082349621263496e+00
2.140638079559728e+01
7.713323904999217e+01
2.180145868184113e+01
4.968597807441185e+01
8.267217827153959e+01
6.083971432449283e+01
9.032089178931010e+01
5.792734937645837e+01
1.200852818414966e+01
4.952966535907689e+01
2.483195933738349e+01
3.600905716233378e+01
6.781132592252051e+01
7.648518210113289e+01
6.867511326851096e+01
5.386746765760121e+01
1.062915940332653e+00
1.618954600588863e+01
8.001170963049480e+00
4.229586415099719e+01
9.018973330510303e+01
5.347651338832291e+01
7.734788226771535e+01
9.761498761252267e+01
3.568269234880930e+01
7.900196154555397e+01
9.266298594542917e+01
9.941437109346239e+01
3.067094391708772e+01
3.022750678017154e+01
7.617899685920169e+00
6.572412823593436e+01
7.708111152848281e+01
9.766315384659133e+01
1.215103986307561e+01
6.396953173166585e+01
6.633164531846141e+01
1.343240398607794e+01
3.085321766829733e+01
6.314571176802074e+01
7.331809656383382e+01
4.999046728480163e+00
7.743253073535512e+01
5.442794461475124e+00
4.943145408734281e+01
6.905356932853050e+01
1.208773335073503e+01
7.716727171892639e+01
3.041824662611738e+01
9.734164401765058e+01
5.274184027348731e+01
5.002269276884510e+01
1.077236910852248e+01
9.109561540703085e+01
2.394172969457774e+00
2.628568733403724e+01
7.009757690601869e+01
1.542769983197921e+01
1.228691046698341e+01
3.889898720146110e+01
3.024382099054932e+01
8.814860563173359e+01
4.407384434904617e+00
4.133503988447368e+01
2.929057405762866e+01
9.554955884607023e+01
3.758577152042918e+01
7.432609599750772e+01
4.013140836736719e+01
1.029636394711973e+01
5.872414138108685e+01
1.344950493120099e+01
8.400777940824990e+01
3.025734751962933e+01
5.617578698144098e+01
8.217683605951109e+01
3.571002005399671e+01
6.897411633700790e+01
5.934410773187135e+01
8.189091076231139e+01
1.139982604021198e-01
1.355759986376278e+00
1.418562010591180e+01
6.889319716435540e+01
4.494790851368937e+01
6.876342816686417e+01
8.245003571847921e+01
4.998595200012716e+01
8.419112799884338e+01
7.246611205510149e+01
6.097336623863008e+01
8.256213082119922e+01
6.061471764026896e+01
7.775699872419098e+01
7.345772337795128e+01
1.162398374249413e+01
7.444540302941827e+01
7.704859961618138e+01
2.075257302296933e+01
9.180388277946221e+01
5.371201972184331e+00
8.120859595071924e+01
6.876304865291483e+01
3.956085966879542e+01
7.873246445261522e+01
6.126901435724880e+01
5.557119848931729e+00
3.446925689208752e+01
6.082434512713195e+01
8.108180341361174e+01
6.926646454691256e+01
9.655889095578290e+01
1.169123091348039e+01
1.281780438163216e+01
2.021638109358791e+01
4.649036491591966e+01
5.552626683168406e-01
3.556463971527509e+01
3.309560531428811e+01
7.125409034604863e+01
9.002837934066932e+01
5.036537994181987e+01
6.363837875595241e+01
2.177859652870269e+01
9.973754324006734e+01
2.532276652069891e+01
8.805679971727393e+01
7.851764134993667e+01
6.545093700543555e+01
4.517683612423802e+01
9.742914782717320e+01
2.563739522622777e+01
8.754207337626353e+01
3.253493357102150e+01
9.111338536772568e+01
6.648509291302651e+01
3.591649282533512e+00
6.547387538732676e+01
4.145673464120214e+01
6.760822533052797e+01
4.396660166977281e+01
1.033761594925896e+01
3.039367083944085e+01
7.486163837595919e+01
8.301967521338709e+01
2.204199182896036e+00
5.797129169012014e+01
2.327793474461787e+01
4.439554044250191e+01
9.106689705097438e+01
1.686670818220205e+00
6.117474886643456e+01
1.304744152028460e+01
5.724798303900658e+01
3.760756479464823e+01
7.426609921933436e+01
8.502068858827496e+01
2.787783463852379e+01
9.130262606372249e+01
3.912194973748268e+01
6.302917425661775e+00
8.873177384432952e+01
4.070819264310794e+01
8.273091031365605e+01
1.852193298680798e+01
4.723945206368316e+01
2.381826402797283e+01
3.917139183691302e+01
5.388313953479898e+00
1.984851123758057e+01
7.300617176713709e+01
6.855872141595870e+01
9.675818858517250e+01
7.294538383043621e+01
8.128924550548626e+01
7.062268293026028e+01
6.858264723261010e+01
1.495465418088932e+01
4.124411434924421e+01
5.411479107761513e+01
9.245854848644629e+01
7.443197377698122e+01
9.683273862899874e+01
5.214940931282445e+01
5.584997481473255e+01
1.981685404657240e-01
1.534392797171321e+01
1.396936649175797e+01
6.010466788900302e+01
9.593600737673045e+00
9.691734812078874e+01
8.107203519021722e+01
4.686055451019693e+01
3.149546940414955e+01
7.807237067170087e+01
9.626875938673911e+01
6.743108088496658e+01
6.404613347912493e+01
5.246084442011119e+01
9.144824891884265e+01
6.203093568889003e+00
3.125051373208431e+01
9.020801200075448e+01
7.966669769010818e+01
5.038741140178750e+01
4.509942063367899e+01
7.213355483120939e+01
4.025439808157012e+01
9.214368457540110e+01
7.456032623283581e+01
6.725289880635817e+01
9.237378127517820e+01
6.953566207994506e+01
2.256739168547438e+01
3.543645792428239e+01
8.055742014225451e+01
8.716800156383216e+01
5.078038594256174e+01
9.242098689657682e+01
5.084156345149575e+01
8.674878151470273e+01
2.192234612159540e+01
8.027146201593403e+00
4.466800673150830e+01
7.406072736441192e+01
2.330314927888249e+00
6.374095690610864e+01
9.000687617343239e+01
4.325840987416841e+01
2.198529887105585e+01
5.659747280022012e+01
9.588474388974009e+01
5.323581260314016e+01
1.913036351051664e+01
3.629346566102164e+01
8.788616894180242e+01
2.534275107334496e+01
9.265197771259210e+01
8.556035537531615e+01
5.637346867303060e+01
4.592581072166833e+01
9.322043331024257e+01
3.444132387379246e+01
2.741081469106060e+01
5.303116182472145e+01
7.182534172750327e+01
3.064596402954588e+01
4.776706083108069e+00
9.182131187609458e+01
4.632105331230958e+01
4.756699746826990e+01
9.373460290661761e+01
4.498929704771810e+01
1.185876951173822e+01
9.962010914442135e+01
5.448692727577264e+01
6.895126121535490e+01
2.351709204889698e+01
3.517921405619905e+01
5.744749436036102e+01
2.412886536872427e+01
1.663433905534183e+01
8.205707822090810e+01
8.259419355662270e+01
5.427398227819893e+01
5.781710229712404e+01
5.686438235308248e+01
4.851959140436705e+01
4.500331647927096e+01
8.283191685696687e+01
5.636795538308469e+01
5.911576769273531e+01
4.521032364350293e+01
8.015083888552657e+01
3.795081136652772e+01
5.158011575768708e+01
6.263462093781429e+01
5.345752777227085e+01
6.053545896920164e+01
7.433174735602537e+01
7.962441881169771e+01
1.964510978183016e+01
3.302602606500780e+01
1.352480203543082e+01
3.918986769355362e-02
2.230546885277399e+01
5.869713996476360e+01
9.455846943639148e+01
8.612526258738956e+00
2.375748829159769e+01
6.281670162585410e+01
6.089653776069011e+01
1.051069302973835e+01
6.972569938270641e+01
7.619957042681034e+01
7.786621082474767e+01
4.206409437678013e+01
4.711135674599156e+01
2.638580222911472e+01
4.192010734319692e+01
6.639262957796112e+01
5.560291440021382e+01
1.558308066594558e+01
7.026907609322531e+01
2.173702778375569e+01
4.011458337312312e+01
5.541021086061849e+01
6.350897134445093e+01
9.185217213437528e+01
1.594566982982013e+01
3.038824593200732e+01
8.918958305809161e+01
2.032894828372120e+01
4.356369662264535e+01
5.904091729737861e+01
9.267440414646380e+01
6.586916547541934e+01
6.925719667657148e+01
3.792594654389003e+01
7.149885528325049e+01
6.283538758886763e+01
2.432372682929212e+01
3.017919297804087e+01
1.499352437210899e+01
7.003045374063331e+01
6.378763358285075e+00
9.285973524342279e+01
5.812881405378171e+01
3.944271609161176e+01
1.188235632697230e+01
1.380960317971632e+01
4.512802089803294e+01
6.098168746613975e+01
1.325987722410815e+01
8.427215911646940e+01
8.853302001419152e+01
5.165452163277870e+01
3.968236993052175e+01
4.557622645309951e+01
8.987446971697474e+01
5.562803976034188e+01
7.032149814549904e+01
6.238108247629417e+01
6.949798807944077e+01
2.887284337956125e+00
2.142199972710665e+01
8.986612627742167e+01
3.360966361761543e+01
4.318996274061034e+01
5.584323567144723e+01
4.164277219290043e+01
2.585173054870764e+01
4.528017553746708e+01
4.359644080679698e+01
4.084525496738276e+01
7.586618791141836e+01
2.715911326331977e+01
7.635038126090093e+01
7.119345728829198e+01
9.176682405721715e+01
3.672413147833390e+01
6.887025389302069e+01
8.413356346270700e+01
1.686050543415384e+01
7.641076514330263e+01
9.439221489913399e+01
9.247483028679846e+01
9.579555727345662e+01
4.487272433232177e+01
2.164639542887285e+01
7.729134647049538e+01
3.708029004609226e+01
5.573299753280961e+01
3.247808489598245e+01
3.078213708045992e+01
2.843736797964078e+01
9.094846192325859e+01
5.654901580724354e+01
2.056616005514104e+01
5.242085403409826e+01
6.654559907808229e+01
8.847081600151529e+01
7.827258458280591e+01
9.415321992437970e+01
9.348240759851522e+01
1.911783950362254e+01
5.875271314697000e+01
4.035023387537814e+01
9.655112204912638e+01
5.671961617503298e+01
9.773697671375096e+01
9.899395606433691e+01
2.775564181048220e+01
2.561250223108218e+01
4.601549079921818e+01
6.236185392474842e+01
3.612496253853895e+01
2.124798690026998e+01
5.815741115163892e+01
4.189320604405049e+01
7.221773875514872e+01
7.546500772026601e-01
4.880247812196728e+01
1.930473680575599e+01
1.383077293347138e+01
1.827088292607613e+01
7.205227211678972e+01
1.084924908860086e+00
8.430463312394201e+00
8.058679410283770e+01
6.306435445466282e+01
9.755731909422080e+01
2.277774267027981e+01
5.891013916531118e+01
1.445517927150018e+01
9.480424229745019e+01
6.448874742001702e+01
7.905257250138213e+01
3.663441726781168e+00
1.083385134620306e+01
5.882666230147083e+01
8.704419242546157e+01
7.491114021973272e+01
6.962207791843549e+01
8.518211379888567e+01
3.577855757241070e+01
7.700962995971071e+01
4.856710659738961e+01
8.100181798497299e+01
2.317827647699894e+01
3.787348439817945e+01
1.914799447131715e+01
8.599603850673699e+01
2.038273998553992e+01
4.432125945776760e+01
9.982681144020837e+01
3.061093912954021e+01
9.553359877110161e+01
5.826890471310770e+00
1.921350812502834e+01
7.766725671368989e+01
3.251649813378067e+01
5.403378035595351e+01
3.840307543911183e+01
7.733593004631621e+01
1.731328829997838e+01
5.120836382322403e+01
4.182467741976710e+01
5.449308178131147e+01
2.972272109693043e+01
9.318660981635871e+01
4.839249143767752e+01
4.678965604248906e+01
1.069519762447811e+00
3.055892983943174e+01
5.944635069903283e+01
8.816860503897472e+01
7.568559752576314e+00
5.378622382589906e+01
8.773584281454600e+01
1.861725501651748e+01
2.998124683740607e+01
7.922077359595372e+01
4.474559679848403e+01
4.232130299430401e+01
9.042080374919847e+01
1.536133839532795e+01
3.878639225791506e+01
4.326287374983676e+01
5.438354478887447e+01
2.832230186477411e+01
1.578629888397935e+01
7.280933566987949e+01
4.536577777255595e+01
5.933320590263848e+01
5.014526566962957e+01
6.267906607253434e+01
9.558586175347952e+01
7.978126475577302e+01
2.610973288589610e+01
9.667990114385258e+01
7.152474921733362e+01
6.556463924495719e+01
8.934415485213704e+01
7.009164014369791e+00
7.218580151544222e+01
3.581740429430148e-01
2.900531479576850e+01
5.953288067110483e+01
5.414439786884208e+01
3.038227368629644e+01
8.582675558786222e+01
2.500491706887489e+01
1.697385148935665e+01
4.018731426456353e+01
5.429316710414977e+01
7.394655191988990e+00
8.879961184635741e+01
5.336464152362414e+00
7.774912429868670e+01
8.502496103058800e+01
2.379412661483238e+01
9.867925476221333e+01
3.767459752861159e+01
4.035941783355522e+01
7.753129451420683e+01
6.932606690997541e+00
1.209199224230460e+01
7.848023519780499e+01
7.680646939054434e+01
2.926414009615040e+01
5.363454560452818e+01
6.335899688459886e+01
2.088483098004239e+00
1.698792633460273e+00
8.683724281696475e+01
9.882418629658602e+00
2.056966676403287e+00
2.588743172860119e+01
9.604678074645195e+00
2.500072420807589e+01
7.631151619195543e+01
8.811119058547131e+01
3.154290254765325e+01
4.627251813480282e+00
7.361379814036833e+01
7.947070620929389e+01
2.113024570100487e+01
7.609691679295941e+01
1.972916834975088e+01
8.680792641211670e+01
2.507519988579452e+01
4.352329496458326e+01
1.319794781189316e+01
8.186254095372863e+01
1.058315411702877e+01
7.355434194838365e+01
8.879514764472616e+01
2.267514635933337e+01
1.594297616553632e+01
1.729023084849596e+01
6.186459290881855e+01
2.549480210314263e+01
8.870867541465381e+01
4.676806579659137e+01
9.295000419623685e+00
8.559079234748650e+01
7.192753440324567e+01
8.033775257893734e+01
4.732553467495625e+01
6.858703669560470e+01
8.545192600481768e+01
4.115307007038643e+00
7.687159905995783e+01
7.610735393879347e+01
6.505595211175081e+01
6.416890395999370e+01
3.689612920251495e+01
6.371798047969024e+01
2.599921674746983e+01
8.766543054378845e+01
9.669185490193397e+01
2.754463028514042e+01
4.341812377954746e+01
8.179427240127430e+01
9.407171192302915e+00
2.963917461672759e+01
6.967683027949036e+01
3.833189361651051e+01
6.625703413330811e+01
2.171140733254673e+01
3.783009920168207e+01
4.356012313792488e+01
5.968945904620432e+01
7.365592465440552e+01
9.790024440637801e+01
1.086290092713335e+01
1.212956687069012e+01
4.999279838520698e+00
2.351005753665699e+01
2.360779094677781e+01
1.887560687906835e+01
8.739873845474736e+01
3.184775399595860e+01
8.161352746263776e+01
4.162976604030922e+01
6.161853161715834e+00
1.313296706095942e+01
8.168488302346546e+01
3.768149592805724e+01
5.438602806738858e+01
8.157971183842966e+01
3.437335078342508e+01
5.220193674424753e+01
2.499783561797712e+01
1.907370286950548e+01
2.330368586038411e+01
7.452839825978894e+01
3.526564377139586e+01
8.954014833529487e+01
9.951236224710586e+01
5.418697565523301e+01
9.641643776391467e+01
1.201003259607127e+01
1.387643465487120e+01
7.007236237175407e+01
9.029627139228222e+01
6.614652102168021e+01
1.934067589200133e+01
3.095513956200105e+00
1.689310363349183e+01
1.837925706914591e+01
1.725236262066866e+01
1.847864478755679e+01
4.930163833745831e+01
9.886589008330643e+01
6.010841082786601e+01
4.788539225602774e+01
8.623133296437157e+01
7.303512216221314e+01
4.518258471283251e+01
1.774872816994261e+01
3.766373011174785e+01
8.898032707580380e+01
6.995066491419016e+01
8.121319659110773e+01
9.756708764357822e+01
7.241308459658785e+01
7.868071742294389e+01
4.522951331233118e+01
5.941904683570333e+01
3.528879542615675e+01
9.885226129500766e+01
7.886616153589738e+01
9.245073715804645e+01
6.787770146870878e+01
4.319575417004328e+01
9.928943100352279e+01
9.830569317485471e+01
1.061591087403517e+01
2.690602602758726e+01
3.038128802104913e+01
4.475279601512142e+01
4.970661217798787e+01
8.075757859310022e+01
9.897436308626754e+01
4.540678842244986e+01
2.454420571427057e+01
8.743644439961595e+01
9.122246782817993e+01
3.880588213857537e+01
6.117487436215154e+01
3.183982876680783e+01
2.529968071044408e+01
5.315575588175830e+01
5.438784805796475e+01
6.512877254985681e+00
8.571845748728070e+01
6.827369684738744e+01
4.859483975386007e+01
9.882439221200737e+01
5.455600659109466e+01
6.433275670946238e+00
2.733565449124931e+01
1.931276531858033e+01
6.557393519467392e+01
3.328609221302257e+01
6.250851948862361e+01
2.384729554124516e+01
2.399688122048829e+01
8.500816015759864e+01
9.823897317901206e+01
9.256837861266376e+01
1.770612970819051e+01
2.142972118287800e+01
7.207517655197306e+01
2.861466152994645e+01
2.642085604668635e+01
2.672631341345902e+00
6.354024809018720e+01
4.759230546075492e+01
1.846969547610250e+01
7.206572507138631e+01
4.948315264167411e+01
6.419500935086748e+01
2.759457162003711e+01
3.871000699638855e+00
7.556123909333779e+01
9.459207639777664e+01
6.247662448439591e+01
5.941561467918363e+01
5.306351327014319e+00
4.384439147256519e+01
9.491890812987410e+00
5.370200968054218e+01
8.953315461498367e+01
6.427822050837717e+01
6.997536945621268e+01
4.725997897203079e+01
2.195676189007087e+01
4.769652325087065e+01
9.193887803328171e+01
8.412929139292299e+01
8.167176208536688e+01
8.137057310965405e+01
5.559012529234873e+00
5.374693859077382e+01
2.554178844464095e+01
7.613987805142062e+01
8.585142627630916e+01
8.908203653482815e+01
4.962319249735362e+01
3.191491534556957e+01
8.504892801169723e+01
3.577954067652092e+01
2.490502117430094e+01
8.331820284170946e+01
2.977345792100460e+00
6.987553242122546e+01
7.112444269988892e+01
9.533152589357063e+01
5.132677399149480e+01
6.229202931853571e+01
2.159890058524855e+01
6.081866480448221e+01
2.763264567015350e+01
6.491482130480689e+01
7.034733908732763e+01
7.639599921013973e+01
7.038519707060661e+01
7.486444454401007e+01
4.830797163225150e+01
8.472053654711719e+01
2.191965255044384e+01
2.997973367105226e+01
6.609110961020509e+01
8.425566972431525e+01
7.204600166159030e+01
7.607634424980560e+01
4.817354290195441e+01
6.073428884182791e+01
8.502548364225099e+01
5.673195531439593e+01
2.874776079726767e+01
7.007441160738207e+01
9.113214127306460e+01
2.485768549370472e+01
3.457113450140280e+00
7.709836483797913e+01
7.427861493745755e+01
6.221343859201923e+01
9.743826142392972e+01
6.474851857160616e+01
8.166047920550243e+01
9.512525521923102e+00
7.507510430881526e+01
5.582083270690442e+01
3.599174764752004e+01
2.798278691618833e+01
3.221683187047803e+01
4.781586357756325e+01
6.589461186243901e+01
3.800325162615778e+01
6.791730768415951e+01
2.816848160148062e+01
5.726061526558390e+01
9.862750973488555e+01
2.021464054482740e-01
9.423120948217399e+01
7.470385393812501e+01
4.837568930740267e+01
9.888628679275804e+01
7.681653866396124e+01
4.216507004674760e+01
2.583598309468291e+01
2.224231279559541e+01
3.219151060664631e+01
4.410013619069948e+01
9.630336263044894e+01
9.338445393060542e+01
5.402352360730224e+01
3.993534531441301e+00
3.434459568669303e+01
7.962891253625457e+01
2.308138256104727e+01
3.272168418984938e+01
4.183185377243527e+01
6.460114217577555e+01
1.355229691302045e+00
3.094743677924733e+01
4.768904612757687e+01
4.629831907632682e+01
1.840226036422060e+01
4.180968196215559e+01
5.041132348143091e+01
8.570790699948925e+01
3.871838680408820e+01
5.844827231878800e+00
4.677288837114949e+01
8.621801249041130e+01
1.434245450158718e+01
5.273154487494917e+01
3.717096598687161e+01
8.448555268556139e+01
8.274074349680018e+01
9.316303101049877e+01
3.763835091965196e+01
3.897572068449841e+01
3.953990803078744e+01
5.484780788181713e+01
9.241128647346575e+01
2.118391027729209e+01
8.549063377338025e+01
5.892260659435885e+01
4.422763690549304e+01
5.156737228462816e+01
5.480785353798785e+01
6.686578899010354e+01
4.529191928230781e+00
7.848753141168856e+01
2.570712916818779e+01
4.429025288871036e+01
8.316970564572593e+01
7.300920857722369e+01
2.902908415022729e+01
2.762183399294588e+01
2.564495216386624e+01
2.916176539341070e+01
3.100396694196573e+01
4.686646929330494e+01
7.475417855882746e+01
5.806788725688490e+01
4.886869389976780e+00
1.149913338548463e+01
7.802781550121858e+01
8.800304023921632e+01
9.960098429564432e+00
3.301202446828225e+01
5.017095527153972e+00
4.950000650691801e+01
7.823470001026742e+01
5.095353007826653e+01
5.767347913127089e+01
4.896043122231981e+01
1.207783027183164e+00
2.029589257216821e+01
9.982894458800040e+01
8.567938631664933e+01
5.072082013390996e+01
5.970879712128490e+01
4.184246954593922e+01
5.333373153271793e+01
8.439315053838918e+01
6.330840427582544e+01
1.195831676570620e+01
4.122262869087170e+01
6.643107625023977e+01
4.006885236132371e+01
8.772564185211698e+01
4.281105699148544e+01
9.619659613640820e+01
3.783083867180666e+01
2.316795113644002e+01
8.653333586944888e+01
4.339686075383651e+01
2.701186725264968e+01
6.547803714195174e+00
4.805902514981992e+01
6.002389172093192e+01
7.116491388118123e+01
5.360178088471377e+01
2.349368916987148e+01
9.589865342522909e+00
9.331580488631307e+01
7.245412043875741e+01
4.046139812118439e+01
1.640642439779193e+01
4.153192557465840e+00
8.821820797781378e+00
6.837575732189033e+01
2.201864506212000e+01
6.798325393720681e+01
4.559754857122784e+01
4.508532436801369e+01
9.113076361414547e+01
1.567244046166187e+01
1.611282239487061e+01
2.854237730081304e+01
4.375944954518204e+01
4.596082570308858e+01
7.441379557103561e+01
7.331006902889817e+01
2.432805515095967e+01
5.351771467994793e+01
8.898616749280419e+01
6.677630444372832e+01
7.069424943565123e+01
8.343137916337298e+01
6.931443892853075e+01
8.329230262119896e+01
3.970451468588063e+01
6.361027232539386e+01
5.623029864217634e+01
3.079791657198123e+01
7.488553229481239e+01
1.114689251927049e+01
4.012821034534285e+01
9.348949035326460e+01
6.518082789386662e+00
2.917238652201946e+01
4.453812658066774e+01
6.904058161612628e+00
6.538335302164003e+01
3.250058988691335e+01
8.863608957670446e+01
3.998475295490807e+01
4.468725134836847e+01
4.687127342767607e+01
6.075746736524509e+01
7.161191761103083e+01
2.365466026759458e+01
6.506377973829572e+00
5.219950762214117e+00
9.809754630462152e+01
2.129402687833366e+01
9.715732508206617e+01
3.310588790714083e+01
9.424113472655469e+01
5.850539689813991e+01
5.449006145563445e+01
5.055010507374541e+01
8.217600895193220e+01
6.748434452688524e+01
3.167192150450867e+01
2.299776259949326e+01
4.300617954833721e+01
4.281881407034528e+01
4.334832832373135e+01
7.127305281873470e+01
4.747965365996568e+01
9.822615981019389e+01
3.980393504714777e+01
7.601638155803847e+01
2.544508242301880e+01
5.752269181307531e+00
9.580926038129687e+01
2.003883087078055e+01
2.047755528263634e+01
1.440131194628836e+01
8.043463164029393e+01
6.583999081786722e+01
7.233411077053012e+00
7.579438405846915e+01
1.720205066595322e+01
5.793962984249909e+01
7.073532141313671e+00
1.140816892097153e+01
6.987012921360794e+01
8.923773122450231e+01
2.944367547959261e+01
5.437851643859339e+01
6.467935408683464e+01
6.695671066034433e+01
8.978335051321579e+00
8.221753657898751e+01
9.079350884575095e+01
6.249277529422788e+00
3.917008961512246e+01
8.326301522704912e+01
5.142548398646781e+01
9.961483939532881e+01
9.423370803437834e+01
2.931459174925210e+01
7.346304984458865e+01
3.126859880577242e+01
9.002539305483242e+01
3.942141031819462e+01
8.723261081019072e+01
1.010834551887044e+01
3.709930155291190e+01
8.289257790096690e+01
5.707091812839309e+01
9.870147393024595e+01
3.359403416216096e+01
8.676074058132281e+01
5.714275434480177e+01
5.298644101851919e+01
5.070066505610043e+01
9.281997191385365e+01
2.216700158182858e+01
3.974633130233099e+01
5.814351758833207e+01
1.146942554575830e+01
6.102578796494090e+01
3.430191755029462e+01
2.047486934832990e+01
9.081145668905762e+01
1.309057055650771e+01
4.242489144318965e+01
6.503913764145184e+01
4.211044876934515e+01
6.348943317471512e+01
3.749297840403997e+01
8.738145520323025e+01
4.363880136219728e+01
7.486182906425644e+01
8.605147059357327e+01
3.071350927032228e+01
8.975347647897595e+01
4.090662814718980e+01
4.029381291023167e+01
7.856086854755920e+01
7.321613583397871e+01
6.772741268748763e+01
8.993727834426672e+01
8.218852504258442e+01
5.713940493629286e+01
1.117064552901808e+01
5.697901908167592e+01
4.755857067534633e+01
7.958596529419812e+00
9.273656606335963e+01
9.968629158087367e+01
2.786929203563803e+01
6.458697377917682e+01
6.113928955101375e+01
3.112409386370522e+01
7.791307027354513e+01
6.159896266721141e+01
3.453953160650075e+01
3.405666604361342e+01
9.270283439788169e+01
8.287188735924283e+01
5.183062844529312e+01
3.374822020239580e+00
7.077265850769945e+01
9.997496185823110e+01
3.709172491780097e+01
1.714896136762060e+01
7.865162835393642e+01
4.417181622431233e+01
4.520347711872471e+01
4.808147114146569e+01
7.168889794111665e+00
5.390231281234990e+01
4.764883012867013e+01
3.705507653628246e+01
5.237449754605745e+00
4.925924695528077e+01
8.291026106239774e+01
5.619433808894564e+01
6.927040753386467e+01
5.518526023029595e+01
8.342532202760937e+01
1.840554970242341e+00
2.487630719546057e+01
1.327465945541610e+01
3.118274641743989e+00
6.746469110598075e+01
3.385915352676956e+01
3.765780629481087e+01
8.434607469679139e+01
2.656198787808511e+01
2.773407908516660e+01
9.766815048533871e+00
2.258169838347551e+00
4.046418324134508e+01
6.908733610486954e+01
5.523357915470077e+00
7.518275970368774e+01
8.914111423731833e+01
4.174753545864836e+01
6.135765982855003e+01
2.463504165626831e+01
4.971534993951924e+01
3.038477759360558e+01
6.776499285724246e+01
9.295789082206689e+01
9.109469446870251e+01
1.702423981252324e+01
9.508249638373148e+01
7.023107463970365e+01
9.788141967630079e+01
6.421212827051623e+01
8.739060633228654e+00
6.785329685912156e+01
9.290409199563045e+01
7.627485998732730e+01
7.236962107586191e+01
4.642551673875447e+01
5.409621962071220e+00
7.353561496061069e+01
4.693135672571667e+01
9.442425551564631e+01
6.592930535130635e+01
5.669817177425054e+01
3.524955480138285e+01
7.687485785078017e+01
2.031980162501326e+01
8.604930135703147e+01
2.564167390840206e+01
5.836787887772912e+01
2.779683681567984e+01
7.490949019552650e+01
7.740007991781462e+01
9.576205867145307e+00
7.576349567424668e+01
4.516507277505708e+01
2.719733325168366e+01
1.048257756535084e+01
5.833521599803828e+01
2.227982963541515e+01
8.501519187587090e+01
5.582359482339751e+01
6.751049899845873e+01
9.957788195441378e+01
9.016728093389762e+01
9.454443324103227e+01
7.585274189517496e+01
6.253690196319339e+01
1.778001818702557e+01
1.898472249460627e+01
7.291124554952198e+01
6.471137491274223e+01
1.340897801025257e+01
3.236390228027660e+01
2.003513347359148e+01
5.112898389395745e+01
7.558289406615444e+01
1.106105531149593e+01
4.594389211663226e+00
5.547286917244683e+01
8.572877402684128e+01
3.239122602734306e+01
3.782819632339673e+00
5.787058801291072e+01
9.908250425899517e+01
1.614395976818351e+01
2.931996208118273e+01
2.769043726273367e+01
7.068243202319482e+01
7.048323926072719e+01
6.207255812458348e+01
2.732070955788750e+00
8.213809546182775e+01
4.717132227829254e+01
7.667983890356489e+01
3.847130091789705e+01
8.847865187026498e+01
3.059384782360580e+01
6.429573328434292e+01
7.023412416234339e+01
3.701522598835417e+01
1.004513912370668e+00
3.494549902851949e+01
3.800860458892240e+01
8.925709765835531e+01
7.271732225675012e+01
5.471639030366968e+01
4.968758977469410e+01
4.420454103695440e+01
