4.703643678083850e+01
7.623259940940542e+01
1.014773259411926e+01
2.685454316756434e+01
3.727489432193101e+01
3.169050455637765e+01
3.921470038556247e+01
7.127728283930443e+01
5.748457468928982e+01
6.228926985631197e+01
9.712724047579209e+01
6.639007491357162e+01
2.466146025092409e+01
7.375109948858204e+01
9.902151399246488e+01
6.816330438859914e+01
3.852046990698225e+01
3.802778745909584e+01
6.243072783687652e+01
1.104122186593768e+01
7.766535523238841e+01
5.717992389443327e+01
3.861756363819240e+01
5.174692345398800e+01
6.886582927259887e+01
9.677575770615402e+01
9.979575020251598e+01
6.993308866859091e+01
7.053101927532396e+01
4.602622135822951e+01
8.000803295523302e+01
7.763105937169449e+01
4.188008762052286e+01
9.895985671270632e+00
4.133994730251839e+01
8.577781733394498e+01
4.573349479852873e+01
5.090134076350431e+01
9.447715496387200e+01
9.869219581535654e+01
4.885599801729247e+01
3.459022870966709e+01
4.448937510349293e+01
2.163506989443445e+01
9.177495599341344e+01
9.711657813615938e+01
6.642922450156381e+01
3.662921955652033e-01
8.859724811678625e+01
2.690535878152836e+01
2.005222440699685e+01
7.701129651489262e+01
7.754894852524109e+01
9.076564763242642e+00
8.689119810559377e+01
3.936892917350350e+01
5.544554570477715e+01
8.361201946791820e+01
9.468382438397212e+01
3.760574941411882e+01
1.194642605816313e+01
4.134133078220362e+01
6.108500033667544e+01
3.079029546621735e+01
7.792661473058472e+01
4.694083419020327e+01
7.596732819265097e+00
1.163734584657352e+01
9.784217495370757e+01
2.745865058501188e+01
3.551859061025017e+01
9.481578459721793e+01
6.848605911642596e+01
2.884291481638463e+01
5.735339823055705e+01
9.266636962660884e+01
9.715206180566552e+00
4.713766041544157e+01
3.420512254080042e+01
9.831245429735279e+01
9.785437728178426e+00
2.942728857948784e+00
3.345672890239243e+01
3.304135824229631e+01
4.263270927715707e+01
8.608564161047603e+01
4.039625131543551e+01
6.837268069776366e+01
9.855107143453839e+01
2.695507347907641e+01
9.104714025326406e+01
9.821455781264909e+01
5.464661128569702e+01
2.134557982038035e+01
5.204107149133509e+01
3.257322596971562e+01
4.358886123801994e+01
9.212478859914690e+00
3.808945144437693e+01
2.478636425211391e+01
1.248121769748685e+01
2.867986235240468e+01
3.624682069581320e+01
6.578434555129350e+01
4.127849044337798e+01
8.919642171319406e+00
1.664943658590756e+01
5.099369662394454e+01
8.435647496225148e+01
7.912542702589437e+01
7.647370378322607e+01
4.536319181572794e+01
3.338277397369163e+01
8.276287977712363e+01
3.923391221986800e+01
4.630990896667815e+01
3.110806691977571e+00
6.867552458712622e+00
1.468258961787568e+01
2.966861684325552e+01
3.565593857115877e+00
8.400857699290317e+01
8.759349625911261e+01
2.580726008201356e+01
4.655857460878723e+01
3.963456770388157e+01
4.412333119852623e+01
2.883098345661116e+01
2.465713486292266e+01
9.646993754267224e+01
8.013535480952605e+00
4.970243747797908e+01
3.647416696719554e+01
4.268426049625699e+01
7.117656952290636e+01
8.143982262417666e+01
8.557929628788460e+01
5.658875408423540e+01
1.742198686926718e+01
5.411443480016405e+01
5.535000863268507e+01
6.672813774399839e+01
5.728309608869399e+01
4.541302800430591e+01
9.630363583392632e+01
9.651700835512813e+01
1.540686395736731e+01
5.260182416653345e+01
5.437237664795126e+01
7.867309622404775e+01
4.198076261299698e+01
2.553302544426779e+01
3.581918344638272e+01
2.957425882554346e+01
4.863246038958079e+01
3.819694036533914e+01
9.295279183096848e+01
9.720771578010531e+00
8.416355856888163e+01
9.386596139234769e+01
6.529524534255977e+01
3.575067922275079e+01
3.100431395275719e+01
3.134050892262743e+01
3.211700368305529e+01
1.463232455525190e+01
9.776879921451621e+01
1.769629992437376e+01
9.926151758956794e+01
5.897436060894950e+01
2.307334403650525e+00
3.497569865313158e+01
8.191892378121565e+01
4.075083836948073e+01
4.072653643820740e+00
3.140994120920540e+01
2.983771359074754e+01
1.947951764775418e+01
2.381065488970403e+00
9.164022337256010e+01
4.956897126956329e+01
4.575555000722201e+01
9.113848749135551e+01
5.292021425111230e+01
5.556678676771316e+01
6.851353434310926e+01
3.378952342727665e+00
2.477561329713818e+01
4.198490504267854e+00
7.748653603600643e+00
8.654194608635359e+00
3.246195513404066e+01
7.930986647462001e+01
4.964588859567693e+01
1.576552387129773e+01
7.451555429702418e+01
9.231865214757559e+01
9.923135088720888e+01
4.606339230484487e+01
6.920060486029863e+01
5.820571144959224e+01
2.953113458563161e+01
8.042792299782295e+01
1.064403281111458e+01
7.028197300167847e+01
3.062852198752972e+01
8.948000631736591e+01
7.549819633155046e+00
5.433075132515782e-01
2.606573934949271e+01
9.919004300571514e+01
4.269144211089772e+01
5.205826733822854e+01
1.636329177597691e+01
9.561165636201001e+01
7.279368586502675e-01
7.247587133779929e+01
1.274851346982108e+01
3.240066735651375e+01
7.667436184206716e+01
7.732918480286803e+01
5.104224204599962e+01
4.753614694231010e+01
9.570878068716674e+01
5.190958723049126e+01
2.955215514151014e+01
7.022433498419092e+01
5.615224417119857e+01
7.683599385285564e+01
1.937355474539732e+01
7.728391703091744e+01
5.561102882754572e+00
4.855777805138276e+01
1.517477026915866e+01
1.620513569386915e+01
1.610083482977973e+01
7.596958427502288e+01
5.825910971418913e+01
4.183409588496857e+01
5.992202342484241e+01
8.877821890114723e+01
2.284069746864992e+01
9.547778907952727e+01
3.638311635534424e+01
3.920398924462683e+01
7.662155873916184e+01
4.400817046128594e+01
2.408081531714686e+01
8.527181934810794e+01
1.842370434590788e+01
1.630826686337044e+01
1.670733560654676e+00
2.745107981723318e+01
3.472809420653065e+01
9.737951424782142e+01
6.095173971771809e+01
9.802976502013847e+01
9.910588338929503e+01
1.376655335247822e+01
9.657020685103265e+01
1.486405069700631e+01
9.438790087326798e+01
7.143851484704693e+01
9.598791235871050e+01
1.687576627213311e+01
9.663199740305171e+01
4.581127313236300e+01
5.864710894350294e+01
2.040819899198050e+01
5.509116633566617e+01
5.052649125015666e+01
3.921595608779041e+01
9.230262506394770e+01
6.419534630337513e+01
2.896057536311475e+00
2.837406137416794e+01
1.870444306112102e+01
6.623068515501483e+01
6.800796639547123e+01
8.821975322823029e+01
7.030088178361808e+01
8.431623325884166e+01
4.028989423079877e+01
9.369654198814953e+01
7.750747104990644e+01
3.026510171138919e+00
6.793753531199765e+01
2.670020797601911e+01
7.063035940315126e+01
8.170408866447588e+01
5.040299480334064e+01
5.452193583106713e+01
3.021748928828979e+01
3.082985646595706e+01
8.058455888209146e+01
9.536107601381887e+01
2.361350610089186e+01
3.004364721944726e+01
9.836870436480675e+00
3.943830711740922e+01
9.950557481474502e+01
7.855442770689467e+01
2.156891698090775e+01
9.180819987869272e+01
4.274977401026980e+01
9.493492101083272e+01
2.331481409413499e+01
6.532200359055865e+01
5.854671576924003e+01
7.890224371985637e+01
6.929826599978762e+01
4.320110527016273e+01
2.168162051666603e+01
7.494526196967124e+01
3.689764721174615e+01
4.180280251512434e+01
1.627145405685131e+01
9.154592891761378e+01
7.472632759005126e+01
4.860213154396141e+01
2.173208725719344e+00
3.125678404758535e+01
3.124067328462409e+00
3.910251839044621e+01
5.595917885934896e+01
8.735644146211280e+01
6.062104234500837e+01
8.342103272835773e+01
5.001349716913583e+01
8.847177926845465e+01
6.577399357490893e+01
5.398571330773910e+01
9.300645542936699e+01
8.734291055581667e+01
8.713863235299412e+00
3.962401591223851e+01
8.451089997985908e+01
1.379415407487850e+01
5.547199601096659e+01
1.286132261755938e+00
6.400947494619035e+01
7.424428550258479e+01
1.407744531243920e+01
3.261254156595680e+01
4.918954742568990e+01
7.585319875546415e+01
7.975120911363103e+01
2.716131956650006e+01
9.632231886327375e+01
6.527960722580533e+00
7.576345111046146e+01
9.881797209327014e+01
3.165728311597243e+01
4.696348851870908e+01
3.088622560300223e+01
4.496007610343401e+01
6.624395985447055e+01
5.043404998743629e+01
7.103749465711297e+01
8.364404848946447e+01
6.085586401673773e+01
8.756175012679851e+01
5.497118926372900e-01
8.003468768672770e+00
2.415439874127247e+01
2.792301100116363e+01
9.348633531177711e+01
4.359468088652691e+01
4.129225250393723e+01
9.843235481457428e+01
9.951430982887480e+00
5.222317355322799e+01
7.267664027059294e+01
2.402887629532668e+01
4.621485166541061e+01
4.361873014998563e+01
7.436479519790262e+01
1.788056326000046e+01
4.902750726278289e+01
1.256555854928007e+01
2.316530897429460e+01
5.946696096075092e+01
6.409515629713198e-01
3.977801354591642e+01
6.430449479459995e+00
9.045395925196537e+01
1.223628153662955e+01
6.992243662007267e+01
2.168810578141739e+01
1.347654867613528e+01
5.356648510953713e+01
2.413788252702816e+01
3.120750530213467e+01
6.400984449498813e+01
3.640628919769372e+01
7.444243569599578e+01
6.337977213011112e+01
8.794328136739475e+01
4.424883054767215e-01
4.427532308934038e+01
8.856176449384623e+00
9.305916540001479e+01
5.689519818727635e+01
1.001619454939672e+00
5.665555068135986e+01
4.173091330646114e+01
2.286780715122251e+01
9.145283689324411e+01
9.859932637708230e+00
5.598382095619283e+01
4.018395395958049e+00
8.153357057903594e+01
9.668627274068365e+01
1.540192599194214e+01
9.515340938007152e+01
3.647494597196344e-01
3.120661826394807e+01
6.327352885309305e+01
7.028718612635842e+01
8.639405280649385e+01
9.079839214254096e+01
4.169121572826580e+00
6.893802255808284e+01
6.711066554631603e+01
9.071645331136717e-02
9.564992929606229e+00
1.700223796861350e+01
4.134964027504886e+01
3.523693621868125e+01
1.099723391746973e-01
4.602166490909721e+01
6.356191544959411e+01
9.316913773918949e+01
9.692616071408902e+01
7.253454847844995e+01
1.025717938796486e+01
6.630008754613813e+01
8.743134210232242e+01
1.710016234642834e+00
2.849095856234942e+01
5.932665646976169e+01
9.241759855878428e+01
8.454960858661198e+01
7.691543604103636e+01
2.113033762254302e+01
2.090577120934882e+01
5.384214699912916e+01
8.583628464761949e+01
6.580324334362672e+00
2.666486474995728e+01
3.647150329149864e+01
4.248348457854404e+01
5.051853593928671e+01
3.270401327531040e+01
9.594150078293938e+00
2.848840408422445e+01
8.741506342190088e+01
5.153479354993198e+01
6.983804435927330e+01
8.174960789352171e+01
5.164476588910667e+01
9.360366728790275e+01
7.581660467005177e+01
6.859572048699284e+00
1.877657236474407e+01
2.020991222011387e+00
5.507108301626103e+01
6.342434876757876e+01
9.730640034997202e+01
6.954219414365581e+01
6.644038677515481e+01
5.663305677316760e+01
6.195979270244008e+01
5.708541858805596e+01
1.264598589048068e+01
9.513005027320705e+01
2.441400621291902e+01
6.902366456064566e+01
6.947613319823338e+01
7.847497466880594e+01
7.298126121656097e+00
3.519131170361830e+01
2.333433522066769e+01
4.620706520332353e+01
2.868244258159886e+01
8.865755176574808e+01
7.469546928754797e+01
7.095144878651548e+01
4.963685681560862e+01
8.336511770420014e+00
3.122080193423703e+01
6.513409831800224e+00
9.545862953898433e+01
7.037406557722672e+00
1.337298188049951e+01
7.916979527993584e+01
6.632369168397211e+01
8.118530529606403e+01
5.267031893724125e+01
3.259992912998420e+01
1.344902581230226e+00
9.034530729537146e+00
2.026314871397947e+01
2.045721952824724e+01
4.767164608820884e+01
3.290913460446016e+01
4.097068078861138e+00
5.194698914510523e+01
6.930381286391236e+01
1.068368750190534e+01
9.706864617628447e+01
9.762132847570875e+01
4.587499920552364e+01
1.754079289619848e+01
9.513305048231643e+01
4.260254341298833e+01
4.241385070719470e+01
1.852386292001412e+01
2.754200460740459e+01
1.482547466402197e+01
6.305737656683539e+01
3.867911470061127e+01
1.271972130645053e+01
3.762886814662668e+00
9.512774813693377e+01
8.759056031126089e+01
2.620394668830742e+00
4.142232329650890e+01
1.939326874883532e+01
1.616095761589751e+01
2.508153171515163e+01
2.131694160463146e+01
5.424906944588249e+01
4.874424019304301e+01
8.404286666030197e+01
1.427359549062028e+01
7.825381503359127e+01
4.587122921173984e+01
4.619388801334141e+01
8.025066134531548e+01
1.944443048883436e+01
4.971093495828608e+01
7.780794267440585e+01
3.455936477266223e+01
1.679748954102280e+01
2.163633630687200e+01
1.694192794009201e+01
8.198610743600229e+01
4.016019922688613e+01
6.042060934026754e+01
9.681158210002425e+01
8.561154780239406e+01
9.431723584156356e+01
1.291867946876152e+01
1.042965571881722e+01
2.708291491823407e+01
7.512130317051025e+01
5.106972998523607e+00
3.428367531592198e+01
1.919876710474434e+01
9.938970995107186e+01
8.076044357417173e+01
5.980747782616292e+01
2.875217806024113e+01
4.126228808484147e+01
1.581638912475500e+00
4.302577355086141e+01
4.358938943761838e+00
7.766067426542783e+00
3.660478677442520e+01
8.454555318902506e+01
6.689729865961583e+01
8.243361631521657e+01
7.087871505454123e+01
1.621400938193035e+00
5.572808606351170e+01
4.790917404364291e+01
1.834025374536414e+01
3.771419345294787e+01
2.415003130405677e+01
9.492061501132353e+01
4.173890573053570e+01
2.736760709777829e+01
2.410688811173052e+01
4.744445497516750e+01
4.662087817984674e+01
4.761612324398762e+00
3.948771969391392e+01
5.172785117837034e+01
8.547347834588656e+01
1.757811327352101e+01
4.182460300709335e+00
3.796328796910275e+01
2.086377210023988e+01
8.657963899270614e+01
7.922557610051035e+01
6.518284434693999e+01
7.056491587802996e+01
5.515122937744075e+01
7.294891177348276e+01
1.882507410777038e+01
3.969678251989967e+01
7.555793657692054e+01
5.775567063025928e+01
2.050278290198314e+00
3.841697878130571e+01
3.540655767331205e+01
8.604011041393508e+01
7.291698449892783e+01
5.119795010015273e+01
7.403782684078340e+01
6.783759946368522e+01
8.572372560655872e+01
8.471129619735819e+01
6.185793846932144e+01
7.334299612480355e+01
6.248260236460836e+01
5.010574951307184e+01
5.573393872740397e+01
4.739636930050160e+00
9.403247246240846e+01
1.679023300148092e+01
8.922097277325623e+00
1.871963884621842e+01
3.765400514828693e+01
1.932498329287627e+01
6.951192927989733e+01
6.009941620756845e+01
7.405794634207055e+01
2.466315861077195e+01
4.506641353716442e+01
6.775546994421420e+01
9.319706828947973e+01
5.023238237492386e+01
3.421583084120221e+01
6.641021942086994e+01
5.210251968917555e+00
7.459871250884548e+01
5.245032978823889e+01
7.812723646784538e+01
9.842403409929203e+01
6.264047145966462e+01
6.661785075749171e+01
7.591657288182367e+01
1.982202288686392e-01
7.822774354285922e+00
4.898595532820837e+00
9.179175141816575e+01
5.428680984968637e+01
6.481869214438773e+01
6.670963483243698e+01
5.196099628320010e+01
6.055812386821869e+01
9.945497917917324e+01
7.068063517598465e+01
1.926293024758944e+01
1.877996247204950e+01
7.049752239626716e+01
7.936234645515789e+01
6.771035830849333e+01
6.485572302008779e+01
9.360041799657067e+00
2.030203101239262e+01
2.921566410419329e+01
7.615331503383504e+01
2.518774686622794e+01
9.562588352506323e+01
5.535021547942898e+01
1.957465159686965e+01
6.420714695202520e+01
5.949080347059797e+01
1.799868569616167e+01
1.071668467983449e+01
5.455639355562460e+00
2.459232701202497e+01
1.091490495526926e+01
7.105600464672595e+00
7.974182003165680e+01
4.794493641142964e+01
6.139241031435895e+01
3.998473158105497e+01
3.589902740712233e+01
5.071412341236795e+01
2.159365672692361e+01
6.887127033847908e+01
9.384856903639090e+01
4.085658697451306e+01
3.327134951635792e+01
3.404113339914062e+01
9.991227355781582e+01
5.536159111902192e+01
9.889685641922841e+01
2.957897522932802e+01
9.082741937172945e+01
1.951073860726819e+01
6.826023946900864e+01
5.180438810577821e+01
2.373840395535268e+01
2.361045490187148e+01
6.007923281755263e+01
7.181461722208867e+01
5.036840329429526e+01
7.807791851371429e+01
8.253130194848930e+01
5.204230013864222e+01
4.850685347267746e+01
2.507296480474666e+01
8.914150655695308e+01
7.799777601752326e+01
4.788629400911103e+01
9.111458574939267e+01
2.317302437646921e+01
8.916928576732488e+00
1.169666527383806e+01
4.476668110339282e+01
6.724672655912430e+01
5.354415432249390e+01
6.297290458482360e+01
7.545109995428990e+01
8.758528776820064e+01
1.419121069563144e+01
2.456053454641278e+01
8.061039581923298e+01
3.542117673690485e+01
6.828066793656008e+01
1.211343799350478e-01
4.115346700006792e+01
2.008505604233828e+01
8.974346233985548e+01
2.824932426598357e+01
7.186131010384361e+01
1.014768579515986e+01
7.483598504906334e+01
1.380227734977485e+01
9.145770081852456e+01
2.687828514113943e+01
3.915650082712830e+01
1.653066557670509e+01
9.219899898963003e+01
7.883426802178577e+01
8.227805778490290e+01
2.872665041532677e+01
8.968362356055696e+00
4.784721217483618e+01
8.581961686062610e+01
7.295252903036426e+01
8.228763690324857e+01
4.196639002392366e+01
5.857579710827013e+01
6.502179739299314e+01
6.822235918055398e+01
6.441799861584697e+01
7.547401556534415e+01
4.883275495322084e+01
7.136341671988528e+01
5.011321089701411e+01
3.062848650413961e+01
4.099264235281974e+01
9.573333454119663e+01
6.896155507721079e+01
1.656074608515983e+01
4.205957704319599e+01
9.509292132923981e+01
9.903810634232968e+01
5.586185439297084e+01
7.178822856945369e+01
7.095623676243994e+01
7.768638510149269e+01
5.791342312372915e+01
3.432260324914130e+01
8.269920860542879e+01
2.198378565813591e+01
9.188188616739674e+01
1.088505648583409e+01
6.600834339205564e+00
8.030412186882650e+01
6.310803921106645e+01
7.032632994015064e+01
2.227051184618404e+01
4.241338257790235e+01
7.470562428920792e+01
5.182218963830834e+01
9.385438319009467e+01
5.653816724966195e+01
7.910159252542145e+01
8.615077784571368e+01
6.651378146676057e+00
9.848449802886904e+01
4.766319880618862e+01
7.684964508602845e+01
1.083845710886571e+01
6.545424673960277e+01
1.890922208265831e+01
2.143686289034638e+01
6.449235303536632e+01
3.406217300056581e+01
1.834352245477192e+01
3.193935380873240e+01
5.245746157712185e+01
7.625694562506720e+01
9.509458956080236e+01
3.999522805213706e+01
1.644842648713310e+01
4.049630413786336e+01
4.134725189830515e+01
4.487119524035193e+00
9.656564830642456e+01
5.531269118902864e+01
7.481344946418585e+01
8.955110935007740e+01
7.669829701851043e+01
4.432225164227292e+01
4.218185611170803e+01
5.724558050615973e+00
7.637156950140911e+01
7.354614612345870e+01
8.579463231647138e+01
1.270861910316563e+01
7.713808402285823e+00
7.135470531478278e+01
1.235508337260926e+01
7.515986150836565e+01
7.631443793713788e+01
8.467486271852389e+00
3.035686585603136e+00
1.246028687453842e+01
8.323856279404767e+01
4.005867784845581e+01
4.328546735611067e+01
2.790860223020827e+01
2.318189201093367e+01
4.025630338129415e+01
7.085269450715403e+01
1.944485400777536e+01
2.535653250541376e+01
1.689442112897263e+01
3.725116943812518e+01
9.263713000930713e+01
4.677373326698957e+01
5.478548996838997e+01
9.667024426007190e+01
1.906642793634274e+01
6.158369260913864e+01
6.464101074479566e+01
6.696091539550615e+01
6.764093356562822e+01
3.279084872118703e+01
8.398513611591660e+01
1.734597851398679e+01
6.626257182390549e+01
1.744296719201047e+01
5.627205882047864e+01
3.462663750845316e+01
1.654998125347774e+01
2.506921488096435e+00
8.730734856208198e+01
1.061452413472092e+00
6.161386583075573e+01
7.743835187397821e+01
5.316258503737048e+01
7.266164262437339e+01
3.769230285551972e+00
4.779252947670991e+01
6.816258466251315e+01
7.883681029958501e+01
8.617413406547817e+01
8.786747184948412e+01
6.376919465315025e+01
5.148975176340424e+01
3.183073905847536e+01
8.515461785027507e+01
6.904914303172805e+01
5.089716704138423e+01
3.741750611803378e+01
8.456104164224166e+01
4.908767079426332e+01
2.159852330647340e+01
9.546726974447597e+01
1.599494680575791e+01
2.507031388816904e+01
6.172984156838145e+01
5.051577405562428e+01
8.134237275521382e+01
4.600150349829416e+01
1.832173774872056e+01
9.568061148546664e+01
3.330885206037613e+01
1.790739503591666e+00
6.665325144615642e+01
1.389619028842831e+01
1.780688106911578e+01
4.190654384061068e+01
1.766542057398028e+01
4.837221295962679e+01
6.077745280264758e+01
9.650223087356530e+01
7.612616609601591e+01
4.583445859413336e+01
7.238028700108653e+01
7.403346066085317e+01
3.477654342296373e+01
4.821410050998167e+01
6.713862534013512e+00
2.856236464742681e+01
1.005663481077954e+01
2.201423902158357e+01
1.258702558120108e+01
1.919657365381558e+01
1.748150876605953e+01
2.765639942495916e+01
4.426688754198462e+01
7.921135033444099e+01
1.489935746178932e+01
3.141384759518032e+01
4.000440795906093e+01
7.956035415621491e+01
6.510495974919989e+01
5.090514796362498e+01
7.703416919197615e+01
6.040993768740908e+01
3.924423984216723e+01
9.694552887088877e+01
5.302480582754352e+01
2.133730697507844e+01
4.570614590575273e+01
3.283806160690173e+01
2.994839932301473e+01
2.183231195520252e+01
5.963671717775833e+01
2.328686277535132e+00
8.937327544641369e+01
5.382401680286230e+01
3.245822188093244e+01
9.700580704817818e+01
6.586427947779386e+01
3.617439341553226e+01
8.828071117786723e+01
8.978720055417493e+01
2.686443968064359e+01
9.690750567098497e+01
1.744359993256796e+01
3.790101741342853e+01
7.736856019001853e+01
2.312056856375214e+01
3.437632575369269e+01
3.395255470366802e+00
6.578253818013824e+00
1.207207618843395e+01
4.657395321250611e+01
7.207029693390722e+01
9.059331384049418e+01
3.352101595770615e+01
6.901582580479599e+01
1.291602897127905e+01
1.488195020467134e+01
4.669031582152952e+01
5.353074798059219e+01
4.483034952768607e+01
9.126790104958596e+01
8.635500473266234e+01
2.926717709250151e+01
8.155984551718451e+01
2.365691946989713e+01
6.172539902000008e+01
7.856565251879657e+01
8.952119894769098e+01
3.387621605483639e+01
7.627774750640512e+01
3.303551382060886e+01
6.074065573547998e+01
6.229470081734224e+01
8.727267109196292e+01
6.370313394055847e+01
9.222125890302530e+01
2.477814817092295e+00
4.801303150505434e-02
3.053997225618920e+01
9.056068635106119e+00
1.174059096339186e+01
8.484037573674711e+01
6.985486935351737e+01
2.333904803886034e+00
7.838501896634000e+01
2.393852175396798e+00
9.068299438370531e+01
9.326696921757747e+01
8.556101093327673e+01
8.584114866603220e+01
2.957477934173065e+00
3.813331096346179e+01
8.344128955315858e+01
8.558051045312570e+01
2.678647270742174e+01
7.098208976489589e+00
4.730590942655965e+01
3.695440987914541e+01
6.968199213486258e+01
2.498154036001374e+01
3.800773529243084e+00
2.965492174478943e+01
7.757504898010522e+01
6.755464280375961e+01
1.509943023095812e+01
3.004010656384756e+01
9.469935963614815e+01
1.757724504805041e+01
6.712424576614249e+01
6.863741361006974e+01
2.663331372972266e+01
7.924433498608150e+01
5.763551795745060e+01
1.089544557542328e+01
9.437035605980566e+01
8.846472654885832e+01
1.328929775082008e+01
6.473835332539787e+01
1.645092853179710e+00
5.046305514427976e+01
6.182463814589411e+01
8.259142464147480e+01
3.775653244823056e+01
9.398101032431285e+01
6.817193504803438e+01
3.981377949929507e+01
5.236413662897615e+01
8.804354611227454e+01
8.391926441524143e+01
4.898354455315673e+01
4.877939310333663e+00
8.772003794448452e+01
4.986827115056490e+01
8.846157979614174e+00
7.559924226980621e+01
9.556605913469851e+01
7.592239071425162e+01
5.128296513635804e+00
1.524209655599766e+01
3.560265788603697e+01
9.756293445712092e+01
6.507272779246453e+01
2.229097137334336e+01
9.947710921963542e+01
6.964021826611841e+01
9.437755746505110e+01
3.389999565384350e+01
4.504809181440999e+01
3.794644821339587e+00
1.387062390049483e+01
5.422324922598118e+01
2.094054884321082e+01
7.531851631371237e+01
4.652764212644084e+01
8.599867438245504e+01
8.040388523619802e+01
9.349249666253687e+01
1.857061312467354e+01
8.011182797146581e+01
7.741176103121218e+01
6.755415767783028e+01
7.332537065880624e+01
6.777036230441665e+01
4.619262397577643e+01
5.577835894924512e+01
8.192896008581341e+00
7.883615408969864e+01
7.950953011378158e+01
8.010802240115964e+01
1.727556810587438e+01
4.259834384666679e+01
4.559389205909981e+01
6.316138532159915e+01
1.738313902978932e+01
3.088697173208323e+01
9.492017938518906e+01
3.698310271696332e+01
4.644777953924974e+00
5.311524302378076e+01
8.253383337638054e+01
4.806128612163537e+01
1.387757659604660e+01
1.703956230405698e+01
3.545279611621648e+01
5.279157271273041e+01
8.324603879975436e+01
9.091215082021064e+01
5.389771538502431e+01
1.816651877861774e+00
8.430411265432095e+01
8.083511971907463e+01
2.842755058241428e+01
9.840358844883907e+00
4.860548197692516e+01
1.556343353146847e+01
5.810970056714010e+01
1.684775483647723e+01
8.591340830824963e+01
9.291737228302162e+01
8.722827475854581e+01
3.182304032697484e+01
3.551571608312229e+01
5.978600739491452e+01
8.553727226589679e+01
7.812126138160063e+01
3.191460153642791e+01
8.990460503376303e+01
9.336078404139764e+00
6.835391650365382e+01
2.987287618679594e+01
8.070190757545731e+01
2.848819630615795e+01
8.355166231447443e+01
7.555555965544450e+01
8.131609469713462e+01
4.395688103696186e+01
1.148897857008920e+01
7.979767377478893e+01
9.785459642198616e+01
6.582849070701212e+01
5.711634874209592e+01
2.916407274509039e+01
3.592926651981159e+01
6.695670758697983e+01
5.533129472999428e+01
4.300652073836257e+01
5.841942134239684e+00
4.245310283380239e+01
1.385967154701225e+00
9.144461666766769e+01
3.945337349523481e+01
3.210890536760395e+01
6.357220013792263e+01
6.250354436342770e+01
1.764617758693461e+01
8.625939478457877e+01
2.621268286659041e+01
1.809803816401308e+01
3.527118681709803e+01
4.561080646031108e+00
4.581299328515911e+01
6.800120303779896e+01
1.872763047866879e+01
1.332320855619535e+01
9.624414280813380e+01
6.004696910271745e+01
8.484195200020538e+01
1.739497688477625e+01
6.679346187356555e+01
8.339313612477535e+01
2.103875182617397e+01
3.089524825610930e+01
7.638376628811646e+01
3.715191829816993e+00
6.933777382100828e+01
3.171506101811075e+01
1.955065411494610e+00
4.496941461459241e+01
7.991907190527724e+01
5.751705568168175e+01
3.641403123569397e+01
9.600449451059312e+00
2.740194216715263e+01
7.939431382314969e+01
2.774613831552963e+01
1.313211070985166e+00
2.108777529610683e+01
9.831667672764355e+01
8.897253414102482e+01
4.761861937475327e+01
4.807518178041800e+01
1.819783273069087e+01
4.588680381229464e+01
2.680605623256697e+01
3.152104133345236e+01
8.645360883625858e+01
8.685302533528443e+01
7.203296570667671e+01
1.805321607648079e+01
1.912823986221489e+01
2.702341546631577e+01
7.090281977825930e+01
6.225699096091883e-01
6.719658759757718e+01
7.461801165464242e+01
5.324908781482331e+01
3.512224277254298e+01
4.966781826208710e+01
3.568949486859585e+01
8.397517604007160e+01
9.131732284618417e+01
1.169142327815826e+01
5.268238412806875e+01
6.149207491497140e+01
9.810374751598748e+01
6.567961935218406e+01
6.280528598595657e+01
5.731892020316744e+01
4.434811498240946e+01
5.114350330603472e+00
3.520452102422924e+01
5.650192352780230e+01
9.544641640756578e+01
8.748959195217564e+01
9.240882848035955e+01
5.483322444131282e+01
7.394320074186810e+01
7.575150363880745e+01
6.237414468190360e+01
7.308633940903765e+01
4.547882533887346e+01
6.080028147473945e+01
7.457978836008337e+01
4.942380127004525e+01
6.420746322917168e+01
1.860717074880710e+01
5.560056690853116e+01
9.932970600171467e+01
7.364158917853683e+01
3.087795899756158e+01
6.665867151071255e+01
3.246469368807259e+01
4.256938227571984e+01
6.023429700184349e+01
9.076245543116818e+01
4.067312979170732e+01
5.661623922950413e+01
7.405922509453224e+01
7.310377586311837e+01
8.991021234072289e+01
5.345561450973880e+00
2.595661768035806e+01
4.678978442530604e+01
3.429324321183062e+00
2.673165859968013e+01
1.261700387700321e+01
3.337043516029158e+01
3.419049067152221e+01
9.535893187642047e+01
6.714730116871526e+01
3.356553289739673e+00
4.690522004240435e+00
4.307808323906646e+01
8.649127063643712e+01
9.333380162405493e+01
9.215504587262639e+01
6.595288322584372e+01
1.978797079985401e+01
6.902165634977709e+01
6.113313104078784e+01
8.193163484424895e+01
8.601865763124947e+01
9.040351160355075e+01
2.385686748840700e+01
5.587364102521614e+01
8.116596698815280e+01
5.729004398793450e+01
7.216687089398823e+01
3.473370835871143e+01
4.804214064406331e+01
8.799926386587288e+01
4.653256980075155e+01
7.399875837098749e+01
8.866867613451028e+00
9.723863880952757e+01
8.104670088786943e+01
2.847429580449792e+01
2.328607203591898e+01
1.131691476857146e+01
5.228347519984631e+00
9.775637513853441e+01
1.467346810487726e+01
9.918869524225066e+00
2.570395773542298e+01
6.201918058191388e+01
5.161013722029055e+01
1.785900356148323e+01
7.479254942144851e+01
3.789977265424084e+01
9.343755389258151e+00
4.726045720617308e+01
4.194729670041581e+01
7.832877197225055e+01
7.950870640553008e+01
8.841147603858796e+01
2.458172651221125e+01
5.197853415830924e+01
5.651653532707902e+01
6.330568174054180e+01
8.981252130577924e+01
5.151092491648669e+01
1.206407645347718e+01
3.634509110653079e+01
6.774241899500714e+01
1.288531069312492e+00
5.544017406899490e+01
9.023831574723046e+01
9.616684405885955e+01
7.872624610491388e+01
6.010603460488191e+01
7.137708983913859e+01
6.857745189619132e+01
8.976086512662511e-01
8.129595940992979e+01
8.546440805562978e+01
3.679868324510691e+01
3.628119367001634e+01
2.122365018409847e+01
8.077885940707236e+01
7.418096632425718e+01
9.962215838004935e+00
2.803931656667931e+01
3.873557487443815e+01
6.929613084965204e+01
3.338464821380779e+01
2.734529377303333e+01
9.387785740842943e+01
7.347416513295573e+01
8.386182910011235e+01
9.062645481462891e+01
2.713146187697140e+01
9.608769453879805e+01
6.979335871049825e+01
6.128782437242932e+01
3.433465046544310e+01
8.209252840936767e+01
3.951600475214236e+00
8.312377030175355e+01
1.331152762906232e+01
1.516054124346028e+01
4.322980486006933e+01
3.331159932227414e+01
2.375649522233591e+00
1.800930756982849e+01
8.990368130146697e+01
9.991175918835764e+01
5.480799081493542e+01
5.426384948858239e+01
2.895838112056180e+01
1.957873782123380e+01
5.778522135586721e+01
1.992573999796330e+01
7.345467967607765e+01
6.718039068727772e+01
8.922187089418148e+01
3.873626936168236e+01
9.432744155373771e+01
5.415992767278102e+00
1.221043444807196e+01
2.631700878325710e+01
7.372618302410756e+01
3.008738990411506e+01
6.811961208848265e+01
2.317831838651482e+01
1.532170745326286e+01
2.145570876144604e+01
4.032300200328371e+01
3.020084990663494e+01
5.122666459122052e+01
5.363452963234602e+01
3.443384917193737e+01
6.018036327333206e+01
9.577626073536290e+01
3.902786930046410e+01
7.822676658547798e+01
6.908559951422997e+01
7.025708750367960e+01
6.727376783605375e+01
5.290920732212682e+01
9.828738695862116e+01
9.137250114761875e+00
7.774128861620152e+01
3.043138456085296e+01
6.030718533336520e+01
5.600768269785106e+01
7.434997804199810e+00
6.714651322325064e+01
4.914528226905748e+01
9.053472606024459e+01
4.929043527193853e+01
1.632129462264539e+01
6.426090903778604e+01
2.478755611217933e+01
3.665409881465794e+01
9.119484112187980e-01
7.373322270518786e+01
2.817990953483615e+01
4.968350909169927e+01
9.300653068023107e+01
6.941909746705512e+01
8.139675901336444e+01
2.744037980560231e+01
3.139184146718674e+01
6.834288796798459e+01
6.049104903847493e+01
9.618608006098590e+00
4.414629132679956e+01
3.074813654215454e+01
4.361511172895092e+01
7.216723061733285e+01
3.408464190274693e+01
3.046761738623847e+01
4.990851918696823e+01
5.654264923955438e+01
7.571466154219334e+01
2.231558315563741e+01
5.973276666353120e+01
5.792131594285430e+01
6.753557239078710e+01
5.026749267720966e+01
2.596647852378268e+01
4.038617463800412e+01
2.159771580323470e+01
8.687265370361165e+01
9.047571317780563e+01
3.770571431969559e+01
5.811121648089551e+01
8.668146007074110e+00
8.738922345796098e+01
5.111774711456045e+01
7.808724347412922e+01
1.112661739398102e+01
1.993806940500535e+01
4.196281034590807e+01
7.946950540853176e+01
5.234993242302441e+01
1.830415423880525e+01
5.274117810313644e+01
8.082363101692108e+01
8.501914091641974e+01
8.520548510607587e+01
2.837321475538109e+01
9.238688340056078e+01
5.307242137057353e+00
9.381767748567168e+01
8.316168612016443e+01
6.449431789316903e+00
3.305927684207413e+01
5.089939476498374e+01
7.398500418010401e+01
7.720630102660800e+01
1.298449230984994e+01
4.467789453672147e+01
9.173470269503756e+01
8.061482821619829e+01
3.515360771452711e+01
9.370233174120185e+01
