9.418159573999307e+01
9.585386630885949e+01
6.538820465346249e+01
5.841351997033392e+01
7.625319178973008e+01
3.455880751579944e+01
3.921470038556247e+01
9.745486806959606e+01
5.430371861639605e+01
3.258593321432636e+01
7.538768708491125e+01
9.047133596170291e+01
6.506457173501354e+01
8.980551561797294e+01
9.902151399246488e+01
4.479415456056323e+01
3.648211100906232e+01
5.728221822403474e+01
7.114731058066121e+00
5.623730940569067e+01
9.996693423016319e+01
2.084252709562077e+01
9.766905070173976e+01
5.174692345398800e+01
6.886582927259887e+01
1.779570813188129e+01
7.902900668747212e+01
6.236005516832697e+01
6.722891385072326e+01
3.329202618137563e+01
8.000803295523302e+01
4.597970039862194e+01
6.935811376634898e+01
6.729135483842872e+01
9.965794943257139e+01
8.577781733394498e+01
8.838049768860475e+01
9.817034518260991e+01
8.985044401597719e+01
5.392835664280148e+00
6.546646876515190e+01
6.297818183106286e+01
6.810653711115314e+01
4.821954357820542e+01
3.544119355987813e+01
9.711657813615938e+01
5.088664160617004e+01
4.010598703292477e+01
8.859724811678625e+01
6.186107968066869e+01
1.140751410806902e+01
3.514427465160576e+01
8.408528272252775e+01
9.076564763242642e+00
6.411686193389671e+01
2.475073571538121e+01
9.974041702213717e+01
6.592020474649975e+01
9.468382438397212e+01
3.386752248456121e+01
8.766531273148270e+01
7.441730227992744e+01
3.527553511563480e+01
5.382651372525213e+01
4.554984674116123e+00
8.437028112093465e+00
4.105989883703175e+01
6.435415854880314e+01
9.500375636620622e+01
2.745865058501188e+01
8.242861385570309e+01
8.520607286375299e+01
9.690518542048762e+00
1.259862809097331e+01
4.027352358227294e+01
5.051142720063749e+01
9.715206180566552e+00
4.271523991726117e+01
3.420512254080042e+01
8.858752361898661e+01
3.506677659930045e+01
6.631775869350776e+01
4.425544601131950e+01
6.103973493959742e+01
2.477762374318094e+01
8.372307898650089e+00
1.862145611952127e+01
1.041373345554515e+01
2.930478846156262e+01
1.330528045692727e+01
9.104714025326406e+01
5.662339988938692e+01
9.352192855138422e+01
6.337498163961571e+01
1.364682629408633e+01
3.805424647315137e+00
4.358886123801994e+01
8.502256715904110e+01
6.815958324268441e+01
9.128659711744943e+01
9.959214478712163e+01
6.393471321274280e+01
1.125192191044424e+01
1.272218390960348e+01
7.151140881307023e+01
5.269767518746558e+01
1.664943658590756e+01
6.403245235049746e+01
6.877506480960877e+00
3.441199866794609e+01
2.856937974159111e+01
2.870689138244227e+01
7.297573148877161e-01
4.503190389137338e+01
8.972466145163619e+01
4.630990896667815e+01
9.357454552947290e+01
4.125481217226703e+01
9.699510936485376e+01
2.427787716699665e+01
5.833190435465979e+01
2.692437047461251e+01
5.676420221885861e+01
3.063628702919757e+01
2.377756918956413e+00
2.564170799480830e+01
5.684736792782664e+00
3.601810607873747e+01
1.421826077355922e+01
7.253945380101887e+01
8.013535480952605e+00
3.713835256040951e+01
8.778162486282253e+01
2.364447499795094e+01
7.117656952290636e+01
7.917904536201574e+01
8.557929628788460e+01
5.658875408423540e+01
1.293249605825753e+01
4.441570944358395e+01
8.768987520024641e+00
1.123395041154416e+01
3.319853550437769e+01
2.956376277355652e+01
1.886346313118165e+01
8.059772755047202e+01
6.834692231768133e+00
1.493898188459639e+01
6.198669786657519e+01
7.867309622404775e+01
4.198076261299698e+01
1.297704075136084e+01
5.441661330611287e+01
2.480466017723300e+01
5.095488920386643e+01
6.421664294983104e+01
7.078310869204957e+01
5.663962599664909e+01
4.744381413210361e+01
6.143876791998687e+01
1.440859065130753e+01
1.976143974799730e+01
4.345575507891166e+01
6.690397070110961e+00
9.520568786897030e+01
9.246545615255155e+01
8.402019617334948e+01
8.983769504811507e+00
2.458330617499692e+00
5.279549199752299e+01
5.933289875245323e+01
1.122731813752433e+01
7.639450583439064e+01
8.438885290380048e+01
5.664034618839637e+01
5.547986107667901e+01
5.405705271012013e+01
7.862179543758827e-01
8.401176537573886e+01
4.152233267273863e+01
7.415415997344729e+01
5.565436084552405e+01
6.281023861971229e+01
3.075392820441812e+01
9.549664202867851e+01
8.634386709255347e+01
1.713685715437720e+01
2.365282514302657e+01
4.198490504267854e+00
1.080952995028790e+01
2.714991719794921e+01
3.261148209339542e+01
7.930986647462001e+01
5.826049021364212e+01
6.067106796459810e+01
4.678589745740681e+01
7.533667128315972e+01
9.923135088720888e+01
2.440954094026682e+01
5.921042997353264e+01
5.820571144959224e+01
2.918422325941930e+01
8.042792299782295e+01
4.762692360562595e+01
7.910009523811754e+00
3.062852198752972e+01
6.189018458215993e+01
4.130446782396383e+01
7.489334595151867e+01
3.673556309041361e+01
9.143105409640401e+01
4.287820539571261e+01
2.357919613066092e+01
6.103317237507234e+01
9.561165636201001e+01
5.273529149253633e+01
8.327632010135628e+01
5.214575224190286e+01
7.600586487725650e+01
9.949433789564964e+01
6.997498952316819e+01
8.319034421965030e+01
2.043609298785966e+01
6.920061151925503e+01
6.195904322059781e+01
8.110716095245778e+01
4.952223023843124e+01
3.729571445719139e+01
8.164122480975522e+01
2.080781134814388e+01
6.374625431548164e+01
4.460323161659912e+01
5.262332845135747e+01
1.562315189075803e+01
8.976096449874387e+01
2.826191183564342e+01
8.286052326804982e+01
8.291529737548684e+01
4.758662611599389e+01
5.278634696862956e+01
8.432484906368184e+01
6.124861308431654e+00
9.446277408602776e+01
5.029550127233169e+01
8.939226162125927e-01
9.108944544153728e+01
4.782713695793745e+01
8.417024271756888e+01
5.577152411256522e+00
1.756451209893660e+01
4.548626632685134e+01
7.368636469994037e+01
4.941634268007071e+01
6.568864004951372e+01
9.242933247817183e+01
4.822031089487500e+01
7.990761025804449e+01
2.805657956193042e+01
1.376655335247822e+01
8.821549000601074e+01
5.236427437158500e+01
6.477522340825537e+00
3.281872157604374e+01
9.598791235871050e+01
1.687576627213311e+01
9.663199740305171e+01
1.176401153754630e+01
4.703847018398273e+01
1.297824448578909e+01
6.946192759529777e+01
9.862303887429789e+01
5.260055631054591e+01
1.363396235445233e+01
6.402613556199994e+01
2.896057536311475e+00
4.608492061779132e+01
5.528479169834628e+01
6.757855767737075e+01
6.466008660600525e+01
5.912275060970465e+01
9.601608072222028e+01
2.711344329971514e+01
5.646995969883630e+00
1.128887543980446e+01
7.750747104990644e+01
8.310021701413217e+01
5.160637099836318e+01
8.032292694799739e+01
4.246764864887467e+00
3.565012548847595e+01
5.083410043773898e+01
1.911081556189378e+01
8.603047522997041e+01
9.470892967409870e+01
6.759605001080597e+00
3.340044381720966e+01
2.746185382244263e+01
3.004364721944726e+01
9.836870436480675e+00
5.074081646778659e+01
3.972216092037137e+00
7.312890387751577e+01
7.702743507783275e+01
9.551572901919285e+01
3.409068055175742e+00
7.953401905462799e+01
8.216936391879310e+01
3.424330173723553e+01
2.140780190071454e+01
3.959001826103312e+01
3.271624284457240e+01
3.194182106849822e+01
8.911169175482900e+01
2.338712738053274e+01
3.625847354357060e+01
9.918909161313860e+01
1.627145405685131e+01
9.154592891761378e+01
9.634830541738695e+01
5.540082173207813e+01
6.061720869532656e+01
4.142327538757738e+01
5.746323455006966e+01
3.910251839044621e+01
2.596571372168405e+01
7.865215767112196e+01
2.159018769002994e+01
8.342103272835773e+01
8.525021285063131e+01
8.847177926845465e+01
7.580383577188655e+01
1.690566340317282e+01
9.300645542936699e+01
4.123189441917087e+00
8.713863235299412e+00
5.743743034891664e+01
3.796890533434642e+01
1.379415407487850e+01
9.400867959205466e+01
2.021731814379679e+01
6.397148434257670e+01
5.358359392433595e+01
8.013800186111499e+01
9.846504786911655e+01
3.734548861968587e+01
7.585319875546415e+01
7.975120911363103e+01
2.716131956650006e+01
9.357408871574984e+01
8.965519880394228e+01
3.885888738504559e+01
9.849552763555923e+01
1.899436238174995e+01
9.553746087268809e+01
7.583826318189421e+00
4.496007610343401e+01
5.897563936141117e+01
4.866529351503835e+01
9.206172651241614e+01
8.364404848946447e+01
4.197528531866860e+01
8.756175012679851e+01
8.168399752196110e+01
8.919460046533244e+01
9.538194467098543e+01
6.812985505355981e+01
2.774320264707469e+01
4.861437899461686e+01
3.765129849205320e+01
2.091289508198988e+01
3.317872245478384e+01
1.895626812193369e+01
3.354220736471108e+01
2.402887629532668e+01
7.733304238754000e+01
1.174427290062619e+00
2.486435194726305e+01
4.541197882285900e+01
8.463249294303009e+01
2.925699671230139e+00
2.316530897429460e+01
2.479095832667824e+01
3.311429164983066e+01
5.482259209026703e+01
1.902884115419762e+01
1.212096522195310e+01
2.378907661130143e+01
7.800448051560879e+01
2.118310105110663e+01
1.347654867613528e+01
1.894191495093606e+01
9.706905470093203e+01
7.140105956764941e+01
3.893714120562055e+01
8.498755450592728e+01
6.678300419206870e+01
9.193285549615176e+01
8.794328136739475e+01
1.338541042682967e-01
4.937982780364334e+01
5.668077294560185e+01
9.305916540001479e+01
5.689519818727635e+01
2.956413353307365e+01
5.685694741870135e+01
1.292353077462107e+00
2.286780715122251e+01
8.074424792115774e+01
5.836826160474133e+01
1.537105371960022e+01
9.918268858417062e+01
3.109124024915101e+00
2.342495314005062e+01
1.540192599194214e+01
3.363603485451826e+01
5.789127520187351e+01
3.095639414664190e+01
1.525184387120039e+01
6.767128499582003e+01
5.164534363506611e+01
9.227176541102666e+01
1.262108926317705e+01
4.016597286805789e+01
5.831087793144903e+01
7.455306932076489e+01
3.022178235939787e+01
1.893877485717590e+01
6.794829287936366e+01
8.201805678290225e+01
2.931790986532248e+00
3.064949625667627e+00
9.572553699637089e+01
5.894538399714296e+01
1.852133684722769e+00
6.456353495109991e+01
6.095275132029911e+01
6.630008754613813e+01
5.543673795435426e+01
1.714081788302437e+01
1.440282767377926e+01
5.932665646976169e+01
6.779224666198354e+01
2.849266958818430e+00
5.601292916387922e+01
2.113033762254302e+01
4.996208113150768e+01
5.637767867016498e+01
9.997645476831889e+01
1.500995010836513e+01
7.178984590423751e+01
7.223033740754721e+01
7.773790279297992e+00
7.595896747706409e+01
5.042286843546799e+01
9.594150078293938e+00
3.343948984213150e+01
2.996327515224148e+01
2.853292493546983e+01
9.053871766223513e+01
9.641277184542864e+01
6.830411938405787e+01
6.836785938049101e-01
4.531152334311582e+01
4.481390362829617e+01
6.076660503669018e+01
1.742797923154569e+01
5.715060516127879e-01
6.342434876757876e+01
9.730640034997202e+01
6.906888725658361e+01
3.791590860947776e+01
1.914251582657104e+01
4.524802772572638e+01
7.227399832209292e+01
9.574962896096969e+01
8.363984859718003e+01
6.625894679048049e+01
4.450220113829812e+01
6.947613319823338e+01
7.798866223450223e+01
2.731895871801253e+01
4.233354327377562e+01
3.010226256684506e+01
9.225101447303361e+01
6.829495908147420e+01
6.098137714945775e+01
7.027405736515023e+01
7.434262147841166e+01
1.186761633114313e+00
3.334902694139118e+00
7.075539332384028e+01
5.422343595615749e+01
7.302748880955740e+01
6.289370207250757e+01
4.609552633301146e+01
4.565521559941359e+01
6.234265983213795e+01
8.198348050098096e+01
5.267031893724125e+01
6.363009198737800e+01
5.025419255264764e+01
9.058622754671902e+01
9.863338740478893e+01
6.242094103359661e+01
3.080255367364853e+01
9.920245506763573e+01
2.261356442357114e+01
8.081535877697885e+01
7.702081081318707e+01
1.068368750190534e+01
4.802013721690520e+01
2.882036009282822e+00
4.347197182638197e+01
7.812239978375025e+01
4.382839367903229e+01
2.478445955774954e+01
4.311197951580955e+00
1.852386292001412e+01
9.912708108272733e+01
1.999754338525121e+01
9.439494972787563e+01
1.422876320510579e+01
8.734216554432277e+01
2.345059943546103e+01
3.277617638594293e+01
6.220262370174873e+01
2.493877584344650e+01
5.309314516051353e+01
7.278008483014073e+00
4.734763617038151e+01
2.508153171515163e+01
4.797112208230939e+01
3.793386371710052e+01
6.550913693639875e+01
5.303442131403574e+01
9.083550949154213e+01
1.925973888452152e+01
4.247761212404706e+01
6.182382528755060e+01
5.886374826490123e+01
9.996296158058706e+01
5.671573800813208e+01
6.203191357759382e-01
6.253332680209229e+01
4.300193858472721e+01
9.369087628726422e+01
1.383271828006614e+01
6.690202256054711e+01
1.355485618745669e+00
2.994146213398383e+01
7.390193323320800e+01
8.874904014577579e+01
9.431723584156356e+01
2.972829808934047e+01
7.503399559065420e+01
5.203689013236988e+01
4.908468669703449e+00
2.928856994457942e+01
8.160786548704276e+01
8.288408940792274e+01
5.762579574139127e+01
7.604193495402203e+01
7.673096814040605e+01
8.978633582116400e+01
2.610512395673670e+01
2.976538940787566e+01
4.302577355086141e+01
4.358938943761838e+00
2.082379614972686e+01
9.639127095993202e+01
4.246855924952243e+01
3.403492450436340e+01
3.893059652248891e+01
3.924872537108545e+01
5.351205871138352e+00
5.572808606351170e+01
3.116194188183264e+01
7.018286332962236e+01
5.384903086994264e+01
2.415003130405677e+01
9.470695908866216e+01
2.775096410315063e+01
3.619122241446340e+01
9.402033900563622e+01
4.744445497516750e+01
5.403578237352696e+01
4.761612324398762e+00
2.256575814567774e+01
7.892598294602986e+01
4.661849133978527e+01
5.316447743827686e+01
4.182460300709335e+00
2.468716643037608e+01
5.769729216475845e+01
9.457093323328110e+01
3.727506847925255e+01
7.631005899808838e+01
2.960541254356756e+01
2.779600523775257e+01
6.989827923006298e+01
1.882507410777038e+01
2.824080997530409e+01
3.679557784311267e+01
3.940909646423957e+01
2.248427473124316e+01
3.510044181491268e+01
3.540655767331205e+01
7.893207346970778e+00
3.926606696996189e+01
4.037129322084193e+00
9.465762562801019e+01
6.042226318289631e+01
7.877557183558847e+01
6.035038636082336e+01
2.874267111939502e+01
7.451467354526496e+01
9.159353118929711e+01
5.010574951307184e+01
1.283071577215135e+01
9.213906856819012e+00
5.465201626282745e+01
1.679023300148092e+01
4.247321684028638e+01
1.871963884621842e+01
3.765400514828693e+01
5.726471145509962e+01
1.386495214601278e+01
8.595450561770913e+01
4.893039583644382e+01
8.663360126625449e+00
2.999769539106530e+01
9.917885032444207e+01
3.806972999035834e+01
5.023238237492386e+01
5.898034710389578e+01
5.809171230443367e+01
7.709258165075099e+01
3.735349594492162e+01
9.078544512893328e+01
1.911279774229638e+01
2.225232637592234e+00
6.704061020493536e+01
6.661785075749171e+01
7.591657288182367e+01
5.967584217883453e+01
9.965615025705480e+00
7.723660267760819e+01
7.253635277624072e+01
5.792852386735776e+01
4.548918532463218e+01
6.670963483243698e+01
5.340938407620853e+01
3.605523963275144e+01
4.494335853724897e+01
4.602468830813872e+01
3.026058377244537e+01
8.974233902513159e+01
1.786556859401314e+01
5.712203795887625e+01
4.891236664211022e+01
7.934892935648044e+01
4.608904213928107e+01
5.413370335201439e+01
2.921566410419329e+01
4.047531464159270e+01
6.097696878061488e+01
3.571366650784093e+01
7.343136420167581e+01
1.957465159686965e+01
5.923761174047255e+01
8.979001282238868e+01
9.016471323099206e+01
2.627822189884177e+01
7.966706095247858e+01
5.082349621263496e+00
1.365039456340037e+01
6.245727765488311e+01
7.974182003165680e+01
7.625651884649717e+01
9.473604266286644e+01
6.572913237182848e+01
2.695726911861323e+01
1.799657485354532e+01
2.159365672692361e+01
5.864664249059122e+01
8.365139704367677e+01
3.204495573045917e+01
8.765123281052858e+01
6.882207252496019e+01
2.021893342967095e+01
5.536159111902192e+01
3.210683447872606e+01
2.778492478084980e+01
8.001170963049480e+00
9.212169670132999e+01
1.594223604348592e+01
5.347651338832291e+01
6.136803089704739e+01
5.148341094678427e+01
6.007923281755263e+01
7.323799811920057e+01
9.657230041761524e+01
9.941437109346239e+01
8.253130194848930e+01
7.623936132352770e+01
8.022253312180869e+00
2.431510706633102e+01
5.262793295673463e+01
7.337024820659786e+01
5.416596650805602e+01
5.471401757314523e+01
3.013409433426992e+01
2.588946806541153e+01
6.632200375493709e+01
4.538757500489595e+01
3.444042472841238e+01
3.389918097942098e+01
7.743253073535512e+01
5.136482894949840e+01
8.758528776820064e+01
6.474827302840923e+01
1.563890781981820e+01
6.062014357215732e+01
2.004166292959902e+01
5.913886174519494e+01
9.170497068749040e+01
6.079343727826767e+01
7.091373250396632e+01
3.833306857307119e+01
8.397733209839899e+01
1.214505835070510e+01
7.856752964601272e+01
7.483598504906334e+01
9.551232172898590e+00
1.012478541122972e+01
2.687828514113943e+01
2.182453070852185e+01
8.612519460084158e+01
3.380678572403583e+01
7.883426802178577e+01
8.785248016372904e+01
1.457770569928815e+01
2.818584788040530e+01
1.779132705078988e+01
1.841751854793053e+01
5.110904129739341e+01
1.344950493120099e+01
5.238791613485101e+01
3.708066606758194e+01
4.379294349057272e+00
2.955167774555817e+01
7.883021891062624e+01
7.547401556534415e+01
7.247787885017594e+01
8.189091076231139e+01
5.011321089701411e+01
1.355759986376278e+00
3.443443217986936e-01
9.041217825860353e+01
3.540440627159756e+01
2.026898270485410e+01
3.619451743373392e+01
9.509292132923981e+01
9.903810634232968e+01
7.667654658512983e+01
8.192611848093854e+01
9.058596943066733e+01
3.623496291052316e+01
6.104682412047256e+01
9.055124753646146e+01
8.269920860542879e+01
2.198378565813591e+01
8.298185085085306e+01
9.313630619698033e+01
8.631853618953309e+01
8.030412186882650e+01
4.257579238273939e+01
7.032632994015064e+01
2.227051184618404e+01
2.266001362477430e+01
7.764236842172330e+01
1.940720622400157e+00
6.831381147183190e+00
5.653816724966195e+01
5.575379592168788e+00
6.670556453368885e+00
4.981072035143651e+01
5.452926892532467e+01
4.889350060787680e+01
5.954609422923349e+01
8.993367519692224e+01
6.545424673960277e+01
2.733623735948291e+01
4.655529393188436e+01
6.098311704629246e+01
9.002837934066932e+01
8.801726120897442e+01
9.179692561356208e+01
5.245746157712185e+01
4.207974166706192e+01
8.500225669005991e+01
6.132518512258548e+01
5.188568795653325e+01
4.049630413786336e+01
4.604172666838473e+01
2.835144476422642e+01
6.800529983267435e+01
8.775262850697740e+01
8.774694939504701e+01
1.122814184577583e+01
6.648509291302651e+01
4.432225164227292e+01
7.841449174024839e+01
6.389854371729239e+01
7.637156950140911e+01
4.475633224693888e+01
2.953942819942694e+01
3.743495421364668e+00
8.381039369097464e+01
7.135470531478278e+01
6.328958969716430e+01
1.800909015257335e+01
5.036299654765194e+01
9.069441966279150e+01
3.035686585603136e+00
1.301305043185737e+00
6.464532877534876e+01
1.304744152028460e+01
4.328546735611067e+01
3.569602432460339e+01
1.263087150297634e+01
2.423835113841964e+01
8.655920540288054e+01
7.506758001403306e+01
2.535653250541376e+01
3.423022764466248e+01
3.725116943812518e+01
6.143999214351177e+01
4.744758994665350e+01
8.064221696958049e+01
9.667024426007190e+01
8.597376285399019e+01
8.210607947879755e+00
6.464101074479566e+01
6.913528538734433e+01
6.764093356562822e+01
6.855872141595870e+01
9.159649009425030e+01
8.936575036000728e+01
4.342035979191790e+01
6.295119540903308e+01
3.623497348103438e+01
8.427166197647884e+01
2.297013351832057e+01
5.832888048995700e+01
5.878240329156742e+01
7.915207728704068e+01
8.280395724941229e+01
5.505989960164758e+00
2.243754464315136e+01
8.838521092589255e+01
9.435449451876547e+00
5.561447299812663e+01
7.861638971539978e+01
7.883681029958501e+01
8.617413406547817e+01
5.858370073073716e+01
6.376919465315025e+01
6.219985422780731e+01
3.183073905847536e+01
8.690206165746882e+01
9.263910217799204e+01
5.373244888788668e+01
3.741750611803378e+01
8.456104164224166e+01
2.347288374950778e+01
7.744202757135128e+01
9.546726974447597e+01
7.966669769010818e+01
5.038741140178750e+01
5.785654744033540e+01
5.623049012209778e+01
3.374350207566447e+01
7.352106607217391e+01
7.778071662307751e+01
9.568061148546664e+01
2.931954382421428e+01
2.599973991792637e+01
9.530497798477532e+01
9.878311599548120e+01
1.991135967891261e+01
8.000258588232221e+01
1.766542057398028e+01
6.559941054582569e+01
5.598220054804450e+01
8.810288938139699e+01
6.690309521132292e+01
9.793990282245908e+01
3.249174921423744e+01
7.889839451708756e+00
7.766519765260871e+01
7.561781675350751e+01
6.713862534013512e+00
5.014565035241919e+01
5.688946678158337e+01
2.201423902158357e+01
7.276000318711624e+01
1.919657365381558e+01
6.655711385726795e+01
2.765639942495916e+01
4.426688754198462e+01
8.354535726064134e+01
5.903260431207372e+01
3.271125752139429e+01
2.521285378616901e+01
8.209251998089837e+01
6.766356759130190e+01
7.588962846244203e+01
6.229985429081128e+01
4.170736299907200e+00
7.241789618153959e+01
9.694552887088877e+01
9.812355199741364e+01
2.133730697507844e+01
3.347299435803341e+00
4.756699746826990e+01
2.734194832264537e+01
2.183231195520252e+01
5.559414371642942e+01
2.328686277535132e+00
9.392733596913858e+01
4.169366054315756e+01
5.054278683408293e+01
5.434061105099535e+01
7.720017497297384e+01
1.595023196002014e+01
1.945288983148192e+01
8.978720055417493e+01
7.104681482121666e+00
4.213612309756508e+01
5.423715722478794e+01
5.629070073193437e+01
6.339084755787200e+01
4.500331647927096e+01
6.216026645254357e+01
3.395255470366802e+00
9.913960909430851e+01
1.448150790039520e+01
4.590302558890685e+01
3.296076009653544e+01
9.059331384049418e+01
3.272183990698394e+01
6.901582580479599e+01
5.023102930292070e+01
1.750474722008442e+01
7.652447869839355e+01
2.671828755490402e+01
2.855099222089676e+01
9.126790104958596e+01
8.501206607791225e+01
4.715903585178733e+01
1.045063729884598e+01
9.455846943639148e+01
3.786558799346238e+00
9.357819095886228e+01
8.587924963137100e+01
7.767563098002022e+01
1.303108074377807e+01
2.195049138830532e+01
1.282243654728981e+01
7.833836282526066e+01
7.935724629990628e+01
3.306395273332668e+01
2.714471678582240e+01
2.477814817092295e+00
9.807945969425117e+01
5.232929710872904e+01
9.778457241961014e+01
1.174059096339186e+01
7.785491378878007e+01
7.793417679049735e+01
2.333904803886034e+00
5.704320648547411e+01
2.691902021268337e+01
4.640483541712391e+01
9.306257832472332e+01
7.673192549344708e+01
9.050266830739689e+01
2.830695255115020e+01
7.682891193629658e+01
4.336747715406468e+01
8.525635455048473e+01
5.838875740691496e+01
1.702091843682384e+00
8.295817718978886e+01
1.769604762908818e+01
7.233776136875980e+01
2.607235658265294e+01
7.586646837921182e+01
9.793169801027128e+00
7.657007378366313e+01
6.761917381902187e+00
1.692759279018622e+01
4.127818287409757e+01
3.299714812682809e+01
1.757724504805041e+01
3.042907222659750e+00
6.863741361006974e+01
1.325987722410815e+01
3.691838771892637e+01
5.763551795745060e+01
8.731547919442667e+01
6.808062171008467e+01
8.846472654885832e+01
4.350669372058785e+01
2.803167022207364e+01
6.447139436587290e+01
5.309652032009163e+01
7.454981197349252e+01
8.259142464147480e+01
9.122983128355342e+01
9.448992530558721e+01
6.817193504803438e+01
5.617999693200923e+01
5.584323567144723e+01
1.576615162927944e+01
3.386635521141177e+01
8.016696250073936e+01
4.045938478804165e+01
8.772003794448452e+01
5.762738737167203e+00
5.232410796560538e+01
4.076649571804632e+01
3.275988261809567e+01
8.303468212626628e+00
5.264885204501862e+01
1.524209655599766e+01
3.926393377560374e+01
1.106406562545526e-02
4.898385086515166e+01
3.186306382150532e+01
5.317717918808441e+01
3.378465270334140e+01
9.886702462046735e+01
9.154838402362000e+01
5.318989909868217e+01
5.911591074388284e+01
1.387062390049483e+01
3.155223514491330e+01
9.150874912343396e+01
2.843736797964078e+01
4.652764212644084e+01
2.062016908108265e+01
8.040388523619802e+01
7.588579597691344e+01
8.219069153172461e+01
8.011182797146581e+01
7.680629942417438e+01
6.755415767783028e+01
2.057121271294132e+01
6.513179892913057e+01
5.008058946117786e+01
6.768603346668465e+01
2.112710644543502e+01
7.883615408969864e+01
7.850709263165811e+01
8.935785884473373e+01
6.262010189826604e+01
2.561250223108218e+01
4.559389205909981e+01
8.970348610994569e+01
9.153126119241642e+01
3.088697173208323e+01
2.869938189568901e+01
3.339926303988288e+01
4.644777953924974e+00
5.580396058773807e+01
7.446657180528462e+01
9.776782239683337e+01
2.817403256342469e+01
3.175829794805417e+01
8.674080948659257e+01
7.994420192201818e+01
1.882561520618648e+01
1.585668130584838e+01
3.805843267499397e+01
9.929226622883802e+01
8.738067070365915e+01
5.891013916531118e+01
9.528911746818997e+01
9.840358844883907e+00
6.448874742001702e+01
8.298104814392563e+01
8.537099793803458e+00
5.679837798550650e+01
6.798356215841302e+01
8.704419242546157e+01
9.827807363973841e+00
1.432289630841599e+01
5.855367638103369e+01
4.775630177359856e+01
9.246603478326743e+01
3.266141178675993e+01
7.329503170833691e+01
2.317827647699894e+01
4.463338989048889e+01
1.914799447131715e+01
4.414004853188062e+01
9.798846654500275e+01
1.416654983263768e+01
5.427651156404825e+01
9.695102753907024e+01
5.868988444967655e+01
5.536143647290833e+01
8.993306923188878e+01
4.203086190020240e+01
1.842579088100502e+01
1.820785315623873e+01
2.706077011630906e+01
6.966464667099744e+01
8.267644005020914e+01
6.690930159152919e+00
1.827012864792260e+01
5.924495433422036e+01
7.563164079358413e+01
7.506850663342910e+01
2.829734302512246e+01
3.375765431381652e+01
4.452380321199252e+01
5.783218050274633e+01
6.357220013792263e+01
6.250354436342770e+01
7.742727178960446e+01
9.210776248579276e+01
3.845581693502880e+01
8.765932302347352e+01
3.527118681709803e+01
4.561080646031108e+00
5.733340869533522e+01
8.180117312902640e+01
1.872763047866879e+01
9.902210836253226e+01
9.624414280813380e+01
7.225770460081179e+00
2.362439745274577e+01
8.353566442780927e+01
4.526471753849868e+01
8.339313612477535e+01
2.103875182617397e+01
8.572607375016719e+01
5.014526566962957e+01
9.514626464580478e+01
6.418816748270214e-01
9.614128051145994e+01
1.955065411494610e+00
8.776562967699283e+01
5.167224879920121e+01
9.874514588096419e+00
4.346955713977551e+01
7.114807938744690e+00
7.375840995170103e+01
6.244693154583076e+01
9.528341297771941e+01
8.522120732125883e+01
9.502367027803496e+01
1.261819378129123e+01
4.657655146279212e+01
2.500491706887489e+01
5.664427096799215e+01
4.402414338850609e+01
6.732622010974502e+01
7.898051528212639e+01
2.959446065574626e+01
8.645360883625858e+01
7.007548030003696e+01
3.074566872359518e+01
4.986406795208531e+01
2.639002144634259e+01
5.105618091814973e+01
6.721518797204605e+01
6.097020369999586e+01
6.719658759757718e+01
9.735176768030588e+01
4.905053267676874e+01
3.852449899470643e+01
3.409924108260276e+01
7.058006975361150e+01
4.353102154262877e+01
8.272922042884362e+00
1.169142327815826e+01
5.268238412806875e+01
6.149207491497140e+01
3.623114490706062e+01
4.592924245909287e+01
6.280528598595657e+01
1.045118007364272e+01
6.399629603326148e+01
6.593720385149922e+01
4.682728985642422e+01
3.600144201703437e+01
8.452303376259424e+01
7.947070620929389e+01
1.079653814006436e+01
4.109719448773991e+01
7.394320074186810e+01
7.083614998070344e+01
6.237414468190360e+01
5.395526408867690e+01
6.432238578066341e+01
1.203725622596092e+01
4.398915914073081e+01
4.610139524848265e+01
8.879514764472616e+01
9.198221577889389e+01
5.560056690853116e+01
8.223403607599160e+01
6.118584934677271e+01
2.009500945922686e+01
6.665867151071255e+01
8.463818066969429e+01
9.720203159246688e+01
6.309847294497233e+01
7.383549468304751e+01
4.067312979170732e+01
4.752277096152434e+01
7.405922509453224e+01
5.112430986535005e+01
8.991021234072289e+01
4.986950212617847e+01
6.949542559194165e-01
4.222605947508759e+01
6.137223595817212e+01
9.668370121935554e+01
7.786334128019556e+01
4.442178413477809e+00
5.677841001040228e+00
9.535893187642047e+01
3.383011083762632e+01
5.963310508971713e+01
8.179427240127430e+01
4.307808323906646e+01
2.431951138392068e+00
2.354462422595575e+01
3.667649069646210e+01
6.408932170089768e+01
6.515018738114749e+01
1.935998612053692e+01
3.394716835298910e+01
2.665483589594012e+01
3.506026921563794e+01
9.040351160355075e+01
1.086290092713335e+01
1.438927064388491e+01
9.151245811558908e+01
8.716518384738136e+01
6.191204160540925e+01
4.067485963025823e+01
5.082845923063739e+01
8.799926386587288e+01
4.653256980075155e+01
1.519222558252151e+00
9.750047600711717e+01
4.350859417743450e+01
8.104670088786943e+01
2.847429580449792e+01
3.060907392325302e+01
2.733317163183036e+01
5.673432664793652e+01
5.499920340022035e+01
1.467346810487726e+01
7.273465533402501e+01
3.292928903034390e+01
1.953002648406198e+01
3.526564377139586e+01
1.971690930412938e+01
2.797206376119147e+01
2.548565935598950e+01
8.873856565390646e+01
7.646998021587263e+00
1.830643528062219e+01
4.689992756904100e+01
2.503880030710194e+01
8.841147603858796e+01
8.078881608358995e+01
6.067467334711676e+01
4.570151997995634e+01
1.656692010190660e+01
8.981252130577924e+01
9.374366067058577e+01
4.930163833745831e+01
3.548765156207963e+01
6.774241899500714e+01
6.769254825436163e+01
7.899624573951412e+01
4.878911983631045e+01
6.425321831565965e+01
1.120894072167992e+01
9.557293480987332e+01
7.137708983913859e+01
3.574235855403466e+01
8.976086512662511e-01
9.756708764357822e+01
1.506740879969085e+00
5.879357320200352e+01
3.628119367001634e+01
2.122365018409847e+01
5.219513180302230e+01
4.957126614152047e+01
9.096735892396764e+01
1.355016674546067e+01
1.218408030093838e+01
3.487739089637873e+01
3.338464821380779e+01
2.714705086645999e+01
9.387785740842943e+01
8.572476035250572e+00
7.284857089298245e+01
8.138650086772931e+01
8.946770326675274e+01
4.180260330522555e+01
6.979335871049825e+01
1.611305061546762e+01
3.433465046544310e+01
8.985365977969657e+01
5.507195156769452e+01
4.749946996918855e+01
3.723063205239858e+01
5.314662123711156e+00
1.714879461431354e+01
9.734830595429442e+01
4.594020128526735e+00
9.626619452436744e+01
8.990368130146697e+01
6.827369684738744e+01
5.480799081493542e+01
9.882439221200737e+01
7.169969392553888e+01
5.761883592122180e+01
7.009461595215583e+01
1.992573999796330e+01
3.678342329188410e-02
3.645809746182435e+01
2.597181490900545e+01
5.824008824221794e+01
7.374768428213321e+00
8.500816015759864e+01
5.075332156883242e+01
2.631700878325710e+01
7.372618302410756e+01
2.142972118287800e+01
3.256814993571869e+01
9.708280018394943e+01
2.642085604668635e+01
2.145570876144604e+01
2.521725367997646e+01
1.764332387486628e+01
5.122666459122052e+01
5.363452963234602e+01
6.399904757924334e+01
4.964622689860231e+01
4.888765423041194e+01
6.637469710147693e+01
8.751334552071680e+01
6.481959115006942e+00
7.214469754702631e+01
5.506674309962744e+01
7.206091050620233e+01
8.281018938068775e+01
8.685250570385368e+01
5.370200968054218e+01
1.821312695658446e+01
2.945001010291745e+01
5.481784071531978e+01
3.770319281038977e-01
3.708000077730045e+01
1.228757994821648e+01
1.419323310916928e+00
4.539890216914886e-02
3.184795753650738e+00
4.912634619936643e+01
2.045712281039782e+01
6.724200773390103e+00
4.336625665583008e+01
7.373322270518786e+01
2.478684383667393e+01
2.776222938101843e+01
3.150967291160937e+01
7.121147819385467e+01
2.817837392360827e+01
6.085599789435789e+01
3.139184146718674e+01
7.706602820058635e+01
6.646824915263254e+01
1.991643804121597e+00
7.327167274117082e+01
3.074813654215454e+01
4.664565112751241e+00
6.229202931853571e+01
1.896643481169196e+01
7.737093008000913e+01
4.135602686617339e+01
7.949895857809994e+01
7.571466154219334e+01
2.231558315563741e+01
3.500954962103141e+01
1.279466227292766e+01
3.460316310385389e+01
5.026749267720966e+01
7.927970666404801e+01
4.038617463800412e+01
2.159771580323470e+01
9.341161283357610e+01
7.993195260871758e+01
3.546027440366348e+01
8.678910820129751e+01
9.398366543184206e+01
2.972985842718271e+01
9.472768348396183e+01
2.874776079726767e+01
1.187905301893086e+01
5.558368137831972e+01
5.354925480370841e+00
6.202003781777808e+00
9.098944779997200e+01
1.830415423880525e+01
7.845748019332881e+01
8.082363101692108e+01
1.201113439724368e+01
3.263143907889325e+01
1.490827287310188e+01
6.239007099642887e+01
8.911444744519630e+01
6.720604173243328e+01
8.316168612016443e+01
8.022683992992474e+01
1.435136954037071e+01
6.941625385983673e-01
5.288910179067827e+01
7.720630102660800e+01
4.946832063117452e+01
9.261346393852190e+01
9.173470269503756e+01
4.175891473039934e+01
9.917289814873268e+01
8.176101985469508e+01
