6.715039618646279e+01
2.252768805368230e+01
9.622924942347652e+01
1.765829185846182e+01
7.165124345182033e+01
3.169050455637765e+01
5.110210788021894e+01
7.674790093523818e+01
8.300140406144848e+01
9.338445393060542e+01
5.402352360730224e+01
6.639007491357162e+01
5.192950058352645e+01
3.245465072451842e+01
1.468862766152650e+01
1.790409163474296e+00
7.670932164262483e+01
2.691462437012914e+01
8.215251843545236e+01
2.282435895075293e+01
6.693245846169650e+01
5.407259024403645e+01
1.328769778520227e+01
1.101104910998188e+01
6.126513698197209e+01
4.659563854643871e+01
8.499770471127597e+01
6.724593060428553e+01
1.106624026366800e+00
6.388792398566749e+00
7.145318308447170e+01
3.873970971384072e+01
2.370816037231505e+01
6.768243250794822e+01
4.735202782198415e+01
1.360252542123316e+01
4.229853085349246e+01
8.547335285016958e+01
1.893984555217430e+01
2.529993486837481e+01
9.241128647346575e+01
2.118391027729209e+01
4.065049124911916e+01
5.251825035201304e+01
7.439313245676138e+01
2.122066003327289e+01
5.480785353798785e+01
9.600137104094092e+01
4.529191928230781e+00
2.238111571519688e-01
5.741259276746428e+01
4.968471366431784e+01
5.429640140118841e+01
2.409919617888480e+01
6.661443368839772e+01
7.114696729516004e+01
1.287445529032240e+01
1.279571713544229e+01
5.406927985794343e+01
7.294457642032978e+00
3.200513554364682e+01
2.552246294241513e+01
3.416209804553636e+01
9.646796816795504e+01
4.398240933380202e+01
1.417265274290585e+00
8.734476742676681e+01
1.163734584657352e+01
8.051411755406956e+01
7.719521139617787e+01
5.654895424682132e+01
9.285538429061667e+01
8.304220837682588e+01
9.211560054315049e+01
5.104083225645164e+01
8.385503114380643e+01
6.904362382788379e+01
4.713766041544157e+01
6.130106116705624e+01
1.786545245808803e+01
4.375882667664384e+01
1.570105897993830e+01
5.861791649768963e+01
4.876673447376431e+01
1.106565739543441e+01
6.604716166204176e+01
7.557112079838809e+01
1.041673971825128e+01
9.742622659421815e+01
2.964040065633152e+01
2.572247219538431e+01
6.130992400520944e+01
3.914871930105087e+01
1.487311791389860e+01
3.505216596417696e+01
1.320352745857254e+01
1.629038323475531e+01
2.571022288208372e+01
4.215237728420290e+01
1.673448105190624e+01
6.106942080011098e+01
8.269633053927511e+01
6.864611863561259e+01
1.872583786897633e+01
1.548400051681511e+01
8.667651148823859e+00
1.664943658590756e+01
4.153192557465840e+00
5.364870827349309e+01
5.222357132109979e+01
7.872004223927857e+01
6.174597770988288e+01
5.556819692979017e+01
5.876471198106405e+01
4.617426942390123e+01
6.065943467461478e+00
9.497308875200017e+01
5.050963333365956e+01
1.177716381464953e+01
2.427787716699665e+01
1.436899537889706e+01
7.331006902889817e+01
6.466163916730399e+01
2.734455444260712e+01
1.398714627790598e+01
2.063996708981691e+01
4.412333119852623e+01
4.369576836176950e+00
7.059623406762083e+01
4.310707843075836e+01
2.052688799823024e+01
5.845438561330288e+01
1.154795820431223e+01
3.079791657198123e+01
5.021195698073691e+01
8.912065010011226e+01
7.125931469316562e+01
8.782600610881393e+01
6.565867050814380e+01
1.779932669261439e+01
7.170632545450066e+01
2.853672785150666e+01
7.954530444906341e+01
8.481331313253068e+01
6.245204911681454e+01
3.476481206471325e+01
6.794985913110425e+01
8.415455323837445e+01
4.022602724853252e+01
6.671301334477636e+01
3.921685905159305e+01
9.003332168331059e+01
9.425458023057067e+01
4.811946328176160e+01
4.350784632540673e+01
8.243776717336745e+01
6.385810462006280e+01
9.275579158810703e+01
9.923455179633319e+01
8.848152779437672e+01
6.529524534255977e+01
5.545734961305622e+01
5.223413750167663e+01
6.197161272259970e+01
1.719911020118702e+01
2.701645955770112e+01
3.986299589269934e+01
7.703829280894170e+00
3.504842288561558e+01
4.747965365996568e+01
2.550315602007469e+01
1.625112817448151e+01
7.037409193365559e+01
7.345932515964812e+01
1.064441307012197e+00
1.426326097653399e+01
3.508751403311617e+01
2.588029677322148e+01
5.660278231678660e+01
6.511228394932686e+00
9.259331011799785e+01
5.565436084552405e+01
3.000631883275058e+00
5.142569898228426e+01
5.793962984249909e+01
2.915794501507559e+01
1.859468548493212e+01
9.104551779620607e+01
6.458871055608090e+01
6.458067128648082e+01
3.821534297345920e+01
6.607758708581216e+01
3.759067698269649e+01
5.234296296366629e+00
6.067106796459810e+01
5.478978718388350e+01
9.298257496812501e+01
4.996701467315062e+01
1.297316654258089e+00
1.679894897006403e+01
5.820571144959224e+01
2.918422325941930e+01
8.042792299782295e+01
4.762692360562595e+01
9.304523295399045e+01
6.647703524980557e+01
1.498253062133795e+01
8.723261081019072e+01
9.235733202302704e+01
9.109242744329032e+01
1.932418459063591e+01
8.495064209445874e+01
4.685565105027317e+01
2.232481652047710e+01
1.716548908369871e+01
5.386003817145715e+01
7.247587133779929e+01
9.928310220096405e+01
6.592141700252957e+00
4.106066238184491e+01
8.914150278509665e+01
4.669401857382339e+01
8.530200765715075e+01
4.481363554709294e+01
9.880396826137043e+01
2.646179037469523e+01
6.235545368974817e+01
1.309057055650771e+01
7.044188402148052e+01
3.502676325618604e+01
9.933747937871958e+01
3.497078057144339e+01
1.284584263937820e+01
5.770042462167350e+01
9.615741167038559e+01
9.697926235244574e+01
2.889115858305765e+01
5.272610897790925e+01
3.402382248734302e+01
2.494783020808726e+01
1.549608382186670e+01
5.334800712454506e+01
8.201874833648036e+01
2.753565093853308e+01
6.715803373007012e+01
3.570306503013850e+01
7.638436745683866e-01
2.367560049690102e+01
5.888206467911697e+01
7.881643049363812e+01
7.926955939236542e+01
7.340894689476535e+00
4.941634268007071e+01
4.016798787758126e+01
1.490656114877507e+01
7.116691184750150e+01
1.093848376112919e+00
4.065377737425909e+01
7.388291809423031e+01
9.657020685103265e+01
8.917871508243434e+01
4.582071492719497e+00
9.897329360198849e+01
5.183062844529312e+01
6.368817089297257e+01
2.918791274036650e+01
2.084800313266367e+01
4.703847018398273e+01
8.031798441909159e+01
5.487182566657282e+01
6.871755727041399e+01
5.260055631054591e+01
6.407458477843301e+01
5.556316643746717e+01
5.816580306653204e+01
5.293394529862979e+01
5.909103907602422e+01
5.237449754605745e+00
4.057184520204171e+01
7.814922462131327e+01
5.279602042995209e+01
7.799328662361637e+01
5.014817297931210e+01
8.038807543012689e+01
5.431281661349946e+01
2.487630719546057e+01
1.135414122201230e+01
7.008125268392324e+01
2.789377469005704e+00
8.170408866447588e+01
6.233009428825700e+01
7.976978024457105e+01
3.921682435982713e+00
1.392874867372622e-01
2.237500125652878e+01
6.525766386895332e+00
8.296234141241868e+01
1.557471096309587e+01
4.361749130469630e+01
6.487636308412830e+01
7.885562580956874e+01
5.657046430584531e+00
5.317632339577020e+01
4.230602110843454e+01
6.121791743730098e+01
1.462482489395180e+01
6.255902571722820e+01
9.295789082206689e+01
4.490946575296552e+01
3.626313704823290e+01
1.295376057408459e+01
2.289760085889026e+01
1.425642362528314e+01
7.847783387567748e+01
8.848039288468678e+01
2.288368391938679e+00
3.754115502235533e+01
9.983453410669907e+01
6.668458034595687e+01
5.653320954019819e+01
4.555647775789558e+00
1.828489891173546e+01
3.630298978476925e+01
8.419724846454210e+01
2.652043370833641e+01
4.776210428577015e+01
7.178588401143713e+00
4.032872600496222e+01
9.129077088613565e+01
7.886704610607916e+01
6.154004603696058e+01
1.705094520796600e+01
2.460446680179074e+01
3.998881272971109e+01
8.844165387025180e+01
1.875185497047000e+01
2.799377493932553e+01
7.144937411483814e+01
7.307052275774559e+01
9.050725358096288e+01
9.502893956146620e+01
9.775540050945962e+01
8.314087264386046e+01
9.846504786911655e+01
6.738676674076672e+01
9.797210064622206e+00
9.016728093389762e+01
3.761747551039675e+01
8.589223650558490e+01
6.333121725513191e+01
8.181183737787038e+01
8.927330220549987e+01
8.161611621343350e+01
7.676660696825320e+01
5.036505090555411e+01
8.136549875203777e+00
4.106780110908105e+01
4.866529351503835e+01
2.388650501327892e+01
5.440071316175196e+01
1.510997946146409e+01
4.952817892168098e+01
5.780529331313693e+01
2.962251148634707e+00
2.552365689795635e+01
6.812985505355981e+01
2.471774654682621e+01
3.267147477374947e+01
5.025294052914388e+00
6.107084777256048e+01
3.912163252901362e+01
5.384893601473837e+01
7.308706598034457e+00
3.708256699008987e+01
1.222781413804172e+01
5.086117635986822e+01
4.687977705471207e+01
4.137777864997172e+00
8.847865187026498e+01
3.461876406083757e+01
1.640435080807859e+01
6.952483661916332e+01
3.311429164983066e+01
5.214391958533970e+01
7.114414445643507e+01
6.400051729939902e+01
1.075193328352269e+01
1.156042283939217e+00
6.437197447026706e+01
3.463843829680162e+01
3.045129116179947e+01
8.936151749890368e+01
4.226808326424476e+01
6.242217918039401e+01
8.899558949703146e+01
9.690274069872812e+00
1.107789977038181e+01
4.182077801871149e+01
7.448482721787171e+01
4.039786185156454e+01
1.463291119534192e+01
3.842639985421039e+01
1.376119834080394e+01
6.398947954363631e+01
6.222818119555161e+01
1.043223185019206e+01
1.815180541861421e+01
1.892662472972955e+01
7.936967275076064e+01
5.598382095619283e+01
7.492257662812368e+01
4.549203815194407e+01
1.545078191694374e+01
7.170178264924408e+01
4.711281417268925e+01
8.952451804165007e+01
7.324911936803215e+00
5.605811698178673e+01
6.767128499582003e+01
9.429807518343351e+01
9.988516783336419e+01
1.262108926317705e+01
1.257217424575806e+01
5.831087793144903e+01
4.572233112795387e+01
7.265518213280252e+01
2.509388207695162e+01
3.764265623765190e+01
9.552428610414466e+01
1.938126316265262e+01
1.974874959315581e+01
2.702124017617723e+01
7.331387012885598e+01
2.622286883472599e+01
6.275714634114743e+01
6.782145605786771e+01
3.665510073148418e+01
6.490667227884134e+01
8.674808078759726e+01
4.083976347038512e+01
7.153712952115440e+01
6.273293558635420e+01
2.849266958818430e+00
7.716006817163903e+01
8.421600879366324e+01
3.044761686141026e+01
6.199374392721511e+01
7.732588903853944e+01
6.999917517881802e+01
2.966502887646902e+01
5.780698268572194e+01
5.346464154006198e+01
6.096160554371849e+00
7.037915693148000e+01
5.206546147915789e+01
7.406791950299774e+01
3.073729715810031e+00
2.853292493546983e+01
3.026421695494290e+01
7.085478490723986e+01
4.700658831140333e+01
4.759233759138377e+01
3.260136727830459e+01
9.855039794861824e+00
3.395115790606996e+01
9.685001536125783e+01
6.781232341556452e+01
9.542124867226055e+01
2.739395491191836e+01
9.689195030224134e+01
3.483888629583591e+01
6.691045251996744e+01
2.133471929530367e+01
1.629686565897281e+01
5.784151980552893e+01
2.307612873757078e+01
5.185006216720215e+01
1.983526368617791e+01
4.879755147211139e+01
8.802905799263579e+01
4.950029260921306e+01
6.604534111267204e+00
1.555808503905222e+01
3.321179153081579e+01
5.271451126444829e+01
1.986960960546024e+01
7.360740502998577e+01
4.071720616925378e+01
2.482529130057678e+01
3.049563431669754e+01
5.438625680021302e+01
6.856621395264109e+01
5.276994498109908e+01
3.244851037508273e+01
1.337298188049951e+01
3.473708244726858e+01
9.046285883079417e+00
3.041444580555635e+01
8.214235151286347e+01
4.698942343098550e+01
3.632113106377475e+01
1.591120451498367e+01
1.593580009226492e+01
1.617360008702315e+01
8.474577953328648e+01
1.404474350346473e+01
6.844556521086282e+00
9.165587103537092e+01
3.388000723620877e+01
1.310469196788254e+01
2.197390944788880e+01
6.199074888694600e+01
8.353176139459562e+01
4.556975199169002e+01
7.279094484299000e+01
6.065293683700866e-01
1.319329850990013e+01
5.884955146296394e+01
5.677823054454208e+01
9.091794327409842e+01
8.304257322244466e+00
8.758248481321264e+01
6.868479576366245e+01
4.969562424798292e+01
2.142018159917564e+01
2.609270323351617e+01
5.172309994312148e+01
2.443154855837652e+00
3.249765598797130e+01
8.379725100649392e+01
5.780956291491611e+01
1.044469811508651e+01
7.283644972966819e+01
5.019486604733153e+01
8.912868163973498e+01
5.758222921638853e+01
6.423960959736240e+01
4.859982521673656e+01
2.342802375714668e+01
2.322864393853985e+01
8.304256716884792e+00
4.540193325160161e+01
8.149991663242686e+01
9.183601811148041e+01
7.844776668513556e+01
7.694002970910633e+01
1.383271828006614e+01
8.549497909168478e+01
4.502775610658701e+01
9.087820467114365e+01
7.310833408176356e+01
6.666768904154546e+00
2.587053478968820e+01
8.557560531682130e+00
6.408738906685607e+00
2.368766466327369e+01
3.392273841142782e+00
5.106972998523607e+00
8.817265671127133e+01
1.919876710474434e+01
1.668529120119535e+00
2.898734143422327e+01
1.602697713115577e+01
7.450497884978772e+01
3.235916501486636e+01
8.934399135845899e+01
3.208720801961012e+01
9.659877461222874e+01
3.794381652862943e+01
9.244509953653677e+01
7.809940514997551e+01
1.941702776561353e+01
1.035555876342373e+01
3.825667194940926e+01
3.100979776634360e+01
5.898217081976225e+01
4.123482473252101e+01
9.754771124457369e+01
6.863057169533828e+01
8.626258083910801e+01
6.566022306944254e+01
4.173890573053570e+01
4.369760302067623e+01
3.506001761884429e+01
2.756696107218366e+01
3.591298318277718e+01
6.354695109815660e+01
8.687882823258583e+01
4.397662158309325e+01
8.996832328381405e+00
1.398533536772492e+00
8.716959445139840e+01
6.519506665188590e+01
4.234958139357603e+01
8.962314873450582e+01
4.245066872912025e+01
9.112624763097905e+01
6.596694214547377e+01
7.225930386793767e+01
1.242834544388035e+01
7.834476073195448e+01
2.529658294529495e+01
4.671906584255353e+01
3.367800853852090e+01
5.777871332027890e+01
3.510044181491268e+01
6.544091606766028e+01
7.227146610257749e+01
3.926606696996189e+01
7.683415151053768e+01
9.389054542122899e+01
2.436561590263882e+01
1.423481624305007e+01
3.538686848962068e+01
8.780888602501196e+01
7.334299612480355e+01
8.769402424231825e+01
5.676000991685316e+01
4.716873059383069e+01
1.969461698070849e+01
9.296773513451578e+01
6.320147526599536e+01
8.922097277325623e+00
1.718876306767984e+01
6.265130236868342e+01
9.845289708974441e+01
2.158142492248743e+01
5.377754999966247e+01
5.139808489540503e+01
4.284271436875812e+01
4.506641353716442e+01
9.917885032444207e+01
7.804668884633421e+01
1.446575830432855e+01
9.331539659449616e+01
4.759372847508347e+01
7.155807608345434e+01
2.090732502793303e+01
7.333451475637709e+01
8.087143464054513e+01
4.451504617208384e+01
9.028965681339133e+01
1.805765373541864e+01
3.840596067644933e+01
3.062434887076931e+01
9.677845099790881e+01
8.805638290385546e+01
8.212318559276088e+01
6.418710028016339e+01
9.913426884409705e+01
9.951636167220602e+01
5.340938407620853e+01
3.224907877494073e+01
2.456024392720323e+01
9.822148089214297e+00
5.703128825734895e+01
8.995859547981927e+01
3.591272087577391e+01
1.146291662541354e+00
3.926077840815335e+01
4.083978158460920e+01
7.692079342758321e+01
4.809121691998617e+01
9.533685953139181e+01
8.454066840211892e+01
5.450610711914771e+01
1.638822519052226e+01
5.609874443900713e+01
3.669859517211960e+01
4.694067269886875e+01
5.460033107297511e+01
8.121364134420345e+01
9.185502752282424e+01
4.220722957617009e+01
9.380375104667793e+01
7.387883671274355e+01
7.107824379162781e+01
7.974182003165680e+01
5.064796742547675e+01
9.473604266286644e+01
1.011560103395749e+01
6.246284668448514e+01
2.306889287339006e+01
1.697930619911259e+01
7.691555427243727e+00
8.365139704367677e+01
6.955082815585230e+01
7.097430530515234e-01
8.820838131392765e+01
5.592573329616604e+01
4.962210969516174e+01
9.025427004799911e+01
3.284652672374925e+01
8.521990402844730e+01
3.652842842812111e+01
7.745216799781292e+01
1.653153962294177e+00
6.439549991134344e+00
2.361045490187148e+01
5.398956088069340e+01
5.547195377548781e+01
1.045611855129531e+01
7.014577173169040e+01
2.997085849287494e+01
2.783778595171766e+01
6.463635687932202e+01
1.408863533944294e+01
1.998362858778966e+01
3.070787206790776e+01
8.478488348647248e+01
2.749375674291223e+00
3.002532428597348e+01
3.454388628459716e+01
3.839812848642381e+00
4.214067894133770e+01
6.616589998182184e+01
5.193510416519600e+01
5.736946177546376e+01
9.743175147913012e+00
5.832896351736456e+01
4.312258066754908e+01
8.846517148821856e+01
7.641648826022470e+01
5.564163190109731e+01
9.870026530637418e+01
4.701215282409086e+01
9.335630247060037e+01
2.854272989953995e+01
6.897729745552749e+01
5.041880018562954e+01
2.938366622169673e+01
6.772800193528086e+01
3.901717711194287e+01
2.769501755372389e+01
9.696949589856411e+01
7.941551836180293e+00
9.233137447961205e+01
3.368651365567302e+01
3.380678572403583e+01
9.009508061692821e+01
8.785248016372904e+01
7.869999868734739e+01
2.012040485633556e+01
8.215654505517172e+00
1.777129211359252e+01
6.583397768709528e+01
3.156314121166390e+01
5.484635525143070e+01
1.378906025262040e+01
9.464275403630117e+01
5.149879164597895e+01
4.053175390722777e+01
2.463488943159343e+01
4.883275495322084e+01
6.580702707441851e+01
1.949844575463722e+01
7.031373906429566e+01
6.799214764870337e+01
6.253749149038340e+01
8.822260726626152e+01
5.622573334547958e+01
8.825828954030681e+01
5.747946037793506e+01
9.825601298280806e+01
7.667654658512983e+01
3.762681490631160e+01
7.210960154054203e+01
5.617870658458151e+01
4.450969963544500e+01
5.112863269221440e+01
7.415717899527270e+01
5.262995043426284e+01
8.298185085085306e+01
7.573750898043509e+00
3.019944016365309e+01
2.354647173711400e+01
9.523201449552178e+01
5.661821228294550e+00
5.051450945926574e+00
2.643855364361711e+01
1.624915209424177e+01
5.155652321481915e+01
3.114504699182932e+01
5.794434578062238e+01
8.102811038541985e+00
9.471447239383798e+01
4.981072035143651e+01
5.452926892532467e+01
6.019328784206569e+01
5.666911874742672e+01
9.988385895261722e+01
8.306161224984639e+01
5.109645661483354e+01
5.736331928398614e+01
9.203416565062207e+01
1.775870971277296e+01
8.801726120897442e+01
5.159947217982238e+01
5.569164462186939e+01
3.629893252453717e+00
6.120775042157981e+01
3.999522805213706e+01
6.582187929461799e+01
4.445882809556035e+01
3.076189389953478e+01
8.208512816675247e+01
4.424374231334950e+01
9.380831708843276e+01
9.116384670658216e+01
4.462935512169700e+01
1.723190490958835e+00
2.024332388315505e+01
9.618587833651615e+01
4.953162374418770e+01
7.637156950140911e+01
4.288689328492009e+00
2.246120470690597e+01
7.691385879968939e+00
1.594994101484769e+01
3.573517712565846e+01
3.319866761248497e+01
1.583379996746490e+01
2.552869311791318e+01
4.740996814677955e+01
4.594151826852072e+01
1.301305043185737e+00
9.834721893926486e+01
1.872101799525368e+01
8.992571695238618e+01
7.747119906240665e+01
9.140990129271984e+01
6.360876954328677e+01
2.556579435503380e+01
3.423647523589268e+01
2.873703834076274e+01
3.423022764466248e+01
7.114260437485883e+01
6.706660546691464e+01
7.778667550430944e+01
9.747003484399525e+01
1.479647914636716e+01
6.582484383407274e+01
3.679283183850014e+01
9.860362526895648e+01
4.393143157657769e+01
6.609127356954444e+01
6.568832111809790e+01
6.393765521419126e+00
9.971712166430294e+01
6.701224654308159e+01
4.976683959819695e+01
3.664159115247502e+01
1.236535451019432e+01
7.529553271611013e+01
2.241666415818812e+01
6.399276017397305e+00
3.093530201862347e+01
2.254246492988545e+01
8.058733827461830e+01
7.233533490092276e+01
1.071255943305444e+01
9.435449451876547e+00
5.306332067263467e+01
7.861638971539978e+01
6.531157668927293e+01
1.052675550362410e+01
2.608377231568274e+01
6.259844641322197e+00
6.284350285438984e+01
8.168589048166103e+01
5.475199080759287e+01
9.636283330449966e+01
5.433759840872958e+01
8.480720971003510e+01
8.940304028308161e+00
3.028807157198343e+01
3.570456357472789e+01
6.357790933157220e+01
4.845173435679252e+01
4.374499197292374e+01
9.742859722926683e+01
7.802056925279115e+01
4.518892464469603e+01
5.788635497814341e+01
3.517704263104919e+01
8.384929424331024e+01
8.660230803610864e+01
7.506092450351497e+01
9.125114800001083e+01
1.161352354642634e+01
1.780688106911578e+01
1.398233897703809e+01
1.826855461963851e+01
6.559941054582569e+01
5.598220054804450e+01
8.820594287859552e+01
5.980625965623476e+01
2.713157610368523e+00
3.864736423764721e+01
7.209502401393605e+01
5.441361132749059e+01
1.055078846893776e+01
7.995701557023311e+01
5.112004934396597e+01
9.052212438104773e+01
2.201423902158357e+01
1.258702558120108e+01
1.419941667197245e+01
9.719024873207800e+01
1.809888617978379e+01
1.228820952227721e+01
9.461884591477869e+01
9.891531909765457e+01
5.774741790152500e+01
1.974562286387459e+01
8.345768525426168e+01
6.766356759130190e+01
1.679083188846280e+01
6.229985429081128e+01
2.470598887871298e+01
2.527637431643734e+01
7.522581465320000e+01
8.704845364533759e+01
9.008331675551986e+01
1.607582174058809e+01
2.555125636307116e+01
7.432950822372433e+01
4.594389286169032e+01
6.651411022362956e+01
3.012830588506921e+01
4.682632444744293e+01
2.096044329039773e+01
6.486083653981837e+01
5.434061105099535e+01
7.720017497297384e+01
1.829893026421728e+01
8.934414074260003e+01
9.259859257964351e+01
8.064090832166416e+01
9.191877385225091e+01
5.085518199524618e+01
1.721160049420390e+01
8.857170976166228e+01
5.268743352624002e+01
2.400643957034053e+01
8.896639146328270e+01
4.434071865134906e+01
4.705455854863606e+01
6.708037777202222e+01
1.484084446674252e+01
4.441772985477826e+01
9.982304228461490e+01
8.680418184343920e+01
5.023102930292070e+01
5.655623560610983e+01
2.204451133592264e+01
2.958181408680129e+00
2.855099222089676e+01
7.876208498085015e+01
8.501206607791225e+01
2.926717709250151e+01
2.498243419685515e+01
9.492627084018955e+01
7.034417422038698e+01
3.525336228090029e+01
4.226270324655935e+01
7.469442923306228e+01
3.913961967413296e+01
2.984441510860082e+01
8.787344744795629e+01
8.793391207602524e+01
3.570946391472102e+01
9.666563807831409e+01
9.390247901617664e+01
6.677985571640536e+01
8.612895160267546e+01
4.624913462728688e+01
8.682864959669703e+01
6.053426445486688e+00
6.509757240540235e+01
4.913609644823526e+01
3.697741056651688e+01
2.729665251788527e+01
8.271540807686533e+01
4.640483541712391e+01
2.147685024956095e+01
8.530756220468672e+01
9.993558339771609e+01
2.161357049905396e+01
8.508835746212320e+01
5.053607423349101e+00
1.337664365460008e+01
4.131724719950801e+01
8.645851178395493e+01
8.267932091033055e+01
4.303446977540593e+01
7.979169421819583e+01
5.953763726145851e+01
2.123115459514370e+01
5.338835620944777e+01
5.540112753184565e+01
3.044851484263712e+01
7.439669495187546e+01
4.618316010859942e+01
3.299714812682809e+01
1.930392473903667e+01
2.942856602809791e+01
4.766963005423063e+00
2.663331372972266e+01
5.836060245445026e+01
9.585098498307680e+01
6.670463837995409e+01
6.808062171008467e+01
8.766204332358299e+01
6.841836346705368e+01
5.323559411486406e+01
6.447139436587290e+01
4.889118543308749e+01
5.663431503653261e+01
4.529348846771451e+01
4.871817708421414e+01
4.509038545428328e+01
3.263262344181194e+01
8.619938371060387e+01
5.670753766629265e+01
6.411629527067592e+01
5.612019792018468e+01
2.904529898848631e+01
5.743030768699493e+01
6.877944486624536e+01
5.762738737167203e+00
3.343471481159083e+01
9.155310252288035e+01
8.488708086539390e+00
2.241032320186977e+01
3.603745216319219e+01
7.566495015084043e+01
3.926393377560374e+01
2.342067953358436e+01
3.173295535693548e+01
6.289901545406273e+01
4.213586474868276e+01
5.688343544345508e+01
3.978111317371070e-01
2.460243134973684e+01
6.737119484104738e+01
9.050911073130979e+01
9.086498529224889e+00
4.147753303008039e+01
5.661922793677972e+01
4.713228687044806e+01
4.545308046296848e+01
5.591892937939564e+01
7.934266374415843e+01
4.131233642870203e+01
8.496439428299870e+01
6.929058263510959e+01
7.680629942417438e+01
9.380155340479759e+01
6.717189339323522e+01
4.522044623513727e+01
2.970655738828078e+01
6.066081582599357e-01
5.128147050332347e+01
8.136203963372951e+01
2.880270617492623e+01
8.031460050508129e+01
1.678821394070434e+01
4.719836895689292e+01
2.967668088603610e+01
4.852116934420596e+01
9.172155749598591e+01
9.983839676707909e+01
5.404604741094916e+00
9.211936862772301e+01
2.444082811681593e+01
3.622938982966793e+01
3.719390786122247e+01
2.455185438718268e+01
9.557318510281536e+01
1.344390400380078e+00
9.243181314898273e+01
5.556127967106238e+01
6.703065976827902e+01
2.754798877404443e+01
4.489485395368880e+01
9.689202285226995e+01
1.298463247389748e+01
1.558075981008856e+01
9.068687869733520e+00
8.015652591369884e+01
1.329984442018897e+01
3.537182925984814e+01
8.076313407195877e+01
8.841400406715181e+01
6.798356215841302e+01
1.581297582751744e+01
4.904672924850450e+01
3.426485431113506e+01
9.586570965864961e+01
2.046286217889882e+01
5.997292998245588e+01
2.144075381636655e+01
1.671181927281982e+01
8.819062839643593e+01
1.356012239752343e+01
3.747225335681450e+01
6.901887625875830e+01
8.587246788007788e+01
4.968333549317128e+01
1.636317945847436e+01
9.279998154044151e+01
3.380151187712397e+01
9.015213176149508e+01
8.993397457056398e+01
1.388962539559678e+01
8.882952699848894e+01
1.068963674394863e+01
5.711634874209592e+01
7.074328072869372e+01
1.263890108682164e+01
1.479588309991913e+01
1.827012864792260e+01
9.124821791949134e+01
9.829990388746369e+01
6.211020227619922e+01
2.891992900004607e+01
5.596610831840248e+01
7.688044257316758e+01
3.430773487049515e+01
2.959029680564548e+01
9.228010498559107e+01
2.577573611669975e+01
6.633859875907126e+01
4.145575102486450e+01
1.396636451313568e+01
3.239442828688512e+01
3.167976328715671e+01
8.298524077189398e+01
7.025717239373232e+01
6.455015198539485e+01
8.506919754905124e+01
7.852317489614859e+01
7.856065373800726e+01
8.255169465325386e+01
8.251343131182409e+01
4.526471753849868e+01
1.969051818348957e+01
9.320306805577272e+01
1.017182316173418e+01
7.693459972596476e+01
4.704818457693243e+00
6.418816748270214e-01
9.369267620783891e+00
5.386308941704365e+01
4.496941461459241e+01
4.639641803055835e+01
3.527610308270720e+01
6.245570344033451e+01
5.502909089207141e+01
3.276597733272518e+01
2.448418085672156e+01
7.416237684626243e+01
5.854171349599105e+01
1.234743255765523e+01
2.700889842911107e+01
5.270865282635607e+01
9.077902724537022e+01
1.717927442732233e+01
9.118424481301766e+01
9.738761684735661e+01
3.590690495255725e+01
1.666914141581820e+01
7.388381337462170e+00
6.487072881537989e+01
6.368835948579402e+01
7.996613796798798e+01
6.764563874697575e+01
5.105618091814973e+01
8.982446267727039e+01
2.237686222529824e+01
4.826623590116679e+01
2.136282819386703e+01
3.030797747443802e+01
5.859763811277116e+01
2.414234775311423e+00
7.448498181741917e+01
7.184473577507062e+01
1.603028272093752e-01
9.958480154144802e+01
4.487665088143044e+01
2.495647697940305e+01
6.922132241037737e+01
2.286815635062203e+01
7.175683871459069e+01
6.547336618670884e+01
7.935717109560835e+01
5.049275222723035e+01
6.365117703734487e+01
7.056835669584962e+01
6.505744772267408e+01
7.949995672306976e+01
5.713850956276922e+01
4.130280378335286e+01
1.451181006362280e+01
2.200923833158297e+01
5.665415895946984e+01
1.691749064108240e+01
6.914176986047150e+01
5.575694216217704e+01
9.132160809418262e-01
4.577022932738542e+01
8.124543967714787e+01
4.686229431389938e+01
6.971696977024757e+01
3.984307774335289e+01
6.018659153961884e+01
3.087795899756158e+01
6.136015088360763e+01
6.444469274228656e+01
5.682731273436328e+01
9.313010754675145e+01
7.463316241029332e+01
7.673573921282578e+01
1.345036794126517e+01
9.136637667723298e+01
9.756139437554468e+01
8.572413599385142e+01
4.185912890446332e+01
1.271784706633438e+01
4.027504052048318e+01
4.212873510184173e+01
9.668370121935554e+01
9.741355008325239e+01
8.170801949766839e+01
7.062690191465751e+01
1.942278836826924e+01
7.083049950694222e+01
5.303603497009540e+01
4.690522004240435e+00
2.262804239179382e+00
1.513165049959517e+00
2.481805250272996e+01
2.506119898756091e+01
7.135312337025680e+01
9.453502231954364e+01
6.902165634977709e+01
4.759129041228038e+01
5.724008966108788e+01
3.617660945103346e+01
4.383042130797655e+01
6.736780911095805e+01
6.417074253045523e+01
8.727347673255646e+01
3.732818809213498e+01
6.191204160540925e+01
3.790245919390696e+01
5.082845923063739e+01
9.252208345221452e+01
6.563112803997059e+01
6.742558584894314e+01
9.017433705282134e+01
3.966338315031649e+01
3.065327900957934e+01
9.519387972317350e-01
8.500425596023177e+01
9.808231205590177e+01
4.963346237765321e+01
8.985120583784358e+01
1.816938026722957e+01
5.805552883914464e+01
4.297453744475475e+01
9.945505103070990e+01
3.990198100912477e+01
1.971690930412938e+01
2.198528620506883e+01
5.315412923374871e+01
8.590143233812481e+01
8.467331150764288e+01
7.739196851728110e+01
6.833737998657738e+00
4.586981136625158e+01
8.010440928866360e+01
1.875044066400753e+01
7.827543382452589e+01
1.743259733423246e+01
8.306394395561141e+01
5.394121103637908e+01
7.930649499376607e+01
5.358903717882421e+00
6.269916289611680e+01
6.855603250142002e+01
5.547802101610137e+01
8.193324654453119e+01
9.920931151099937e+01
5.642995981333310e+01
6.302665074496839e+01
7.602093698271593e+00
9.788424628688220e+01
2.054338032405050e+01
2.577147401206730e+01
7.781202843310872e+01
1.468976415446483e+01
3.049728573788763e+01
2.122425177191582e+01
6.106332077694280e+01
7.352292899672078e+01
9.992572502229629e+01
2.282653810588016e+01
1.772456379501362e+01
7.590841151583400e+01
7.281571392566697e+01
9.293054202242314e+01
3.038559766969905e+01
8.851792383404351e+01
6.558969903997597e+01
9.399683624226452e+01
4.220173984868534e+01
8.601394951623583e+00
6.038512618298881e+00
9.918286628051794e+01
6.943355806611179e+01
7.227859430586854e+01
7.227581188654332e+01
2.871792988326304e+01
2.157585985100635e+01
3.964547996392729e+01
3.610915398975329e+01
5.924574735539302e+01
9.734830595429442e+01
2.159209755323459e+01
7.760297128819069e+01
1.583841201655493e+01
3.628186175426555e+01
9.274909435433759e+01
9.638563892635780e+01
3.271287429738458e+01
7.524731674941597e+01
6.253573278083267e+01
1.547142691699389e+01
2.016362776987424e+01
3.985342622727781e+01
6.994564736725094e+01
8.590242256685274e+01
7.596911614573054e+01
4.101447902667079e+01
1.221043444807196e+01
9.882546523531221e+01
5.727873666085244e+01
6.472903395291839e+01
6.012130158959017e+00
5.646160289480425e+01
3.416259201903017e+01
6.858900127401063e+01
9.749434920842496e+01
3.020084990663494e+01
5.789708190499670e+01
4.995837446765898e+01
2.934632498274852e+01
3.174962239887082e+01
2.769708271496793e+01
4.424936219316412e+01
4.882986589746078e+01
7.827738708736254e+01
4.222319556503705e+01
2.672921308629644e+00
8.206246471128541e+00
9.268505582245302e+01
4.661393591510781e+01
4.383597818381897e+01
1.146366876152515e+01
8.377429208893994e+01
1.059540543267289e+01
4.882382613086320e+01
8.877992946132083e+01
8.154070069153826e+01
2.094539344354784e+01
2.761665816773505e+01
8.036616588028434e+01
9.587808041641399e+01
2.478755611217933e+01
1.918077744505404e+01
6.857234675836393e+01
1.162443291937207e+01
3.609730579708577e+01
4.968350909169927e+01
9.948329585580309e+01
7.121147819385467e+01
8.318866220451363e+01
1.402940257174401e+01
4.741168117495798e-01
4.880169823244293e+01
3.540576642165229e+01
1.991643804121597e+00
2.707908527323933e+01
3.406308108664261e+01
3.648500956431264e+01
6.674897403770544e+01
1.651550336578651e+01
2.621831937051300e+01
3.749095324310053e+01
5.654264923955438e+01
4.340095759527802e+01
5.504684949063083e+01
5.691968116765827e+01
1.279466227292766e+01
3.460316310385389e+01
4.290856739641566e+01
5.162414221634349e+01
9.993225201029901e+00
7.745356684432065e+01
4.780053582405697e+00
1.375304535671745e+01
7.524420003185244e+01
3.800926643331035e+01
9.913073130842798e+01
3.681797168069424e+01
8.045349571874993e+01
2.336619981721332e+00
9.764973544406227e+01
5.558368137831972e+01
5.354925480370841e+00
8.270762068345566e+01
2.307456947074950e+01
8.182579133744620e+01
3.161257674527009e+01
8.526850141830207e+01
6.816602776207310e+01
2.227360551351384e+01
2.837321475538109e+01
9.438434713258610e+01
3.806270651429086e+01
8.491586399493546e+01
4.611612323025061e+01
6.658301598698972e+00
4.582335606488556e+01
4.540954252956879e-01
6.872282939437908e+01
5.108037397781404e+01
7.889350060322019e+01
5.757411842121469e+01
8.892868402829798e+01
9.002410266083857e+01
7.576018202852465e+01
5.836685158236271e+01
