1.735576513100218e+01
7.544337998863467e+01
5.648289907559887e+01
3.291213239213086e+01
9.143612137596874e+01
9.679405214115701e+01
7.776229739084947e+01
9.492942425186254e+01
5.270583958025362e+01
3.605197651127911e+01
4.857838016402832e+00
6.481096854657446e+01
4.295151780496887e+01
8.629766064057949e+01
4.819289960348648e+01
1.688901587244543e+01
5.525145025702727e+01
7.658991626305036e+01
1.415281021695249e+01
5.506481325955355e+01
2.635429344435888e+01
1.194427256097285e+01
6.216241114873551e+01
2.983771359074754e+01
6.316849261669838e+01
4.974063991091244e+01
3.746037550152297e+01
8.202605414298645e+01
3.503846546403992e+01
5.893837169694638e+01
8.475919951906390e+01
6.311131513822419e+01
3.438175163901492e+01
4.124209854809665e+01
1.881247322019770e+01
2.581787296841753e+01
3.803615064268753e+01
3.382640431347601e+01
3.246195513404066e+01
9.074199022294115e+01
6.129113913573844e+01
3.731979315044349e+01
8.035129121521082e+01
4.339928424144131e+01
7.898462297347589e+01
6.661155729862467e+01
8.788723931083793e+01
3.423607318393703e+01
3.085152522234783e+01
2.040049481224292e+00
8.930088649005671e+01
8.269334490536401e+01
5.314969879256082e+00
8.948000631736591e+01
4.856247438516584e+01
8.395243919638565e+01
5.487920537352525e+01
8.602284988668880e+01
6.597849333937211e+01
8.991767083756517e+01
4.496122158363519e+01
3.540170925455248e+01
7.581801171219816e+01
7.934297322265010e+01
3.878066164384627e+01
9.463048493239586e+01
5.160846191067643e+00
4.946333870732381e+00
9.061844814131895e+01
5.612312660372031e+01
7.554260821805457e+01
1.133868787965676e+01
2.955215514151014e+01
8.721397658214623e+01
5.473797212109807e+01
5.316960888596699e+01
1.575816735427741e+01
4.262521138536987e+01
4.780857597841349e+01
4.090859770817151e+01
4.466526091316029e+01
3.710946242190406e+01
2.930303743542314e+01
3.443958881983514e+01
4.224802788451687e+01
4.183409588496857e+01
5.992202342484241e+01
9.712723325804212e+01
4.504968889292781e+01
8.145578628473720e+00
8.704490404904118e+01
9.001091047656298e+01
6.130222601876698e+01
6.286291571467319e+01
9.768318352181613e+01
6.043241478522886e+01
5.749340064706905e+01
5.745359037884212e+01
4.523303273377616e+01
9.042152440660704e+00
4.968595236990878e+01
2.077564090526460e+01
6.095173971771809e+01
6.522573631500161e+01
9.910588338929503e+01
8.528658798210630e+00
7.879823910947808e+01
4.957833199276511e+01
5.115387018358049e+01
2.660681508789156e+01
6.147374327363156e+01
6.504251522246865e+01
6.371627750979562e+01
9.512943220098010e-01
4.101209945092541e+01
5.964305347746381e+00
5.997813337481494e+01
1.764112925978430e+01
3.091538559222379e+00
5.027822221176616e+00
2.683463959341619e+01
4.599024590383761e+00
9.503873274430573e+01
3.945465532106098e+01
6.623068515501483e+01
6.880982558653216e+01
8.821975322823029e+01
1.049275892343966e+01
2.626341591880816e+01
9.324897471500978e+01
9.369654198814953e+01
6.954520268810224e+01
5.140881475592442e+00
5.464828165930150e+01
5.518747580013586e+01
1.776695154503312e+01
7.175226554821816e+01
8.759519219752178e+01
6.734528358436435e+01
6.614016637492001e+01
3.463133719499751e+01
8.058455888209146e+01
6.223710447653993e+01
2.361350610089186e+01
5.878350756074465e+01
7.219478100174796e+01
9.856576011449366e+00
1.876164088899346e+01
1.013695360633403e+01
1.294811461723787e+01
2.378946315673621e+01
9.996354347093195e+01
9.231603061422521e+01
1.882819585447581e+01
8.810040903654900e+01
5.854671576924003e+01
8.322081225142853e+01
7.526538692194288e+01
4.320110527016273e+01
6.585343422640740e+01
6.956913688665681e+01
1.952143219277329e+01
4.180280251512434e+01
8.628123350733948e+01
9.154592891761378e+01
2.644430009016968e+01
4.048185005806473e+00
4.152097978699998e+01
8.458547046621585e+01
9.806759883559663e+01
7.938953166799132e+00
8.018947135665894e+01
2.922568182890568e+01
7.017605764333906e+01
8.408174202036194e+01
8.800918938965033e+01
6.267188198988879e+01
9.393831807837743e+01
6.770830278643794e+00
7.280883559622282e+01
6.886432649049177e+00
3.056029343538000e+01
5.908270555505655e+00
9.970989874550602e+00
2.441945663859111e+01
8.411081390646790e+01
2.543177116915201e+01
6.400947494619035e+01
7.032884176370167e+01
3.263157989486660e+01
5.473745994024791e+01
7.976169054385353e+01
5.215301213420602e+01
7.166571164115598e+01
1.460799696604162e+01
7.840988872498734e+01
7.285512116404954e+01
9.356478019317834e+01
1.993086851198732e+01
5.324146037606591e+01
4.148457760060420e+01
2.786982167878645e+01
9.305807067689396e+01
7.028453660676468e+01
5.043404998743629e+01
7.713981269725589e+01
2.029803377590051e+01
8.324987333419261e+01
7.107813072906720e+01
6.549027909780399e+01
8.919460046533244e+01
7.796456337811638e+01
9.605057253318400e+01
4.225909385935361e+01
8.793555325266698e+01
5.234246763975474e+01
2.636990776582151e+01
6.902645205567892e+01
7.804836327119189e+01
5.944039237659443e+01
3.765932849499365e+01
3.278582316487368e+01
6.550779909151969e+01
3.877505065816224e+01
7.919664419218742e+01
1.394636789986229e+01
1.718493933658345e+01
5.205176530967083e+01
1.641832106579948e+00
3.711580784857078e+01
3.977801354591642e+01
9.914352707524948e+01
9.045395925196537e+01
1.223628153662955e+01
1.383666913669401e+01
6.303150880291663e+01
2.752486328944790e+01
8.972609745791466e+01
2.413788252702816e+01
2.966546385067769e+01
6.400984449498813e+01
5.727586683690355e+01
8.416094201810702e+01
3.409696949370996e+01
9.953496074282330e+01
7.209649522420787e+01
4.427532308934038e+01
2.590486846207868e+01
2.608695380673136e+01
5.758439449480940e+01
1.165097700974484e+01
5.665555068135986e+01
9.037021765968308e+01
7.715877610126454e+01
9.984540282741440e+01
6.956686180530436e+01
7.027203583636881e+01
4.011170744901137e+01
2.161862711497519e+01
7.778318392940945e+01
5.784790174004058e+00
8.653899174488102e+01
5.347774101117520e+01
3.120661826394807e+01
6.327352885309305e+01
6.731441014786922e+01
7.209462750334974e+01
9.079839214254096e+01
3.987052805715731e+01
5.755119857264273e+01
8.583205360259491e+01
9.071645331136717e-02
1.482706536298016e+01
6.999299557413579e+01
9.202357194946313e+01
1.436202605923732e+01
7.680871541463245e+01
3.629889503880352e+01
4.026689452131600e+01
9.580493764756477e+01
9.692616071408902e+01
5.191787153106083e+01
8.088543693576261e+01
3.768277961652856e+00
2.907664763232537e+01
3.236947992461243e+01
9.071399601675290e+00
9.913225215819304e+01
9.241759855878428e+01
3.069002671665048e+01
7.691543604103636e+01
3.317025757076696e+01
1.722901846153150e+01
5.384214699912916e+01
7.759367217197719e+01
6.174644546664621e+01
6.892962919963972e+01
3.647150329149864e+01
4.485936055186175e+01
8.800157210230902e+00
3.270401327531040e+01
6.532321654508040e+01
3.636851005087072e+01
4.226900620491663e+01
9.720716960598116e+01
2.839208200033385e+01
6.026935314772155e+01
6.897087719709188e+01
9.028090252088425e+01
3.840278519243132e+01
7.473104869701483e+00
6.161713770666027e+01
9.032065677005828e+01
8.835854185203023e+01
7.891976054707531e+01
7.721136947032593e+01
2.072802173007653e+01
8.799116014875061e+01
5.718345113898788e+01
2.176648398012225e+01
3.362656656355903e+01
5.325905762298920e+01
9.513005027320705e+01
2.441400621291902e+01
7.101204575552235e+00
6.183408576149218e+00
7.847497466880594e+01
7.298126121656097e+00
9.597842935285458e+01
3.903877117626312e+01
4.357591971921544e+01
2.868244258159886e+01
6.625294520810850e+01
7.138301686913847e+01
7.029967306661405e+01
6.346011476752354e+01
8.336511770420014e+00
6.843556373772937e+01
4.979059065216714e+01
7.302748880955740e+01
6.838348930160677e+00
1.456640540369153e+01
9.981011878690222e+01
9.715900570021896e+01
3.180270848414056e+01
3.004209139851951e-02
3.259992912998420e+01
1.931644348395823e+01
9.390641636862719e+01
7.373976114845824e+01
4.108292746408048e+01
8.540222630156308e+01
6.220260828836010e+01
5.843474551031122e+01
2.131243158192953e+01
8.599683860596123e+01
1.794167152510103e+01
3.042196376734504e+01
7.660193903213457e+01
1.392010083138947e+01
5.800785355177143e+01
4.652855063161280e+01
7.996089015154210e+01
2.426079871331379e+01
1.222884748700487e-01
5.026056321815614e+01
8.772091348083732e+01
8.802556110919713e+01
1.869612690931937e+01
7.302415486100323e+01
4.842045719196110e+01
2.553447583948005e+01
7.075684148387836e-01
4.823057593229719e+01
7.200760351121779e+00
1.939326874883532e+01
1.616095761589751e+01
3.924979150260323e+01
2.073817133006555e+01
1.006737393795856e+01
1.298955265106147e+01
8.404286666030197e+01
3.760035687014477e+01
9.205024302566900e+01
4.247761212404706e+01
8.954734601525001e+01
7.804708158506411e+01
5.224097382847265e+00
1.996930978259505e+01
3.990969757545260e+01
7.433938452710369e+01
7.372560877060779e+01
8.643824825363153e+01
1.694192794009201e+01
1.613945947780249e+01
7.715274755710398e+01
2.888063240278542e+01
3.937302368663858e+01
9.237537681701377e+01
4.757675935867092e+01
7.983248898751684e+01
4.079583396240875e+01
2.708291491823407e+01
8.054005740235563e+01
8.902640994127206e+01
9.580471673784997e+01
1.938100751460577e+01
1.598686511441454e+01
3.505450819388707e+01
4.011917889123745e+01
9.457083889030425e+00
2.282860494350484e+01
5.814384238708013e+01
8.875208063458655e+01
3.377545342490797e+01
6.663965762902035e+01
8.914823308081749e+01
1.402611472365731e+01
9.273596475493906e+01
5.657409655702026e+01
7.087871505454123e+01
1.398325805272127e+00
8.588655618293515e+01
4.448933119163352e+01
1.834025374536414e+01
4.643916475886440e+01
2.506192155418076e+01
4.883617388495997e+01
7.687524365115689e+01
1.067346935657480e+01
2.410688811173052e+01
5.670773259210760e+01
7.777130621381630e+01
1.958383997882895e+01
3.724778994789710e+01
7.103676757357864e+01
1.538855667011279e+01
1.757811327352101e+01
8.702363268799319e+01
5.955784314291451e+01
1.553231878929414e+01
6.984685234252682e+01
9.848712575551454e+01
8.185933766973173e+01
1.690429305513589e+01
1.616190146476119e+01
6.118802850189993e+01
5.350907982956109e+01
5.672281494211536e+01
5.392399321027285e+01
8.310577388997459e+01
1.477389792668349e+01
4.531913704486524e+01
6.899233002634362e+01
5.926322911831701e+01
9.529651612755681e+01
8.682204642650767e+01
7.403782684078340e+01
1.423019548609396e+01
7.263423487201065e+01
8.471129619735819e+01
6.823957807768116e+01
7.084360181858931e+01
3.132725736653770e+01
8.028664029216704e+01
6.904070753093842e+01
2.364024940116343e+00
9.567519696227983e+01
8.661882080445943e+01
8.938765762810952e+01
6.446070254988069e+01
4.431611292265175e+01
5.371928161649000e+01
4.684715058973392e+01
3.363585673907578e+01
7.062357467162589e+01
8.318681706822795e+01
7.467444584456945e+01
4.611602902697214e+01
9.319706828947973e+01
5.023238237492386e+01
3.421583084120221e+01
9.426379953243946e+01
2.718864471055038e+01
7.459871250884548e+01
4.323970477247597e+01
9.401365513634573e+00
6.142075893535313e+01
2.204913502654486e+01
2.363156099972853e+01
8.811492281412470e+01
1.988827764051420e+00
8.433436131306661e+01
7.821067212066178e+01
2.693292080747565e+00
6.462100155866752e+01
7.393930306375925e+01
5.057317020863908e+00
6.029619847438121e+01
4.998158824163563e+01
7.182652026965587e+01
6.414460254094778e+00
9.941283804337161e+00
8.052462468879513e+01
7.049752239626716e+01
4.357714058997908e+01
9.616937655777176e+01
3.420666476441858e+01
5.724133134691107e+00
9.816437666218931e+01
2.670364269367589e+01
5.595651550961496e+01
5.451786185359483e+01
2.879982661865644e+01
8.121591968518493e+01
2.560031233616188e+01
6.420714695202520e+01
5.630320965140275e+00
9.053733329779344e+01
8.148467856528455e+01
7.224817172263198e+01
6.844214115684952e+01
8.347350632933598e+01
7.105600464672595e+00
4.665281323094518e+01
4.794493641142964e+01
6.139241031435895e+01
3.430225562038936e+00
3.589902740712233e+01
2.350040749809724e+01
2.188612847676786e+00
3.835733916533987e+01
2.991486775219202e+01
1.212989665201395e+01
3.327134951635792e+01
1.472997368067968e+01
5.570703724199302e+01
7.093031148935218e+01
4.823654813144195e+01
9.410806307294781e+01
6.909468810497536e+01
8.925767703412923e+01
6.159292215555576e+01
4.260618846984868e+00
1.805750365278567e+01
4.473808232915498e+01
2.208117992714102e+01
6.011478000325840e+01
5.309017209945720e+01
2.391452646065249e+01
4.159945852197681e+01
6.733901829800523e+01
4.850685347267746e+01
6.176156530238761e+01
2.972217543503371e+01
7.799777601752326e+01
7.301790121617630e+01
9.111458574939267e+01
8.142800162612834e+01
4.452897731425659e+01
1.169666527383806e+01
4.541635100981982e+01
1.664247625351067e+01
5.592911665138281e+01
1.427893718438174e+01
1.768280287165325e+00
6.347642562514005e+01
1.419121069563144e+01
7.269859177651750e+01
7.861780588450739e+01
1.982761734157224e+01
2.909730879082219e+01
6.787548291863664e+01
1.510095429378606e+01
3.827414742590587e+01
8.974346233985548e+01
7.757384124098991e+01
6.035532739961302e+01
4.673707580507597e+01
3.066401334044711e+01
6.276372566947887e+01
9.145770081852456e+01
9.800303163845233e+01
3.915650082712830e+01
1.653066557670509e+01
6.392525740150607e+01
1.715427679808544e+01
3.471506379298636e+01
1.998036118223349e+01
2.082799501755647e+01
9.846549541617999e+01
4.567853456627509e+01
4.399862943403360e+01
6.213035758683940e+01
8.760614310745436e+01
7.675587193889352e+01
6.389863787400473e+01
5.826523343951685e+01
7.246877736061289e+01
3.659722960395609e+01
7.716087190302130e+01
9.229639470218513e+01
7.347365793468136e+01
3.818995898505205e+01
7.371693419931313e+01
1.666465686478869e+01
6.074016348493293e+01
9.987555597903000e+01
7.701998426440171e+01
1.059840578148067e+01
7.367459189783530e+01
3.978370988731445e+01
2.056106553439101e+00
7.167762353628763e+01
7.339797498350869e+01
7.729535809592127e+01
3.560288089122757e+01
2.052713139938523e+01
8.135338969591697e+00
2.439231766592354e+01
1.910940977703287e+01
9.125446299615059e+01
5.606934412199508e+01
3.807057283728876e+01
5.338482053642386e+01
2.553352295678739e+00
1.482644477618227e+01
1.728345836386245e+01
9.425002257071901e+01
9.385438319009467e+01
5.388068796781855e+01
7.910159252542145e+01
8.165402378963960e+01
3.227119740670137e+01
5.009829367049890e+01
4.709076110603789e+01
4.893585427149006e+01
2.687740313209472e+01
5.974326797749067e+01
2.595583848932564e+01
9.773742449364505e+01
3.614584898396668e+01
4.919525624681043e+01
2.349296949035161e+01
3.545355505098289e+01
5.256811080154409e+01
4.207974166706192e+01
7.105643594221046e+01
6.365311605094611e+01
3.024011148616676e+01
9.971100906827999e+01
9.220465202452831e+01
2.149457448231735e+01
9.656564830642456e+01
5.531269118902864e+01
7.487939501874121e+01
7.659746900973724e+01
7.669829701851043e+01
9.216285342916979e+01
7.084749153389012e+01
9.321196213979832e+01
9.636227693239333e+01
2.128344859056335e+01
5.670345800775264e+01
9.428873196909611e-01
7.138174226106226e+01
1.657116995964719e+01
1.235508337260926e+01
8.222019936992795e+01
1.205808655920349e+01
9.733398584524821e+01
3.657062260274339e+00
7.583401812046488e+01
1.894597984801325e+01
3.715606920288693e+00
1.128757312488164e+01
9.909735289360273e+01
2.194529651754782e+01
8.234400911365822e+01
7.219259504796592e+01
5.218540805028072e+01
8.205501813537209e+01
3.073332297184194e+01
7.626076898363453e+01
5.609913484943058e+01
1.970993821495675e+01
5.478548996838997e+01
3.269660381260170e+01
3.969432094120156e+01
4.072223088737681e+01
3.544095346491828e+00
6.696091539550615e+01
1.640309119429583e+01
8.102469597059520e+01
7.772268870739392e+00
6.508051099492261e+01
7.712253331072746e+01
4.023554331633986e+01
2.970106188659606e+01
4.216638418946712e+01
1.654998125347774e+01
4.553753544834328e+01
3.828369976872751e+01
2.901026812801616e+01
7.356428977733678e+01
8.663266482140527e+00
5.316258503737048e+01
2.256701845795243e+01
3.060856304625448e+01
1.125270273129116e+01
4.430363771706057e+01
8.279397109653520e+01
9.330772086666325e+01
7.503696068890251e+01
3.036912788188510e+01
4.940685566952771e+01
5.283756025733312e+01
8.515461785027507e+01
8.210345952869554e+01
9.253188124510081e+01
5.195432112177569e+00
8.564755487518737e+01
9.233057349563137e+01
3.252133421251612e+01
2.460364034613764e+01
1.599494680575791e+01
9.760184520743873e+01
1.726173610298975e+00
6.293944896335688e+01
6.864556375362238e+01
4.389255779976610e+01
4.726551335643302e+00
9.568061148546664e+01
4.884021740818406e+01
1.790739503591666e+00
9.995399992910866e+01
5.750348389032459e+01
5.495332454096214e+01
4.190654384061068e+01
8.811204693657906e+01
4.837221295962679e+01
8.676078151294998e+01
7.090601798654814e+01
2.254370889744894e+01
9.601226616465127e+01
2.737997152254915e+01
5.223644760075792e+00
2.497368903130931e+01
4.861202698601970e+00
8.732710428877132e+01
8.723105824889200e+01
7.816886458460655e+01
7.187299401120887e+01
4.267392058049977e+01
1.069019875055654e+01
8.168808030043174e+01
5.866886738625768e+01
8.292043911429142e+00
4.390960472817980e+01
1.489935746178932e+01
3.924522369133552e+01
4.319703082702916e+01
8.767982888393097e+01
3.369547772859013e+01
9.203724823521323e+01
8.947056838752263e+01
4.170736299907200e+00
4.954073212553782e+01
8.714969329868894e+01
5.617049599819374e+01
3.765277901555075e+01
9.279610588811157e+01
3.283806160690173e+01
8.558797002098895e+00
5.475550613121852e+00
6.485676884877346e+01
3.593876852464805e+01
1.069919537319764e+01
5.955594585256462e+01
2.558956450111678e+01
3.245587904586264e+01
4.678700405489048e+01
3.564619931189632e+01
7.100095873279541e+01
4.684128446823046e+01
6.730135747571539e+01
8.601695335750327e+01
5.335882075753008e+00
3.790101741342853e+01
6.788373117702255e+01
1.415498662467813e+01
6.372817147696771e+01
1.108076195748558e+01
8.089338107076165e+00
1.207207618843395e+01
3.118010192698804e+00
6.359397031534182e+01
3.107312677012436e+01
5.265874231823662e+01
5.074366356746465e+01
8.724362281488423e+01
9.031152133378737e+01
3.477990521806288e+01
9.515815428232688e+01
3.573527156176757e+01
5.877975703160267e+00
2.400848200731375e+01
5.646363331771624e+01
1.657717107635791e+01
7.783249881017605e+01
8.205319781883304e+01
7.194887444933359e+01
8.199986269790674e+01
4.968209366764971e+01
7.627774750640512e+01
2.884114711957106e+01
6.893228044218025e+00
5.418368752774955e+01
3.435129892749307e+01
2.290177197330714e+01
9.222125890302530e+01
5.476080824377053e+01
3.612457785574932e+01
6.290558365308939e+01
6.285014635084669e+01
1.212008921993901e+01
3.626619080839036e+01
6.041005284544548e+01
2.836290170828016e+01
8.892493312662697e+01
2.423865069832590e+00
9.068299438370531e+01
6.722220641897164e+01
3.717375739345968e+01
6.210375142381701e+01
7.810677274973446e+01
8.729347735051694e+01
9.849630626779810e+00
5.942111125188931e+01
2.528143693938918e+01
8.768212948352198e+01
1.607701755877445e+01
9.873534715675532e+01
5.328927810922697e+01
5.917370620145169e+01
7.501309461659430e+01
9.852313930099976e+01
4.417446076133030e+01
3.730779538737042e+01
3.287443818192670e+01
4.504874569598993e+01
1.740443148529363e+00
8.001888640225814e-01
8.117332355173926e+01
3.488862376422092e+01
5.048539277654393e+01
7.924433498608150e+01
7.115481461917740e+01
1.089544557542328e+01
7.934290439791182e+01
6.007974769923824e+01
1.328929775082008e+01
9.829023107806697e+01
1.645092853179710e+00
4.581677682968638e+01
8.413137969753303e+01
4.602570787352776e+00
5.452104269271765e+01
9.398101032431285e+01
6.402368203924209e+01
7.980247963210684e+01
2.361712000501208e+00
5.497991063398304e+00
6.327835226584148e+01
5.565099010972818e+01
1.217496316515606e+01
4.517672422583063e+01
4.983498819630360e+01
8.846157979614174e+00
2.484974871615402e+01
8.274270933249160e+01
2.987604813178817e+01
2.659019186468338e+01
7.037795575818883e+01
1.104937163696130e+01
6.147881562890429e+01
2.086334848816663e+01
2.577092220344158e+01
3.263363020151557e+01
2.050281885103454e+01
5.113826554787265e+00
3.389999565384350e+01
4.504809181440999e+01
3.632170750588259e+01
3.202958001384027e+01
9.551114695868974e+01
1.231981875017277e+01
4.945255487666119e+01
3.326767936035417e+01
6.014426730579895e+01
4.171341333618081e+00
9.781068456257259e+01
6.250597930630016e+01
2.620724128848279e+01
6.108903678184796e+01
3.930910068531944e+01
7.434102970843252e+01
9.938048366428376e+01
8.917737183588434e+01
2.320950693600322e+01
7.497972588752384e+01
5.824154590174627e+01
5.308555506779140e+01
5.993765655902106e+01
4.229803683343253e+01
2.156214789560165e+00
2.141647218792535e+01
2.922752039936721e+01
2.444718620946965e+01
7.714806603134986e+01
4.973033925040175e+01
5.434539427717468e+01
4.676348029019473e+01
3.996827115303291e+01
8.253383337638054e+01
7.879306035060112e+01
3.547941806515652e+01
9.485365212655331e+01
2.824561518069618e+01
8.636485211847575e+01
1.154481107906663e+00
9.091215082021064e+01
2.999845665413815e+01
8.362496950832427e+01
3.424424581892986e+01
2.764681872336511e+01
2.842755058241428e+01
7.492251292565955e+01
1.817164431240952e+00
6.977389644355229e+01
5.810970056714010e+01
3.516462917214475e+01
2.801544229873244e+01
4.892151227636333e+01
9.510228573116581e+01
3.182304032697484e+01
1.937549375899857e+01
1.651875787252503e+01
6.534285799848980e+00
2.962287842744164e+00
3.693407337969825e+01
5.626462505025073e+01
9.816807424564290e+01
4.798213501832547e+01
6.948826982150239e+01
8.070190757545731e+01
9.612540090276181e+01
6.535229425195246e+01
9.029806926394724e+01
2.437101608345798e+01
3.409939167746315e+01
7.671004076335115e+01
3.240802056733892e+01
6.571736189802986e-01
6.582849070701212e+01
6.665226638626879e+01
1.704754075829291e+00
9.682396775894983e+01
4.773224156709958e+01
5.533129472999428e+01
6.659786415593599e+01
3.511467386740943e+01
5.733832295860086e+01
9.461330645466843e+01
8.403618614377277e+01
3.945337349523481e+01
7.192007185515020e+01
4.243671481611054e+01
9.923938089014933e+01
7.845435765499917e+01
8.625939478457877e+01
3.617345422328145e+01
3.471898270524991e+01
8.442746898365556e+01
3.820879214359857e+01
4.207252480186174e+00
2.736022264108072e+01
3.433419304636037e+01
1.332320855619535e+01
1.765829185846182e+01
6.004696910271745e+01
4.742260028022463e+01
1.739497688477625e+01
3.227521457349658e+01
8.300140406144848e+01
8.322346759178836e+01
5.084943214936621e+00
7.638376628811646e+01
7.747950883464864e+01
9.704421274226355e+01
8.822807669091415e+01
8.753921198078395e+01
3.215888660967298e+01
8.905338397671161e+01
8.215251843545236e+01
8.172034801995397e+01
6.070345782707606e+01
5.407259024403645e+01
1.328769778520227e+01
2.774613831552963e+01
3.252694789903562e+01
1.334261075283522e+01
3.188750070141977e+01
7.022691842644797e+01
9.484392660429884e+01
4.807518178041800e+01
1.819783273069087e+01
5.997330307027945e+01
2.680605623256697e+01
3.152104133345236e+01
6.582391917045410e-01
6.313569497463093e+01
4.229853085349246e+01
8.547335285016958e+01
1.912823986221489e+01
2.529993486837481e+01
1.276683621703034e+00
1.201442070864813e+01
3.407181754432238e+00
7.875619245635168e+01
9.058633404345546e+00
3.512224277254298e+01
6.809666495215923e+01
3.568949486859585e+01
2.514879406669587e+01
5.882310455610189e+01
5.741259276746428e+01
8.585225189377192e+01
5.429640140118841e+01
7.070029055266654e+01
9.686330100375380e+01
8.682334930022402e+01
8.404290130550177e+01
2.875080165860746e+01
5.114350330603472e+00
4.682728985642422e+01
9.242329676282746e+01
2.331218310786047e+01
3.416209804553636e+01
1.922935294882830e+01
9.320489545036335e+01
7.458832071842083e+00
6.082378284112727e+00
3.550342625728968e+01
7.603345246800848e+01
2.521061814632761e+01
6.080336117223062e+01
2.678873177002591e+01
4.942380127004525e+01
7.080945417788320e+01
1.615626617155795e+01
4.173525410785119e+01
9.932970600171467e+01
7.364158917853683e+01
6.214366404439493e+01
9.419241789457966e+01
3.246469368807259e+01
7.955350693294476e+01
8.004466974178547e+01
1.522324537635932e+01
2.112041256442685e+01
7.690797069897314e+01
5.011067732708094e+01
9.510855870093617e+01
9.643541653474580e-01
5.522502765768442e+01
1.993106567297646e+01
4.505866814640289e+00
5.516286359874665e+01
2.469304503160205e+01
1.261700387700321e+01
4.836775900254388e+01
3.419049067152221e+01
1.869938216111594e+01
8.387118525983355e+01
5.970253886641122e+01
9.485892248100552e+01
4.467454638549804e+01
8.649127063643712e+01
9.333380162405493e+01
1.548400051681511e+01
9.203619486281471e+01
1.978797079985401e+01
8.452762439126505e+01
6.567778399478541e+01
5.222357132109979e+01
7.872004223927857e+01
6.174597770988288e+01
6.148514173062758e+01
5.876471198106405e+01
1.336572305921732e+01
8.260555434162056e+01
4.779404054758793e+01
2.606487000643503e+01
5.570933015817280e+01
4.133145499105167e+01
1.870142799741655e+01
8.929410124630392e+01
4.583732180569196e+01
9.723863880952757e+01
1.398714627790598e+01
5.362076896877064e+01
3.060907392325302e+01
2.924029092734693e+01
7.346243172579558e+01
9.775637513853441e+01
9.626508396876281e+01
1.737243203323913e+01
8.778162486282253e+01
9.743767049975585e+01
5.021195698073691e+01
3.265625333071512e+00
9.050471912627329e+01
1.948275413340086e+01
8.779324972433655e+01
4.047033341623393e+01
7.170632545450066e+01
6.651329196361513e+01
3.861281109909192e+01
6.429526361836831e+01
1.551164119295387e+01
3.003905361054421e+01
5.651653532707902e+01
6.095068653158410e+01
5.610392361697924e+01
6.671301334477636e+01
2.282141476069643e+00
1.180919423317965e+01
5.600711459108029e+01
4.811946328176160e+01
3.139500125841936e+01
9.023831574723046e+01
1.740232203966115e+00
6.200407522823851e+01
2.680086084958206e+01
8.243560338506271e+01
2.502030009637601e+01
1.976143974799730e+01
5.223413750167663e+01
1.280192491263241e+01
5.822299330412550e+00
1.051426902902977e+01
3.323411570546875e+00
8.061484879842720e+01
4.100847348617784e+01
1.266716700637116e+01
2.550315602007469e+01
5.343431278757487e+01
7.037409193365559e+01
5.969799326718691e+01
2.734529377303333e+01
5.251264812076122e+01
1.167652737893002e+01
2.588029677322148e+01
1.581832986130301e+01
2.713146187697140e+01
9.259331011799785e+01
2.788240631478019e+01
6.128782437242932e+01
8.395395585519911e+01
8.209252840936767e+01
9.268282567741480e+01
1.859468548493212e+01
8.744619325150092e+00
7.591181997019417e+00
9.931323588793781e-01
7.350130340713137e+01
3.261148209339542e+01
2.405907717722425e+01
9.053648048571146e+01
9.991175918835764e+01
5.478978718388350e+01
8.382360785446298e+01
6.148095729829788e+01
1.049622525949787e+01
1.491142353737328e+01
1.590233771870953e+01
3.158140742759286e+01
7.826639408164955e+01
5.290334464651688e+01
9.304523295399045e+01
5.611687808116753e+00
3.136794494063032e+01
2.955928027143668e+00
8.947351690822910e+01
2.123432262858111e+01
3.008738990411506e+01
8.495064209445874e+01
4.685565105027317e+01
2.232481652047710e+01
6.951516725566013e+01
5.386003817145715e+01
8.405803995395920e+01
4.370743876495745e+01
6.260465749660724e+01
3.874494076648025e+01
6.997498952316819e+01
9.577626073536290e+01
8.820544103542596e+01
6.875964834762721e+01
6.908559951422997e+01
5.310405104099961e+01
6.235545368974817e+01
8.442605584134630e+01
5.633922175333799e+01
9.137250114761875e+00
9.933747937871958e+01
6.044156251495777e+01
4.071865754235473e+01
7.884076939841768e+00
9.615741167038559e+01
3.199805823713451e+01
6.161937050596782e+01
2.752535656444978e+01
3.495398626427818e+01
6.671844416610824e+01
1.549608382186670e+01
5.334800712454506e+01
5.166908621400087e+01
6.235173487213986e+01
7.567282364502215e+01
6.169266023751938e+00
1.621177299703088e+01
2.367560049690102e+01
3.736590521287448e+01
7.881643049363812e+01
7.921957116537708e+01
7.340894689476535e+00
7.972343092771406e+01
3.241186301801906e+01
1.490656114877507e+01
1.925802329520603e+01
1.093848376112919e+00
7.726201483852324e+01
5.559296764228166e+01
4.185513576579054e+01
7.111519923019931e+01
5.493044702100123e+01
5.663521618425623e+01
1.495692758586115e+01
6.281452396084299e+01
5.279262780807569e+01
2.084800313266367e+01
6.753557239078710e+01
8.031798441909159e+01
7.878590127396672e+01
3.894080223466307e+00
9.581406824095829e+01
4.382727744235996e+01
5.556316643746717e+01
2.250966421445350e+01
2.438678872975837e-01
4.078331940843879e+01
5.463086997840129e+01
4.071849828619440e+01
7.814922462131327e+01
5.319400655720104e+01
1.993806940500535e+01
5.905805298083371e+00
3.291743748491511e+01
5.431281661349946e+01
6.924272955825680e+01
7.845748019332881e+01
3.786584643547695e+01
3.122067862712809e+01
5.062471076409552e+01
5.160031861234471e+01
7.976978024457105e+01
1.460776390256722e+01
8.235534750034816e+00
1.416973458331532e+01
7.742228786341020e+01
6.102816260467664e+01
5.800164954643774e+01
1.459792392076828e+01
2.861773084319091e+00
7.044653662966869e+01
1.849200414423458e+01
2.445948888755380e+01
8.061482821619829e+01
7.405517062826789e+01
9.532601823812631e+01
6.255902571722820e+01
1.483848999014054e+01
6.970359430168924e+01
7.012728255713697e+01
2.067637635426427e+01
2.289760085889026e+01
4.151526374812949e+01
7.847783387567748e+01
5.581503834380537e+01
9.386519617115390e+01
9.582491125717057e+01
4.828399319587461e+01
6.668458034595687e+01
5.653320954019819e+01
9.890870395997014e+01
1.145202476133221e+01
3.630298978476925e+01
9.944193391103387e+01
5.269702200437757e+00
4.355120227837526e+01
5.891365653784651e+00
8.754859631301304e+01
4.660440857829731e+01
7.987636983388866e+01
4.119075212683098e+01
1.705094520796600e+01
7.248983372584443e+01
6.605495841524329e+01
1.895523076828347e+01
1.875185497047000e+01
1.261939416295820e+01
5.827634029941463e+01
3.359034496061054e+01
1.421941724336679e+01
2.840362280998548e+01
5.041007951386742e+01
2.484647344092209e+01
6.290638500959910e+01
7.699226121278119e+01
9.467298649003403e+01
9.664663695574116e+01
8.393040768985189e+01
6.969659769427804e+01
8.850262374081771e+01
4.046361718348395e+01
4.186568359931264e+01
8.161611621343350e+01
2.924422990961197e+01
2.345777061928891e+01
5.224350656021549e+00
7.796304536888518e+00
3.506452694305430e+01
4.355332969853344e+01
7.434828401280022e+01
2.707535290488757e+01
2.457988938529970e+01
1.268868656488540e+01
9.956518663073200e+01
5.039432283974919e+01
3.164391733316887e+01
1.995104272847578e+01
5.201582436078034e+01
3.145784420494821e+01
4.968474588807894e+01
7.723313429264032e+01
5.284896546641782e+01
9.482540194635530e-02
3.708256699008987e+01
3.921765756756890e+01
8.994204443411066e+01
9.675259417703030e+01
3.586429452331005e+01
4.990425899154705e+01
3.970957381637281e+01
6.102955525788924e+01
4.976702120609908e+01
8.157525746225159e+01
6.098420371347303e+01
9.110267622913358e+01
2.288287487946585e+01
6.620855436949458e+01
5.180668330369829e+01
7.008185804359701e+01
8.463332396216380e+01
5.329969392777406e+01
9.715721094848459e+01
9.450596589339244e+01
3.884365383481777e+01
3.160707318764509e+01
9.984806110144036e+01
9.192032515626416e+01
1.667344026112623e+01
5.186388546222071e+01
1.945415372934851e+00
1.463291119534192e+01
8.514713998192323e+01
7.121457432918929e+01
6.645301159771765e+01
8.722674766891950e+01
1.043223185019206e+01
8.946110670895368e+01
1.892662472972955e+01
4.307666283244112e+01
9.344435715742611e+01
2.368891561575649e+01
4.549203815194407e+01
7.766962800066435e+01
4.135267638664352e+01
2.630366605068727e+01
2.222262943267014e+01
7.066012391385628e+01
3.129897612673183e+01
6.767128499582003e+01
9.822890595450481e+01
4.106086019475985e+01
2.097097887702797e+01
6.067327999541223e+01
9.098381134261555e+00
3.902793388768468e+01
9.228035318305733e+01
8.946442189135794e+00
3.764265623765190e+01
8.781954650199951e+00
6.081032765135650e+01
1.146092042860618e+01
6.323808411287054e+01
7.352826035280165e+01
2.622286883472599e+01
4.159315239712277e+01
6.782145605786771e+01
3.665510073148418e+01
8.513325056300184e+01
8.674808078759726e+01
7.988169536920343e+01
1.555181174331895e+01
2.225108021975080e+01
2.844366521036423e+01
2.178898599082091e+01
6.360375660639431e+01
5.474733130761764e+01
6.199374392721511e+01
3.426388052025059e+01
8.037731134350287e+01
2.966502887646902e+01
6.929597890437394e+01
6.988434296561607e+01
5.063600775349699e+01
2.996925885322004e+01
5.700499753328273e+01
5.725314210041107e+01
8.755802353264673e+01
3.747211226144439e+01
6.676864715608239e+01
