7.553814913869750e-01
1.816200950097386e+01
9.813703745516811e+01
3.208560372334235e+01
8.561153900139571e-01
3.583750912725809e+01
3.921470038556247e+01
6.062891458190462e+01
8.300140406144848e+01
4.607226892657218e+01
9.712724047579209e+01
6.639007491357162e+01
6.803931471334738e+01
7.054075154966711e+01
7.510836090664769e+01
1.045036758782825e+01
3.648211100906232e+01
3.802778745909584e+01
6.243072783687652e+01
1.104122186593768e+01
3.750905810739336e+01
8.254083855195942e+00
6.072679909911324e+01
3.945945112009507e+00
3.252694789903562e+01
1.844974547552399e+01
7.902900668747212e+01
5.729766998314189e+01
9.529029330950711e+01
3.329202618137563e+01
2.602362475638447e+01
8.874244461243154e+01
2.370816037231505e+01
5.668999313222710e+01
4.735202782198415e+01
8.577781733394498e+01
2.758961074407660e+01
8.861344716912761e+01
5.424892467178820e+01
9.869219581535654e+01
4.885599801729247e+01
6.490044205677717e+01
6.550189213152132e+01
9.641376924534039e+01
8.341328198249139e+00
8.021067412579930e+00
2.570606084806196e+01
3.662921955652033e-01
4.537560019892435e+01
6.507069052433162e+01
1.140751410806902e+01
8.644291492479059e+01
3.918838512114640e+01
2.411293151048614e+01
2.746772511278639e+01
4.986632021603469e+01
6.707473018536099e+01
1.246542977749623e+01
3.897964667481354e+01
6.235027036739061e+01
1.158463908898860e+01
9.921648777053528e+01
3.416209804553636e+01
3.277580348438388e+00
3.052532907134170e+01
1.954596155301945e+01
5.379693873869113e+01
4.020364225851542e+01
9.500375636620622e+01
2.281337786596891e+01
9.224845412757642e+01
2.558732527568346e+01
6.848605911642596e+01
7.080945417788320e+01
1.645085444508626e+01
8.563894875610197e+00
1.508274391064548e+01
4.713766041544157e+01
1.184685389131627e+00
1.624951014120574e+01
8.653011600791017e+01
8.756376923414123e+01
4.989463768428873e+01
3.304135824229631e+01
2.477762374318094e+01
8.608564161047603e+01
6.887179625633722e+01
6.337220187455984e+01
9.855107143453839e+01
7.087108985095801e+01
4.731318887663688e+01
7.010988158644638e+01
5.543333881321985e+01
4.273035300091392e+01
9.959060889649699e+01
1.677877670935298e+01
5.607383668239873e+01
9.238990768435873e+01
8.387118525983355e+01
2.478636425211391e+01
2.735372480347461e+01
4.266849399668560e+01
6.972030115766465e+01
4.374720740306527e+01
5.490125043080246e+01
6.231291767317472e+01
6.927079719923009e+01
9.203358674050941e+01
6.037246406095683e+01
6.827385428746877e+01
8.641398739368374e+01
4.536319181572794e+01
8.435523942315729e+01
6.988867608359487e+01
5.049374920804694e+01
3.691660139566129e+01
9.497308875200017e+01
6.867552458712622e+00
7.183840399227962e+01
2.966861684325552e+01
5.570527066276654e+01
5.729729824573607e+00
2.197534051815762e+01
1.086813421494706e+01
7.895569628055938e+01
1.730235191867796e+01
5.013528016867828e+01
6.116614488939109e+01
1.956409351879921e+01
7.898407321375984e+01
7.006394437982884e+01
7.155318785065468e+01
8.778162486282253e+01
4.268426049625699e+01
7.117656952290636e+01
2.619879046743679e+01
3.284087019639130e+01
3.674798870307765e+01
8.779324972433655e+01
3.971837667735218e+01
5.535000863268507e+01
6.651329196361513e+01
9.532904959997583e+01
5.301818244765428e+01
6.145068340071042e+01
1.196576762570337e+01
6.669319675615671e+01
4.021865438680102e+01
6.942620969816400e+01
7.867309622404775e+01
4.337448447168548e+01
1.180919423317965e+01
1.077207965346616e+01
9.452462754888676e+01
1.878505852948178e+01
3.395573642754729e+01
3.800264123734210e+01
9.720771578010531e+00
3.015386873397691e-01
7.776229739084947e+01
6.529524534255977e+01
1.976143974799730e+01
4.266316138331926e+01
1.769412263189169e+00
5.449373296205594e+01
4.267276350533253e+01
2.796820273062596e+01
1.769629992437376e+01
6.607300265043648e+01
5.897436060894950e+01
8.346774232735287e+01
3.497569865313158e+01
1.877004174458331e+01
8.438885290380048e+01
5.664034618839637e+01
3.140994120920540e+01
3.955524942816945e+01
7.863746931712957e+01
8.401176537573886e+01
9.744026944853378e+01
4.214813459764613e+01
9.695864757381317e+01
6.281023861971229e+01
8.538815471594602e+01
3.218846792922749e+01
2.295451654258860e+01
1.050799126294814e+01
2.365282514302657e+01
4.198490504267854e+00
6.458067128648082e+01
1.124830637650951e+00
1.592436624501104e+01
8.258120486632977e+01
5.210994968754703e+01
4.471239333260450e+01
5.478978718388350e+01
9.298257496812501e+01
5.883964288925735e+01
2.384501924917335e+01
7.991341132666608e+01
8.296672566000686e+01
2.918422325941930e+01
8.042792299782295e+01
4.762692360562595e+01
7.028197300167847e+01
3.062852198752972e+01
6.189018458215993e+01
5.670060112918755e+01
6.872404546883145e+01
5.862921525660400e+00
2.123636208532209e+01
8.405818458835510e+01
5.205826733822854e+01
5.319743163566917e+01
1.062449459481262e+01
1.907583811277330e+01
6.208867051735925e+01
1.274851346982108e+01
3.256161363449023e+01
7.667436184206716e+01
7.732918480286803e+01
8.360061621461092e+01
8.742071226584757e+00
9.736720570240506e+01
5.870069053894873e+00
2.955215514151014e+01
6.235545368974817e+01
3.812082490796262e+01
7.044188402148052e+01
2.985862238791707e+01
9.933747937871958e+01
5.561102882754572e+00
4.855777805138276e+01
1.114282068384011e+01
4.194602386185249e+01
2.868313562529308e+01
5.224303940881185e+01
8.295243493418788e+01
7.430345973665987e+01
2.147635720738971e+01
1.549608382186670e+01
6.124861308431654e+00
8.067515286648420e+01
5.029550127233169e+01
7.567282364502215e+01
8.522015297097161e+01
7.874616355576839e+01
5.860872862795774e+01
3.837958864792231e+00
1.842370434590788e+01
7.715614735016419e+01
7.368636469994037e+01
2.509599673799053e+01
6.747500038122526e+01
8.001832858660181e+01
1.357217953241066e+01
1.093848376112919e+00
6.292870415511015e+01
1.376655335247822e+01
9.657020685103265e+01
9.278732654302722e+01
5.644912787547760e+00
4.454228433060566e+01
7.410846970701054e+01
6.504251522246865e+01
2.928931924015717e+01
2.084800313266367e+01
1.593121030178443e+01
8.031798441909159e+01
5.509116633566617e+01
5.098797895525954e+01
9.581406824095829e+01
9.568133456431391e+01
6.779139161472739e+01
4.599024590383761e+00
7.112664206471604e+01
1.336069130960884e+01
3.083185475824021e+01
6.800796639547123e+01
5.912275060970465e+01
5.529207869213637e+01
2.711344329971514e+01
3.558884404394257e+01
2.436388909088629e+01
5.431281661349946e+01
9.035339443495189e+01
6.793753531199765e+01
2.670020797601911e+01
5.599717090651261e+01
8.170408866447588e+01
8.759519219752178e+01
1.911081556189378e+01
8.734028259634053e+01
9.958772971275623e+01
7.435079290268514e+01
7.742658666215212e+01
2.746185382244263e+01
3.748810851829504e+01
6.310287027764268e+00
1.150258821970904e+01
3.972216092037137e+00
9.342652586913972e+01
3.668658437053048e-01
4.230602110843454e+01
4.274977401026980e+01
9.532601823812631e+01
9.856080342948475e+01
8.574229198775360e+01
6.697279045682996e+01
5.922418463007742e+00
1.937818900653077e+01
4.723356447519435e+01
3.657000117775519e+01
7.847783387567748e+01
5.581503834380537e+01
2.280434180181676e+01
1.627145405685131e+01
9.154592891761378e+01
1.159727522712074e+01
6.315227717307967e+01
2.173208725719344e+00
3.125678404758535e+01
5.746323455006966e+01
3.239069801400914e+01
2.027539085609624e+01
4.776210428577015e+01
1.973751467640396e-01
4.283031376210521e+01
1.740008863499392e+01
5.271080739456733e+01
2.889474324364902e+01
7.782948770459251e+01
5.944727131139826e+00
1.634732797571799e+01
2.130596615434902e+01
5.908270555505655e+00
2.799377493932553e+01
1.986676958383376e+01
1.024664217152011e+01
8.762452382949391e+00
6.400947494619035e+01
9.775540050945962e+01
9.757730960733132e+01
1.412755256245264e+01
5.055893354609560e+00
3.886756186320798e+01
9.664663695574116e+01
1.460799696604162e+01
4.831069686837061e+01
8.773757838073074e+01
8.950025401520556e+01
4.655779443986611e+01
1.899436238174995e+01
7.676660696825320e+01
7.178957717110849e+00
3.235030757838408e+01
9.442319948897845e+01
7.523270485700699e+01
6.069953523608834e+01
7.997580565511053e+01
1.207193593125415e+00
2.140600561229792e+00
8.168399752196110e+01
8.919460046533244e+01
1.267407257700063e+01
8.943008351578847e+01
9.348633531177711e+01
3.371798146223555e+01
5.025294052914388e+00
8.905307165768606e+01
2.215646692652091e+01
6.719572188667755e+01
5.944039237659443e+01
7.795202107073368e+01
2.034183769502762e+01
4.361873014998563e+01
5.093423461119377e+01
4.786324237839470e+01
6.996670699211150e+01
2.325691460783450e+01
9.919551177844195e+01
1.433606926088038e+01
6.409515629713198e-01
3.977801354591642e+01
6.430449479459995e+00
6.336759871960040e+01
4.482597310320752e+01
6.172051842404554e+01
2.118310105110663e+01
9.447890468615986e+01
6.026442240004634e+01
1.449891348113255e+01
2.913217201322884e+00
6.400984449498813e+01
3.160707318764509e+01
6.375089290726506e+00
2.799759359471388e+01
8.794328136739475e+01
4.424883054767215e-01
4.772847622992866e+01
9.010700974152751e+01
3.842639985421039e+01
6.062726567528549e+01
4.239838381409569e+01
5.665555068135986e+01
4.173091330646114e+01
8.601711401064746e+01
8.027707081301001e+01
9.859932637708230e+00
7.027203583636881e+01
1.008703564763397e+01
1.125923377054708e+01
1.545078191694374e+01
9.226167890814210e+01
9.515340938007152e+01
9.959061541575503e+00
7.991835138756706e+01
8.423305949393337e+01
6.767128499582003e+01
9.322048662845999e+01
2.606649930871394e+00
1.506567621373836e+01
7.719400109592546e+00
6.711066554631603e+01
9.071645331136717e-02
1.941526728654991e+01
1.893877485717590e+01
5.715526671016369e+01
6.556404985746558e+01
7.680871541463245e+01
1.732812063644087e+01
7.249647102900616e+01
5.726414022839820e+01
1.852133684722769e+00
7.346052447029414e+00
6.095275132029911e+01
6.630008754613813e+01
5.221825300353498e+01
1.185549018525308e+01
7.616002018384637e+01
8.096721800089219e+01
5.728411630600883e+00
1.916950993201207e+01
5.601292916387922e+01
1.293076105086634e+01
1.432291931208359e+01
5.384214699912916e+01
6.919660557489684e+01
1.500995010836513e+01
7.178984590423751e+01
8.067127525837687e+01
6.465321619280297e+01
7.595896747706409e+01
3.390296093835633e+01
3.453255558131848e+01
1.906523020894510e+01
6.150726380828176e+01
8.792916633557955e+01
7.961990175751033e+01
5.580127102127358e+00
9.269936270671867e+01
1.585970926837051e+01
5.233521002919191e+01
8.577958838351984e+01
9.545580097262551e+01
2.677468723932965e+01
5.507108301626103e+01
6.175588847219753e+01
5.745772922293177e+01
5.678109929746999e+01
9.387637427722866e+01
6.691045251996744e+01
4.524802772572638e+01
3.362656656355903e+01
1.264598589048068e+01
9.067095648062926e+01
1.802988281381776e+01
6.902366456064566e+01
8.571743079727396e+01
7.847497466880594e+01
9.731838940517902e+01
1.583767897255611e+01
2.047214676648013e+01
2.325139754603216e+01
2.611417464265329e+00
3.689612501156336e+01
7.027405736515023e+01
3.503846546403992e+01
5.859922178024390e+01
8.336511770420014e+00
9.965608832410354e+00
3.438175163901492e+01
5.092724028552288e+01
3.244851037508273e+01
1.337298188049951e+01
5.196952570787143e+01
6.632369168397211e+01
5.535251761570225e+01
5.267031893724125e+01
6.363009198737800e+01
5.025419255264764e+01
9.058622754671902e+01
4.339928424144131e+01
9.550222027837401e+01
6.002452604473779e+01
4.208778792158132e+01
6.844556521086282e+00
1.843406284155048e+01
2.082237076052575e+01
1.794167152510103e+01
4.843311190997861e+01
7.660193903213457e+01
1.588934330078277e+01
8.517667655142801e-01
9.513305048231643e+01
8.613213551516279e+01
1.090245121666344e+01
8.001123935916054e+01
2.656772128612162e+00
1.043953742386752e+01
1.050687362929195e+01
9.670667033489173e+01
3.253165517585895e+01
7.161965825204722e+01
9.512774813693377e+01
8.759056031126089e+01
2.620394668830742e+00
1.873894786403466e+01
5.612312660372031e+01
5.137322174914797e+01
5.780956291491611e+01
3.386002952878365e+01
1.338517596637140e+01
2.869598261485620e+01
4.177416113287870e+01
3.438616201020132e+01
2.319689212515805e+01
7.733009493785448e+01
2.342802375714668e+01
8.973560225671883e+01
6.478378202988942e+01
6.367396137848216e+01
9.678016612156301e+01
3.455936477266223e+01
7.073952866286949e+00
2.459589085755679e+01
4.452995613428296e+01
6.690202256054711e+01
9.836251162847621e+01
6.508698084628535e+00
9.681158210002425e+01
5.553462973587896e+01
9.431723584156356e+01
6.935388369921310e+01
9.450115468096973e+01
5.749340064706905e+01
1.276028343139229e-02
2.206906109213320e+01
5.715974073724809e+01
2.625439224124625e+01
9.938970995107186e+01
9.119106260649443e+01
5.980747782616292e+01
5.187120784626864e+01
4.126228808484147e+01
2.976538940787566e+01
9.198960531129950e+01
4.308393734650870e+01
3.407196292377634e+01
8.067947643840661e+01
9.581913109674079e+01
2.705894127816844e+01
5.694270248382478e+01
3.924872537108545e+01
8.424933598574685e+01
1.728549088225024e+00
4.790917404364291e+01
3.619259988711802e+01
6.863057169533828e+01
2.952445351030885e+01
9.470695908866216e+01
2.491793968943783e+01
1.067346935657480e+01
2.768646503225270e+01
4.744445497516750e+01
5.403578237352696e+01
4.761612324398762e+00
8.887990437861527e+01
4.512010284006600e+01
8.547347834588656e+01
4.339296000236318e+00
8.716959445139840e+01
4.379722510641312e+01
3.541745489249818e+01
5.381245322237371e+01
7.922557610051035e+01
8.185933766973173e+01
6.596694214547377e+01
7.225930386793767e+01
6.336772593826415e+01
2.750503724790413e+01
5.693589307225118e+01
1.341455700500615e+01
9.466310851027403e+01
9.559624981861387e+01
6.078829349055341e+01
1.876164088899346e+01
1.557024517821625e+01
1.294811461723787e+01
8.206876357182337e+01
2.797515612466966e+01
4.413268996595065e+01
5.099686218937713e+01
6.390907618399202e+00
5.608391554843817e+01
3.221386793638294e+01
2.042164063100779e+01
8.323430087567973e-02
7.454168851233166e+01
6.533296949478469e+01
6.899997269222512e+00
6.320147526599536e+01
8.156531373111778e+01
9.261530427849632e+01
6.934657463307799e+00
5.371928161649000e+01
7.184088033244055e+01
7.211750181024777e+01
7.748575977864012e+01
9.321430530083100e+01
2.999769539106530e+01
2.530233856537488e+01
6.186295378108646e+01
7.619874927969591e+00
9.331539659449616e+01
7.941473986926243e+01
8.624047431454085e+01
8.078647231719758e+01
8.233668831285867e+01
8.087143464054513e+01
2.417114443339926e+01
8.567745740789802e+01
3.457817143508148e+01
7.665049996071053e+01
4.699698344198847e+01
7.028890860746098e+01
2.187887291511468e+01
4.648190981078982e+01
9.875226775126171e+01
7.393930306375925e+01
7.925969533587792e+01
5.918966925665256e+01
6.055812386821869e+01
9.796346765848038e+01
4.602468830813872e+01
6.821856189901874e+01
1.726688384882495e+01
4.019256440931585e+01
5.964945794998178e+01
9.616937655777176e+01
4.083978158460920e+01
2.600955633726416e+01
2.030203101239262e+01
1.946262075540732e+01
5.595651550961496e+01
2.518774686622794e+01
6.705634923049078e+01
4.976457126893316e+01
6.818003164053896e+00
3.352659681510487e+01
4.680536638330918e+01
1.603613631615235e+01
4.537817199964923e+01
7.966706095247858e+01
2.459232701202497e+01
9.160703750867723e+00
1.327841370984838e+01
7.804836327119189e+01
2.519944139067058e+01
8.882821066716137e+01
3.998473158105497e+01
3.589902740712233e+01
6.734147284521789e+01
6.398834943025762e+01
1.891816981086422e+01
2.229468241440816e+01
6.777581747983388e+01
3.327134951635792e+01
6.882207252496019e+01
1.775368443585638e+00
6.866421232403452e+01
9.025427004799911e+01
2.957897522932802e+01
9.082741937172945e+01
2.442810694893268e+01
4.568295974549044e+00
1.653153962294177e+00
6.136803089704739e+01
2.361045490187148e+01
3.804639700709209e+01
7.323799811920057e+01
9.657230041761524e+01
1.956539043205110e+01
9.953496074282330e+01
2.261657497036111e+01
3.846133143569405e+01
2.431510706633102e+01
8.914150655695308e+01
7.337024820659786e+01
1.123647639119834e+01
2.749375674291223e+00
9.344622366756491e+01
4.205803356229237e+01
7.062490925687594e+01
8.781863366617758e+01
6.616589998182184e+01
3.707506313783819e+01
5.736946177546376e+01
2.187135630374372e-01
4.850356134050692e+01
5.842201507576835e+00
2.456053454641278e+01
3.003686658574122e+01
9.253319785582516e+01
8.659870512159480e+01
1.211343799350478e-01
2.056755694587135e+01
9.175533963914744e+01
9.264367497183554e+01
5.041880018562954e+01
4.046118289253729e+01
1.482706536298016e+01
7.483598504906334e+01
7.784101109851200e+01
2.235978200210248e+01
4.208949075177754e+01
9.233137447961205e+01
5.664411050111246e+01
4.994533725545990e+01
7.883426802178577e+01
8.120250798817841e+00
1.998036118223349e+01
3.950453784293707e+01
6.539724127640820e+01
3.807447237804274e+01
4.399862943403360e+01
8.228763690324857e+01
5.236005929874259e+01
7.243460606431337e+00
4.813747808716143e+01
6.822517708326930e+01
6.202776262631070e+01
7.547401556534415e+01
4.883275495322084e+01
1.273060450923192e+01
4.650855578785229e+01
4.895388933315589e+01
7.371693419931313e+01
9.573333454119663e+01
8.822260726626152e+01
1.656074608515983e+01
7.604065308162973e+01
1.059840578148067e+01
5.004581368996102e+01
5.473361883998551e+01
2.424869314965266e+01
5.674446181242562e+01
2.102190755355261e+01
6.104682412047256e+01
6.315523575206997e+01
3.941522270413824e+01
8.221310706912218e+00
8.298185085085306e+01
9.089960720897634e-01
6.600834339205564e+00
8.890882511106730e+00
5.246106519012762e+01
6.609046597317348e+01
7.142672360475488e+01
2.266001362477430e+01
5.869889099090309e+01
5.558640046770982e+00
9.385438319009467e+01
1.372013753918937e+00
3.820683669215386e+00
4.642769798935750e+01
4.740070227878201e+01
2.507659929109579e+01
6.019328784206569e+01
4.313403677341250e+01
7.290060015996015e+01
6.545424673960277e+01
7.439283392130996e+01
3.515268482042136e+01
6.098311704629246e+01
2.569837352526299e+01
2.349296949035161e+01
3.660195457590834e+01
4.090331417550487e+01
3.629893252453717e+00
9.509458956080236e+01
4.809459529262715e+01
9.715900570021896e+01
3.202416055464379e+01
6.997624368871387e+00
8.208512816675247e+01
6.698737683100038e+01
9.301650304953405e+01
9.062435621890442e+01
7.815260825592681e+01
8.540222630156308e+01
1.841059206910925e+01
8.380714612258930e+01
2.131243158192953e+01
1.443442241960877e+01
7.354614612345870e+01
9.230356723643074e+01
8.871743035908669e+01
2.807541500221725e+01
3.573517712565846e+01
6.690630850703749e+01
8.222019936992795e+01
7.631443793713788e+01
8.481075269394124e+01
9.239215687494360e+00
9.158045146222248e+01
1.081404118370919e+01
8.726761047135462e+01
4.328546735611067e+01
5.239394807833896e+01
1.263087150297634e+01
6.360876954328677e+01
6.239024291857622e+01
4.983214617233358e+00
2.689773204126289e+01
2.696045521970860e+01
5.301745806495541e+01
3.654797311711496e+01
6.016285534024372e+01
4.527995015740392e+01
7.747860927017341e+01
2.320008944869046e+01
5.029702347251448e+01
6.464101074479566e+01
6.696091539550615e+01
1.809345866464705e+01
3.818715682168825e+01
1.675249166635447e+01
4.728810724210371e+01
6.626257182390549e+01
7.737308832694455e+01
1.571801445247513e+00
3.142770828280025e+01
7.529553271611013e+01
2.241666415818812e+01
8.730734856208198e+01
1.061452413472092e+00
6.523812355717557e+01
8.058733827461830e+01
5.316258503737048e+01
9.145655794602658e+01
4.820291546555372e+01
5.680019592717299e+01
4.485423767233930e+01
4.161088263690979e+01
7.417149598438829e+01
6.344838592384401e+01
3.598951838723827e+01
6.394634990205353e+01
9.668359723719004e+00
8.297880253893267e+01
6.904914303172805e+01
2.536965810012522e+01
4.009430382405142e+01
8.456104164224166e+01
8.308930866564125e+01
4.937485812668449e+01
6.357790933157220e+01
1.264094682998999e+01
2.507031388816904e+01
2.997102538588039e+01
7.802056925279115e+01
8.134237275521382e+01
4.600150349829416e+01
6.064695555746879e+01
6.530070107677052e+01
6.428922478309332e+01
2.233161843490397e+01
5.906665816859652e+01
5.673048070479673e+01
1.975435471150761e+01
4.190654384061068e+01
1.958383997882895e+01
6.559941054582569e+01
5.598220054804450e+01
9.650223087356530e+01
7.612616609601591e+01
3.601784330607292e+01
3.249174921423744e+01
8.516983589398201e+01
1.310714907623229e+01
5.761643669457010e+01
7.995701557023311e+01
8.205178788958666e+01
1.005663481077954e+01
4.570932860752070e+01
7.765003548825628e+01
6.234197801088075e+01
8.761442452092395e+01
8.310577388997459e+01
4.426688754198462e+01
6.648334193345315e+01
8.389424396860146e+01
2.560926025063230e+01
8.069721892508549e+01
1.308675152859034e+01
6.766356759130190e+01
5.852170584654515e+01
3.908649144651671e+01
4.170736299907200e+00
7.241789618153959e+01
9.009574935310323e+01
4.656443649277298e+01
2.776335968066163e+01
1.786955283855533e+01
1.842056699954931e+01
8.658554762908516e+01
4.219809888964431e+01
8.938765762810952e+01
1.907729679675647e+01
7.061151790926769e+00
8.808603318784667e+01
6.922226858754748e+01
6.901423855173134e+01
7.358916484452280e+01
3.564619931189632e+01
4.471817461062138e+01
4.634916798507290e+01
5.821891359901936e+01
3.233259908497920e+01
1.744359993256796e+01
4.354060745962924e+01
1.838444467558732e+01
1.174133583518739e+01
6.216026645254357e+01
8.304553012505431e+01
6.578253818013824e+00
2.204913502654486e+01
5.430040343399178e+01
7.374341454065564e+01
9.059331384049418e+01
2.302917485266420e+01
2.637041901534908e+01
8.651246195030980e+01
3.013797962578851e+01
3.477990521806288e+01
5.353074798059219e+01
9.198133940435078e+01
9.126790104958596e+01
6.840237652342878e+00
2.926717709250151e+01
9.941283804337161e+00
3.719172367695334e+01
2.315870277730688e+01
7.284140417950293e+01
9.272216264750909e+00
3.420666476441858e+01
9.841721951887813e+01
9.816437666218931e+01
1.282243654728981e+01
6.229470081734224e+01
7.610288107586227e+01
2.593514976368060e+00
9.222125890302530e+01
3.268797902049868e+01
5.675852087175405e+01
2.789498452464817e+01
9.511015196103145e+01
1.174059096339186e+01
7.605800920913834e+00
6.041005284544548e+01
2.333904803886034e+00
2.251912030508701e+01
2.872780204225695e+01
7.879923501927370e+01
6.231693921718604e+01
2.161000958718826e+01
5.685581912140167e+01
3.545297236901381e+01
3.813331096346179e+01
8.253290987691511e+01
3.610536001441319e+01
3.286326249729063e+01
1.702091843682384e+00
9.830623119990631e+01
4.303446977540593e+01
7.382853765684577e+01
6.424276962142567e+01
7.501309461659430e+01
1.652495996864743e+01
7.600440712459590e+01
4.249452163581481e+01
1.509943023095812e+01
6.025854500953972e+00
5.343161167271045e+01
1.757724504805041e+01
5.835238325332868e+01
4.312444801587819e+01
5.606800525266119e+01
1.002960964573063e+01
2.097936175809212e+01
5.537803008005863e+00
5.431810824867250e+01
9.235676470788044e+01
2.618617425960776e+01
9.829023107806697e+01
7.635093577036212e+00
1.824319493875056e+01
8.771410425552824e+01
2.070730646173810e+01
5.978517870408724e+01
2.757547932098409e+01
8.030844851411341e+01
1.731413380117814e+01
2.571158438255619e+01
4.265667844687434e+01
3.973592405195159e+01
7.269859177651750e+01
4.948555619897579e+01
3.246439408160020e+01
4.986827115056490e+01
6.787548291863664e+01
5.527468070167800e+01
2.086216896812532e+01
7.592239071425162e+01
8.116496283615238e+01
3.000836899970116e+01
3.560265788603697e+01
4.080441521518138e+01
2.086334848816663e+01
1.251568832086198e+00
4.616210816715011e+01
6.964021826611841e+01
9.427245217108748e+01
6.392525740150607e+01
1.419350631264667e+01
3.471506379298636e+01
1.387062390049483e+01
2.082799501755647e+01
5.456717258997595e+01
2.639904894232706e+01
4.891864645710152e+01
7.388874803385174e+01
5.669704445483956e+01
4.184484497729915e+01
8.219069153172461e+01
1.394610512719774e+01
5.244560090473183e+01
5.221124633783998e+01
6.717189339323522e+01
4.522044623513727e+01
8.917737183588434e+01
3.285450978803193e+01
8.192896008581341e+00
1.666465686478869e+01
7.950953011378158e+01
9.421673067576100e+01
5.700077966647259e+01
1.270419918592284e+00
3.916023519782360e+01
8.234829589833892e+01
4.319690705425893e+01
7.714806603134986e+01
8.876682817412859e+01
9.211936862772301e+01
9.253070200445629e+01
8.501701335656318e+01
3.719390786122247e+01
3.129687194307189e+01
9.557318510281536e+01
1.703956230405698e+01
4.767958267949502e+01
7.994420192201818e+01
1.470133132054533e+01
9.157318160476777e+00
4.489485395368880e+01
7.799935582000732e+01
8.926914613194258e+01
8.083511971907463e+01
1.422676617010812e+01
8.015652591369884e+01
8.165402378963960e+01
2.788524209888896e+01
5.810970056714010e+01
7.256881486278438e+01
8.591340830824963e+01
1.581297582751744e+01
8.144056400351253e+01
3.081161153074894e+01
1.937549375899857e+01
5.978600739491452e+01
7.195903606338382e+01
7.900394950015655e+01
6.370913854972885e+01
4.814744719683539e+01
9.336078404139764e+00
6.835391650365382e+01
3.037705814017777e+01
6.530256334939159e+01
1.416654983263768e+01
8.508039782060330e+01
2.824293977033484e+01
3.978036974546517e+01
4.336967921972725e+01
8.993397457056398e+01
6.134950065116841e+01
5.288683811802736e-01
1.068963674394863e+01
9.906109892719476e+00
1.164688054083236e+01
7.089689563535940e+00
6.695670758697983e+01
3.745022087239205e+01
5.548815338662274e+01
5.841942134239684e+00
7.506850663342910e+01
2.891992900004607e+01
9.144461666766769e+01
7.392237278349808e+01
6.988488653203700e+01
4.999829300213526e+01
9.258406026874859e+01
7.391126895039866e+01
4.169346147295715e+01
5.253448018456552e+01
5.918359745255839e+01
1.639525118116068e+01
4.561080646031108e+00
7.096606240187123e+01
7.025717239373232e+01
1.872763047866879e+01
1.332320855619535e+01
4.413048212608810e+01
7.758537273741577e+01
4.305328873128318e+01
4.855937750477315e+01
4.526471753849868e+01
8.833762364850269e+01
3.379378827931070e+01
2.381066234028463e+00
5.212606790108889e+01
2.927575727425318e-01
6.933777382100828e+01
7.881660576854674e+01
8.105140662801051e+01
4.496941461459241e+01
8.905338397671161e+01
7.448210403066227e+01
3.641403123569397e+01
1.062299041572166e+01
7.375840995170103e+01
7.939431382314969e+01
6.923805944120421e+01
5.346178051711144e+01
2.408961408030689e+01
2.700889842911107e+01
1.264537792310369e+01
4.928533437162886e+01
3.515498639790108e+01
5.549331873445460e+01
5.997330307027945e+01
1.593807172772385e+01
8.719101375303744e+01
8.240876406543364e+01
2.715696768237137e+01
3.074566872359518e+01
9.317744043337993e+01
7.301584806899348e+01
7.816096715543465e+01
6.721518797204605e+01
5.530617500436779e+01
3.407181754432238e+00
1.102111032745853e+01
6.129181294762148e+01
3.512224277254298e+01
4.966781826208710e+01
4.964501999767731e+01
8.492091707183090e+01
3.103694041773534e+01
2.683342268077351e+01
9.357562553769705e+01
2.495647697940305e+01
4.884021740818406e+01
2.234767187496073e+01
1.061267657699654e+01
2.522210447360859e+01
7.935717109560835e+01
3.056871659614552e+00
3.735807525802313e+01
5.650192352780230e+01
6.682465610412166e+01
6.800592880137541e+00
9.240882848035955e+01
8.527477657668049e+01
7.458832071842083e+00
7.575150363880745e+01
4.796720023637972e+01
2.319752020910267e+01
6.432238578066341e+01
6.800841818005239e+01
8.217425881054917e+00
4.942380127004525e+01
2.279839474838152e+01
7.495559573869947e+01
9.226747597207662e+01
3.984307774335289e+01
1.057352135450278e+01
4.191249592318781e+01
1.916667382194040e+01
7.533639360933397e+01
7.955350693294476e+01
1.969703157418270e+01
9.076245543116818e+01
3.343317649952750e+01
4.752277096152434e+01
9.136637667723298e+01
2.387029050098280e+01
6.686264591611113e+01
5.345561450973880e+00
8.039721836354454e+01
6.371105884374634e+00
4.212873510184173e+01
6.322769320720234e+01
5.475550613121852e+00
1.257307604540748e+01
3.292134885346580e+01
2.944501071676845e+00
3.383011083762632e+01
7.799150230269484e+01
9.802629966196898e+01
1.671086536567233e+01
1.686451477783942e+01
7.587388077558664e+01
2.382301293491526e+01
6.408932170089768e+01
8.558367839343086e+01
6.902165634977709e+01
9.780312538975994e+01
5.419789955681092e+01
3.617660945103346e+01
1.687929570529577e+01
5.643189300616825e+01
6.175755195401494e+01
8.674470795632560e+01
9.970414941185346e+01
1.020338694108808e+01
2.377199913550727e+01
7.875933483185216e+01
8.879198361597582e+01
4.653256980075155e+01
6.772260799432294e+01
7.541616227264338e+01
1.023877482406738e+01
6.567357334572522e+01
2.818990919189058e+00
3.221269502873192e+01
9.028367585981437e+01
7.280935364440519e+01
5.071311534881271e+01
4.676535611355926e+01
9.918869524225066e+00
5.782581048916364e+01
8.275635460519993e+01
2.240260975547256e+01
4.089472002391458e+01
7.479254942144851e+01
7.186517225199620e+01
1.900644470891284e+01
9.536195280745716e+01
1.592070833589915e+01
2.491517505837380e+01
3.612457785574932e+01
8.841147603858796e+01
7.186054814227882e+00
2.085008766541727e+01
5.612003372801470e+01
1.101680235518925e+01
2.829794591679142e+01
5.151092491648669e+01
8.291860859977017e+01
4.485270937199365e+01
6.855603250142002e+01
1.288531069312492e+00
1.823767275467407e+00
3.191365503329488e+01
6.614874231915397e+01
6.302665074496839e+01
9.557293480987332e+01
4.611477816762159e+00
6.857745189619132e+01
8.844763854911906e+01
5.467606766832809e+01
1.506740879969085e+00
5.544976352502115e+01
5.213514005399082e+01
3.692510581432148e+01
8.077885940707236e+01
4.668359972847793e+01
3.980668952679573e+01
2.528122487723885e+01
1.218408030093838e+01
3.386304529098004e+01
5.969799326718691e+01
8.960921270288956e+01
5.251264812076122e+01
1.472155056648029e+01
3.899460529861721e+01
6.054375384028244e+01
9.845456699768759e+01
6.007974769923824e+01
6.979335871049825e+01
6.943355806611179e+01
4.361550684255339e+01
7.108188977981075e+01
9.331163237491234e+01
7.419227155586344e+01
3.417157932844552e+01
9.461084990511221e+00
4.322980486006933e+01
6.451000741892961e+00
5.665253431380379e+01
1.804640331214592e+01
8.990368130146697e+01
7.845538485723333e+00
7.683997651414944e+01
8.382360785446298e+01
5.589681652183496e+01
5.761883592122180e+01
5.778522135586721e+01
3.506825647087221e+01
3.158140742759286e+01
3.645809746182435e+01
1.819493045015025e+01
7.930890018088226e+01
3.999274384230038e+01
8.309972825604478e+01
4.690075225518120e+01
2.631700878325710e+01
8.434200528279972e+01
3.008738990411506e+01
6.381268052561799e+01
4.614328637073901e+01
3.416259201903017e+01
2.145570876144604e+01
2.873741473478145e+01
5.569425404802628e+01
7.250387509004393e+01
6.244788573237503e+01
6.399904757924334e+01
6.018036327333206e+01
8.694612900118629e+01
3.902786930046410e+01
7.822676658547798e+01
4.761010848340118e+01
5.997218152506845e+01
5.506674309962744e+01
5.919263426176860e+01
1.543016308705796e+01
9.137250114761875e+00
2.984613181550341e+01
3.043138456085296e+01
6.700836176379042e+01
2.816195889756175e+01
6.624165972054082e+01
1.598320501669459e+01
3.861890511522950e+01
8.598888627532352e+01
4.539890216914886e-02
1.632129462264539e+01
7.188123467931582e+00
8.541716033845076e+01
2.718651607967285e+01
2.446625541172282e+01
7.373322270518786e+01
9.429777539069660e+01
5.482781229299857e+01
3.629439721642733e+01
7.121147819385467e+01
5.439616309217929e+01
1.565699429049017e+01
3.139184146718674e+01
1.363075925671997e+01
2.172866706816883e+01
7.684884982968161e+01
2.707908527323933e+01
1.852880139766671e+00
3.648500956431264e+01
6.601649358217441e+01
2.493119799761623e+00
4.848996556759344e+01
4.493614670119069e+01
5.654264923955438e+01
5.075529378408346e+01
6.859559513097425e+01
4.574061825207463e+01
8.235140213852348e+01
7.772873336343501e+01
4.290856739641566e+01
7.927970666404801e+01
1.408448485382110e+01
6.835631200501524e+01
5.159357765298037e+01
7.993195260871758e+01
1.967629046164280e+00
4.548694093035857e+01
2.316733497342436e+01
8.738922345796098e+01
4.917955037633867e+01
2.059233375852570e-02
9.952061828203527e+01
5.558368137831972e+01
3.240802056733892e+01
6.202003781777808e+00
2.307456947074950e+01
2.033378981069373e+01
3.161257674527009e+01
1.775546372763601e+00
6.582983749258790e+01
5.610717975353226e+01
6.659786415593599e+01
9.989722450259012e+01
5.307242137057353e+00
7.534147267012925e+01
3.810473249205609e+01
6.658301598698972e+00
4.183554511602760e+01
7.065000700328964e+01
2.781415829798866e+01
8.474411251244327e+01
1.298449230984994e+01
1.401688480471116e+01
7.795022105702675e+01
1.633139737710887e+01
3.515360771452711e+01
3.568928574011162e+01
