9.538690703706205e+00
8.671801075652149e-01
9.858271372438536e+01
2.475741599907978e+01
7.186541895934633e+01
3.230534216030750e+00
8.522179773320528e+01
9.686150806809846e+01
1.402831287776507e+01
8.424094076465859e+01
8.217596173387764e+01
6.676949102746764e+01
2.591237240746262e+01
8.406492349880976e+01
5.197497608697740e+01
8.403186224588746e+00
7.670932164262483e+01
5.728221822403474e+01
7.264082253567913e+01
5.457194389522632e+01
7.749316127854081e+01
2.965401351901424e+01
8.135391766268476e+01
2.005809448662125e+01
6.326935326832782e+01
8.208863748334750e+01
4.618128349361070e+01
1.267772820437221e+00
1.106624026366800e+00
2.163228025735928e+01
1.903150184966228e+00
8.947188900293405e+01
4.173710646188683e+01
3.651004458615093e+01
4.706823725582484e+01
8.557570683098199e+00
3.974057880218167e+01
8.861344716912761e+01
5.123483857663108e+01
3.330876269997506e+01
7.285438788722008e+01
3.930909276907756e+01
7.554983150938052e+01
5.204497871550032e+01
7.750602791901026e+01
2.752480759635791e+01
5.383538792554074e+01
8.817333466753985e+01
1.640036493372189e+01
2.647621041465375e+01
4.274527856276617e+01
4.968471366431784e+01
3.918838512114640e+01
9.435873515641258e+01
6.974280815093908e+01
9.051238079113530e+01
5.051335284975980e+01
2.352249376639840e+01
6.954503393245164e+01
1.338768564788051e+00
7.222781473408817e+01
3.541017260188710e+01
6.371301904493618e+01
9.646796816795504e+01
3.052532907134170e+01
8.234377241802578e+01
2.504487974804122e+01
8.372298813598370e+01
1.128677148897516e+01
1.044461750911764e+01
1.703175083595875e+01
2.821288678246219e+00
4.975371027819519e+01
9.607528666782905e+00
6.344722833644936e+01
9.352682553861608e+01
3.021927495962907e+01
1.728261621542397e+01
6.130106116705624e+01
8.858752361898661e+01
4.375882667664384e+01
4.046339683256271e+00
4.989463768428873e+01
6.101777002262779e+01
3.178244751495423e+01
1.650907132612032e+01
1.704399553921260e+01
3.433336952437338e+01
2.930478846156262e+01
8.658902947166423e+01
5.264913982369431e+01
4.913129631855120e+01
9.406139426588146e+01
4.273035300091392e+01
3.505216596417696e+01
3.805424647315137e+00
5.022984261169556e+01
5.062480329099335e+01
1.123602456005105e+01
1.030399129274487e+01
6.106942080011098e+01
4.529372176401957e+01
7.291886372161976e+01
1.082313107830618e+01
3.520828538351147e+01
3.636609205806911e+01
8.395085762438870e+01
3.998185616917063e+01
5.364870827349309e+01
4.525191874487881e+01
7.331969946311773e+01
9.740753495013692e+01
4.929825847470121e+01
7.846401742587985e+01
8.972466145163619e+01
7.744379433684227e+01
9.497308875200017e+01
6.321826496311382e+01
1.177716381464953e+01
2.524087001813616e+01
4.980729443477806e+01
5.340499102762202e+01
5.676420221885861e+01
4.386868865409339e+01
7.895569628055938e+01
1.997143077662747e+01
8.191249220721075e+01
8.975679804093986e+00
7.059623406762083e+01
7.898407321375984e+01
6.225097759731625e+01
3.166565482116568e+01
3.774235455214156e+01
8.272205809258021e+01
4.248878589947186e+01
3.895861093837703e+01
7.977724968445359e+01
2.643964347729443e+01
1.293249605825753e+01
3.342595795794668e+01
7.169156226873936e+01
3.897836992469541e+01
1.644188091924502e+01
8.112318677880017e+00
1.996589317916236e+01
7.700776228541871e+01
3.176528920036056e+01
4.427363748861180e+01
4.022602724853252e+01
3.059021315099216e+01
3.921685905159305e+01
2.576078363962508e+01
5.751458362560466e+01
4.388667384343533e+01
7.550164362206201e+00
4.781393569326677e+01
6.385810462006280e+01
7.529821301591500e+01
3.015386873397691e-01
3.445433864111748e+01
2.917000145147089e+01
1.829580777245378e+00
6.611999350884929e+01
6.197161272259970e+01
3.738815707032948e+01
8.608779361755019e+00
9.302236609767301e-01
8.733460315844724e+01
3.372623298025049e+01
5.279549199752299e+01
5.844394604603013e+01
9.656249210078384e+01
9.429736779737163e+01
8.438885290380048e+01
2.772980580466325e+01
1.426326097653399e+01
1.915366492194760e+01
4.356394682245513e+01
2.920224286113039e+01
6.511228394932686e+00
1.119289980791179e+01
2.795783194152537e+01
5.905913610898850e+00
9.998996951616833e+01
7.184450578496070e+01
3.044656032251500e+01
1.050799126294814e+01
3.570261040502349e+01
4.626106282056359e+01
5.368886345703567e+01
7.015694904614098e+01
9.375871200755178e+01
5.551844423428105e+01
3.627694250842414e+01
6.067106796459810e+01
7.591826379109093e-01
7.533667128315972e+01
5.340638107313140e-01
2.440954094026682e+01
7.993414480236086e+01
9.524557967448867e+01
5.146252077606624e+01
1.336144102428176e+01
8.128436751723493e-01
7.349855572613821e+01
1.440393566824679e+01
6.189018458215993e+01
3.978375691910449e+01
6.872404546883145e+01
7.342585505611537e+01
4.629498531403718e+01
7.694155614680683e+01
5.951152935601376e+01
3.739769837697860e+01
6.447541753969873e+01
5.273529149253633e+01
1.873943480604302e+01
9.928310220096405e+01
8.930803094492667e+00
8.038151491451147e+01
8.579293879950090e+01
7.908775218719978e+01
8.530200765715075e+01
2.674208964535132e+01
6.195904322059781e+01
9.079032847228940e+01
7.352798710275813e+01
6.025041656580308e+01
4.168515500691028e+01
2.910217178478007e+01
4.018456132159780e+01
2.418923453622928e+01
1.924788002821052e+01
5.770042462167350e+01
1.950190613023094e+01
6.053333797516922e+01
8.286052326804982e+01
5.272610897790925e+01
8.759701242092858e+01
5.158456869031516e+01
2.615196398745848e+01
1.908879714044221e+01
6.385371403948111e+01
1.637506834993841e+01
2.166471333320472e+01
3.570306503013850e+01
4.782713695793745e+01
3.356772555670130e+01
2.303935132130950e+01
6.801252014376806e+01
4.525254706165406e+01
8.795813279597002e+01
5.778441590153817e+01
1.025512153760303e+01
6.712579027150096e+01
4.147093605318616e+00
4.679580100197149e+01
4.065377737425909e+01
6.439751017112168e+01
4.405935227128646e+01
4.072489833493014e+01
4.582071492719497e+00
9.144433438379519e+01
5.997277836314067e+01
3.144076267790085e+01
8.775049293774669e+01
8.291261558556585e+01
4.703847018398273e+01
9.049339922633646e+01
8.524940679094260e+01
5.453337289138388e+01
8.065985705734224e+00
8.959842514693663e+01
1.330491230511335e+01
2.116556084769105e+01
4.608492061779132e+01
4.900797733525186e+01
3.636548031883569e+01
6.202997866181190e+01
8.513488731586136e+01
8.223515613108647e+00
9.518807474299710e+01
2.551858789544487e+01
2.436388909088629e+01
7.560127371717303e+01
9.264437816694583e+01
6.064356773190367e-01
7.816494585860751e+00
7.409895498962092e+01
3.387129820597884e+00
6.233009428825700e+01
1.482385327798494e+01
7.969201313317381e+00
5.377442867205219e+01
7.479663168769173e+01
3.940996399121823e+01
8.296234141241868e+01
2.751584575861499e+01
1.211335352254722e+01
5.074081646778659e+01
1.276525254955760e+01
6.664672641393111e+01
3.668658437053048e-01
7.683983732799061e+01
7.995163871904445e+01
6.965419196973285e+01
1.453897148116444e+01
6.666416817655050e+01
6.697279045682996e+01
4.326924255270010e+01
1.295376057408459e+01
4.714317733754552e+01
3.845731724913107e+01
8.490603788984289e+01
2.581211893158597e+01
3.344536713950586e+01
4.180484388107659e+01
4.181067330847060e+01
4.126186172536661e+01
9.780201478758921e+01
4.555647775789558e+00
3.591955967057476e+00
4.658651219056291e+01
7.615806971497744e+01
4.101100510033360e+01
9.932679748131279e+01
1.556803370619567e+01
2.834922765770426e+01
9.474282790661921e+01
2.768138722874289e+01
5.205089089090512e+00
5.730739601762378e+01
2.801948167757107e+01
7.814743787895303e+01
3.414723329904826e+01
5.151282532676720e+01
4.582489358532470e+01
6.952144348505952e+01
3.239368369448635e+00
3.160088906604838e+01
3.999561124481056e+01
3.132452654248315e+01
8.013800186111499e+01
7.845292849394163e+01
3.734548861968587e+01
2.134223939913429e+01
1.189829558688137e+01
5.440602463409585e+01
4.831069686837061e+01
8.965519880394228e+01
4.572595415903533e+01
8.137320782121887e+01
9.133930252461661e+01
2.404150339962985e+01
5.753127753619630e+01
1.411849791841512e+01
3.573375378536701e+01
9.253952661181778e+01
9.221885101507364e+01
2.661896204884115e+01
1.190735763493337e+01
5.965231301246784e+01
1.314738309623086e+01
9.510881211380885e+01
3.779975089142088e+01
6.812985505355981e+01
6.938856447552729e+01
5.849896616232533e+01
7.379094263249586e+01
7.262793284497593e+01
7.871628430612212e+01
1.378655383074030e+01
7.308706598034457e+00
1.843054756449095e+01
2.034183769502762e+01
8.992022866845141e+01
2.704514596939326e+01
6.017373230316384e+01
4.432625325598114e+01
2.925699671230139e+00
5.729793517724515e+01
6.253559811158832e+01
2.160269321017093e+01
1.405004840998447e+01
2.878987259640818e+01
7.913397074636723e+01
2.816854632839959e+01
6.452362638177519e+01
6.078625878355757e+01
8.261577029834305e+01
7.685733971970963e+01
9.706905470093203e+01
4.226808326424476e+01
4.359867425803034e+01
3.130584956673246e-02
8.006783415566562e+01
9.683925425486605e+01
4.646158816593773e+01
2.155314386894607e+00
7.063019684079578e+01
9.013928975450773e+01
6.065107153758922e+01
3.575162786792574e+01
6.398947954363631e+01
2.694837843391503e+01
7.665623294965188e+01
6.888058016490218e+01
6.635876268444525e+01
8.636075732594392e+01
1.320683337431719e+01
4.514775846393209e+01
3.809194594532808e+01
3.934492400816871e+01
7.018969420818132e+01
5.214199435531255e+01
5.221482573645881e+01
7.324911936803215e+00
8.031054073027826e+01
8.077191313764635e+01
4.309691821369199e+01
6.292631098205518e+01
5.762925285735599e+01
1.257217424575806e+01
5.194394199733806e+00
5.621976356777352e+01
6.069496672632869e+01
8.526222840196557e+01
6.794829287936366e+01
5.537511392281164e+01
2.522773622778605e+01
4.487338417436619e+01
1.145336013820645e+01
5.047230820659190e+01
7.647312454715050e+01
2.688309179008151e+00
1.075176811346401e+01
2.660149523364450e+00
1.133198394036479e+01
1.714081788302437e+01
8.674037851707097e+01
3.951649756148294e+01
1.669625193658110e+01
2.483232441583291e+01
3.296780420139795e+01
9.092387686992245e+01
7.697431877114546e+01
1.130527314325109e+01
9.824878880672566e+01
2.086397186893224e+01
9.347507129119479e+01
5.780698268572194e+01
4.114780278929872e+01
9.666398637772723e+01
7.037915693148000e+01
2.540556463664657e+01
7.992342188019464e+01
3.107412361124257e+01
1.066779299204601e+01
4.802045661398231e+01
9.280447200536935e+00
4.890296610486832e-01
1.864839383338037e+01
1.337366174597929e+01
5.096133786764058e+01
2.247462576370436e+01
2.493202538459191e+01
9.653135654354998e+01
9.778166795046145e+01
3.175885054830408e+01
1.771232393463716e+01
8.680257479976983e+01
6.691045251996744e+01
5.962488588859555e+01
3.999369635246401e+01
3.925025124999241e+01
5.054876271195187e+01
1.696801512360946e+01
1.118352981805034e+01
8.082558544391096e+00
7.063495059061560e+01
4.658601109245140e+00
7.524070580268312e+01
9.489670893871072e+01
6.423703081171821e+01
9.629045524461681e+01
1.005068445114916e+01
7.279710987247393e+00
8.057814607423644e+00
5.215992743715641e+01
3.334902694139118e+00
1.733826180796058e+01
6.856621395264109e+01
4.877530883474988e+01
3.594941717383890e+01
4.862663650355611e+01
7.124993464502037e+01
1.989634773689152e+01
4.919814260173502e+01
3.732489330569510e+00
4.540725948540832e+01
1.962698312458907e+01
7.875438089424482e+01
3.152686698898993e+01
7.925186901318462e+01
9.505124655321764e+01
9.450090955686797e+01
2.980063167857035e+01
1.843406284155048e+01
6.829018987169964e+01
8.732965946538823e+01
8.906901343216607e+01
6.203618317937300e+01
8.520271730851509e+01
4.051093107113192e+01
3.804978655560397e+01
6.218640835126229e+01
1.090245121666344e+01
6.860944590000877e+01
7.024422295868592e+01
9.091794327409842e+01
9.203153666669109e-01
8.758248481321264e+01
2.194437548608723e+01
1.237735618482221e-01
5.090538926930418e+00
7.366397579836844e+01
5.172309994312148e+01
1.873894786403466e+01
2.666717843463047e+01
1.702988209064579e+01
6.414620734944297e+01
4.629416160578567e+01
3.544878695879541e+01
2.869598261485620e+01
2.554603057240417e+01
9.083550949154213e+01
6.576205830358064e+01
1.263330211519883e+01
6.206879488288835e+01
5.886374826490123e+01
3.394484544822240e+01
4.215017181921293e+01
3.889024315350235e+01
6.253332680209229e+01
4.390863550077594e+01
9.369087628726422e+01
1.383271828006614e+01
9.007152639798425e+00
2.226952725195770e+01
3.286713288764801e+01
7.390193323320800e+01
2.318984261862461e+01
3.215368372954134e+00
4.970767444451697e+00
9.635279490442610e+01
2.170748590571223e+01
2.580161696570070e+01
4.059591365074549e+01
2.415064076154988e+01
2.625439224124625e+01
1.444751262406237e+01
9.119106260649443e+01
1.602697713115577e+01
4.989629958285778e+01
8.259365390175658e+01
2.430898757852101e+01
4.424556817125788e+01
4.308393734650870e+01
3.407196292377634e+01
1.479253061804573e+01
8.240796028748525e+01
4.763367983868051e+01
5.694270248382478e+01
2.129820344098760e+01
3.274805798788930e+01
5.898217081976225e+01
1.997399540616851e+01
4.165625155049202e+00
8.909855451858535e+01
8.391677694577574e+01
6.566022306944254e+01
6.791441937345752e+01
4.369760302067623e+01
2.768646503225270e+01
3.272173154760233e+01
5.002708409448484e+00
2.652838771535474e+01
6.561221250594231e+01
1.041409555376232e+01
5.067902847690463e+01
6.805430309290732e+01
2.486160817782470e+01
5.422829019568315e+01
6.681726005245804e+01
7.475790776068247e+01
8.161529823281583e+01
9.112624763097905e+01
3.386871690576370e+01
6.923710832802445e+01
9.713385514781524e+01
3.772040602644925e+01
5.164506856894356e+01
8.438239273819252e+01
2.752442729078439e+01
6.233011822324718e+01
9.397090174908325e+01
8.650659811054663e+01
7.118150516002510e+01
3.121247977540478e+01
4.845678040220252e+01
9.168926551551058e+01
7.629882505922524e+01
7.620774450535315e+01
3.538686848962068e+01
1.693604607923704e+00
1.219423157730803e+01
3.062661258998635e+01
2.822199232327844e+01
2.777973926988418e+01
6.238403393066676e+01
7.890102080018308e+01
9.583404236279151e+01
8.724564210849145e+01
1.734875208574755e+01
6.265130236868342e+01
8.743435660723334e+01
1.386495214601278e+01
5.377754999966247e+01
7.693254052518520e+01
4.284271436875812e+01
9.722460484934253e+01
4.808263799551997e+01
5.895233613390118e+01
8.941840151763447e+00
4.274574645922787e+01
4.037680702301525e+01
7.709258165075099e+01
8.132434407310763e+00
2.352394518606548e+01
9.817377459172802e+01
5.172506698953224e+01
6.704061020493536e+01
5.415747345153125e+01
2.721929132343237e+00
9.840940283537350e+01
8.046635961181781e+01
7.723660267760819e+01
9.030245476882087e+01
3.182219664185410e+01
4.548918532463218e+01
3.614673811762908e+00
6.297409113635034e+01
2.084671003783434e+01
2.983252724159161e+01
7.922148177363979e+01
8.349801240651774e+01
9.375641140796077e+01
1.823301344096335e+01
5.712203795887625e+01
2.762911581789568e+01
2.554028100592097e+01
6.183500981975114e+01
6.479036093912570e+01
8.449261713982216e+01
7.077684997151459e+01
8.641619728245595e+01
3.571366650784093e+01
4.691511492566909e+01
9.454863168976672e+01
1.946533844781357e+01
4.508888947083097e+01
2.074292568524504e+01
1.423171717404933e+01
7.966706095247858e+01
4.221568449503541e+01
1.365039456340037e+01
6.414246292046386e+01
3.944861294676020e+01
2.650814998266667e+01
4.821553325663113e+01
7.936281891510022e+01
7.577288047213708e+01
1.118962434641534e+01
1.261341642244412e+01
2.071623896281991e+01
1.818257338282772e+01
6.880600311272126e+01
7.097430530515234e-01
9.585492037974992e+00
2.676674263866932e+01
6.721359424628950e+01
3.512577304389596e+01
4.389365536342080e+01
7.925439592416137e+01
1.961839013715200e+01
3.869342517046883e+01
7.221346724415825e+01
6.439549991134344e+00
5.088353219948873e+01
4.123132589330493e+01
6.567716173160689e+01
8.967647742930636e+01
7.014577173169040e+01
9.195538363044867e+01
9.796786229031527e+01
9.878345811682915e+01
7.790944770812497e+01
6.211032516421299e+01
7.337024820659786e+01
4.042738314737910e+01
1.032585837427800e+01
1.627134979528904e+01
2.993884693362697e+01
2.151548276725946e+01
1.579340501492536e+00
1.438038573338668e+01
1.286796131770497e+01
7.038534361421380e+01
3.801667086687716e+00
2.245345335567997e+01
7.452824650077532e+01
7.811862238595198e+01
5.757922639957593e+01
4.438348428550339e+01
8.659870512159480e+01
7.719761653672793e+01
8.307690945597221e+01
2.854272989953995e+01
3.444567939007919e+01
1.861947542923478e+01
1.214505835070510e+01
6.867618563988999e+01
8.295952811975010e+00
3.297765824616777e+01
3.837985658942715e+01
6.263815102290277e+00
2.401874182932951e+01
3.758772371224487e+01
5.812922388228085e+01
5.131364523028658e+00
9.306527725097969e+01
1.457770569928815e+01
9.210016084467068e+01
4.725660520943655e+01
2.154814080407291e-01
9.367950134616322e+01
6.844641294723675e+01
1.308344272574570e+01
6.406484491381089e+01
1.981124185016902e+01
3.553689612799180e+01
1.160891256835727e+01
2.079818049482916e+01
9.311612252756773e+01
1.273060450923192e+01
1.820404567672128e+01
7.031373906429566e+01
6.799214764870337e+01
4.674677557626124e+01
6.232737016972497e+01
8.661162307793816e+01
2.557236609308625e+00
2.614905248682436e+01
9.490757588991316e+01
9.991557518947664e+01
2.345910040822769e+01
5.359958198554794e+01
3.623496291052316e+01
4.304250499375281e+01
6.954553125870672e+01
9.976312802162167e+01
3.465112207208346e+00
1.521847304665412e+00
9.186328881972624e+01
4.078521418421772e+01
6.193979809151021e+01
8.554279011932331e+01
5.984303190365575e+01
2.945520013079755e+01
4.960763498656807e+01
4.040969523620312e+01
3.806628996416288e+01
3.114504699182932e+01
9.788734591467649e+01
1.086004563181663e+01
9.839559150785003e+01
1.609139154483163e+01
5.673144983906832e+01
6.542012322015135e+01
6.283816712109287e+01
4.402918258869517e+01
8.306161224984639e+01
4.278013517278253e+01
9.622333911071686e+01
9.203416565062207e+01
7.983457612797366e+01
6.160695220418598e+01
2.573736455558677e+01
7.494634872998407e+01
2.983985716935241e+01
9.528289581429348e+01
3.762558774912058e+01
6.171570730475509e+01
4.352842566721534e+01
3.076189389953478e+01
4.803424344772205e+01
6.698737683100038e+01
5.211555555095689e+01
1.805429696946139e+01
9.746050001003803e+01
1.723190490958835e+00
5.638176312501625e+01
5.061524112271854e+01
9.186257943132081e+01
5.426910899312659e+01
4.081271376498636e+01
4.019939160915063e+01
7.036050053795823e+01
4.946108239212123e+01
9.963981113379813e+00
3.319866761248497e+01
4.535310801367886e+01
9.377104481392124e+01
8.481075269394124e+01
4.157644707782960e+01
6.418835239679942e+01
6.464532877534876e+01
2.061373103438585e+01
8.490847627860889e+01
6.584274599600711e+01
2.714146972966449e+01
2.729104544375606e+01
8.496298137352009e+01
2.416129583686651e+01
3.233862418324622e+01
5.153574685171980e+01
3.089414938860300e+01
9.932600106081273e+01
3.651302356110561e+00
8.064221696958049e+01
7.426036627695913e+01
5.374492893635525e+00
5.385179792244536e+01
2.487560735311154e+01
9.723707232495633e+01
8.120906915571963e+00
6.568832111809790e+01
7.319916559997908e+01
6.522732617576948e+01
6.701224654308159e+01
6.742783652964413e+01
2.169694389295622e+01
1.236535451019432e+01
1.374063864990167e+01
1.239136355574772e+01
5.394180158802392e+01
4.558113545439259e+00
3.128235523183008e+01
8.229397976877819e+01
6.785470799908727e+01
8.838521092589255e+01
4.833378929101573e+01
5.561447299812663e+01
2.649884122726453e+01
5.331700390824908e+01
8.795309722793898e+01
7.803458807898434e+01
6.334461973204493e+00
2.526834282338076e+00
8.168589048166103e+01
8.690206165746882e+01
7.678720055929720e+01
8.706038337529655e+01
8.127165007464198e+01
1.662807865842622e+00
9.683405528628923e+01
7.030149287092568e+01
5.336413711931749e+01
4.845173435679252e+01
3.350884957868087e+01
8.381851123823715e+01
2.256999417327810e+01
4.518892464469603e+01
9.264283212490513e+00
3.631063282317977e+01
6.907491002654420e+01
2.931954382421428e+01
3.083056943995439e+01
9.161737495642964e+01
8.298613246669348e+01
6.339241418214162e+01
1.398233897703809e+01
2.104897299830288e+01
9.937640470423569e+00
4.048118025086875e+01
6.472089768607211e+01
1.695801150843408e+01
1.851576828328695e+01
8.379064536829975e+01
1.948484579077216e+01
2.016587183818495e-01
5.788280398486313e+01
9.627204639663549e+01
7.592594794739314e+01
2.375191781844568e+01
9.793485426247813e+01
7.155949770079903e+01
7.877935999016248e+01
6.655711385726795e+01
2.001123201102541e+01
1.228820952227721e+01
9.964935872687462e+01
4.258122618430351e+01
5.747713416697324e+01
8.434330694579674e+01
8.209251998089837e+01
7.494447574715338e+01
4.704862029619916e+01
9.313148287736415e+01
7.108773718173045e+01
2.527637431643734e+01
7.522581465320000e+01
9.403458945175382e+01
5.355014244725469e+01
3.347299435803341e+00
7.108295959005270e+01
2.074798332562111e+01
1.238037087599764e+00
4.406702469292424e+01
2.554673060101770e+01
5.008793834135305e+01
4.426868341130609e+01
3.990979131306977e+01
3.633541634135666e+01
1.303544869322118e+01
2.614403102833034e+01
4.471817461062138e+01
4.634916798507290e+01
4.923390971926689e+00
3.409070159964762e+01
2.310145521680892e+01
1.721160049420390e+01
3.765534797574177e+00
6.568268140111243e+01
4.639765678271542e+01
3.224017486546197e+01
4.434071865134906e+01
7.332999271961394e+01
4.590302558890685e+01
3.770602323939373e+01
3.730179622643711e+01
2.943002862363590e+01
1.293183784602761e+01
2.948780596698066e+01
5.238804982620666e+01
2.971771845115243e+01
6.865159630247001e+01
2.473625630360853e+01
5.065678360436894e+01
8.799089556000703e+01
5.028298690462623e+01
1.736362856690009e+01
4.337477043428215e+01
5.267510011451091e+01
4.058147880275803e+01
5.924327730165947e+01
7.881913114284124e+01
9.841721951887813e+01
2.195049138830532e+01
8.374252216133407e+01
8.793391207602524e+01
8.528337105423370e+01
9.541226089718391e-01
9.390247901617664e+01
7.552235432691981e+01
4.735682711347790e+01
1.897810707752505e+01
9.187228842259957e+01
4.897284998976292e+01
4.564441053459626e+01
4.913609644823526e+01
9.720019255634407e+00
9.928889390979375e+00
8.271540807686533e+01
7.562488428113279e+01
5.805461018255661e+01
8.530756220468672e+01
7.791744814157367e+01
8.279086648616514e+01
3.596434576248952e+01
7.702353516454973e+01
3.219155004815736e+01
6.764904645627785e+00
2.039830559883188e+01
8.267932091033055e+01
6.046394955388455e+01
1.093251468191506e+01
2.607235658265294e+01
5.564363643324172e+01
7.329952063658253e+01
7.657007378366313e+01
6.761917381902187e+00
7.957162381129881e+01
8.335849167004157e+01
2.414634093835314e+01
2.710319348941706e+01
5.230717600896357e+01
8.372916215273048e+01
5.253094674671579e+01
1.002960964573063e+01
2.937357264076060e+01
5.853615745833896e+01
6.727101638320416e+01
3.090825114907150e+01
6.358362327496690e+01
2.994299248323915e+01
9.322519036625754e+01
4.889118543308749e+01
5.663431503653261e+01
4.529348846771451e+01
8.485553119557702e+01
7.402234695573446e+01
1.827651491308422e+01
5.617999693200923e+01
2.571158438255619e+01
6.411629527067592e+01
9.233191762693781e+01
3.664409906447125e+01
2.702819235950158e+01
4.797555401361340e+01
5.316905903311869e+01
7.699498654203256e+01
5.085176683536348e+01
2.905175463717979e+00
8.695675781320629e+01
2.903313000175782e+01
4.966525875482021e+01
5.116730246281591e+01
1.276229210792216e+01
2.196205501536003e+00
3.186306382150532e+01
9.586204904870226e+01
6.592593959808626e+01
8.618117211674394e+01
4.658387654767552e+01
5.318989909868217e+01
8.246815757940902e+01
9.086498529224889e+00
3.155223514491330e+01
5.053500782257645e+01
5.437998699693940e+01
3.401013521198655e+01
2.062016908108265e+01
5.669704445483956e+01
1.942089638645803e+01
7.732770674737529e+01
6.137248597171740e+01
1.175281396682971e+01
2.190657682805628e+01
2.554800381211005e+01
5.972836798044311e+01
1.365847592878085e+01
2.542990307576484e+00
5.128147050332347e+01
6.448729809582574e+01
5.164505674114687e+01
8.031460050508129e+01
1.415255685064595e+01
7.997000863774214e+01
2.967668088603610e+01
1.634876235218195e+01
9.153126119241642e+01
3.521275731512008e+01
2.614061489055893e+00
5.723641908598896e+01
8.179663390936173e+01
8.750752875930981e+01
7.646911408587783e+00
9.088313243858663e+01
2.817403256342469e+01
1.344390400380078e+00
4.526311938895989e+01
4.887820316892034e+00
2.196455948146273e+01
4.376627087768459e+00
2.430871670335006e+01
8.707914593959187e+01
7.487407218426189e+01
3.606153067017976e+01
8.985722721082029e+00
4.220759498058241e-01
6.728689762171679e+01
2.788524209888896e+01
2.965066303948437e+00
7.256881486278438e+01
2.947161077962798e+01
3.176777247887467e+01
1.807962084099633e+01
4.362416763027392e+01
1.173778107005068e+01
2.046286217889882e+01
7.195903606338382e+01
8.739697085106604e+01
5.567561949401890e+01
8.010926390071830e+01
1.409203168660963e+01
3.633472609163017e+01
3.037705814017777e+01
9.389669224335658e+01
9.210078706597015e+01
7.138670155377439e+01
2.974676444649080e+01
7.361850513779488e+01
7.379387271301535e+01
5.020142223229698e+01
4.415699683323363e+01
3.839314348920860e+01
3.728056812532273e+01
2.650302542676359e+01
3.664476929076238e+01
4.626629084640476e+01
2.692510137656941e+01
3.803017830384438e+01
1.125060353020700e+01
1.375893173448692e+01
7.950603709533161e+01
4.072221430983497e+01
3.375765431381652e+01
7.392237278349808e+01
8.434638198667503e+01
2.723488781006769e+01
2.735486884012580e+01
3.979722971087193e-02
9.015124993871490e+01
8.303048833414469e+01
2.442857582328309e+01
8.386217867204090e+01
3.167976328715671e+01
3.847559198666159e+01
1.438371767959731e+01
2.233624431413423e+01
5.872123123087047e+01
2.237633439822883e+01
5.537180400237991e+01
3.970659186118589e+01
3.769277922701686e+00
7.410558586665690e+01
4.028983043520238e+01
1.714542304032735e+01
6.086112468543515e-01
7.693459972596476e+01
5.612461555568716e+01
6.694143082338452e+00
9.614128051145994e+01
6.737521908589417e+01
5.742388035050774e+01
5.167224879920121e+01
8.097433349163008e+00
5.421072917720803e+01
9.576731137734247e+01
9.244381533583804e+01
9.247754173934345e+01
2.312218017090213e+01
3.676312725840283e+01
8.262879163149222e+01
5.981037270268909e+01
6.119170308168591e+01
2.389456425974824e+01
2.665541019600602e+01
4.402414338850609e+01
8.501204698579947e+01
7.898051528212639e+01
1.666914141581820e+01
8.240876406543364e+01
9.799017021338929e+01
3.526047847013011e+01
7.996613796798798e+01
6.120892486591308e+01
6.168725810092281e+00
3.323464981896554e+00
2.249780205194736e+01
5.829479375774730e+01
8.772168009901497e+01
2.380799037581682e-01
8.296943110552124e+01
4.830828693150929e+01
5.766196025426591e+01
2.789402637998296e+01
1.000550217461097e+01
6.109945274009344e+01
9.500329242786546e+01
1.386554591072050e+01
8.530136620872717e+01
9.073422732331521e+01
5.062867316912332e+01
5.185011399530345e+01
7.935717109560835e+01
1.182037620424311e+01
1.076000337990001e+01
3.600144201703437e+01
9.961347193439186e+00
2.373423414478741e+01
6.954264634733211e+01
1.270672176624961e+01
3.738228945870991e+01
7.936880391993039e+01
3.810232241549637e+01
2.356033140027911e+01
6.914176986047150e+01
5.413592604647201e+01
9.132160809418262e-01
4.184613709423977e+01
8.368049519307935e+00
4.686229431389938e+01
4.208421699799793e+01
9.133748062482918e+01
2.326388262364263e+01
4.191249592318781e+01
1.192205790985471e+01
8.463818066969429e+01
7.648995796986388e+01
9.313010754675145e+01
1.703743963364392e+00
4.571128033367511e+01
3.507537307919719e+01
9.725763788319082e+01
9.756139437554468e+01
1.841538661085785e+01
6.319484168812393e+01
1.271784706633438e+01
6.288138402760093e+01
2.298036516782845e+01
9.553905944132202e+01
4.101353620226194e+01
2.751763068489620e+01
9.114043116156964e+01
3.805955002925337e+01
4.280927667525097e+01
5.963310508971713e+01
7.201319843158741e+00
8.796603688409833e+01
3.142400646182895e+00
4.904745693739851e+01
8.594521236882787e+01
5.000469496008228e+01
6.515018738114749e+01
7.728269294709092e+01
8.158495504482880e+01
9.087785118766028e+01
4.046490930042459e+01
9.179960866076854e+01
6.736780911095805e+01
6.175755195401494e+01
1.655808385301292e+01
1.307908944463315e+01
9.278766363523326e+01
3.337601797346771e+01
1.064048377361171e+01
1.120305019952499e+01
7.701056337776154e+01
4.692406526157822e+01
9.750047600711717e+01
9.526318083296678e+01
5.736232700634856e+01
9.417427903701285e+01
2.278081147129685e+01
9.808231205590177e+01
3.223382901970010e+01
5.499920340022035e+01
5.563638571446593e+01
3.943514886285884e+01
3.937269432440991e+01
1.953002648406198e+01
5.805334581902872e+01
2.531790664667166e+01
7.540588298598578e+01
7.961427973565380e+01
1.900644470891284e+01
7.003686026206094e+01
7.049213092331408e+01
4.361866719257956e+01
2.452629372688303e+01
3.785993998770599e+01
1.432468170035849e+01
1.603875184247212e+01
5.612003372801470e+01
7.112345289025616e+00
5.394121103637908e+01
7.737776729156160e+01
1.831539548855060e+01
9.227556897898930e+01
3.920103485658813e+01
6.340519094998258e+01
8.167721805240829e+01
9.656336186293669e+01
8.656898019209922e+01
7.847198395918682e+01
8.684703767618493e+01
4.781760095982700e+01
6.245900442006952e+01
1.383926794577356e+01
3.731939510317491e+01
7.871689599878941e+01
1.729316516653316e+01
3.586537420557131e+01
7.459099272945477e+01
5.903168677307278e+00
1.976932139125156e+01
2.975020498491368e+01
3.440163607448415e+01
1.218408030093838e+01
5.295839060701355e+01
8.985112346236180e+01
3.038559766969905e+01
8.851792383404351e+01
8.572476035250572e+00
6.470738093587913e+01
6.054375384028244e+01
8.673069490433237e+00
2.628689414182999e+01
1.044374760726641e+01
7.075558624731171e+01
4.458728090142239e+01
6.747601896872558e+01
5.774820496223317e+01
5.023593197122027e+01
4.969469190095304e+01
9.461084990511221e+00
2.702590628854274e+01
4.757893814126912e+01
2.087068223434998e+01
7.760297128819069e+01
8.489833329101015e+01
9.151668133750404e+01
9.489613645472383e+01
1.102570854640832e+01
4.985198636998049e+01
7.657665846709938e+01
1.611661474039621e+01
6.523653988970283e+01
4.952987658303691e-02
9.607146172601331e+00
5.241790528056114e+01
8.990065333894485e+01
5.793377759770200e+00
3.955830086002047e+01
1.450431855139524e+01
4.841659271550206e+01
3.707329399747461e+01
2.041172390822867e+01
3.882594515514837e+01
3.001833023969937e+01
9.116731015554038e+01
3.157812540027226e+01
3.042345267274577e+01
1.301022256399050e+01
7.250387509004393e+01
8.011814457369883e+01
2.337867995881414e+01
4.557776066734351e+01
2.769708271496793e+01
4.424936219316412e+01
2.318073190896806e+01
1.259541595941196e+01
2.691337285885279e+01
1.807686836369190e+01
3.507369711765726e+01
1.680372949540789e+01
8.372476221235691e+01
9.478603922519183e+01
4.804672927039058e+01
8.377429208893994e+01
3.143739110391466e+01
6.624165972054082e+01
7.367494542788478e+01
5.476820303814868e+01
4.277119987773299e+01
4.539890216914886e-02
7.731527559334192e+00
7.984449387520762e+01
2.729749648240279e+01
1.185632339299485e+01
6.857234675836393e+01
1.162443291937207e+01
9.429777539069660e+01
9.899579947767585e+01
9.948329585580309e+01
1.791136312201217e+01
7.911394400480852e+01
6.085599789435789e+01
2.901479603211153e-02
7.706602820058635e+01
3.540576642165229e+01
1.991643804121597e+00
1.114016725269154e+00
4.864203992702162e+01
4.746724062015640e+00
5.015010752256499e+01
3.145222930770937e+01
8.847148627437255e+01
8.211455763416112e+01
4.727273147891869e+01
7.224577836331250e+01
5.613148610858781e+01
4.574061825207463e+01
4.592072374463115e+01
5.078271760176063e+01
8.851181817637375e+01
7.927970666404801e+01
5.851424516109481e+01
6.671853226922384e+00
5.159357765298037e+01
4.127100098006008e+01
7.524420003185244e+01
7.139320511901434e+01
9.913073130842798e+01
7.423999946296215e+01
7.687602288875543e+00
5.325910684338729e+00
5.335394342120455e+01
2.622947163238631e+01
8.053121826636196e+01
7.471576359808248e+01
9.334080959360152e+01
5.431493402193995e+01
7.582978032335164e+01
6.439028483088607e+01
6.582983749258790e+01
2.227360551351384e+01
7.827070121572851e+01
2.596208188960426e+01
4.388163101108820e+00
2.554343264808107e+01
2.139643096430061e+01
9.505007047906986e+00
1.067971140643568e+01
4.540954252956879e-01
9.202279820666779e+01
6.118674811962375e+00
2.065619627044359e+01
7.985236490138450e+01
1.279052803888476e+01
9.002410266083857e+01
9.027050006681611e+01
8.803472807073720e+01
