1.632629680276210e+01
7.210960154054203e+01
3.379367940770167e+01
3.965759917146415e+01
8.843894185891325e+01
9.238366153667852e+01
2.198378565813591e+01
6.201850202028570e+01
3.475807422527954e+01
3.019944016365309e+01
6.880146771147916e+01
5.246106519012762e+01
7.631564684040642e+01
8.852026555152622e+01
6.654301107234461e+01
1.950394637859610e+01
6.175606211729164e+01
9.982718816018999e+01
1.437584101891883e+01
7.753337057192500e+01
1.673664665629000e+01
9.874646183976273e+00
8.944458290443038e+01
4.889350060787680e+01
4.313403677341250e+01
4.087959157343935e+01
7.446846113282650e+01
3.041704005115528e+01
8.502659647959592e+01
4.613980252581639e+01
4.712299250397970e+01
9.024430317349932e+01
3.660195457590834e+01
4.761156651545855e+01
2.990190229839734e+01
1.861730395751880e+01
3.999522805213706e+01
3.980185186481190e+00
5.390640867590272e+01
4.462152386299405e+01
4.200162624102162e+01
9.324738359695644e+01
9.380831708843276e+01
1.831727308142803e+01
7.730058882259792e+01
6.035132811421124e+01
4.432225164227292e+01
6.797076653128991e+01
4.986136930522573e+01
7.637156950140911e+01
1.659002146524844e+01
2.246120470690597e+01
6.207170666291923e+01
6.034604323112687e+00
7.135470531478278e+01
6.690630850703749e+01
1.800909015257335e+01
1.393367117919664e+00
9.052552729403858e+01
4.148667712765126e+01
4.753316964373606e+01
8.029703571474973e+01
5.238545511494645e+01
7.771153178890773e+01
2.790860223020827e+01
9.392945882581614e+01
8.827817397577602e+00
2.842864125428192e+01
7.506758001403306e+01
6.273422607348031e+01
9.251082134084349e+00
5.715270813421937e+01
7.021202527462134e+01
3.059399222517106e+00
5.822854333474699e+01
9.667024426007190e+01
5.078874428327602e+01
9.604976279477113e+01
6.464101074479566e+01
6.913528538734433e+01
4.824682322714796e+01
3.818715682168825e+01
9.159649009425030e+01
1.031852984350106e+01
9.193890778903798e+00
2.717967421150751e+01
7.042701708638435e+01
5.610808672202197e+01
9.976014741685249e+01
2.506921488096435e+00
8.730734856208198e+01
7.610621097316323e+01
8.280395724941229e+01
4.998021896461967e+01
3.896471203256618e+01
1.071255943305444e+01
4.390967774386969e+01
4.779252947670991e+01
4.559489695615829e+01
4.181932175616702e+01
2.711122018616238e+01
8.786747184948412e+01
8.173059205605210e+01
9.596885796448629e+01
9.092687107200122e+01
8.088917586993854e+01
4.483585955800296e+01
7.018836940181832e+01
7.011108499491172e+01
3.140512454854563e+01
2.347288374950778e+01
8.425572136615203e+01
3.456441100433674e+01
1.506937384375807e+01
2.507031388816904e+01
6.172984156838145e+01
9.827292538167579e+01
6.500126829603747e+01
4.600150349829416e+01
7.778071662307751e+01
2.595381258332814e+01
3.330885206037613e+01
2.952177637700074e+00
2.455487662207097e+01
1.389619028842831e+01
1.780688106911578e+01
7.736581087921085e+01
9.135104906342507e+01
6.559941054582569e+01
8.731602923353950e+01
9.650223087356530e+01
3.402771904786477e+01
5.961091260407628e+00
3.249174921423744e+01
7.209502401393605e+01
3.477654342296373e+01
1.338092508417597e+01
7.618682406665144e+01
9.554908582733435e+01
8.349201007908769e+01
2.201423902158357e+01
6.638756877108830e+01
1.919657365381558e+01
1.748150876605953e+01
2.765639942495916e+01
4.426688754198462e+01
7.921135033444099e+01
3.575374527636625e+01
2.560926025063230e+01
2.521285378616901e+01
6.259971194090308e+01
6.065404967435358e+01
8.324220221640644e+01
6.555188957860317e+01
8.520892629642455e+01
3.068357348939571e+01
2.232180993180806e+01
2.693005857380576e+01
9.008331675551986e+01
2.923830879351045e+01
9.459817320788193e+00
8.658554762908516e+01
6.326602788794136e+01
5.330948971831682e+01
1.907729679675647e+01
9.461699239658982e+01
8.808603318784667e+01
2.496605423510357e+01
5.866146211450057e+01
4.111698122747102e+01
1.583505050085255e+01
8.067570113608413e+01
7.504549951993185e+00
9.095976813275357e+01
9.815720990214368e+01
4.498536984668363e+01
7.941369315582034e+01
6.466785961048112e+00
2.312056856375214e+01
5.022953406452645e+00
9.224783586908497e+01
6.578253818013824e+00
5.601302373968671e+01
6.110311982273270e+01
8.890716595989986e+00
9.059331384049418e+01
6.173611481754860e+00
4.898484346875215e+01
6.815200856335089e+01
2.820823398800950e+01
6.045083536787463e+01
5.353074798059219e+01
1.018988029574504e+01
1.652330132970740e+01
6.840237652342878e+00
2.926717709250151e+01
1.833385560583968e+01
9.492627084018955e+01
7.848523761075234e+01
8.913767206908095e+01
8.929015201949055e+01
9.432028811160490e+01
4.978780050286455e+01
6.191364632077219e+01
1.282243654728981e+01
4.794501040500822e+01
4.178007181816737e+01
9.223612970311015e+01
9.455234762027503e+01
2.477814817092295e+00
9.725908310956279e+01
8.680018344279388e+01
9.056068635106119e+00
1.174059096339186e+01
6.229022148171916e+01
7.474873060116019e+01
2.333904803886034e+00
6.846383296347402e+01
5.961257128958245e+00
4.640483541712391e+01
4.612345301831302e+01
2.161000958718826e+01
9.993558339771609e+01
5.631333331405806e+01
9.012895575264885e+01
6.775821050058966e+00
3.360447759442240e+01
4.858394826230777e+01
1.702091843682384e+00
4.730590942655965e+01
1.769604762908818e+01
2.915144391784046e+01
6.410003223647365e+00
6.748384813195274e+01
3.574218397761797e+01
3.780397690730354e+01
1.542885849039483e+01
6.772621770749157e+01
3.004010656384756e+01
4.074242908542158e+01
9.024540460214271e+01
7.892661973784054e+01
3.457201306455397e+01
5.610341856074679e+01
7.623741062182813e+01
5.763551795745060e+01
4.567490473653883e+00
1.477015144879471e+01
6.532606746318102e+01
3.681340624429910e+01
2.145490088567832e+01
2.627809128085062e+01
5.309652032009163e+01
1.053774664669193e+01
8.259142464147480e+01
9.335445444721471e+01
2.225867799588417e+00
7.568790622786055e+01
1.817265712570989e+00
4.208715974450445e+01
1.547784442802791e+01
9.941774909357436e+01
7.123860366234491e+01
9.418762461011653e+01
6.455166948239862e+01
9.718474955166911e+01
8.587768403155621e+01
4.042253375073081e+01
2.086216896812532e+01
8.303468212626628e+00
8.116496283615238e+01
3.843941406274188e+01
2.433156223238053e+00
1.149941236316199e-01
1.125979032891793e+01
7.464243856940533e+01
9.697722866990475e+01
6.964021826611841e+01
9.344071829386090e+01
6.230329613308576e+01
7.892534568855788e+01
1.489561917953920e+01
2.430143050118416e+01
8.215084438312373e+01
9.150874912343396e+01
6.638485918118845e+01
4.545308046296848e+01
8.599867438245504e+01
4.207276536248287e+01
8.526685996226354e+01
6.974639337032400e+01
2.985038674895204e+01
7.674031363648378e+01
5.221124633783998e+01
2.057121271294132e+01
4.129198307231627e+01
3.816974653777189e+01
9.883457440828653e+01
5.906313455619995e+01
7.883615408969864e+01
7.138042620913146e+00
2.460611561527761e+01
1.727556810587438e+01
3.585538805269422e+01
3.916023519782360e+01
6.949687589402164e+01
1.452595485119426e+01
2.169833840881397e+01
1.160881529171430e+01
3.339926303988288e+01
3.419066217457441e+01
9.053416098027218e+01
2.286229232459436e+01
8.303065043083887e+00
7.338492249761937e+00
2.870265693809029e+01
7.468792422427234e+01
4.819030410060208e+01
1.470133132054533e+01
9.157318160476777e+00
2.551286864351149e+01
4.570128514696904e+01
4.661107628914112e+01
8.083511971907463e+01
4.910326914354380e+01
7.064908764820970e+01
4.354516530574540e+01
2.485602871740983e+01
8.056478294570222e+01
5.679837798550650e+01
2.793674246777629e+01
1.398701477515838e+01
2.721441543065683e+01
8.617382803288001e+01
5.855367638103369e+01
5.193552521613218e+01
5.567070388033554e+01
6.436835772561300e+01
7.363386367151227e+01
3.752578633722187e+01
9.336078404139764e+00
5.763549816684588e+01
5.781368010575589e+01
9.519732319526250e+01
6.593856320992977e+01
9.797952161076456e+01
4.349298129952186e+01
5.868988444967655e+01
7.868898952318773e+01
1.944787307616690e+01
6.784720261015333e+01
8.882952699848894e+01
6.514915826970207e+01
3.998253216966173e+00
6.966464667099744e+01
5.183544040277388e+01
6.695670758697983e+01
1.827012864792260e+01
4.300652073836257e+01
7.563164079358413e+01
7.506850663342910e+01
2.891992900004607e+01
6.919913858603645e+01
2.122474341710319e+01
9.080203957427389e+01
4.999829300213526e+01
3.175844612147587e+01
1.764617758693461e+01
8.340989909293592e+01
3.845581693502880e+01
1.375226253352699e+01
5.574492991703792e+01
4.561080646031108e+00
4.581299328515911e+01
5.094225306573429e+01
2.896637112319766e+01
4.379251484935754e+01
5.703381633247893e+01
6.959285851083364e+01
8.075361753849015e+01
4.696779090304290e+01
2.698003543865869e+01
8.495547565862326e+01
7.903226571112511e+01
2.381066234028463e+00
5.305778279577279e+01
6.972305479912229e+01
6.933777382100828e+01
7.132791144369538e+01
1.272957553748487e+01
4.496941461459241e+01
4.639641803055835e+01
4.164950453753094e+01
3.641403123569397e+01
6.762116144766154e+01
7.375840995170103e+01
8.641232423782922e+01
7.416237684626243e+01
9.140458753863562e+01
3.248833233140797e+01
1.261819378129123e+01
6.321443229132072e+01
8.823326229501201e+01
1.717927442732233e+01
9.238954474795122e+01
2.941979245721353e+01
2.987082816188728e+00
3.618205955074264e+01
8.645360883625858e+01
1.332441988090259e+01
3.074566872359518e+01
3.342139969273536e+01
9.955997681224717e+01
2.554096049887173e+00
2.652612283198448e+01
3.053826546787203e+01
9.396461206207266e+01
5.739382894588347e+01
3.030797747443802e+01
3.537533364043354e+01
4.966781826208710e+01
7.527739208903043e+01
8.492091707183090e+01
9.131732284618417e+01
1.169142327815826e+01
5.254207847292631e+01
6.507573275131907e+01
9.810374751598748e+01
2.670445531918875e+01
2.959198696985468e+01
1.045118007364272e+01
1.983020646489701e+01
3.056871659614552e+00
9.683856810295887e+01
9.385091820445420e+01
9.544641640756578e+01
3.601408337057293e+01
9.683800102064293e+01
6.443179713768502e+01
6.962483309657537e+01
6.941794234766530e+01
8.203041757551507e+01
7.364600388037321e+00
6.897791911334635e+01
7.651294948370800e+01
4.364481304941923e+01
2.529258943409314e+01
4.370953708128516e+01
1.038641995302700e+00
5.560056690853116e+01
1.392445923477619e+01
6.599164617526887e+01
3.268172784367657e+01
4.331901992825745e+01
4.313203708414549e+01
5.972026808174340e+01
1.969703157418270e+01
1.757890485114367e+01
4.067312979170732e+01
4.640148689337144e+01
5.285384131262724e+01
5.112430986535005e+01
7.522323773020098e+01
4.566026057380264e+01
4.128111537605576e+01
6.907415588808905e+01
7.256251316171256e+01
9.668370121935554e+01
3.463488795544714e+01
3.767885185670054e+01
4.692003184320407e+01
3.533009920983115e+01
6.656513375535846e+01
6.403872206063882e+01
4.690522004240435e+00
4.307808323906646e+01
7.683535063491918e+00
3.824202811263596e+00
8.678762032035162e+01
6.408932170089768e+01
3.950428233458859e+01
6.902165634977709e+01
7.471382323406350e+01
1.646163734442630e+01
4.008638772186190e+01
7.777834314749499e+01
5.903101962014614e+01
8.664211625542590e+01
9.535724799863866e+01
9.970414941185346e+01
2.275127872021463e+00
9.396155592704264e+01
5.082845923063739e+01
1.725838515779860e+01
3.962181645427915e+01
5.346718246744349e+01
3.022532329439434e+01
1.286887117329467e+01
3.076238121407218e+01
6.486021124984147e+01
2.328607203591898e+01
2.733317163183036e+01
5.228347519984631e+00
8.985120583784358e+01
5.324673887959063e+00
9.918869524225066e+00
3.292928903034390e+01
4.940467018140697e+01
9.570701820575958e+01
5.739368393895854e+01
5.812684724020160e+01
3.521130054034819e+01
5.416105173256297e+01
4.726045720617308e+01
7.397310718613356e+00
2.491517505837380e+01
2.503880030710194e+01
3.930358897862192e+01
8.078881608358995e+01
9.179424536032334e+01
7.047108703780504e+00
8.306394395561141e+01
8.981252130577924e+01
1.923317579516823e+01
4.018308824868085e+01
2.537761764851288e+01
1.153349341430398e+01
1.288531069312492e+00
5.544017406899490e+01
3.462739476683894e+00
6.614874231915397e+01
7.872624610491388e+01
9.557293480987332e+01
7.137708983913859e+01
6.857745189619132e+01
8.976086512662511e-01
5.821793966843650e+01
3.360197955444547e+01
7.227095778671604e+01
2.119794037248843e+01
2.122365018409847e+01
8.077885940707236e+01
8.913625841454429e+01
4.515671517940086e+01
2.803931656667931e+01
9.653356913315764e+01
3.940415458725959e+01
5.307811687378125e+01
8.960921270288956e+01
2.029371025054423e+01
5.719251560847858e+00
9.029167838873884e+01
4.321841334142648e+01
6.328668643873496e+01
6.211744261072829e+01
8.340150163667347e+01
1.685267045016059e+01
5.333609671952952e+01
9.917130884675835e+00
5.507195156769452e+01
3.828054035002391e+01
8.867745808729784e+01
3.379819762604227e+01
1.942569288398404e+01
8.607721891537178e+00
2.944575298086077e+00
4.229198053585923e+01
1.323052202967486e+01
3.882390402202676e+00
7.683997651414944e+01
6.715547990387095e+01
2.510604063286727e+01
5.761883592122180e+01
5.629173827184911e+01
7.269893357190253e+01
8.565815248790111e+01
4.641611773819482e+01
6.994564736725094e+01
2.212422500463399e+01
3.602533039451825e+01
8.561185434721962e+01
1.221043444807196e+01
2.631700878325710e+01
7.561521175113283e+01
7.549712088680693e+01
6.811961208848265e+01
5.413536394673184e+01
7.512889838550653e+01
2.145570876144604e+01
6.893384422591600e+01
3.020084990663494e+01
6.676251598017407e+01
5.761130226664771e+01
6.399904757924334e+01
8.618820886415811e+01
1.262388462788606e+01
3.810830546454913e+01
7.822676658547798e+01
6.095928887881306e+01
7.465486036364682e+01
4.304312767602649e+01
9.300988656143187e+01
2.197078709582369e+00
8.800387097895326e+01
2.984613181550341e+01
3.043138456085296e+01
9.834373146218421e+01
7.626224955369824e+01
8.699910039408091e+01
1.832731474113060e+01
9.078939752224339e+01
1.939589875722113e+01
4.617079130661245e+01
2.233612962175912e+01
7.033089151155710e+01
2.478755611217933e+01
1.600030437856927e+01
5.402782380302801e+01
9.991645454425199e+01
4.448227996215331e+01
4.968350909169927e+01
3.011730440432081e+01
1.124479589576125e+01
8.057297024902560e+01
9.411635198356414e+01
3.139184146718674e+01
8.318700244798652e+01
6.049104903847493e+01
9.618608006098590e+00
4.414629132679956e+01
4.085777543525108e+01
6.895632178939708e+01
1.620720178643577e+01
4.305485414483345e+01
5.696019276835034e+01
4.605333364850532e+01
1.795086637975223e+01
5.316328250484694e+01
6.348970488807638e+01
5.691968116765827e+01
1.279466227292766e+01
3.460316310385389e+01
2.434586548448813e+01
1.766138850602386e+01
7.661523203207889e+01
1.323945890797277e+01
8.315070913319975e+01
9.261553641064816e+01
7.338479974930398e+01
8.481122953109967e+01
8.111862143553729e+00
9.634646773168187e+01
7.774210897169174e+01
4.834261226856271e+01
7.691943798070747e+01
1.102276454261633e+01
4.577561702848208e+01
7.011629281105300e+01
7.151381358109127e+01
2.033378981069373e+01
2.685391196368910e+01
1.289740903903609e+01
4.064513293124975e+01
4.306111379669100e+01
2.837321475538109e+01
6.239007099642887e+01
8.911444744519630e+01
8.491586399493546e+01
5.076860815788089e+01
2.608117997929509e+01
4.183554511602760e+01
2.225920535729230e+01
8.036028238961487e+01
8.474411251244327e+01
3.992059386331616e+01
5.697551437512762e+01
9.798357142041604e+01
9.985714601346159e+01
9.917289814873268e+01
9.594073751752299e+01
8.664625416819297e+01
7.284760245720278e+00
2.307850915150647e+01
8.562464145274117e+01
8.660810058312867e+01
6.920664313678007e+01
9.146136003148804e+01
8.080709631592366e+01
3.932293594783309e+01
6.350099363527308e+01
5.249590745777633e+01
2.849049024679255e+01
7.639840267430917e+01
9.314104038902606e+01
2.971919254852422e+01
3.235066581161259e+01
9.074636604206002e+01
9.231066768630905e+01
6.253795328668224e+00
4.151497415337477e+01
1.839184766560413e+01
4.347581870084434e+01
5.407041127517373e+01
2.179944544183065e+01
2.821993121328760e+01
3.694773327417100e+00
5.572764438378049e+01
2.620350258713751e+01
6.691204955191913e+01
5.318695076424021e+00
6.802528587543652e+00
5.355830367354597e+01
4.749804932973257e+01
9.908973379018239e+01
2.027325021115749e+01
3.410614986629511e+01
6.829637692696247e+01
1.173461019607941e+01
7.846137698668119e+00
1.287717288959640e+01
5.777564642847312e+01
6.034204515644445e+01
3.610980307502197e+01
5.163400645909552e+01
5.176271742757537e+01
2.025960670796205e+01
8.398467227070809e+01
4.422945149439827e+01
5.813966330985523e+01
6.449152457736970e+01
2.000001790933312e+01
6.036207967454664e+01
7.967343278214030e+00
4.951860511187400e+01
7.528364098411224e+01
3.618727449150164e+01
4.112533272296439e+01
2.320191609822303e+01
6.239077707863915e+01
8.037382228317384e+00
6.341520518223531e+01
8.131553227143155e+01
6.159568590186335e+01
1.091325446540176e+01
8.040526601504780e+01
1.870665620952223e+01
4.501940433169687e+01
1.682528770380900e+01
4.663592388231118e+01
6.322272166759834e+01
2.970246059340539e+01
2.187152766709753e+01
2.553534089845389e+01
9.243075879869552e+01
7.350553412619306e+01
7.729805832602925e+01
5.825975442224171e+01
5.714679651760812e+01
9.412705977173850e+01
7.959572811592172e+01
2.163832104841169e+01
1.412707763450550e+01
9.293092866099018e+01
2.307403307551240e+01
5.654033453042635e+01
2.211933286027952e+01
8.672524564281349e+01
2.932283949541060e+01
4.532124895850254e+01
2.818371589676650e+01
3.736022172372799e+01
8.736454094171735e+00
4.255378150500068e+01
4.361231161449678e+00
1.964970855957349e+01
6.172214414073254e+01
3.926254489424757e+01
6.466911293783649e+01
7.854743184454153e+01
8.055621622156176e+00
4.111794947698617e+01
8.249892391380804e+00
7.769996443656272e+00
6.665329037544005e+01
2.041240489129555e+01
5.051987136272707e+01
8.310530240792097e+01
7.799008608702108e+01
7.666667833769074e+00
4.382606178700275e+00
9.507157699906806e+01
8.649441082332955e+01
1.140433559725263e+01
9.754362194684502e+01
5.891065325537262e+01
6.794467012767898e+01
1.966295476055841e+01
9.629368949508932e+01
7.769838309739640e+01
6.498420376562709e+01
5.753193872865845e+01
6.743155078377181e+01
9.099876530980634e+01
8.572018709300094e-02
6.041961585191061e+00
5.489214302734106e+01
2.304476770714147e+01
1.105532683946906e+01
5.803947935720881e+01
4.562416521162920e+01
9.695379561602780e+01
9.915742883419499e+01
5.387405760301001e+01
4.723792013117946e+00
6.581071916306891e+01
3.686424351151299e+01
8.599932262953340e+01
4.581754051419792e+01
1.485432955196795e+01
4.617101207662886e+01
4.784047624461375e+01
1.684324527943658e+01
1.125947027991501e+01
4.596225919479609e-02
4.845750846362557e+00
2.082791417875696e+01
2.954915241782980e+01
6.106282601182481e+01
5.909024628768221e+01
1.017478737522605e+01
5.463092413480902e+01
1.197755421138255e+01
7.467908629899802e+01
7.504521267257873e+00
7.473926258959773e+01
2.330280296658296e+01
2.172194841398017e+01
8.440887685139145e+01
5.752719508368857e+01
7.976142777118899e+01
3.003304201645453e+01
5.448099065315024e+01
7.891885655881784e+01
1.517659254147513e+01
6.675194821634886e+01
5.592579518255116e+01
5.827610160143865e+01
4.520410529580158e+01
5.449164353985881e+01
8.004776997493941e+01
6.996916479895317e+01
5.194348238964728e+01
9.689101525437600e+01
2.690330544808102e+01
1.354796463323196e+01
7.804958204647973e+01
2.056549211059021e+00
4.282703713645554e+01
6.769630241566166e+01
2.038020594994547e+01
5.300182455824773e+01
2.232722655047068e+01
3.235776016132802e+01
2.502373881871986e+01
8.680986943040503e+01
6.857095783044163e+01
7.149560706293937e+01
4.920653372500396e+01
6.635498812718083e+01
2.902280210006181e+01
5.216218468368156e+01
6.413182246691167e+01
1.934027262932634e+01
3.108104119593326e+01
7.402106899489699e+01
8.609222089224133e+01
3.490465494566814e+01
6.881026517078759e+01
8.791268071528184e+01
3.030226036454656e+01
1.234494052470892e+01
5.788184546766889e+01
8.859147298549837e+01
1.250175419845700e+01
3.911048054653708e+01
3.501246219268649e+01
1.097272183325734e+01
4.116702975759610e+01
7.783949932914204e+01
7.377231399238683e+01
6.034518264250139e+01
3.084132384082364e+01
5.307766210896786e+01
5.417687788334530e+01
2.060494600823379e+01
3.125367366301532e+01
3.339695256827257e+01
9.210055307117317e+01
8.909406526437684e+01
8.910282384096776e+01
3.524225597979606e+01
7.485936799778572e+01
4.794730024782349e+01
5.458252860912239e+01
8.689765645512270e+01
7.966647747888531e+01
4.067474945479759e+01
8.874288270657085e+01
4.847674260310677e+01
3.524840401264299e+01
2.539087325585581e+01
5.291268041027369e+01
7.479908046070443e+01
2.564491379337614e+01
6.541443460873069e+01
4.447820360980844e+01
6.065737598606263e+01
8.681915797610728e+01
7.340775978444506e+01
3.849687531520467e+01
1.421340942113353e+01
2.679657518248846e+01
6.933819915602831e+01
1.366913398432971e+01
8.792982031029175e+01
7.044218893649159e+01
5.355666547713646e+01
1.067765597751255e+01
6.964504484536361e+01
4.265073069494718e+01
1.139630964556537e+01
9.076839997003246e+01
8.551299412991526e+01
4.302386508464062e+01
9.539554784791336e+01
7.241065053847183e+01
2.269034256352593e+01
4.273127114527453e+01
3.511892381828228e+01
2.396168905494813e+01
2.763444438000882e+01
8.548208236949615e+01
9.057216941871316e+01
7.110992459166326e+01
5.377437130258157e+01
6.641860551499697e+01
3.350654571946084e+00
1.443174728864419e+01
5.323776344453812e+01
2.235901487169741e+01
7.694455095424529e+01
1.382923531989997e+01
4.915559005418587e+01
3.388409667363581e+01
2.749836930422968e+01
9.844117700049708e+01
1.142858844782626e+01
8.050360320159402e+01
3.559790832716874e+00
5.782065827298008e+01
2.370576547631331e+01
1.495610052484837e+01
7.184203321665620e+01
9.571297615566895e+01
5.797996560948899e+01
1.311099404148338e+01
6.812362664757465e+01
2.632324198555353e+01
9.968852163277964e+00
3.242550465856935e+00
5.183739333964763e+01
3.635662004181957e+01
3.137200797506236e+01
4.085710045921481e+01
5.905845186629261e+01
8.514637927764393e+01
6.541135905562497e+01
8.570187333305454e+01
9.957812656628812e+01
6.051346937218377e+01
8.060888158185820e+00
5.013267386245200e+01
7.434270469208374e+01
5.721647821237169e+01
8.401677053608782e+01
2.500636536861135e+01
4.812005443876612e+01
6.748258153325068e+01
5.509968523639239e+00
5.723888741677575e+01
7.651899223053780e+01
1.570995054939294e+01
6.613820012013343e+01
8.347780163561823e+01
1.142292665849576e+01
9.337154938530715e+01
1.559860646519745e+01
7.954655335263654e+01
4.908853487534846e+01
5.310971338912366e+00
3.303732845608020e+01
9.937346596241625e+01
4.166759138073194e+01
9.117481037563402e+01
1.796409721391466e+00
7.257443776939738e+01
4.877672085947204e+01
6.720776877701644e+01
3.498354420763605e+01
2.196484372111263e+01
7.807909882537979e+01
7.415106495569975e+01
7.209751758356462e+01
8.236244641354421e+01
2.382994239396879e+01
2.616593750480839e+01
8.420352036329150e+01
4.831266829199748e+01
9.364851903805906e+01
6.709962909440492e+01
2.918888424951065e+01
2.807863928753819e+01
7.370150330183166e+01
9.532708436964410e+01
2.429560386775788e+00
2.151924163173849e+01
1.809237721287290e+01
9.203827119992965e+01
8.581957369382474e+01
7.155314221584850e+01
1.760572978183894e+01
1.493849890070898e+01
6.655437800407148e+01
4.599691878352171e+01
8.276978921274180e+01
6.784944332570278e+00
3.696153407774937e+00
5.489003013581505e+01
5.429121668184699e+01
3.867969761541099e+01
8.096289773516492e+01
6.231095840330746e+01
6.683476230447867e+01
4.895239144049231e+01
9.313947953895642e+01
9.827173822478937e+01
5.066679513578619e+00
2.887692508701092e+01
4.658440647022072e+01
5.216972094595885e+01
9.597655422798196e+01
1.533255801318798e+01
8.470496585811719e+01
4.075989082491020e+01
3.312667041696919e+01
6.114463054628327e+01
4.703291116609839e+01
1.698357794293369e+01
7.256939619433572e+01
3.285248481335699e+01
8.853672015878219e+01
7.689872359712548e+01
8.803696850688986e+01
8.495433767556881e+01
2.289564238064719e+01
9.415027778323287e+01
8.519791592154556e+01
5.606500574204373e+00
6.630823158952791e+01
4.603049868998607e+01
4.196456197740723e+01
4.727112932469283e+01
8.341457046727397e+00
5.711696076072611e+01
7.962639372778423e+01
5.301486181701294e+01
9.377766577237176e+01
7.991425268348038e+01
8.189178690402386e+01
2.388367523620076e+00
3.654057920749326e+01
1.969088382073254e+00
4.018795361751130e+01
2.124554506561046e+01
4.272897920698346e+01
8.846032022892513e+01
3.498983636265147e+01
8.976189037308185e+01
5.443898171858814e+00
3.557307731154052e+01
2.261437513987272e+01
9.398061833064101e+01
6.361708746460130e+00
9.987913575017785e+01
2.788796891825644e+01
8.272055912889567e+00
8.306488771134283e+00
1.962725087982940e+01
5.670389591562743e+01
7.461472040722832e+01
6.565774956981546e+01
5.816475467670931e+01
6.896490308873584e+01
1.293229251770875e+01
7.467782128354433e+00
4.381247621207148e+01
2.701406838698968e+01
9.059381163241053e+00
3.965983895569101e+01
5.828122098850144e+01
6.819431347222734e+01
2.997715549076775e+01
6.025030941714081e+01
3.718234036917907e+01
8.151285312208945e+01
3.432059489857433e+01
2.564266059810419e+01
6.390302873398318e+01
7.306429258224755e+01
4.948399791004323e+01
3.396502059603343e+01
1.535555409051271e+01
9.241762919929700e+01
5.837814745417710e+00
8.478559548258112e+01
2.030559807098731e+01
2.577657519177374e+01
4.773758028062879e+01
7.016455594923559e+01
2.798842714540121e+01
2.235230064129098e+01
5.590598520632181e+00
8.114892895386970e+01
9.084963337092178e+01
7.958980518374116e+01
8.861671108222413e+01
4.575039369321912e+01
6.603873524164722e+00
1.049427842278698e+01
5.838883838541285e+01
1.550972881517826e+01
2.194202710964811e+01
1.865614639532573e+01
2.063244330726212e+01
7.357772946058667e+01
6.803339816072648e+00
3.709777241197246e+01
3.417487006363220e+01
6.407202825139836e+01
1.635291088202638e+01
4.801205366291667e+01
6.717414849771845e+01
3.170846497253909e+01
9.032860588763310e+01
6.938594899577366e+01
7.113955648203360e+01
6.073528093320098e+01
1.137370034650606e+01
1.887713676266239e+01
6.551007035444960e+01
1.148424679948215e+01
4.122943740395337e+01
6.258728404649873e+00
9.763742866815880e+01
8.546758777716551e+01
8.584853358839104e+01
9.907232592770472e+01
3.121798142381850e+01
5.443665723057308e+01
6.677536706755653e+01
6.396118829211276e+01
7.962135927734028e+00
3.150863146013982e+01
3.201560221240651e+01
1.024606111936554e+01
5.086360874160361e+00
3.881894207504529e+01
5.906296640590902e+01
3.614416580467679e+00
7.202806997673031e+01
5.651939388202475e+01
4.609374443352863e+01
3.920221842788263e+01
5.109466628688140e+01
3.642235032116172e+01
7.979244565581551e+01
3.045553417431914e+01
3.176786472637573e+01
6.328826530989644e+01
8.863141098461645e+01
9.727793508082532e+01
3.002721533646212e+01
3.837047286255773e+01
5.971829228090043e+01
7.240994077753739e+01
2.383806059315710e+01
2.070440306361038e+00
6.865012709454173e+01
5.505604206354173e+01
5.650709753693411e+01
3.542549411553214e+01
7.168425613627036e+01
7.132588870419464e+01
7.355073027943760e+01
3.699858348676869e+00
5.622743007551293e+01
1.764386329690174e+01
7.453946558504340e+01
6.584008953806017e+01
1.040491462238362e+00
2.139782799472931e+01
5.959740516710905e+01
4.713423589576698e+01
3.180432465477116e+01
4.838030899333782e+01
8.355658621692871e+01
7.854843236438391e+01
2.664420768927979e+01
1.532445089673831e+01
1.472147624693880e+01
2.977901656635991e+01
1.260238593099750e+01
4.474869158340091e+01
9.847103464345962e+01
6.233708204810372e+01
4.977900723450771e+01
3.807329309083209e+01
6.440752235446475e+01
1.842913432904945e+01
4.104981866714071e+01
1.449625213374209e+01
7.459862617524277e+01
1.273407480341106e+01
6.047762104332336e+01
8.715612864455028e+01
1.643393315208793e+01
9.901763172774464e+01
4.761353453975801e+01
5.867629505632272e+01
6.485772121923870e+01
4.865402600199638e+01
7.349960392969642e+01
7.938046757102966e+01
9.578826189776336e+01
1.187844770582321e+01
5.449399694543984e+01
7.934484811469207e+01
5.797124982717039e+00
8.113820468128576e+01
8.161626243107779e+01
2.051860122965584e+01
6.099916117312348e+01
5.280816343278073e+01
6.526729281305676e+01
5.947019581658309e+01
8.371835676195023e+01
1.504630000099833e+01
5.307294048977687e+01
3.401628929843022e+01
6.363504504022889e+01
9.412275915691758e+01
7.469162804758717e+01
8.733006282119548e+01
6.856833913762511e+00
4.717141773885648e+01
2.538979981345581e+01
5.731191791468855e+01
4.618904942003500e+01
3.018979170834170e+01
8.224350064166053e+01
7.165736256710132e+01
5.624806357372928e+01
9.606233606862943e+01
1.716045854480958e+01
5.519108555987062e+01
8.299179718969008e+01
7.165445553681555e+01
1.907501072579763e+01
8.878892217240711e+01
5.279266017153518e+01
8.080539092459036e+01
9.307523355496826e+00
5.771610795413894e+01
8.807707586701822e+01
7.779405679451024e+01
9.279987061992281e+01
3.721779330504024e+01
4.787934666866406e+01
9.034335948077187e+01
9.741316926545144e+01
2.309655049959968e+01
7.199097139387902e+01
4.663304129924301e+01
1.042661327422904e+01
7.884780535420767e+01
9.380445908466561e+01
7.513786269125428e+01
1.621756098057030e+00
5.914834652056374e+01
8.751099076471803e+01
8.438207306171864e+01
5.104027909740818e+01
6.157571797332528e+01
1.367230509113162e+01
6.820073764221777e+01
5.305216557022751e+00
2.161308886558427e+01
2.295390815611645e+01
9.144130851674885e+01
1.190589685547440e+01
9.528442183289883e+01
7.224669939477309e+01
2.121342025753735e+01
2.861409658967242e+01
6.032377526179133e+01
6.059940283214645e+01
7.515923305189202e+01
1.800961802620889e+01
8.478749454244388e+00
5.302744528885346e+01
2.466348643631837e+01
1.999314116313734e+01
2.501841663616636e+01
5.634479148143194e+01
1.893251636947157e+01
3.866221943807892e+00
5.014925051953143e+01
4.487906673219012e+01
6.004794363865998e+00
6.319067653417153e+01
3.160554190706720e+01
9.038686742558464e+01
9.399638557527045e+01
1.178243905854525e+01
6.010594496508406e+01
9.383775670725749e+00
3.542473117607866e+01
5.362901964859525e+01
9.879383281748456e+01
2.686603964626139e+01
6.553491655063578e+01
4.188682210719531e+01
9.911273904103449e+01
1.755347047818521e+01
9.225078336533660e+01
9.095666803929799e+01
8.253657318769795e+01
6.741001637066249e+01
1.820698525673104e+01
8.663162281114218e+01
2.043746161294983e+01
8.715788246465749e+01
6.624763927713392e+00
4.545587824911618e+01
4.350267389952329e+01
7.636596801521534e+01
6.595763613747323e+01
4.368108545601419e+01
3.947889639040404e+01
9.478130694235736e+01
8.379468339672064e+01
7.108443829747124e+01
4.121494676974366e+01
2.497772137866249e+01
1.203952869961016e+00
7.622580690133655e+01
3.436149704938824e+01
3.662868404603968e+01
2.985482654993181e+01
7.550190499774268e+01
6.349472369230107e+01
1.778804995947893e+01
6.958015955499380e+01
6.260746268676941e+01
8.213807986217462e+01
9.227251074848348e+01
6.805530626701903e+01
6.467465300330643e+01
8.514808764920947e+01
9.949010927206376e+01
3.262057874008109e+01
5.585549215593166e+00
2.913276321679948e+01
6.750780533417491e+00
3.099819562910040e+01
6.877151861263975e+01
4.456752820153140e+00
3.635276576334274e-01
2.380258996216701e+01
4.393564921055717e+01
9.173713870893098e+01
1.932436601227353e+01
7.581353903553148e+01
1.404184196798217e+00
2.019251353116357e+01
5.904773388013604e+01
7.762999114470091e+01
9.690058571142171e+01
7.083117126991561e+01
7.484817648066588e+00
5.053695763951958e+01
4.700566537073146e+01
3.510095264534510e+01
4.198265021759209e+01
2.410430359845250e+01
7.044247312957536e+01
3.425516091950944e+01
9.215960991203767e+01
4.968729352098298e+01
7.063399007107782e+01
7.842190138922162e+01
8.230787230763019e+01
6.287646422296598e+01
8.713698856864916e+01
9.081366401669274e+01
3.553738116078888e+01
1.728765411176144e+01
7.393041251875945e+01
3.590090881842231e+01
4.109024407392845e+01
7.829219572166549e+01
8.256763028100488e+01
8.103153206456058e+00
5.479276932533493e+01
1.551971566654728e+01
8.126251217036625e+01
1.315346854420075e+01
4.979269283348354e+01
2.519625244904135e+01
2.386953398765509e+01
7.811032406897765e+01
9.759874311163964e+01
3.099030518484782e+01
2.206548071562568e+00
3.958139328266559e+01
5.509460878330032e+01
7.264902120113793e+01
6.852252402739717e+01
2.017078032725061e+01
5.658588807870908e+01
4.447054427325286e+01
2.567612003799347e+01
4.064877156198433e+01
3.192888215739694e+01
7.796765727827681e+00
