8.085869610349587e+01
8.888729595993054e+01
9.493389124746150e+01
6.407497965920483e+00
8.442368171383798e+01
2.412915752461607e+01
7.067773629477142e+01
2.658218165234764e+01
3.714425169729826e+01
9.386519617115390e+01
1.620469992803629e+01
4.828399319587461e+01
7.203171182052778e+01
8.203453742062419e+01
9.920850372836389e+01
1.145202476133221e+01
7.062199035222734e+01
2.518300899545802e-01
5.269702200437757e+00
9.201842131652795e+01
7.747543988631826e+01
4.308234357418602e+01
6.828289081728221e+01
6.949823809298604e+01
4.119075212683098e+01
1.167535586826287e+01
4.935060294780443e+01
3.965996612778863e+01
9.252706919448778e+00
2.888885784376825e+01
4.688153487950635e+01
4.639309861063636e+01
2.973370315960315e+01
1.843630066999993e+01
2.139112121490348e+01
8.683445993197823e+01
6.594458365158391e+01
6.290638500959910e+01
8.631386644500954e+01
6.640581729188833e+01
1.198513890243375e+01
3.917626721746114e+01
7.203913809360896e+00
8.850262374081771e+01
4.696346309360278e+01
8.715644901951610e+00
9.460184867242436e+00
1.758545344583013e+01
8.967474991906190e+00
5.224350656021549e+00
7.309968563406713e+01
8.644291492479059e+01
4.355332969853344e+01
7.181091004601257e+01
5.594115297121049e+01
2.721903367304198e+01
8.348626591427544e+01
5.291755872448793e+00
5.784550730970012e+01
9.273897288029033e+01
7.602689595708013e+01
5.318347972500300e+00
7.096223592337326e+01
3.659139193435730e+01
4.713377409946815e+01
4.616548975285399e+01
2.342585181976941e+01
2.584263683568809e+01
5.140281522246208e+01
7.708708661472755e+01
9.224845412757642e+01
6.338795417146196e+01
8.420911914864979e+01
1.755595301164126e+00
9.226684001845626e+01
4.976702120609908e+01
1.047124020311574e+01
3.564954387752783e+01
5.705545146812473e+00
1.943871524158805e+01
6.620855436949458e+01
1.123179458604744e+01
5.881630119812502e+00
9.761884021461888e+00
2.615496726993237e+01
6.182278309102299e+01
5.166593056715370e+00
3.884365383481777e+01
6.711453896347179e+01
4.490028868657550e+01
5.926794333349352e+01
5.645894299096379e+01
4.862074044003186e+00
3.023017925686677e+01
3.788654456748001e+01
1.605552826824390e+01
5.479438083935268e+01
6.131239638724941e+01
2.728578207422317e+01
7.054973126880346e+01
3.346247399852727e+01
1.953423620179958e+01
8.854376165594149e+01
9.344435715742611e+01
2.128983150296371e+01
9.705396508660817e+01
5.458394370720906e+01
3.176107175264558e+01
3.270350891756988e+01
4.626933059015746e+01
5.119978699423363e+01
9.981349040745454e+01
6.744365816351197e+01
5.708141711404613e+01
4.106086019475985e+01
1.842800063007884e-01
1.890420015850300e+01
1.033804910738862e+01
1.701533320220901e+01
3.381350270184386e+01
3.705535262685984e+01
7.628327658226867e+01
8.731389175509750e+01
4.191742667086303e+01
6.513455792569302e+00
2.520043632257750e+01
4.336057195596423e+01
6.625530131452498e+01
4.159315239712277e+01
7.064635403018741e+01
7.006394437982884e+01
5.475835122855304e+01
9.018059023198700e+01
8.742435182790474e+01
9.051678399113788e+01
9.256498841222609e+01
3.798251544962754e+01
4.510072769834694e+01
9.386707441595712e+01
7.068602441376356e+01
9.689078465890641e+01
9.443128048182990e+01
7.049951477465197e+01
1.804092815985946e+01
5.151269754930991e+01
2.143817149169658e+01
1.924261209519702e+01
9.544950914357301e+01
2.230381677965811e+01
1.987993792625141e+01
5.643563678322157e+01
5.935916940651795e+01
6.676864715608239e+01
4.374952849175293e+01
1.276596077380979e+00
1.905467762567786e+01
3.441346964538725e+01
4.463716803334521e+01
4.448486885264742e+01
5.546279752415735e+01
1.528352201696649e+01
5.170591448047473e+01
9.820652198894253e+01
4.870850688252063e+00
1.657161569063161e+01
8.289764247969615e+01
1.693453398390418e+01
4.515951017158083e+01
3.351909650187898e+01
4.817715550222302e+01
1.303004706885202e+00
1.236820705810944e+01
4.881604078636320e+01
7.180251948153717e+01
8.112445645086675e+01
6.110005409508014e+00
8.376828715380668e+01
3.670684994976355e-01
9.655330981898742e+01
6.072103886898655e+00
3.610400945698098e+01
3.188696561003428e+01
6.543127329341661e+01
2.872656566497244e+00
5.988619027653998e+01
6.670786937079760e+01
4.801091637835415e+01
4.566203316005973e+01
5.454044018617851e+01
4.986288340290211e+01
1.124830637650951e+00
8.790220110113836e+01
1.568797883376851e+00
1.098685609688370e+01
3.209267167006278e+01
9.420326282000320e+01
4.251782295411351e+01
4.902720565396697e+01
1.320810132343699e+01
1.637995243835261e+00
9.193233078901299e+00
9.797987146208989e+01
6.594164584108705e+01
9.663586658268974e+01
9.792576734811335e+01
4.706610224538767e+01
9.874365958326666e+01
8.169405445535391e+01
4.743317074488530e+01
4.642744946592835e+01
8.776615834225255e+01
8.405818458835510e+01
7.495956727068851e+01
5.319743163566917e+01
9.885614975302301e+00
3.186511017003334e+00
1.990530095990063e+01
1.445333474057416e+00
2.893573745569947e+00
5.385202954236978e+01
5.130821692352566e+01
2.888921370212418e+00
6.663798651035782e+01
4.359897558744949e+01
7.189768756362503e+01
1.628528033210211e+01
6.759544539619024e+01
2.196967914792229e+01
3.899877506261634e+01
7.190052069346444e+01
7.758509836978517e-01
4.819200814151765e+01
9.802376856004064e+01
7.370245790747109e+01
1.550525306514709e+01
9.594953590815399e+01
1.925917473587169e+01
9.485513954183791e+00
7.764359031694177e+01
3.598403676225992e+01
4.651128540118750e+01
6.540974865919434e+01
2.004222130404889e+01
6.662058395641883e+01
1.860718024829737e+01
9.955592690946344e+01
6.380259178755926e+01
3.851248120819800e+01
8.804017598183835e+01
3.836116634232978e+01
6.976281957224143e+01
2.111518011480346e+00
5.403507424240702e+01
1.230424368395668e+01
5.889720672690180e+01
7.948534026718016e+01
1.761328671947740e+01
1.205678219537101e+01
9.512758799601700e+01
5.661206178209375e+01
7.787800495413970e+01
4.542025725609635e+01
4.804069877045261e+00
7.590177351418033e+01
8.690502102808330e+01
1.678661895766231e+01
7.185130937576820e+01
4.486729695688341e+01
9.970793151283075e+01
4.949489964614385e+01
5.513613384921855e+01
2.698025928203960e+01
1.490464825877205e+01
2.470573253217420e+01
1.283980077730483e+01
3.351182850706942e+01
8.474878668074905e+01
5.945587356549495e+01
7.202430976183355e+01
4.978548891366715e+01
8.036709506081748e+01
4.178712928750884e+01
5.940228801192823e+01
3.250567169511023e+01
2.897884944871946e+01
1.261806269763879e+01
6.744008798498665e+01
8.704213336438040e+01
3.342928277953960e+01
5.029027115101473e+01
4.365419514647414e+01
3.063898711960716e+01
4.102589285048930e+00
8.856934438858617e+01
8.770458832741929e+01
8.295748852331074e+01
8.922972701919718e+01
3.329454363942824e+00
5.807143643408615e+01
6.391459841463464e+01
8.878083121440412e+01
6.951136024180397e+01
9.089485774324037e+01
3.196781372277430e+01
9.187481477478278e+01
2.557565114720522e+01
8.438458437304226e+01
8.574229198775360e+01
2.086120635311175e+01
5.432702193703829e+01
1.800311492663022e+01
8.810910419007256e+01
4.770954775051658e+01
7.068400721563212e+01
3.157758048343359e+01
9.810008858242076e+00
7.506216749318976e+01
1.027907711001070e+00
5.178977961269663e+01
2.345274841573683e+01
4.803473201954492e+01
4.783472285970799e+01
7.365146152379525e+01
4.702870722256075e+01
6.921573899184156e+01
5.631878262214306e+01
8.666159412202499e+01
6.153787186440912e+01
7.377361677297094e+01
6.123960258496906e+01
2.545247027904376e+01
4.344525120381510e+01
6.834944163837909e+01
1.634732797571799e+01
5.964152890240845e+01
7.798572325985214e+01
4.192297912292321e+01
7.343840788744316e-01
4.620334927281521e+01
6.598201555478479e+01
9.946205611315652e+01
6.916590415368131e+01
5.409111969829124e+01
4.717160386367310e+01
7.413730028743730e+00
2.673092234261842e+01
6.430999821252655e+01
2.767935759745508e+01
7.573380329447509e+01
4.435923110896686e+01
3.298908007936044e-01
4.353172175750682e+01
4.113963541627844e+01
7.398135232458885e+01
3.199162643029896e+01
1.261823662212968e+01
6.549859934742497e+01
3.724945897108384e+00
7.415610848653881e+01
7.697586313680553e+01
6.611512837284948e+01
9.960857876558256e+01
4.479710219651326e+01
1.673324253257980e+01
6.857004769545516e+01
4.438631052355576e+00
6.888250590715674e+00
6.296369017239832e+01
4.718711597248312e+01
7.641510939058620e+01
7.821853900245323e+01
3.352679644409884e+01
9.776181029051627e+01
7.795202107073368e+01
4.461192863276784e+01
5.986691655584933e+01
5.078242549243496e+01
8.921926845294390e+00
3.285489791671508e+01
2.939295816672638e+01
6.571334906188461e+01
6.895685464560839e+01
5.544370205860757e+01
4.017588246621931e+01
7.813667137089031e+01
6.456063644241571e+00
6.081044909582029e+00
6.085847525897364e+01
6.055148260693601e+01
8.051204661862555e+01
9.072253200724839e+01
8.935283501136714e+00
8.012062538420811e+01
8.110068793459827e+01
7.335766822721700e+01
3.522154979185274e+01
6.011261272249400e+01
8.024591881793268e+01
9.881434920188707e+01
9.361433069855643e+01
1.570728165828962e+01
7.781631926904261e+01
9.105465551421729e+01
5.111402508388927e+01
5.576834033977629e+01
3.566658410041899e+01
1.864463222149975e+01
8.426256947417864e+00
4.458851094571338e+01
8.575993696495887e+01
3.527013540047692e+01
8.264144760679521e+01
6.086882309097275e+01
9.226167890814210e+01
1.573866522672524e+01
2.632378154728738e+01
8.414805446944574e+01
2.209460335881198e+01
7.081753680054915e+01
4.215358204308598e+01
2.606649930871394e+00
4.769087142669171e+01
7.972538363175717e+01
8.272727531507950e+01
2.879155931472385e+01
5.308305181240806e+01
7.880380739402203e+01
4.051358394348695e+00
3.332897058377461e+01
8.526655495412022e+01
8.089378479909794e+00
3.503145507305462e+01
5.975895838800768e+01
9.256560657758527e+01
4.850054702186051e+01
6.634388485287496e+01
2.971599704107084e+01
2.652095711162358e+01
7.477014180029283e+01
4.664409558598143e+01
5.753725276213942e+01
6.807391856241688e+01
9.097640332345684e+01
5.724362938536500e+00
7.492045842805899e+01
2.548788163135195e+01
8.310877870913073e+01
5.787083332327699e+01
9.521650126912469e+01
5.392631546311375e+01
8.067127525837687e+01
9.098275526938157e+01
7.114418101084613e+01
6.039665889013403e+01
4.971935835188225e+00
7.714655351692184e+01
1.347971065597595e+01
3.565796168318855e+01
9.883420476635648e+01
4.680868128631668e+01
2.570662974645692e+01
8.127652489639658e+01
8.222630106947678e+01
3.628217425955560e+01
5.966339477322222e+01
2.677468723932965e+01
2.626059065864449e+00
9.438379807136198e+01
7.569568901122346e+01
7.739620086615729e+01
3.602348735370835e+01
6.557653838096957e+01
8.487782631296563e+00
5.433564095494135e+01
1.699084929050451e+01
6.873282290470453e+01
6.852914419422352e+01
7.100544915115714e+01
1.846998469832818e+01
8.986038136755134e+01
7.576134962763700e+01
9.914126000327117e+01
7.511212670947990e+01
4.690553059191701e+01
5.953791884683907e+01
3.542030031579561e+01
8.685230295492910e+01
7.301762950281501e+01
2.836770477163033e+01
1.007584375798509e+01
1.982631074256557e+01
5.407433451808726e+01
4.862039664230328e+01
4.103496234912190e+01
9.035650877764286e+01
6.134923801820224e+01
3.842365412899463e+01
9.298256784350731e+01
7.590169681976629e+01
1.113131400716087e+01
7.037876866309847e+01
1.909227372104873e+01
7.670785238813043e+01
5.936308813251699e+01
7.342791467599008e+01
1.316332691962054e+01
3.115953879019224e-01
5.446512659753912e+01
7.384995951962190e+01
3.426315627725010e+01
3.859449808420357e+01
3.520071480199728e+01
2.281949251090153e+01
4.561570866294937e+01
4.490646424000452e+01
7.935575637005073e+01
9.139199354285002e+01
8.640103013552773e+01
5.943696115139731e+01
5.274996257049495e+00
9.647687389351282e+01
6.982203948768883e+01
7.682119280883167e+01
4.662612269009749e+00
5.325129127746974e+01
5.383455704610542e+01
4.917848047296446e+01
2.662618692341549e+00
4.681712484304659e+01
8.868713722968806e+01
2.221827498740436e+01
1.282031564638965e+01
4.578978956946628e+01
9.892612742210093e+01
1.959841731917039e+01
9.743170495956750e+01
1.436023521905776e+01
2.875618665886865e+01
1.460676342929097e+01
6.550412367354339e+01
6.284895793667480e+01
2.187326295388549e+01
6.465986876965493e+01
6.923182619234166e+01
5.644484886734041e+01
7.744756954603250e+01
7.156466086002283e+01
8.290105219134179e+01
6.684644393010365e+01
9.421927858806183e-01
5.311183866723992e+01
9.794213175677794e+01
9.860893897647455e+01
3.526255154761604e+01
7.765821622575551e+01
4.094077974601685e+00
5.150397771573810e+01
9.044365663567729e+01
8.747075385761947e+01
2.040766026843696e+01
4.939303428372044e+01
9.689028845023843e+00
7.363038955891057e+01
2.492058338826550e+01
6.614713895420876e+01
8.377728922468484e+01
9.164288392832637e+01
9.415719615954774e+00
6.112972091004705e+00
7.492164879800829e+01
7.460476862015425e+01
7.836893428041084e+01
5.898819307749541e+01
3.926463734324307e+01
4.760076047275250e+01
8.893136791369476e+01
8.643408864104845e+01
1.772115631854216e+01
4.375428843486788e+01
7.485744919388436e+01
4.872277828339617e+01
6.742200286473241e+01
8.314678803232815e+01
7.025364957295994e+01
9.184186858676460e+01
7.763428128214287e+01
9.984722509973088e+01
7.131705808980253e+01
5.124866080062868e+01
3.410819626138927e+01
3.083091947754422e+01
3.037945461942789e+01
4.379722510641312e+01
2.495269427306610e+01
1.077277698124423e+01
1.659649890689016e+00
8.729983451184808e+00
1.573418728808602e+01
7.538777276658814e+01
6.065905432247513e+01
1.161537697148294e+01
4.999254138674240e+01
8.158111939280346e+01
4.410189601783729e+01
8.925717872998545e+01
7.611492121411251e+01
6.507020912369257e+00
4.364829577675475e+01
4.545877116986493e+01
6.980147420885110e+01
7.452454235149760e+00
7.992885223586525e+01
1.812781790184221e+01
2.179931100541694e+01
8.993469648525803e+01
7.949460352747450e+01
8.260431521693445e+01
9.681994421259498e+01
1.142892619195810e+01
3.385297597099699e+01
3.092814047398424e+01
7.915292348673238e+01
8.156531373111778e+01
9.782740198905925e+01
7.658838498247246e+01
1.953246859811827e+01
2.713774690736911e+01
8.256028386883450e+01
4.220515882699059e+01
7.083371461873581e+01
4.321933814474351e+01
5.730217139111002e+01
8.722513582893886e+01
7.318583367075111e+00
8.197228358219019e+01
4.177523974411899e+01
3.505619821839789e+01
7.645391853361107e+01
3.948756029805521e+01
1.683779992947252e+00
4.238805502764325e+00
7.814008331771014e+01
8.161263222881250e+01
7.579276905199175e+01
3.317450286502694e+01
6.463121523364970e+01
8.662018640275122e+01
5.464755122300588e+01
2.861507815710040e+01
9.422659375435980e+01
3.117166465668551e+01
5.954321863108465e+01
6.737177458935034e+01
8.062911610148340e+01
9.637360521423332e+01
4.252047792194434e+00
3.920794988014174e+01
6.140633107228499e+01
2.013517525984681e+01
8.141310870713234e+01
7.081350906324271e+01
9.399818391259676e+01
4.209131325692465e+01
1.644991171380967e+01
1.352715278674250e+01
4.554617872719940e+00
5.822515145792866e+01
4.512158639036193e+01
3.899194921319930e+01
5.311809813283296e+01
4.680536638330918e+01
1.520735724605962e+01
7.705977110986588e+01
7.114397863445058e+01
5.243194757608322e+01
5.888342301309269e+00
6.021313251006097e+01
7.847804360952138e+01
3.027588801005664e+01
8.882821066716137e+01
1.244406579641815e+01
2.431067462279958e+01
7.319238715488109e+01
9.576405035134593e+01
7.418453100797932e+01
8.264001346316189e+01
8.580763064595295e+01
1.339248084155492e+01
4.404634448888076e+01
6.289633836732076e+01
9.522911039890214e+01
9.277003286069726e+01
5.689452223335137e+01
5.410030491375378e+01
2.442810694893268e+01
3.314003280044535e+01
1.712765945919215e+01
8.265325840686134e+01
7.826161919080728e+01
7.094064744698845e+01
3.577135649312817e+01
6.369612955660379e+01
4.087762666907051e+01
2.327158428880925e+01
5.348498409310588e+01
8.087754914577935e+01
2.091826112983667e+01
1.369811660316685e+01
5.935559275530073e+01
2.834277908706236e+01
3.937723959767131e+01
4.338733476744375e+01
1.264170176006933e+01
5.089775652200811e+01
2.494291762120226e+01
8.682623276804864e+01
3.353776993860387e+01
9.189917225944771e+01
2.187135630374372e-01
5.508969577732016e+01
5.479551058020233e+01
1.364437412174622e+01
8.556230966260763e+01
4.951658972982159e+01
3.192120582420435e+01
9.990416564974197e+00
3.553104798101403e+01
4.904886528339649e+01
8.473013242926920e+01
6.960946324728870e+00
5.733146958860171e+01
4.706690043540062e+01
4.815867033235667e+01
1.188089186878917e+01
7.033848472420988e+01
1.643654378896418e+00
1.295281043879353e+01
6.984505745109406e+01
6.389664898807958e+01
1.321184728909835e+01
1.228499906709651e+01
1.786809825239149e+01
5.493487080323271e+01
2.492670082716583e+01
6.876585477439960e+01
6.777846224968251e+01
1.175293354864835e+01
2.303624666437332e+00
5.967763450913021e+01
7.112915426079610e+01
9.431189815248917e+00
1.447314504276642e+01
6.995950176844349e+00
6.545004870996347e+01
6.448568741999831e+01
4.336171650484284e+01
7.544046527493767e+01
7.099324347031919e+01
2.975253869302223e+01
4.414360366954636e+00
9.408492822855941e+01
8.708400828162395e+01
5.877211767191631e+01
4.224359851434995e+01
9.199530384130557e+01
3.667176050910342e+01
4.933703404354725e+01
1.546655409758284e+01
7.803344259878315e+01
5.922902392187576e+01
6.758058782088597e+01
1.004760950340312e+01
7.709712217426726e+01
4.407491145845266e+01
3.497431033056896e+01
4.586297690210071e+01
2.720138897523349e+01
7.565899895301973e+01
4.816660156853804e+01
1.782972562025754e+01
5.869889099090309e+01
2.805434066246000e+01
8.771520596356839e+01
6.569484116774743e+01
9.350438937242347e+01
2.661557124304379e+00
2.774286010663158e+01
6.894485464736114e+01
5.536681574553569e+01
5.749539879965382e+01
3.702899484756821e+01
7.820093155754773e+01
3.405239667466488e+00
1.633985904806287e+01
3.099156023514996e+01
9.368846937720127e+01
1.022141157194106e+01
2.981598639386519e+01
4.157990684806364e+01
6.796253745814903e+01
8.804312818126898e+01
9.160494668949626e+00
7.801014696155217e+01
7.924035674856992e+01
1.424199357360694e+01
5.845535037035837e+00
9.190832785885237e+01
8.809369778637480e+01
5.971170112477229e+01
2.223854908823899e+01
9.934210926263691e+01
1.841059206910925e+01
9.318336224797338e+01
6.863377716794319e+01
8.410543323685668e+01
6.804033982010574e+01
3.925820851663975e+01
8.871743035908669e+01
9.573812233085657e+01
2.788827569591267e+00
1.033415277969751e+01
3.276711713185865e+01
7.571456240290523e+01
3.192256606739134e+01
9.510132130007321e+01
6.706122591489051e+00
1.081404118370919e+01
3.649521061987393e+01
1.024417160555915e+01
5.239394807833896e+01
4.457748031456838e+00
1.569277281672357e+01
6.155444274728858e+01
9.742179890043187e-01
1.285108193422252e+01
8.130108512998609e+01
9.545235223856399e+01
8.396566816790293e+01
3.851758578723184e+01
5.516405331677014e+01
8.920020586308101e+01
8.551317052241096e+01
7.357464538587939e+01
6.057841636267417e+01
2.677803050110956e+01
5.768007857616995e+01
8.982694493132966e+01
4.645051483365265e+01
4.639750893525663e+01
4.981247696551144e+01
3.874375104845676e+01
2.490912905191496e+01
2.857393917095565e+01
9.131677918663099e+00
1.239364613424691e+01
4.408287496496126e+01
1.583780051015215e+01
8.244273056389892e+01
8.057808563140132e+01
9.742273632316977e+01
8.258342914403576e+01
8.503583366285815e+01
1.311550909332722e+01
3.715607809701752e+01
6.647029605995411e+01
4.001324113459012e+01
5.860057294303578e+01
3.664470540203374e+01
2.397890925592692e+01
9.711815877683375e+01
6.997101095969370e+01
1.317911511900794e+01
3.497785378013638e+01
1.758372956774371e+01
3.566819929316090e+01
1.749450965667819e+01
4.937485812668449e+01
3.802836958227137e+01
3.668372199716220e+01
9.577236706194113e+01
2.997102538588039e+01
9.736214005265484e+01
2.346532471639352e+01
1.641478571873847e+01
6.493817924751816e+00
3.585897085064042e+01
6.580143923210046e+01
2.062798688217438e+01
8.336968016036306e+01
8.339487206348910e+01
2.799295006692081e+01
1.706272145596460e+01
1.202457952873063e+01
7.234270361826881e+00
6.827985493851820e+01
1.536124614782689e+01
6.244396058025023e+01
3.527275758575311e+01
4.791522037606464e+01
9.686201424191799e+01
5.291153399874994e+01
6.603535454069980e+01
1.004112931435980e+01
8.861718321620356e+01
7.200176784396254e+01
4.570932860752070e+01
5.110086284163449e+01
1.515078433563504e+01
4.042493018341480e+01
5.789424523613148e+01
2.877359186707698e+00
5.531605950338583e+01
1.457176684149158e+00
2.634268390310122e+01
6.838952189702053e+01
5.834260459912131e+01
6.220165475374164e+01
6.209029548898819e+01
8.408182160187597e+01
2.126831287577204e+01
5.265059082426624e+01
4.658099051871383e+01
5.772341110637570e+01
7.010600174316485e+01
6.161642845795323e+01
2.776097810257272e+01
7.352985487018240e+01
9.589145057643366e+00
6.303373568832582e+01
6.218115005743743e+01
6.451159252995234e+00
7.614088476455811e+01
8.109571909582975e+01
3.562627478299024e+01
6.675544384250205e+01
9.997235187328064e+01
7.913501340855612e+01
4.654481655291506e+01
3.385084240410981e+01
6.067212161639338e+01
8.923187339176977e+01
3.672820159081752e+01
5.349240212398227e+01
5.969544698470061e+01
6.307088549391874e+01
6.909060458144667e+01
8.020646571191328e+01
8.860193173801616e+01
4.211293754266246e+01
5.527471660416327e+00
2.492428204274005e+01
9.286966374743248e+01
1.234477530808410e+01
2.477459517529914e+00
6.658300695316075e+01
4.606968813858446e+01
3.023843762010263e+01
1.993467128832576e+01
1.544997888405341e+01
9.327217330842845e+01
4.488287551555916e+01
1.697712844096922e+01
6.941305802642044e+01
1.716776169704634e+01
7.860228101657810e+01
7.877139029035875e+01
1.867659926352864e+01
4.080389814488771e+01
6.855347033988380e+01
5.252744166763846e+01
9.241053824890896e+01
8.432383760079919e+01
9.574160580325015e+01
2.246061452779016e+01
9.366656518246351e+00
4.197546296844979e+01
9.039721223078539e+00
5.413362912560517e+01
7.759906890690283e+01
2.348348033776669e+01
5.966110083258762e+01
4.491708103796331e+01
4.591618708610357e+01
6.902474880638754e+01
7.484883073477485e+00
4.020416715191871e+01
1.509443689840587e+01
1.613584222092100e+01
2.290589261004044e+01
6.822900328237051e+01
5.012799238326400e+01
5.363542128057938e+01
6.536098977800505e+01
1.954105036311832e+01
8.495652986921208e+01
6.044836391715722e+00
4.154970415008707e+01
4.224469281837562e+00
3.896937493186881e+01
1.010317448997087e+01
1.677021128906413e+01
8.593483678341602e+01
3.969715001978778e+01
1.718390500973161e+01
7.309263398549176e+01
1.578368559283376e+01
5.835238325332868e+01
8.213235520857030e+01
6.991731471843893e+01
4.523655546141628e+01
8.290642820434013e+01
2.700455711549360e+01
6.009137409743451e+01
1.393872472175338e+01
4.860636668680532e+01
8.670875559873356e+01
8.998691811691360e+01
9.368156450506373e+01
5.806939022525651e+01
7.704878453027865e+01
4.206542579553343e+01
4.370799872265570e+01
7.434272778888359e+01
1.731413380117814e+01
1.323361737338529e+01
2.979408247852422e+01
2.539080852893684e+01
5.478332157003848e+01
3.189072582493104e+01
1.651923573413828e+01
6.488649606000935e+01
1.257793717672021e+01
5.898838027333300e+00
3.462553133006465e+01
6.947733511658262e+00
8.178092831828675e+01
7.272785616699971e+01
6.530011676498694e+01
2.220894485814913e+01
1.136478493519350e+01
7.865797284928057e+01
6.756475012170372e+01
6.326161840151140e+01
6.134294297608685e+01
8.150347484345710e+01
9.911702410276840e+01
4.805169852825426e+01
3.564636667056305e+01
9.279858856126600e+01
8.092293938664856e+00
1.269515115427559e+01
6.001325527206680e+01
3.871499283179408e+01
2.808960682157874e+01
7.732738907324494e+01
4.445246604478567e+01
3.964101022092672e+01
6.768123841270862e+01
9.099080399190579e+01
6.136413387086435e+00
8.715618531552897e+01
9.066444951606191e+01
2.471455690670505e+01
5.414014097961604e+01
6.619447780130174e+01
3.166229041836331e+01
3.068412273688434e+01
7.134960930391662e+01
3.739740300802394e+01
2.642107271888343e+01
6.364356887696477e+01
9.821397601543646e+01
5.830910059544682e+00
4.232202760983353e+01
5.955691894495716e+01
6.614794026415234e+00
8.876996999083551e+01
7.608617473211426e+00
1.113566430804118e+01
2.802062254772551e+01
9.922489072160093e+01
7.668625632146664e+01
4.786336317093268e+01
3.442532761694180e+01
5.100679060025457e+01
8.096714237749909e+01
8.307618856573301e+01
3.605937861653948e+01
5.783503146741308e+01
7.056387996792975e+01
7.214397945075481e+01
7.703764390993754e+01
5.461424293677054e+01
8.456661341924529e+01
6.059171052677171e+01
2.080872073807229e+01
1.622890379104247e+01
1.991547333072660e+01
1.549294582358233e+01
7.585684679255674e+01
5.971879696460385e+01
3.195728041788437e+01
1.140528694326304e+01
2.276135688776214e+01
4.131784278029475e+01
7.096220588822021e+01
9.825065457180638e+01
3.949183660535693e+01
5.367377374957957e+01
8.622821238181936e+00
9.442016663701281e+01
8.902698005038638e+01
3.154000501685776e+01
1.876577572839604e+01
6.232944497015767e+01
8.254679566367847e+01
9.050834169169345e+01
4.540563348932454e+01
4.855436168078071e+01
2.821883849251030e+01
3.533695672421575e+01
3.856615696035612e+01
2.315508831439311e+01
2.247324908267392e+01
2.313277037960141e+01
9.544971589718466e+00
4.793847168234105e+00
6.337990028009746e+01
1.552460059315180e+01
7.999651556834417e+00
5.255298514503659e+01
9.154369937793524e+01
3.870216265260343e+01
6.395827208829963e+01
6.881828749031681e+00
6.373014993208002e+01
4.370094898329160e+01
4.513505401328907e+01
1.264287578530743e+00
1.349130129138534e+01
6.212058736110133e+01
1.218806082019026e+01
3.313648543932312e+01
6.092150465628202e+01
5.033080957379696e+01
3.265411436215700e+01
1.887108516826811e+01
4.083915121892427e+01
9.742719121157528e+01
8.229032698194045e+01
8.386055137210550e+01
8.082969499790561e+01
4.546009080738765e+01
3.813578539441144e+01
1.362268808932169e+01
8.349592941044641e+01
8.991731204554313e+01
7.448210403066227e+01
8.335092849254185e+01
5.958018994870604e+01
8.248175558749668e+01
8.611257671663192e+01
4.181608303534616e+01
1.782155005159860e+01
7.753837498721590e+01
6.369148095310268e+01
2.294249945457210e+01
3.478266356269953e+01
2.537845937785621e+01
6.244217523487387e+01
4.827396485408487e+01
8.518116925153004e+00
5.068030448196470e+01
6.606816023870751e+01
6.943962158143503e+01
7.360693499148215e+01
9.317744043337993e+01
7.301584806899348e+01
8.512688841909491e+01
8.800645362958612e+01
5.530617500436779e+01
4.078840582668241e+01
2.891361365509854e+01
9.507613894300356e+01
4.176439584315028e+01
9.028076827073505e+01
8.310425648610305e+01
7.065309643310174e+01
6.476287225483119e+01
2.544789795086155e+01
3.722578191069224e+01
4.724462779576174e+01
3.940675521241815e+01
7.904186499260453e+01
5.213869048847756e+01
3.926894084516398e+01
2.366136360152688e+01
8.909386186352644e+01
7.405160445442964e+01
2.157274252808315e+01
8.320507834814725e+01
2.895222018889720e+01
3.009085945323615e+01
3.388538278354582e+01
6.188654944388501e+01
1.319438946116454e+01
7.794354901553297e+01
9.374265502846923e+01
5.515765848344083e+01
7.669648070665845e+01
4.726352400484659e+01
4.968744714264173e+01
1.748488648677472e+01
2.029275313033385e+01
7.577494167526017e+01
8.393861031343164e+01
1.057352135450278e+01
2.416707618356081e+01
7.742994421973356e+00
8.258745804549542e+01
7.600908143260008e+01
4.496877637923172e+01
2.783156653299535e+00
6.707667306395093e+01
2.401064132527013e+01
8.088496075052998e+01
6.345613909114904e+00
5.175041805568637e+01
3.480155376475377e+01
8.039721836354454e+01
7.332316058376951e+01
6.201801125985477e+01
6.351779651060598e+01
5.781422306681714e+01
6.239882771037465e+01
6.460933706937793e+01
2.944501071676845e+00
4.142668286404884e+00
9.457803037696426e+01
2.145711403407953e+01
8.083914899306333e+01
9.461395558650324e+01
3.343334236807812e+00
9.832403547983805e+01
1.341968994281240e+01
9.741835798947996e+01
3.541393346870967e+01
9.780312538975994e+01
4.797954142465235e+01
4.315692793724916e+01
7.211160383751225e+00
2.398862285725243e+01
8.812570431648088e+01
9.572054035762349e+01
1.155817891077985e+01
1.213634559518487e+01
7.044025220463064e+01
9.104429338641664e+01
6.388676365087124e+01
3.573429981979276e+01
3.095497448507462e+01
7.642462797296449e+01
4.461056038020671e+01
9.447277099568061e+01
4.062394427164641e+01
3.618227897034133e+01
2.171143145380143e+00
4.356844534332326e+01
7.652465569624894e+01
2.044811845777934e-02
2.185536265459627e+01
4.216545370508239e+01
6.621331556989500e+01
1.542968396815922e+00
4.048948913835432e+01
1.492662351342227e+01
3.991942663673284e+01
7.590342265363010e+01
8.968834955696406e+01
6.128668047547652e+01
1.906035054431313e+01
2.512954735435990e+01
1.408238849327079e+00
7.186054814227882e+00
2.085008766541727e+01
4.675433614605774e+01
8.109193387492184e+01
9.129033987004792e+01
2.457734203179243e+01
3.450453548436264e+01
6.366780943408040e+01
5.553231651686706e+01
2.041908824835862e+01
8.906451696020761e+01
8.124895164801224e+00
6.104303252000503e+01
5.900740370108159e+01
7.355173634064931e+00
4.611477816762159e+00
2.033370841310067e+01
4.620350256851106e+01
6.734249678782304e+01
6.249916211818306e+01
5.544976352502115e+01
5.042216752209801e+01
2.988651209971239e+00
6.263705965254319e+01
7.583447009131055e+01
7.541431857990769e+01
6.162669498549155e+01
3.712115056678707e+01
3.585015350759502e+01
8.675624233985145e+01
5.760332232229566e+01
5.138479175576232e+00
8.627915097692942e+01
4.357658421787274e+00
2.928300575785479e+01
1.421266059121707e+01
8.372977286750906e+01
7.670043645272983e+00
7.788047002529748e+01
6.640319412872344e+01
1.571830004254277e+01
5.793364404604474e+01
3.542575474615477e+00
1.988471915008720e+01
1.098361621190962e+01
7.271379538472453e+01
9.374364227696491e+01
8.800353090651498e+01
8.905660258096485e+01
7.363681652286873e+01
6.531910624602769e+01
3.676703867351964e+01
6.348775865672518e+01
4.046945881120369e+01
3.798770943562859e+01
3.932222874803573e+01
8.165464330541651e+01
5.172950748900394e+01
8.022105902443690e+01
7.960706771333099e+01
7.467562722725590e+01
2.760927259345040e+01
8.474554688890723e+01
1.910207351627856e+01
5.465478894983175e+01
9.643994136547667e+01
8.117862696814286e+01
1.402913905402140e+01
1.507053389915756e+01
4.766254073365710e+01
9.825101671658969e+01
4.496560201280080e+01
9.522214769163268e+01
8.609606799953434e+01
3.409776642643742e+01
3.966438311136532e+01
4.487249816063442e+00
2.784140870340234e+01
4.943795150585377e+01
1.641285084952267e+01
7.152715575486755e+01
3.932847778281592e+01
3.306887421434227e+01
8.743562925953215e+00
5.197443917951288e+01
2.332050903854915e+01
4.806579167398894e+01
6.003487387673690e+01
4.728094905022576e+01
1.996853613293196e+01
2.547022505918062e+01
2.195657623091553e+01
5.855587253279791e+01
2.120329375434820e+01
6.583396991055179e+01
9.696023259170364e+01
7.188123467931582e+00
8.541716033845076e+01
8.215594942781885e+01
5.291633836595171e+01
8.923828494233931e+01
3.569324604966363e+01
6.903019559990157e+01
2.722271952183112e+00
6.872604301605655e+01
3.127962026339007e+00
3.009100702129817e+01
5.663547755993692e+01
3.096937072974135e+01
7.952895857371807e+01
1.794258203261652e+01
9.488160810194984e+01
5.091917512515521e+01
3.275381635537083e+00
9.775112406245951e+01
8.071526744436252e+01
6.744908279154873e+01
3.303452955234541e+01
1.707976293614123e+01
5.666446911947078e+01
5.504636618078052e+01
2.758049998785392e+01
3.396365513744003e+00
1.609957302738892e+01
3.411877226741927e+01
6.923033542429579e+01
1.305980557252644e+01
2.212749790499336e+01
5.903597341805509e+01
9.663829556509774e+01
5.681491403692165e+01
4.548694093035857e+01
2.030800400316157e+01
2.584510959025710e+01
6.341475260602998e+01
1.041880152673405e+01
2.897307161659611e+01
9.350575962732815e+01
4.382499588831561e+00
5.994244234633746e+01
8.977710282885334e+01
7.927103926393717e+01
3.616761734530684e+01
1.775546372763601e+00
2.660562970051804e+01
1.903436631850636e+01
8.249081381712612e+01
9.401351613645140e+01
4.329850326445816e+01
1.980166869228784e+01
5.542367792475209e+01
8.164977020660871e+01
4.823615907143623e+01
8.854926120887941e+01
8.908673189072252e+01
4.997786062302900e+01
2.330468614739584e+01
3.569077981435265e+00
1.859792681345619e+01
4.869465476306838e+01
7.302813496115996e+01
3.954309506320539e+01
