9.418159573999307e+01
2.252768805368230e+01
8.992777755014960e+01
5.759634829945692e+01
3.727489432193101e+01
2.259912738697562e+01
1.457543122329536e+01
1.532217297485199e+01
5.306748023865161e+00
3.258593321432636e+01
1.765707215185141e+01
9.047133596170291e+01
2.457649606493139e+01
7.375109948858204e+01
6.034277172775136e+01
8.403186224588746e+00
6.506628401813390e+01
9.148067002719299e+01
8.695051138612932e+01
5.623730940569067e+01
4.654702658138565e+01
2.965401351901424e+01
6.828289081728221e+01
5.041745274812796e+01
3.369707327042570e+01
9.677575770615402e+01
7.902900668747212e+01
6.993308866859091e+01
3.412710550899017e+01
4.602622135822951e+01
4.665750644479762e+01
4.639309861063636e+01
3.485252197592171e+01
6.729135483842872e+01
5.711097035422501e+01
3.410614986629511e+01
7.570424819165107e+00
9.817034518260991e+01
8.759049479271775e+01
5.392835664280148e+00
6.546646876515190e+01
4.908650435930421e+01
2.200821718294556e+01
4.821954357820542e+01
8.341328198249139e+00
2.025960670796205e+01
5.662272980279416e+01
1.758545344583013e+01
8.859724811678625e+01
2.690535878152836e+01
2.005222440699685e+01
6.036207967454664e+01
5.646845239981472e+01
8.194470884368974e+01
8.689119810559377e+01
2.475073571538121e+01
9.974041702213717e+01
2.320191609822303e+01
5.785594976407287e+00
4.580364615926689e+01
7.602689595708013e+01
2.428356540588828e+01
6.159568590186335e+01
5.702342645126555e+01
9.254862838077761e+00
8.685906854777554e+01
4.501940433169687e+01
6.951165356184899e+01
1.973960405203495e+01
7.644883658571581e+01
9.059041090802774e+01
2.821288678246219e+00
2.553534089845389e+01
5.053515092029011e+01
9.429554557162130e+01
5.051142720063749e+01
9.715206180566552e+00
8.288007894665006e+01
4.462927959143616e+01
8.858752361898661e+01
6.952464173991450e+01
1.412707763450550e+01
5.539722743229811e-01
7.956051238792041e+01
1.292713499298651e+01
2.034792696142007e+01
1.862145611952127e+01
6.837268069776366e+01
2.930478846156262e+01
2.818371589676650e+01
8.187040699732975e+01
8.736454094171735e+00
7.230438272110391e+01
9.664802709438280e+01
1.964970855957349e+01
6.172214414073254e+01
1.766256378854744e+01
8.502256715904110e+01
6.851329802000583e+01
8.055621622156176e+00
9.959214478712163e+01
2.867986235240468e+01
3.624682069581320e+01
7.453009703873195e+01
8.299018590850299e+01
8.009499245327663e+01
4.395134870146929e+01
3.176107175264558e+01
8.775855451252245e+01
3.807840842664167e+01
4.930615087473120e+01
5.728319625243693e+01
5.220548606114718e+01
9.754362194684502e+01
1.832293114546823e+01
4.899222485208522e+01
9.497308875200017e+01
5.050963333365956e+01
9.882492399719773e+01
8.937893844646352e+01
5.288730797026646e+01
2.692437047461251e+01
8.733613192445418e+01
7.441723853089718e+01
2.377756918956413e+00
9.337036646593845e+01
6.707673336708766e+01
3.601810607873747e+01
6.178883773358019e+01
4.562416521162920e+01
3.176014699589468e+01
9.915742883419499e+01
9.228180646536956e+01
1.099852235568619e+01
6.135488313685864e+01
3.686424351151299e+01
3.850434419629366e+01
5.658875408423540e+01
1.293249605825753e+01
4.617101207662886e+01
3.571418106356365e+01
7.244014375491075e+01
5.728309608869399e+01
1.523616556787685e+01
1.886346313118165e+01
3.438665421418224e+01
1.540686395736731e+01
1.493898188459639e+01
5.909024628768221e+01
1.017478737522605e+01
4.198076261299698e+01
1.197755421138255e+01
1.726084138139190e+01
2.835158199460785e+01
1.733214343773767e+01
9.499975950224314e+01
2.172194841398017e+01
5.663962599664909e+01
8.383204177200425e+01
9.386596139234769e+01
2.917000145147089e+01
7.876747538278227e+01
4.492781029312304e+01
6.690397070110961e+00
9.520568786897030e+01
4.472957567532062e+01
8.402019617334948e+01
8.480656914636798e+01
5.449164353985881e+01
5.279549199752299e+01
8.346774232735287e+01
9.656249210078384e+01
8.065816391290079e+00
8.438885290380048e+01
4.072653643820740e+00
3.140994120920540e+01
1.915366492194760e+01
4.356394682245513e+01
8.401176537573886e+01
9.164022337256010e+01
4.956897126956329e+01
2.232722655047068e+01
1.717324877026176e+01
3.075392820441812e+01
5.556678676771316e+01
4.968990364563181e+01
2.501756466227470e+01
2.477561329713818e+01
7.803970360105843e+01
7.748653603600643e+00
5.216218468368156e+01
9.375871200755178e+01
1.934027262932634e+01
3.108104119593326e+01
6.067106796459810e+01
4.678589745740681e+01
5.072594636619367e+01
3.957374954576313e+00
9.134851330488385e+01
3.030226036454656e+01
2.872510907646507e+01
2.352115666657740e+01
1.336144102428176e+01
1.250175419845700e+01
7.028197300167847e+01
3.062852198752972e+01
6.375939588237526e-01
3.096908281136727e+01
7.783949932914204e+01
3.673556309041361e+01
3.149178471951363e+01
4.287820539571261e+01
8.057486516450292e+01
8.370704896920688e+01
7.454694899476458e+01
7.625054059375569e+00
8.327632010135628e+01
7.738276760903316e+00
3.654430575507893e+00
2.667738102687401e+01
3.617412151590647e+01
8.319034421965030e+01
2.043609298785966e+01
5.458252860912239e+01
8.689765645512270e+01
7.966647747888531e+01
7.022433498419092e+01
2.196967914792229e+01
4.847674260310677e+01
1.628772724246966e+01
8.458695243326339e+01
4.460323161659912e+01
7.479908046070443e+01
1.114282068384011e+01
1.620513569386915e+01
9.594953590815399e+01
8.286052326804982e+01
9.039855845756762e+01
7.544728646774185e+01
9.187938230665372e+01
1.832720712680705e+01
2.679657518248846e+01
9.155639316493478e+01
3.638311635534424e+01
5.648649551742081e+01
7.662155873916184e+01
4.400817046128594e+01
4.390057667340179e+01
8.527181934810794e+01
2.969637882415968e+01
1.139630964556537e+01
1.670733560654676e+00
2.745107981723318e+01
9.925058418849976e+01
9.242933247817183e+01
2.813921045890972e+01
2.269034256352593e+01
6.581326041641331e+01
3.511892381828228e+01
8.540277280165013e+00
5.236427437158500e+01
4.542025725609635e+01
3.281872157604374e+01
2.971043830258326e+01
6.417794696249904e+01
2.257968607478761e+01
4.581127313236300e+01
3.842244881131801e+01
1.297824448578909e+01
7.050962800649442e+01
9.862303887429789e+01
4.011236603377031e+01
8.959842514693663e+01
4.208288436852530e+01
7.559907248970077e+01
4.608492061779132e+01
1.870444306112102e+01
1.960724290442059e+01
5.558742957915526e+01
3.086932470596830e-01
1.019998202575370e+01
4.277937684337579e+01
9.067088458252647e+01
6.600793156121296e+01
7.750747104990644e+01
8.310021701413217e+01
6.812362664757465e+01
2.239707467257841e+01
3.342928277953960e+01
6.274497451388509e+01
5.083410043773898e+01
5.452193583106713e+01
7.848530974168577e+01
7.591715891655402e+01
2.543338226407458e+01
8.514637927764393e+01
6.541135905562497e+01
3.598673228918889e+01
5.400818491075569e+01
8.235296089311734e+01
7.885562580956874e+01
4.534676114346216e+00
7.054471041566912e+01
6.477599635942653e+01
7.477357088344803e+01
9.798009265120146e+01
2.331481409413499e+01
6.821762605952920e+01
1.677523232846299e+01
7.919905813373582e+01
7.478102621379357e+01
3.194182106849822e+01
3.539158377581816e+01
7.494526196967124e+01
1.142292665849576e+01
1.602537846938957e+01
7.797177218737629e+01
6.109271755492907e+01
7.472632759005126e+01
4.860213154396141e+01
6.061720869532656e+01
2.512932239339190e+01
7.389341521723820e+01
1.392732733577831e+01
7.550397057808189e+01
8.045773626326478e+01
3.446359435769897e+01
6.720776877701644e+01
6.615960954975318e+01
1.280127126388311e+01
8.313959864114393e+01
1.690566340317282e+01
6.667945527782638e+01
4.862380919448277e+01
5.964152890240845e+01
3.962401591223851e+01
8.451089997985908e+01
4.831266829199748e+01
4.946019456231044e+00
1.608154625449402e+01
6.874815154296725e+01
7.424428550258479e+01
1.407744531243920e+01
4.139735272219281e+00
1.970484280945027e+01
2.673092234261842e+01
3.180163313252927e+01
9.901835611044353e+01
3.532444761848284e+01
4.435923110896686e+01
3.885888738504559e+01
9.881797209327014e+01
3.165728311597243e+01
7.888751843892388e+01
8.276978921274180e+01
5.030929001528271e+01
5.897563936141117e+01
1.108236946681625e+01
9.206172651241614e+01
8.364404848946447e+01
6.085586401673773e+01
5.539313194127433e+01
1.314738309623086e+01
3.235526440309140e+01
2.415439874127247e+01
5.792191627338618e+00
2.611760186316334e+01
3.335084995876571e+01
4.129225250393723e+01
5.216972094595885e+01
3.829254574994210e+01
5.222317355322799e+01
7.308706598034457e+00
4.075989082491020e+01
2.420399334477447e+01
1.174427290062619e+00
4.703291116609839e+01
1.663734825171407e+01
4.902750726278289e+01
3.860606534341633e+01
2.316530897429460e+01
2.479095832667824e+01
1.138353059598409e+01
7.076332511881522e+01
2.289564238064719e+01
4.930402103313432e+01
4.243905406558842e+01
6.992243662007267e+01
6.630823158952791e+01
5.163448744063940e+01
3.045129116179947e+01
9.706905470093203e+01
5.028803690815719e+01
4.359867425803034e+01
3.640628919769372e+01
6.678300419206870e+01
6.337977213011112e+01
2.989262446290470e+01
1.338541042682967e-01
4.937982780364334e+01
5.668077294560185e+01
1.969088382073254e+00
5.689519818727635e+01
1.001619454939672e+00
5.685694741870135e+01
4.173091330646114e+01
2.286780715122251e+01
9.662973442889272e+01
5.836826160474133e+01
7.559232510421069e+00
4.018395395958049e+00
2.347169221540526e+01
9.668627274068365e+01
2.407553737241567e+01
7.994973151010915e+01
5.789127520187351e+01
3.095639414664190e+01
7.090189078399068e+01
5.670389591562743e+01
7.980917421160693e+01
8.690981841036576e+01
9.866845789303466e+01
4.016597286805789e+01
4.255980231918385e+01
7.467782128354433e+00
5.562479400803559e+01
1.143234517026336e+01
6.794829287936366e+01
3.965983895569101e+01
2.522773622778605e+01
4.602166490909721e+01
5.169618383594611e+01
6.025030941714081e+01
5.307974850436661e+01
9.141595172296090e+01
2.051108350069778e+01
6.466325594329427e+01
7.830699723135075e+01
9.400091408472551e+01
3.016037961009908e+00
3.396502059603343e+01
1.669625193658110e+01
8.454960858661198e+01
1.026171902672468e+01
3.943109150949451e+01
5.700124858738913e+01
3.204814448582388e+01
4.699157245782743e+01
7.016455594923559e+01
8.248047110740117e+01
7.978562893335970e+01
8.694669072839744e+01
9.444833560588226e+01
5.245949665664672e+01
7.982607697128601e+01
2.665402746137885e+01
9.265677537427133e+01
3.191039023544192e+01
9.883420476635648e+01
9.641277184542864e+01
5.164476588910667e+01
7.134986909634893e+01
1.337366174597929e+01
7.497227432903473e+01
6.999686941038671e+01
6.803339816072648e+00
5.507108301626103e+01
2.214188455703756e+01
3.320912790168502e+01
1.771232393463716e+01
6.644038677515481e+01
6.717414849771845e+01
6.908994650891513e+01
6.517743145356766e+01
8.559712520129845e+01
2.129452201598069e+01
9.534551445178013e+01
2.327020881849817e+01
9.049112759087753e+01
8.712291865941273e+01
9.385417145390723e+01
1.787209064600621e+01
5.245676103628089e+01
8.268537329634903e+00
5.524414798954695e+01
9.810206331224278e+01
7.469546928754797e+01
3.121798142381850e+01
5.215992743715641e+01
1.007584375798509e+01
1.662821407272863e+01
1.281622704715292e+00
5.092724028552288e+01
5.644863343632250e+01
3.545123447452264e+01
5.159932638127326e+01
3.842365412899463e+01
4.919814260173502e+01
6.530678219409045e+01
6.363009198737800e+01
6.691046653637218e+01
9.034530729537146e+00
7.670785238813043e+01
2.045721952824724e+01
3.642235032116172e+01
4.619405225207752e+01
4.097068078861138e+00
3.192029252272113e+01
7.702081081318707e+01
9.714103550517048e+01
4.802013721690520e+01
3.002721533646212e+01
1.527967183630898e+01
6.708655462930284e+01
4.382839367903229e+01
9.815450240771962e+01
2.070440306361038e+00
6.865012709454173e+01
9.912708108272733e+01
5.650709753693411e+01
4.919653327632534e+01
3.867911470061127e+01
1.610709736873726e+01
4.914406815038252e+01
3.277617638594293e+01
6.777123132151143e+00
2.493877584344650e+01
2.957097535467286e+01
6.336923305102123e+01
9.273587599989767e+01
8.976318411983698e+00
7.686257128457659e+01
5.424906944588249e+01
5.529211398926196e+01
4.177416113287870e+01
4.033832635746259e+01
4.326858070831214e+01
1.370519172107111e+01
4.619388801334141e+01
9.628054969770859e+01
2.378524314788415e+01
1.260238593099750e+01
2.089993144427423e+01
4.269922703630255e+01
1.679748954102280e+01
4.977900723450771e+01
3.287860473286295e+01
8.298330366750402e+01
4.016019922688613e+01
3.286713288764801e+01
2.091461989139887e+01
3.217575793721516e+00
1.273407480341106e+01
1.291867946876152e+01
2.740535867745306e+01
5.203689013236988e+01
3.392273841142782e+00
2.928856994457942e+01
4.569797056992444e+01
2.040766026843696e+01
7.450310866092477e+01
9.058418389902644e+01
3.085521149023213e+01
8.978633582116400e+01
2.724869266489926e+01
1.581638912475500e+00
2.547023772516764e+01
5.797124982717039e+00
4.745286817078146e+01
9.466929901143037e+01
9.999338961206067e+00
8.700723237684333e+01
7.271684942427877e+00
9.424346480250520e+01
9.033290687498307e+01
5.572808606351170e+01
8.398983212373678e+01
3.450000567105599e+01
8.909855451858535e+01
8.676441828103941e+01
9.412275915691758e+01
5.493090918982909e+01
8.733006282119548e+01
9.402033900563622e+01
8.518624123427376e+00
6.080500421151752e+01
2.329076706585044e+01
7.131705808980253e+01
8.332435231810639e+01
8.224350064166053e+01
5.316447743827686e+01
3.621309000822394e+01
3.573900039109355e+01
2.495269427306610e+01
4.001660372131346e+01
8.299179718969008e+01
7.165445553681555e+01
8.613609195972612e+01
5.459343774923749e+01
4.391944722454969e+01
1.882507410777038e+01
9.417901164581022e+01
7.762729310320098e+01
8.807707586701822e+01
2.248427473124316e+01
3.841697878130571e+01
1.348375664720487e+01
7.893207346970778e+00
4.545877116986493e+01
9.170213215598004e+01
9.339471514960505e+01
6.783759946368522e+01
7.877557183558847e+01
3.755774881577014e+01
2.874267111939502e+01
7.770813818914263e+00
3.062661258998635e+01
5.010574951307184e+01
3.999350845813449e+01
3.649681687191912e+01
9.403247246240846e+01
5.104027909740818e+01
4.247321684028638e+01
4.012517753994334e+01
2.378069070343892e+01
5.305216557022751e+00
1.386495214601278e+01
3.985519313246719e+01
4.017300211832533e+01
2.525519627391137e+00
9.722460484934253e+01
9.917885032444207e+01
2.121342025753735e+01
7.550410678400850e+01
9.134163907325903e+01
6.641021942086994e+01
5.210251968917555e+00
3.899489717511223e+01
8.540935259564284e+01
5.302744528885346e+01
9.019284727526495e+01
4.543515497140361e+01
9.265747363337198e+01
7.591657288182367e+01
5.967584217883453e+01
3.866221943807892e+00
7.723660267760819e+01
9.030245476882087e+01
2.861507815710040e+01
9.014275897766592e+01
3.117166465668551e+01
9.038686742558464e+01
3.676297363674406e+01
3.011951461905591e+01
4.145112658918422e+01
4.252047792194434e+00
1.615846530355442e-01
7.444745631629949e+01
6.312346228543831e+00
2.991534109689078e+01
6.553491655063578e+01
4.608904213928107e+01
4.809121691998617e+01
9.533685953139181e+01
1.352715278674250e+01
4.554617872719940e+00
8.253657318769795e+01
8.136356704931872e+01
3.899194921319930e+01
6.794592578334078e+01
7.126871872286719e+01
9.016471323099206e+01
7.645182887858330e+01
5.455639355562460e+00
5.082349621263496e+00
9.538434524805487e+01
6.245727765488311e+01
7.337735005346003e+01
2.706656326868877e+00
9.473604266286644e+01
8.379468339672064e+01
2.431067462279958e+01
1.799657485354532e+01
4.389893074701490e+01
6.887127033847908e+01
9.384856903639090e+01
1.211749259946751e+01
8.765123281052858e+01
2.985482654993181e+01
6.289633836732076e+01
5.536159111902192e+01
2.501428351971055e+01
8.111338544688810e+01
9.082741937172945e+01
9.212169670132999e+01
5.732290263163061e+00
5.180438810577821e+01
2.373840395535268e+01
5.088353219948873e+01
5.177625406150531e+01
6.962762487569248e+01
5.585549215593166e+00
4.194096729249738e+01
9.072407572098266e+00
9.017065534841765e+01
8.022253312180869e+00
2.042878992875516e+01
3.591702298071097e+01
7.787407072161979e+01
5.416596650805602e+01
5.471401757314523e+01
7.597273312321525e+00
2.590950770578790e+01
2.521912973617163e+01
4.476668110339282e+01
3.444042472841238e+01
7.762999114470091e+01
7.743253073535512e+01
9.727022312454424e+01
3.560586005244677e+01
5.842201507576835e+00
7.745324861139676e+01
4.785972859145129e+01
3.542117673690485e+01
6.774467903550001e+01
1.459466461771851e+01
3.309379989891024e+01
4.904886528339649e+01
4.968729352098298e+01
2.309168475824021e+01
5.831947208303934e+01
6.382168236366551e+01
8.449595369607952e+01
1.380227734977485e+01
9.138027987972846e+01
2.687828514113943e+01
2.182453070852185e+01
4.089935763780929e+01
3.590090881842231e+01
5.012823503936093e+00
1.228499906709651e+01
9.598919241502378e+01
1.120236302316299e+01
2.492670082716583e+01
1.841751854793053e+01
8.931916225204205e+01
7.101680965675824e+01
4.196639002392366e+01
3.708066606758194e+01
2.386953398765509e+01
2.955167774555817e+01
1.160891256835727e+01
2.079818049482916e+01
8.098488477104570e+01
9.983917535275182e+01
1.949844575463722e+01
3.062848650413961e+01
6.852252402739717e+01
2.017078032725061e+01
1.568481880970524e+01
8.432167642019766e+01
4.205957704319599e+01
9.799269111733543e+01
4.407795162130052e+01
7.796765727827681e+00
8.888493920158825e+01
7.095623676243994e+01
3.623496291052316e+01
1.561263209004543e+01
9.055124753646146e+01
6.617466391351758e+01
7.878009810986933e+01
1.104349489838048e+01
1.486218129976754e+01
1.891150647723652e+01
8.030412186882650e+01
9.612469347013379e+01
5.079226444977907e+01
4.816660156853804e+01
4.241338257790235e+01
4.308073941761662e+01
8.095399177677650e+01
2.265647334170363e+01
4.938158162375054e+00
1.767473370659851e+01
6.670556453368885e+00
6.651378146676057e+00
9.848449802886904e+01
4.766319880618862e+01
2.283580304255513e+01
7.994209024121150e+01
3.377531852283297e+01
1.890922208265831e+01
4.655529393188436e+01
9.203416565062207e+01
7.477107652219527e+01
1.834352245477192e+01
3.193935380873240e+01
4.757711670714296e+01
3.629893252453717e+00
3.932987490637688e+01
3.515667018255063e+01
7.095005506228193e+00
9.604575158844038e+01
4.604172666838473e+01
7.669088373737917e+01
1.945015775014188e+01
8.775262850697740e+01
1.805429696946139e+01
9.746050001003803e+01
7.112716495577580e+01
2.144946578026259e+00
7.841449174024839e+01
1.454404663040491e+01
1.702372707287955e+01
9.229310419982911e+00
8.579463231647138e+01
3.743495421364668e+00
2.119372082929766e+01
8.696660072867135e+01
9.192909374457277e+01
3.276711713185865e+01
5.036299654765194e+01
9.069441966279150e+01
2.171515539368389e+01
5.146184025866065e+01
1.015110137413773e+01
4.005867784845581e+01
9.119550375789194e+00
3.569602432460339e+01
7.142885428454207e+01
4.565718646424691e+01
7.085269450715403e+01
3.276404991408999e+01
3.476608103828788e+01
3.335383885230582e+01
8.348034689364971e+01
9.660348347230045e+01
2.274446763226039e+01
7.251831501373943e+01
8.218823935938453e+01
8.020108667211657e+01
8.210607947879755e+00
8.935269773441958e+01
5.414694764378805e+01
9.168698871121136e+01
3.279084872118703e+01
8.398513611591660e+01
8.034955266879386e+01
4.050465712347285e+01
9.246685714110120e+01
2.769295770101853e+01
1.391651435471909e+00
9.667438766764216e+01
3.939446166129525e+01
3.737967397895626e+01
7.915207728704068e+01
9.108940809550202e+01
5.505989960164758e+00
2.243754464315136e+01
4.028845389387033e+01
3.693542561351109e+01
3.173944504546907e+01
6.465660201602456e+01
2.651802521502507e+01
6.650552608375695e+01
5.858370073073716e+01
6.376919465315025e+01
2.282396756244077e+01
2.871647511083469e+01
7.583381355546128e+01
7.579018616852825e+01
5.089716704138423e+01
9.511266960534857e+01
6.514288385638170e+01
9.783207923072953e+01
4.937485812668449e+01
1.744176420264028e+01
3.307280686361380e+01
5.038741140178750e+01
2.470333423684507e+01
2.164075492026319e+01
5.668354647079647e+01
7.794042377636788e+01
1.832173774872056e+01
3.369111215401958e+01
1.090074000456405e+01
3.083056943995439e+01
9.161737495642964e+01
8.833909187854225e+01
7.268164119342418e+01
9.261486814013443e+01
8.209306717947734e+01
9.242098689657682e+01
7.185613050677634e+01
3.428576534347877e+01
4.568998522390145e+01
9.793990282245908e+01
1.987465658219282e+00
7.889839451708756e+00
1.310714907623229e+01
5.788280398486313e+01
4.252672709642291e+00
7.645471108912244e+01
5.299547354364557e+01
9.127490417625518e+01
7.232351790756152e+00
5.395652174668225e+01
3.361532559321044e+01
8.689904952743046e+01
3.934514962106251e+01
1.380616636658374e+01
6.123861640749435e+01
2.344745170485576e+01
4.000440795906093e+01
8.209251998089837e+01
3.032171634506514e+00
8.020996785732450e+01
6.157827911040665e+01
6.656185065701689e+01
3.595354693753345e+01
7.631550360299437e+01
4.656443649277298e+01
3.606030477027423e+01
9.650811366574285e+01
2.600326599832776e+01
2.994839932301473e+01
3.897716106799299e+01
5.963671717775833e+01
2.328686277535132e+00
4.476956987975611e+01
3.104871633977104e+01
1.454101671210538e+01
9.700580704817818e+01
9.183931089557676e+01
3.617439341553226e+01
1.945288983148192e+01
1.785630663757041e+01
7.104681482121666e+00
9.690750567098497e+01
5.640891476367084e+00
5.686438235308248e+01
2.568148031164030e+01
6.224819871701682e+01
1.525150556827500e+01
7.148061295574560e+01
9.913960909430851e+01
9.948128550289259e+01
5.430040343399178e+01
7.207029693390722e+01
7.794501589515480e+01
7.114810388123063e+01
9.363647973799914e+00
6.998738775494853e+01
1.488195020467134e+01
7.652447869839355e+01
6.865159630247001e+01
9.930284726400991e+01
1.954750154146343e+01
9.557003942111974e+01
8.466166387529191e+01
6.431707142121952e+01
3.528535228003066e+00
1.503869929119884e+01
9.357819095886228e+01
8.639778033196824e+01
4.339303567232240e+01
6.374687974515692e+01
3.303551382060886e+01
7.619957042681034e+01
7.833836282526066e+01
5.205727352390870e+01
3.306395273332668e+01
8.084868415298345e+01
2.748444631112946e+00
1.589586954372743e+01
3.830343128102992e+01
1.558308066594558e+01
3.841039675213881e+01
8.484037573674711e+01
9.416699665326951e+01
5.745196834087929e+01
8.935097455482509e+01
4.039556479099932e+01
5.995104855855510e+01
9.306257832472332e+01
4.216300171900681e+01
2.860264481445898e+01
2.161357049905396e+01
7.682891193629658e+01
8.344128955315858e+01
3.219155004815736e+01
6.634341611822295e+01
8.645851178395493e+01
4.548359692352060e+01
3.695440987914541e+01
7.233776136875980e+01
2.607235658265294e+01
7.586646837921182e+01
9.037530300690574e+01
6.378763358285075e+00
8.593483678341602e+01
1.692759279018622e+01
4.127818287409757e+01
6.513792079181313e+01
7.602164492757136e+01
6.354389137753466e+01
1.860111067937739e+00
3.863692876819378e+01
9.611892034118945e+01
1.007970753595219e+01
7.487240046023969e+01
1.830970073040095e+01
4.557622645309951e+01
9.100146661093527e+01
6.473835332539787e+01
6.447139436587290e+01
1.174718514631837e+01
5.663431503653261e+01
8.608496486492686e+01
8.857609712918108e+01
1.791728908099108e+01
4.426729639259507e+01
5.731125686192478e+01
5.584323567144723e+01
8.804354611227454e+01
3.386635521141177e+01
2.206302574931785e+00
4.877939310333663e+00
6.877944486624536e+01
6.488649606000935e+01
5.232410796560538e+01
4.174400840035826e+01
9.556605913469851e+01
2.373117116453646e+01
5.838414568378784e+01
1.524209655599766e+01
3.926393377560374e+01
8.742040213543008e+00
4.898385086515166e+01
9.762453623005401e+01
8.529307971954955e+01
3.378465270334140e+01
2.375389506283863e+01
7.375780622184175e+01
4.025052745838209e+01
4.805169852825426e+01
3.174225940915861e+01
5.221789928722097e+01
5.037114319874492e+01
4.166634340848137e+01
8.027041222912744e+01
2.062016908108265e+01
8.040388523619802e+01
9.349249666253687e+01
1.756483587322982e+01
4.528166723683555e+01
7.680629942417438e+01
6.755415767783028e+01
3.441616060883560e+01
4.558574424385360e+01
4.619262397577643e+01
6.768603346668465e+01
6.862247985257882e+01
4.175868311047493e+01
9.345343992740542e+00
7.038051992206859e+01
5.700077966647259e+01
1.230647834590938e+00
4.559389205909981e+01
8.970348610994569e+01
9.507023985268094e+01
3.088697173208323e+01
5.683581431248962e+01
3.698310271696332e+01
4.393762282279209e+01
9.708634177087170e+01
2.402132638917366e+01
7.496357642810958e+01
1.299934886069938e+01
9.191830455880533e+01
3.545279611621648e+01
8.444444792552126e+00
2.196455948146273e+01
5.243182990347586e+01
5.389771538502431e+01
6.790818249243694e+01
8.430411265432095e+01
3.083375977856748e+01
9.528911746818997e+01
5.762948326656105e+01
6.448874742001702e+01
3.992834721688570e+01
1.340784216924004e+01
2.633471108336687e+01
6.667687560742576e+00
5.320479201767817e+01
8.722827475854581e+01
6.962207791843549e+01
3.551571608312229e+01
4.775630177359856e+01
6.370069923051665e+01
2.811749043321120e+01
9.913704046008040e+01
1.374805407307486e+01
3.787348439817945e+01
6.835391650365382e+01
4.414004853188062e+01
1.234005615689794e+01
6.955009720732929e+01
9.570282869772187e+01
9.695102753907024e+01
6.394099246894056e+01
3.545485904228635e-01
3.063229845400541e-01
4.265472187784255e+01
4.904212739739666e+01
1.822838723577018e+01
2.706077011630906e+01
2.727396480146514e+01
5.938109162234753e+01
2.173126960253868e+01
8.498619607881930e+01
5.924495433422036e+01
1.610573931415833e+01
4.245310283380239e+01
5.556199022362102e+01
2.805648405480035e+01
6.248633617651013e+01
4.049482258991097e+01
6.357220013792263e+01
4.067496705831726e+01
3.870216265260343e+01
3.922878873498588e+01
9.838263695052947e+01
2.482029298544875e+01
2.998124683740607e+01
9.456659937024425e+01
4.474559679848403e+01
4.232130299430401e+01
9.466038327415491e+01
2.668030561259031e+01
6.110447457111648e+01
6.092150465628202e+01
8.484195200020538e+01
7.460338630462223e+01
6.679346187356555e+01
5.232472813330811e+00
5.591427830788972e+01
3.089524825610930e+01
5.811110216104942e+01
4.532635074356866e+00
7.332082114802712e+01
9.614128051145994e+01
9.666136279546718e+01
7.499832034809437e+01
2.881354080923532e+01
7.448210403066227e+01
1.582211368522705e+01
4.197356800640634e+01
8.172205974428080e+01
6.244693154583076e+01
4.121916449685542e+01
8.522120732125883e+01
9.502367027803496e+01
3.038227368629644e+01
8.897253414102482e+01
8.553789890629142e+01
9.288327609788779e+01
4.630594278979392e+01
4.588680381229464e+01
1.593807172772385e+01
2.536266540426885e+01
4.213094662042845e+01
2.933859826500462e+00
8.779224356999261e+01
3.759407868496798e+01
1.242500637305202e+00
5.472951403573598e+01
7.090281977825930e+01
6.225699096091883e-01
9.167283079199159e+00
5.115106005740867e+00
5.324908781482331e+01
5.359992871694264e+01
7.657307706613703e+01
4.101471744525001e+01
7.183732850096996e+01
1.413684022339845e+01
8.919999096039682e+01
9.357562553769705e+01
6.149207491497140e+01
1.156047466749347e+01
5.503006100423171e+01
6.280528598595657e+01
2.522210447360859e+01
1.297198064297996e+01
6.579353556306732e+01
1.214448609954886e+01
8.302379044844945e+01
2.721645749510101e+01
8.109132483652390e+01
1.673244606551362e+01
4.109719448773991e+01
2.322227141038621e+01
2.678816319759384e+01
5.730774223679106e+01
7.308633940903765e+01
4.547882533887346e+01
1.203725622596092e+01
4.726352400484659e+01
4.577022932738542e+01
8.879514764472616e+01
3.488050454057777e+01
3.760597009100298e+01
7.023278878546915e+01
9.518024786151025e+01
9.208990227994039e+01
9.812681516545211e+01
8.463818066969429e+01
5.318935497346769e+01
5.903250587127754e+01
7.463316241029332e+01
7.673573921282578e+01
2.780379086164934e+01
1.597839408366866e+01
7.666840570823680e+01
5.175041805568637e+01
3.480155376475377e+01
2.595661768035806e+01
6.313441082049832e+01
9.820052441125760e+01
8.848456511669073e+01
1.960742819104690e+01
9.362909481564029e+01
3.719385477583570e+01
2.719761777073034e+01
4.601184313465461e+01
3.356553289739673e+00
4.083775716872781e+01
7.515571609845185e+01
4.734571247703661e+01
8.693915241721047e+01
9.820231883702908e+01
6.595288322584372e+01
8.628963548051642e+01
9.967259559765114e+01
3.394716835298910e+01
2.665483589594012e+01
1.631039609960764e+01
7.061402223567200e+01
1.086290092713335e+01
4.625295458652683e+01
9.151245811558908e+01
1.155817891077985e+01
7.216687089398823e+01
3.473370835871143e+01
7.596415620109261e+01
6.207708323471113e+01
8.757951813171596e+00
1.519222558252151e+00
8.866867613451028e+00
4.350859417743450e+01
1.573778419556924e+01
2.953670887720618e+01
3.221269502873192e+01
8.034712126494718e+01
6.069207045281868e+01
5.499920340022035e+01
3.669174315253819e+01
2.815732840828473e+01
9.133782954483192e+01
2.742978675636919e+01
5.805334581902872e+01
7.295012822046417e+01
5.921706946530243e+01
4.737214313231974e+01
7.544016445774592e+01
2.943789937041602e+01
4.694086781094822e+01
6.513542410225395e+01
7.950870640553008e+01
2.916933620775553e+01
9.157218285443830e+01
1.603875184247212e+01
9.964526207169763e+01
1.656692010190660e+01
5.394121103637908e+01
6.716127873731837e+01
5.882568064091060e+01
4.330725602028298e+01
4.378662716773648e+01
1.092916345732713e+01
1.823767275467407e+00
2.547151014463581e+01
9.616684405885955e+01
1.120894072167992e+01
7.051221983065465e+00
7.276547354309143e+01
1.953295293242342e+01
7.477950270975917e+01
9.756708764357822e+01
7.871689599878941e+01
3.049728573788763e+01
3.586537420557131e+01
9.865724462953268e+01
2.514770311543145e+01
7.552729331679981e+01
9.096735892396764e+01
5.458560248584747e+01
2.402620563471047e+01
6.929613084965204e+01
3.338464821380779e+01
3.038559766969905e+01
8.851792383404351e+01
3.996758849358540e+01
7.284857089298245e+01
8.138650086772931e+01
1.421266059121707e+01
8.517514606247431e+01
7.670043645272983e+00
5.407675870418398e+01
3.433465046544310e+01
6.747601896872558e+01
3.951600475214236e+00
3.914873816033301e+00
5.805470997377052e+01
4.643796409780065e+01
2.014336032799601e+01
3.331159932227414e+01
3.727475611366087e+01
8.911599544301443e+01
4.152939177189459e+01
6.827369684738744e+01
7.102923005401587e-01
1.102570854640832e+01
4.274987319612404e+01
1.957873782123380e+01
4.839565835352785e+01
5.056585541487013e+01
6.106566296008680e+01
9.607146172601331e+00
2.597181490900545e+01
6.839327843319312e+00
1.332039740556869e+01
2.028740538297566e+01
8.986494042438685e-01
5.465478894983175e+01
7.372618302410756e+01
4.235561422182042e+01
4.568429922018400e+01
4.267430866261679e+01
9.116731015554038e+01
6.810289433603309e+01
2.246699762645504e+01
6.452225384513021e+01
5.122666459122052e+01
5.363452963234602e+01
2.934632498274852e+01
9.445646949785596e+01
7.753050899018092e+01
3.902786930046410e+01
1.246577702111834e+01
4.928784773186214e+00
6.932900583805936e+01
6.210350266755722e+01
5.919263426176860e+01
9.828738695862116e+01
3.923733683267484e+01
1.947310795982979e+01
5.400578251760722e+01
7.095677348363995e+01
5.481784071531978e+01
1.641116319988443e+01
6.714651322325064e+01
8.329576686178137e+01
9.053472606024459e+01
4.539890216914886e-02
3.184795753650738e+00
7.188123467931582e+00
3.651702233427997e+01
5.008953853980152e+01
5.291633836595171e+01
7.373322270518786e+01
2.478684383667393e+01
6.326201719383803e+01
3.150967291160937e+01
6.941909746705512e+01
8.787318961130138e+01
2.744037980560231e+01
6.387556691834496e+01
3.096937072974135e+01
3.540576642165229e+01
1.991643804121597e+00
1.296920925982725e+01
4.207831590533178e+01
4.664565112751241e+00
3.246430700293942e+01
3.085731478913562e+01
4.808446171138643e+01
4.135602686617339e+01
1.994752475058079e+01
2.533844612787405e+01
5.613148610858781e+01
3.500954962103141e+01
5.792131594285430e+01
1.089968910017036e+01
5.026749267720966e+01
2.596647852378268e+01
1.305980557252644e+01
4.578210653075115e+01
9.341161283357610e+01
9.047571317780563e+01
4.745678214703536e+01
5.811121648089551e+01
9.683284549826423e+01
1.320335972737677e+01
9.472768348396183e+01
7.808724347412922e+01
1.076549292112025e+00
7.855812692016276e+01
5.354925480370841e+00
7.946950540853176e+01
3.651087546558626e+01
2.479090081750923e+01
5.274117810313644e+01
5.222040817710590e+01
3.363802569622082e+01
8.166047920550243e+01
1.490827287310188e+01
8.642405373343456e+01
1.197679034060649e+01
6.720604173243328e+01
6.936303953144841e+01
9.505007047906986e+00
9.670378961446872e+01
6.049470168561428e+01
8.908673189072252e+01
7.720630102660800e+01
5.815819406796162e+01
3.448918104846458e+01
9.173470269503756e+01
4.703948108807182e+01
3.515360771452711e+01
7.672441777620669e+01
