1.369807543870903e+01
7.669295602324091e+01
8.436360744962637e+01
6.133625212187705e+01
6.123872350959048e+01
2.961679232754596e+01
1.766176573823288e+01
6.987300215748743e+01
6.109371504797307e+00
2.098426284314332e+01
1.265263674438588e+01
8.490216610250164e+01
9.894562670911924e+01
8.255491144142808e+01
6.604867021834882e+01
9.613425172685378e+01
7.681549544297880e+01
1.808646573596004e+01
3.648432681173288e+01
5.359817452430639e+01
8.586228321579391e+01
2.830119120343644e+01
2.242024700270046e+01
8.782493355117037e+01
8.261733911122072e+01
4.928514009773971e+01
2.663129927899283e+01
6.715298121196822e+01
2.130096443989359e+01
7.492038452761265e+01
6.703753707326834e+01
1.504363786198368e+01
5.714053584129574e+01
8.729603387755157e+01
5.764342269750471e+01
1.837925935088622e+01
2.946193657324739e+01
8.079304792023872e+01
1.415866409156409e+01
1.930324389566819e+01
4.441940404680530e+01
7.065770512943050e+01
4.205409951603697e+00
8.015762995004543e+01
4.239750702045742e+00
7.025408016995252e+01
3.949928238964606e+01
6.364457382058938e+01
8.834054590591255e+01
7.598360924794507e+01
1.724274829832965e+01
7.420282912170646e+01
7.591300084065320e+01
6.117896738517050e+01
6.202776262631070e+01
8.690213951603609e+01
5.665521885112637e+00
5.513843235333377e+01
5.870488987243962e+01
2.696648632500623e+01
5.989639463829640e+00
4.643341449388927e+01
2.685330772160241e+01
5.760298001468320e+01
3.246566817744899e+01
6.520266899149989e+01
4.573504619567424e+01
5.064227448340611e+01
3.265065207735200e+01
3.740114487586596e+00
7.366447214673482e+01
9.709182339585006e+00
7.439781961701709e+01
2.543490427799285e+01
1.240527956392862e+00
4.301822886011481e+00
4.597151886949852e+01
9.257349548515560e+01
5.969281641752124e+01
3.653733690108049e+01
1.729367534503978e+00
8.375875297177525e+01
1.480934615936565e+01
7.284190509134993e+01
2.485214035252675e+01
1.924730190972206e+01
6.919427703562857e+01
3.051766223763938e+01
5.031655689250517e+01
2.789916686150207e+01
5.748414856264561e+01
3.793304354787480e+01
8.557333652189622e+01
9.406480537451097e+01
1.390917637101802e+01
6.376831036236524e+01
3.810326910489391e+01
5.964422256669226e+01
6.994505933017705e+01
7.075392118224592e+01
6.787123846256698e+01
6.926763712860068e+00
5.356049633285054e+01
3.778215667129594e+01
6.904443575490473e+01
6.634709381793956e+00
7.915231412237152e+01
4.805336107874911e+01
9.920820486694957e+01
7.611254340788001e+01
5.155329147891761e+01
6.776530950691799e+01
3.228785583390289e+01
1.031795945498997e+01
4.524014538398019e+01
4.809016596902635e+00
8.560993959457144e+01
3.512590659555323e-01
6.021084439019246e+01
3.592649644051050e+01
3.949118104739635e+01
4.514180694014849e+01
9.223269284341144e+01
2.506451752272645e+01
2.148714732447972e+01
6.141869167863331e+00
4.436730236949739e+01
4.868302496554471e-02
3.717874662819260e+01
6.310045689488783e+01
4.389999706479720e+01
5.049985044193448e+00
7.002722060774789e+01
9.746049339764774e+01
7.990047628055349e+01
2.696632879179266e+01
1.181376372082800e+01
5.905279040292501e+01
4.198228341619591e+01
3.303407553259007e+00
5.948485576523694e+01
2.527849703341652e+00
7.106871706017699e+01
1.935615205175995e+01
1.284580915833163e+01
1.167593156531264e+01
9.557935320566379e+01
4.550815208140209e+01
4.954517960992884e+00
8.323701158316666e+01
2.940458950093230e+01
4.728810724210371e+01
2.837881847674904e+01
9.331697756113344e+01
7.658288924795710e+01
3.328550240643578e+01
7.980921057975348e+01
5.832888048995700e+01
3.333418547796746e+01
4.559530226774295e+01
2.142933733827869e+01
2.946649893627805e+01
7.476573105657739e+01
9.145655794602658e+01
7.469467589384628e+01
4.171831647014167e+01
2.015077509924340e+01
6.001667918638172e+01
2.509062887406472e+01
6.429040481536202e+01
8.209328622654699e+01
4.216957932439148e+01
6.681825451870368e+01
8.297880253893267e+01
8.060893634362563e+01
7.966406367703530e+01
7.349889808031679e+01
7.618828950272328e+01
6.107499802535167e+01
7.845341604130968e+01
5.942530103932382e+01
1.249389812000743e+01
2.574152323684726e+01
8.780411951607286e+01
5.810875681140868e+00
4.966386409926408e+00
3.422534499979827e+01
9.598619844577564e+01
2.591657802738090e+01
9.089086143807083e+01
5.266178201542319e+01
6.117913125137758e+01
6.812504393426936e+01
1.634723172352986e+01
5.436357755882833e+01
4.281971978154952e+01
5.806554824023766e+01
7.172743853727702e+01
2.160959840827137e+01
6.270995943933257e+01
3.601784330607292e+01
1.217719256513621e+01
6.773166170703790e+01
2.836097778210462e+00
5.686488792154234e+01
7.166329839809951e+01
8.250016150181190e+01
2.170282272701283e+01
9.976010378438984e+01
6.558947012088703e+01
9.856794825688374e+01
2.110206560283064e+01
7.808336828746059e+01
7.284983241597648e+01
8.906185072337363e+00
8.389424396860146e+01
3.191783187534559e+01
4.313153011870176e+01
2.363072131929487e+01
5.783440990272649e+01
8.495163306824473e+01
6.521222203281346e+01
5.093451656910335e+01
5.307667695594797e+01
4.692957496593221e+01
6.881515428834369e+01
6.064418342925803e+01
3.962500195001485e+01
4.054259277905458e+01
1.750599514576886e+01
3.633141561240490e+01
8.453888254451513e+01
2.120887978058722e+01
9.051284077135513e+01
7.685492712857896e+01
4.245571132863672e+01
2.669942943691249e+01
6.189669536514985e+01
9.977659047570853e+01
6.193624290727835e+01
2.748616548603688e+01
9.834453868602614e+01
7.416916511681357e+01
5.569533726931333e+00
2.529598410487919e+01
1.838444467558732e+01
8.946377769553278e+01
5.058444028281814e+01
6.151597479428909e+01
1.643848522400413e+01
1.504822583638515e+01
4.143975150838482e+01
3.120795857683195e+01
2.602939360124497e+01
4.276234248781686e+01
7.813753354276416e+01
9.484454788958865e+01
3.865873922531434e+01
5.175898971583647e+01
3.538714062207711e+01
8.338898093597450e+01
8.809040537480749e+01
3.986923952580860e+01
7.737361419823655e+01
1.612918270571585e+01
1.672416660782144e+01
7.314440844261293e+01
7.830532182860436e+01
1.461984171281561e+00
5.522397228294237e+01
4.437698309513600e+01
5.515769024154064e+01
4.247392646152243e+01
5.385524269838596e+01
2.032093127273066e+01
7.886449507384771e+01
7.223968737397328e+01
1.312869517743992e+01
2.412711266620416e+01
3.375566212169624e+01
9.765259926098055e+00
5.112653684389150e+01
7.519541363008106e+01
4.097321850293000e+01
8.518830378781459e+01
6.226603102975806e+01
1.911075199912803e+01
9.262718944467008e+01
1.108414470734268e+01
7.086974176153062e+01
5.548307181125650e+01
9.447312564331718e+01
5.896014708977199e+01
8.782678590520601e+01
2.516182275729339e+01
1.900873627467488e+01
5.877475913556979e+01
9.830623119990631e+01
4.426229588885898e+01
6.012936637742881e+00
4.513447291456837e+01
3.755562279259582e+01
9.274253658612378e+01
2.503517047736569e+01
5.196635255215985e+01
8.149155815201419e+01
7.756747891081845e+01
7.705034314517414e+01
5.479932457897780e+01
1.364578987175868e+01
6.868366155246443e+00
6.456458455164199e+01
6.477232671565018e+01
2.368528471499927e+01
5.537803008005863e+00
4.717832861802463e+01
8.863808577351183e+01
9.833370107148481e+00
6.727425976063789e+01
9.758711694627399e+01
8.709658174174677e+01
2.275733152532826e+01
9.206024254302505e+01
5.447844385843652e+01
7.837215213960602e+01
1.722206525375231e+01
8.984871538814563e+00
4.896273917935916e+01
1.552829645365863e+01
8.700224649487168e+01
8.893604129037635e+01
9.808954051606801e+01
4.385455238812349e+01
5.372084088331127e+01
2.312471099343370e+01
1.813604706811535e+01
3.159822627510793e+01
9.243091558685104e+01
7.287124808545748e+01
8.755920719707348e+01
6.076705412043587e+00
8.136012716282166e+01
5.212379170214933e+01
6.633445474614132e+01
5.045411831254797e+00
8.581123486431838e+01
1.351278331759981e+01
9.154838402362000e+01
8.231014981042135e+01
8.078704307823770e+01
8.913550092332787e+01
8.274118666664752e+01
3.544374603565957e+00
8.119574346635292e+01
7.271732193078722e+01
9.373235469392145e+01
1.208045064102879e+01
8.170219346960177e+01
4.269509382671448e+01
8.310643065865450e+01
8.800112306512945e+01
4.174146663478644e+00
9.926688349771634e+01
3.769061283100891e+01
5.428081483313851e+01
1.413032017374892e+01
5.582665989912425e+01
8.587904115481257e+01
6.561235714033821e+00
5.478284324276393e-01
1.209752071280848e+01
1.270419918592284e+00
8.028744271969769e+01
6.250343414140094e+01
6.760487466473360e+01
7.510245492453801e+01
8.749871523468696e+01
8.111765798233340e+01
6.665083890159188e+01
6.980886499854218e+01
6.769411832452478e+01
5.578633982491975e+01
4.763731153106192e+01
2.163696695195370e+01
3.698208324470654e+01
9.941778243492254e+01
5.395196776555478e+01
8.506899098170409e+00
5.499104287242100e+01
6.919007318522318e+01
9.161332975682492e+01
6.912109887652150e+01
7.336421989526795e+01
6.138164273527528e+01
9.767742832083136e-01
6.294416122275598e+01
9.654199937197473e+01
2.865335467674460e+01
1.352407579008680e+01
1.157176909575787e+01
9.925431897829023e+01
3.081161153074894e+01
2.420971026840141e+01
6.931136202500731e+01
6.064873200871457e+01
7.696683568738719e+00
4.441381690297919e+01
4.814744719683539e+01
1.199331940710234e+01
1.106465575800494e+01
8.039897348750334e+01
6.530256334939159e+01
6.685099558292468e+01
7.099433945072551e+00
3.075163892039640e+01
3.833078781065102e+00
4.553782555532540e+01
5.527637244913558e+01
3.923297074587688e+01
8.763719219138714e+01
2.446644563435877e+01
3.904475841626747e+01
1.756899865230965e+01
9.735951553907223e+01
2.992497162424260e+01
7.229974180101405e+01
6.030367671526209e+01
3.493550500596665e+01
8.638842002786157e+01
1.340195947019475e+01
9.990751966829762e+01
8.211146373400067e+01
4.421357100094369e+01
7.071698441669204e+01
5.142282571244186e+01
4.862303009658262e+00
7.686305375623658e+01
9.583664261542104e+01
8.918610279876091e+01
8.026091609162322e+01
6.901298326859854e+00
7.096606240187123e+01
4.556347939444868e+01
7.375229395635067e+01
7.668451018477069e+01
7.631511831484508e+01
7.758537273741577e+01
8.320172651819965e+01
6.624818750016772e+01
1.681834343672653e+01
8.262638001825027e+01
5.116164789123538e+01
6.590136828175810e+01
2.759720963779707e+01
4.899231337429597e+01
9.582633995256683e+01
8.533227498891404e+01
7.446801353919693e+01
1.860531560080373e+00
5.535226522728441e+01
1.346778949418468e+01
7.726911906025798e+01
3.746372891471895e+01
7.333650345603773e+01
5.635090063156136e+01
8.888655462716079e+01
7.819880646569599e+01
2.639977141581465e+01
8.472319719601570e+01
2.002166794614013e+01
1.680675880834775e+01
9.162449552287558e+01
8.960674418583827e+01
8.690118397907409e+01
6.537678943266010e+01
3.873430506267319e+01
3.535346809558266e+01
5.128289696354555e+01
2.083181665317706e+01
1.601655549184259e+00
7.813950682903616e+01
3.458196624861190e+00
3.617686384179483e+01
4.404087506422813e+01
4.792910909649409e+01
1.507673259595257e+01
2.053573858949157e+01
7.614869576699506e+01
5.963719075528774e+01
2.239627019613808e+01
4.982079009051472e+00
7.310498024947242e+01
4.789817894245413e+01
9.229237720942702e+01
5.119414229467238e+01
8.051522205607743e+01
5.785124444302695e+01
8.202970748861772e+01
2.228405383521880e+01
4.257444159247654e+01
2.051375434757851e+00
2.720404678359816e+01
6.939246215363613e+01
4.483912347109948e+01
2.599199657607451e+01
4.125017791113359e+01
5.794937394463894e+01
8.431201036288962e+01
4.253788867152198e+01
7.442354693749154e+00
6.932722631344909e+01
2.318394278324392e+00
2.777425415244617e+01
8.285695658198416e+01
1.471345672137731e+01
7.570336324894026e+01
9.793368917793673e+01
5.458067169160613e+01
8.964747241216129e+00
2.873139471222246e+01
2.520973157380230e+01
1.916667382194040e+01
2.341543832952876e+01
7.310791056282255e+01
8.813136373093880e+01
2.190917410045358e+01
6.899219293566057e+01
4.598260812739963e+01
5.663928806625273e+01
2.883693973013989e+01
8.855704976644230e+01
7.602962645517179e+01
5.604098651373805e+01
1.834796789025328e+01
5.034878312160670e+01
5.635905599052042e+01
5.959814580138686e+01
4.442178413477809e+00
4.067106630684392e+01
5.213122067606599e+01
1.574051171342866e+01
8.707676790052874e+01
2.280380228664903e+01
1.671086536567233e+01
1.550238277553692e+01
3.468420744626047e+01
1.921812906824897e+01
6.175650100305514e+00
9.209793074619860e+01
2.818287635603122e+01
5.648610822692797e+01
1.730766227343477e+01
4.212970265286495e+01
8.525084102770818e+01
6.773691841761438e+01
4.836890611255956e+01
7.160015081595636e+00
5.940776577191789e+01
5.928901385482820e+01
4.052513704659656e+01
5.068401249623113e+01
5.773129079385255e+01
1.655476345520223e+01
8.105107191067704e+01
2.659248748169862e+01
2.018986177639564e+01
1.000599097926449e+01
2.818990919189058e+00
2.848801879607514e+01
7.808119420804140e+01
6.768859297395153e+01
5.071311534881271e+01
6.096200652465318e+01
6.112565624580051e+01
8.774329642194478e+01
3.581869557305178e+00
6.956079670673273e+01
9.565186328052164e+01
9.876314452791733e+01
9.074084595345931e+01
3.514430179965883e+01
9.536195280745716e+01
2.542133094995345e+01
7.727400445252378e+01
8.061279378859922e+01
9.315824936756782e+01
6.979736078986775e+01
6.563015285210225e-01
5.787184678850316e+01
3.897160181727801e+01
1.180671668229937e+01
8.768455259859775e+01
9.670289261113055e+01
8.164779538365444e+01
8.960693119541133e+01
1.976893144648938e+01
1.837657113483947e+00
6.541315157218517e+01
8.000916111283431e+01
2.414191450185232e+01
5.098253258084065e+00
4.769775408678584e+01
7.455420646562902e+01
9.317774008641845e+01
5.407074841394590e+00
4.227901061171620e+01
3.115612763499660e+01
4.049990048655304e+00
3.793087384567171e+01
6.517129347900455e+00
9.479083604868075e+01
4.947633247332477e+01
7.276075727900525e+01
2.839344229008697e+00
8.167723453681788e+01
1.890593167343453e+01
6.299167418060436e+01
7.320145055335082e+00
9.366682753603291e+01
5.917527208066326e+01
9.225206947524663e+01
3.136894988425493e+01
2.667915785064882e+01
8.542851344003739e+01
1.301674526790937e+01
5.733806251424275e+01
5.197444839960637e+00
4.909370553171900e+01
8.435512161085154e+01
1.115700952296937e+01
7.323562003357132e+01
8.945337486893561e+01
5.543842816512958e+01
1.973428475658143e+01
8.705825688646094e+01
8.902534408915106e+01
8.203178759758910e+01
7.939072455251157e+01
4.116048409657576e+01
2.830053429505813e+01
4.813365663780536e+01
5.968632910386022e+01
7.777686676838289e+01
5.866861113285115e+01
5.540600281926152e+01
3.737118045677020e+01
7.930890018088226e+01
1.839767699986588e+01
3.973834809834992e+01
9.713677600824124e+01
5.739228229848309e+01
4.458937097554531e+01
9.494050107660726e+01
8.407144014913190e+01
2.237190833425704e+01
4.152247116040553e+01
4.807356449220030e+01
2.488737195957795e+01
5.637687354179884e+01
3.242868605648572e+01
3.872636269718705e+01
8.408730937358332e+01
4.550886342558492e-01
9.009161940314416e+01
2.129123658933269e+01
8.751334552071680e+01
5.501029386884081e+01
3.323024140355654e+00
8.390390034015472e+01
1.990578692402029e+01
5.461374002258002e+01
6.981175419400061e+01
5.850025501963694e+00
1.030768589596622e+01
2.727626819502388e+01
6.125602836779134e+01
2.483947809079638e+00
6.054908086571334e+00
5.946887892646197e+00
4.222229595399568e+01
7.956089604625521e+01
2.895125850520621e+01
8.681166692954100e+01
7.450139707629634e+01
1.968676048316376e+01
3.295495325371388e+01
3.625938088458934e+01
8.727518631484136e+01
5.784232521329184e+01
2.959675464294700e+01
1.890109852836518e-01
4.148294382797692e+01
3.115370652226438e+01
2.207107186413885e+01
3.157456318455495e+01
5.244494311159706e+01
8.890084893857168e+01
6.715629569588056e+01
8.592395856321042e+01
1.048814789880447e+01
3.096897417258889e+01
1.038170727453274e+01
8.029990213937121e+01
3.681899967455259e+01
6.539713338268788e+01
8.780267419656864e+00
8.771987961964676e+00
6.788108119176751e+01
8.235140213852348e+01
7.772873336343501e+01
1.010337709919707e+01
6.191229813821255e+01
4.367013435981708e+01
9.005203819370458e+01
4.972426958834951e+01
3.589214870514914e+01
4.173753324045685e+01
2.294415068949766e+01
2.316733497342436e+01
2.099238150799292e+01
1.978414627713344e+01
2.409974971045728e+01
3.897359247271604e+01
5.098252587531811e+01
5.337730262120128e+01
6.076982950827564e+01
3.613955496630611e+01
7.996155027298329e+01
1.827588994907024e+01
9.190752226482496e+01
9.044969817178774e+01
2.430330264582452e+00
3.705493581344138e+01
5.750664652209107e+01
3.924932998570117e+01
2.452069149563121e+00
7.952986768424969e+01
8.076415922528327e+01
7.033315038789677e+01
1.562428233009962e+01
9.548303507989414e+01
8.043652748709383e+01
7.753658046831218e+01
2.982781228135704e+01
4.213737176830758e+01
6.211617242643431e+01
6.571996098650618e+01
7.221568751717716e+00
8.662335173535317e+01
3.362728400790472e+01
9.493389124746150e+01
3.760122844837663e+01
6.493351481153327e+01
4.384087898947339e+01
2.129584030308567e+01
3.847429879870000e+01
9.496047328922920e+01
7.174888857256104e+01
5.286240081901774e+01
1.323636319173331e+01
4.934291753421674e+01
8.872206583093948e+01
1.857433580727053e+01
5.163214707357443e+01
5.947166604896618e+01
9.056650707058913e+01
7.461076978343110e+01
5.265860848718258e+01
7.133066624930625e+01
6.595765201652313e+01
6.828289081728221e+01
5.041745274812796e+01
1.804298559112613e+01
4.575847971521247e+01
5.966870629213225e+00
6.018035740599984e+01
5.976974692184932e+01
8.476934865339162e+00
4.405526241476426e+01
9.293497525757876e+01
3.485252197592171e+01
4.892254893152162e+01
5.280059657655685e+01
7.037733684777159e+00
9.276342792099501e+01
5.183204400904106e+01
8.631386644500954e+01
5.084357068447562e+01
9.267439278432839e+00
3.917626721746114e+01
9.602643088252584e-01
5.397122081088425e+01
1.234298451447067e+01
6.599458729196088e+01
1.024250383965788e+01
2.044107714688456e+01
6.403459071369589e+01
7.459658527495181e+01
7.309968563406713e+01
8.143177338942502e+01
5.081092559304597e+01
4.418276117378043e+01
4.824547462549316e+01
1.877684701177145e+01
8.720204769037760e+01
3.006166989452284e+01
2.903426859017195e+01
4.697179456566079e+01
7.602689595708013e+01
7.308953100493622e+01
9.075086824165231e+01
1.087941788643571e+01
4.713377409946815e+01
2.128707190104158e+01
5.871898553274525e+01
1.477550776432059e+01
5.635611017064942e+01
4.503285193118865e+01
6.392192838896156e+01
8.238655518851549e+01
8.420911914864979e+01
3.459673190237802e+00
4.099691195459892e+01
7.314368708671243e+01
3.712042949028333e+01
5.532470841674353e+01
4.495833760358316e+01
1.155020157413101e+00
2.992129364512921e+01
5.577452190023592e+01
1.452715388244351e+01
8.690361505695788e+01
2.018780718566282e+01
5.037037718592695e+01
5.166593056715370e+00
7.389854829474285e+00
1.698497376264305e+01
8.479179483130193e+01
8.771441699364894e+01
7.967425397582085e+01
6.892175421534188e+01
4.772654257143221e+01
8.446775301567639e+01
7.989340567956371e+01
9.389203232428619e+01
9.629898578687524e+01
2.913388597272983e+01
5.024814249493561e+01
3.347876958245354e+01
9.305581436169139e+01
8.854376165594149e+01
9.427947215469530e+01
6.418165656001385e+01
9.625494009640764e+01
4.056378544334498e+01
1.302086003731045e+00
3.613531004457516e+01
1.238149675185862e+01
2.457106161144146e+00
6.605660368970437e+01
6.815601865209455e+01
7.124480324389637e+01
5.244634973464829e+01
6.811330172611089e+01
3.401743170526690e+01
5.761294283792979e+01
5.265222338617417e+01
3.381350270184386e+01
1.103998129770159e+01
4.572624258963682e+01
3.067665944373080e+01
9.013810324954711e+01
2.419152777837195e+01
1.514441241284107e+01
4.881471272037118e+01
2.394388482158253e+01
8.366815298035189e+01
4.348362611768936e+01
9.888059017196326e+01
5.475835122855304e+01
2.838333185221223e+01
8.742435182790474e+01
3.920163984373288e+01
9.256498841222609e+01
4.832832591995984e+01
5.062145406874896e+01
9.386707441595712e+01
9.582268181062429e+01
1.900629579043309e+01
9.632418057710127e+01
7.042686714344978e+01
2.196534598337735e+01
9.286466529260606e+01
2.287321683153194e+01
6.722771454007724e+01
5.271671468052860e+01
8.048615966946173e+01
1.987993792625141e+01
7.788450251234906e+01
8.718855524770383e+01
5.901368435426321e+01
7.680266312174624e+01
5.610986233507742e+01
8.163422610686824e+01
2.370557432235478e+01
9.803424347100511e+01
3.026667378389588e+01
1.808162257917301e+01
3.336176091495983e+01
2.914726390929300e+01
7.283997385429217e+01
6.174509276717207e+01
1.657161569063161e+01
1.927278010140768e+01
5.431008113283202e+01
4.366166519171636e+00
2.589757909341602e+01
4.817715550222302e+01
1.888482832297907e-01
4.490387488384911e+01
4.450133607932429e+01
7.959857540186428e+01
3.206618932637674e+01
9.726833510085397e+00
2.949896279233459e+01
8.734180544844912e+01
3.660893050795837e+01
5.647536695770704e+00
6.292471665093895e-01
8.308352720135987e+01
6.466558485509157e+01
6.637669031805204e+01
2.305459488325501e+01
5.650619676173954e+01
4.284814365340776e+01
9.429965992192722e+01
5.454044018617851e+01
4.999724060762546e+01
1.238128250110023e+01
8.790220110113836e+01
5.396169533671890e+01
8.522125635539240e+01
4.964729386831042e+01
9.999535935930691e+00
6.811889878852242e+01
3.957374954576313e+00
8.803038861976489e+00
7.150641133613251e+00
5.213453050336546e+01
1.455455073833212e+01
3.204787635805452e+01
9.663586658268974e+01
5.758357106595466e+01
8.442310350221727e+01
4.351028131484533e+01
2.365208893253100e+01
7.146251079228824e+01
8.011921182280369e+01
3.023563699342108e+00
7.209175800536374e+01
9.461264479654498e+01
2.213571752521010e+01
3.173468952613636e+01
7.999548883177130e+01
7.108167180376205e+01
5.789653140022259e+01
6.442740888540978e+01
2.495220104463035e+01
2.458007378716956e+01
4.633655056652452e+01
6.663798651035782e+01
4.359897558744949e+01
7.189768756362503e+01
1.628528033210211e+01
8.854130505981915e+01
4.001658630558131e+01
4.024878481414579e+01
7.639848425816675e+01
9.672053577225680e+01
5.717006440142638e+01
1.746155825325360e+01
7.370245790747109e+01
6.901305237273363e+01
3.196192673964516e+01
5.812556140968835e+01
3.446379352103165e+01
3.526677332598100e+01
4.358267879280387e+00
4.651128540118750e+01
7.504597798690477e+01
5.660531206829720e+00
6.662058395641883e+01
8.670211647949280e+01
1.554614622869815e+01
4.661607278819013e+01
6.693047176437939e+01
7.344267762892073e+01
9.129029865902397e+01
8.273598928131908e+01
9.616799098261072e+00
3.762684917898236e+01
9.966920693389570e+00
5.321577473227669e+01
4.594368173086256e+01
2.858952401605878e+01
2.081122008190081e+01
3.551357627637385e+01
6.878551694973629e+01
9.720970434006756e+01
6.115650807561190e+01
2.120936513934721e+01
9.479926223624463e+01
3.485896593651686e+01
9.022241751208082e+01
6.413946583128509e+00
9.298452734620521e+01
9.970793151283075e+01
4.168071990910951e+01
5.513613384921855e+01
4.621921686745213e+01
6.247118816826082e+00
6.079666510261440e+01
1.283980077730483e+01
9.335350547607686e+01
7.634281133131256e+01
2.014432289644346e+00
6.028397724045625e+01
8.566547864380549e+01
8.036709506081748e+01
3.346901281432668e+01
9.301310097473352e+01
3.093158008108455e+01
4.343593350771625e+01
7.890249238298391e+01
6.744008798498665e+01
7.197266564330675e+01
5.333318885105345e+01
1.238883808832096e+01
9.567618146337391e+01
3.067089283404448e+01
4.809852254022775e+01
1.688554660272112e+01
2.547015502372298e+01
8.295748852331074e+01
8.362285750155471e+01
5.777033793636148e+00
3.953703476094503e+01
3.499574453336920e+01
7.356482156252713e+01
5.780022356556739e+01
9.516369555851617e-01
3.196781372277430e+01
5.251343825483389e+01
6.587491322582351e+01
2.532131919885116e+01
6.821762605952920e+01
7.811761180782580e+01
8.560529643930741e+01
4.107684690555411e+01
7.142234270992797e+01
9.155553080679640e+01
7.740540293855844e+01
2.353922744446398e+00
3.991455307226374e-01
1.299244017013928e+01
7.922918460295963e+01
5.665401097231265e+01
6.632562906775887e+01
9.161802269128059e+01
5.233019238912043e+01
5.409173553534399e+01
3.624097273509994e+01
6.921573899184156e+01
2.246667687896019e+01
6.187308661726912e+01
6.346661511970061e+01
6.209581641577920e+01
5.503275885946712e+01
8.313959864114393e+01
2.791560009490493e+01
5.921034494378154e+01
3.617471104309648e+01
7.541306492658940e+01
1.172378315204931e+01
2.049624222353857e+00
7.343840788744316e-01
6.713515146036406e+01
5.363478788809608e+01
3.982915358609946e+00
6.420646419944542e+01
3.307829277267600e+01
6.094612742818246e+01
4.161186713800387e+01
2.741105329590433e+01
8.770522018322033e+01
5.529438636977896e+01
6.640237852297834e+00
4.435923110896686e+01
5.508808118993793e+01
3.585837187052628e+01
9.668942349808729e+01
1.861653724620889e+01
3.449923327867837e+01
6.590516248992884e+01
6.549859934742497e+01
1.108236946681625e+01
4.222886555000621e+01
2.759441576320418e+01
9.778244127416166e+01
2.536846414458401e+01
7.103966696701929e+01
5.222603685791886e+01
6.154317518768049e+01
4.645273184704256e+01
6.871656936999251e+01
6.359279941003434e+01
4.718711597248312e+01
7.641510939058620e+01
1.718577082137846e+01
1.554876473525016e+01
4.062157359003163e+01
2.405150314981654e+01
1.142200772251096e+01
8.223344072803549e+01
6.965395466874072e+01
9.912722790573129e+01
1.386877345567046e+01
3.860606534341633e+01
4.348645896813202e+01
6.895685464560839e+01
7.446443726050875e+01
4.017588246621931e+01
8.189660430974169e+01
9.051686296729224e+00
4.509516248716747e+01
4.363527071831528e+01
1.753843315762395e+01
3.525261307845480e+01
7.122968648151947e+01
3.206447420272253e+00
2.387242332281192e+01
4.226935340197261e+01
6.019923363821545e+01
3.522154979185274e+01
8.872208524901517e+01
2.891580300820796e+01
9.881434920188707e+01
8.440638640169351e+01
6.476752383856453e+01
8.978755957902762e+01
6.943599766559713e+01
8.312804144021499e+01
1.383906272884415e+01
7.645004330037629e+01
6.536148212168435e+01
4.539839972061962e+00
1.429020837614788e+01
7.923025557735481e+01
3.227553564695434e+00
2.347169221540526e+01
1.370269340169741e-01
7.769199082520417e+01
6.364757468162458e+01
2.632378154728738e+01
8.414805446944574e+01
4.934694704103607e+01
6.995905226560265e+01
1.686487580503564e+00
1.803853000422871e+01
2.342726067799482e+01
7.306862551396182e+01
9.171690465496710e+01
6.519066452290429e+01
2.121964745280317e+01
2.693845440025369e+01
7.218017730497763e+01
6.218366216038525e+01
2.575280355557464e+01
2.243758790308497e+01
2.695118595238364e+01
1.554036313460225e+01
2.239273904002865e+01
3.578242889409067e+01
2.937942586344640e+01
5.838338148704888e+01
3.097933718514598e+01
9.400091408472551e+01
3.836861473432212e+01
5.753725276213942e+01
9.722846764942095e+01
6.184030699629351e+01
6.797332408277938e+01
7.492045842805899e+01
2.548788163135195e+01
5.000695527997192e+01
5.906851289750473e+01
9.521650126912469e+01
2.007196704860402e+00
6.075500047800829e+01
1.325503122678727e+01
7.844766563663616e+01
7.149362953914964e+01
4.971935835188225e+00
2.665402746137885e+01
6.731469704178846e+01
3.191039023544192e+01
9.883420476635648e+01
6.694515080514604e+01
6.186436389659734e+01
4.107119470884613e+00
8.444317667020633e+01
5.034277464744764e+01
2.649985851091326e+01
2.967876565162035e+01
2.582982789065215e+00
2.534264085131820e+01
6.065810283676633e+01
9.658389687379072e+01
3.847563152130490e+01
2.849439989239648e+01
9.381236452321167e+01
3.745607977614556e+01
3.895730466533327e+01
5.332709520890734e+01
6.852914419422352e+01
4.647467925514778e+01
3.036855302302565e+00
6.374564541678207e+01
1.495084120656869e+00
1.461859327490376e+00
7.700067664356934e+01
1.620858121486780e+01
7.295548891320614e+01
7.609695576880917e+01
2.358107982370122e+01
7.771697755796694e+01
4.212589279847494e+01
5.250611438066984e+00
5.659178572548171e+01
7.154619655178217e+01
9.357730908951597e+00
3.855846507407653e+01
4.474975347740099e+01
3.306935598751035e+01
3.842365412899463e+01
4.733273626646620e+01
6.120023031774920e+01
2.889533351589708e+01
4.391663314025692e+01
9.967586183905409e+01
4.735228482044874e+01
3.772899761690246e+01
1.439148560836515e-01
8.630958953234814e+01
6.461820475040851e+00
6.867305905030717e+01
5.731503863693915e+01
1.751156864571924e+01
3.241870442052311e+01
1.827220759274075e+00
1.897342801977574e+01
1.533978805660260e+00
4.653626570782451e+01
5.747087833353824e+01
9.139199354285002e+01
5.351050340268318e+00
6.964589444438271e+01
1.975682732637824e+01
3.109568782667428e+01
1.430802276092955e+01
7.682119280883167e+01
1.995939268728690e+01
5.706370922600092e+01
2.157094628623265e+01
5.581698215371789e+01
2.110371856070297e+01
6.890368255269885e+01
1.701721242490095e+01
9.606706402081395e+00
1.282031564638965e+01
4.578978956946628e+01
7.388785531459742e+00
5.054931326329211e+01
4.593370442554993e+01
6.124624291492917e+01
5.701113378489908e+01
3.164526993951074e+01
6.157837955354637e+01
9.127429006214919e+01
2.733016434466940e+00
6.340560031282045e+01
2.673191997536082e+01
5.644484886734041e+01
4.517557078282143e+01
1.866083686177658e+01
4.783684241019042e+01
6.684644393010365e+01
3.100162196485401e+01
5.311183866723992e+01
9.794213175677794e+01
2.614754067088829e+00
2.993303142950546e+01
7.765821622575551e+01
4.094077974601685e+00
5.150397771573810e+01
3.690465774242983e+01
7.658496055593014e+01
2.040766026843696e+01
7.913079386536535e+01
2.658401263253019e+01
3.322797591482661e+01
2.492058338826550e+01
6.614713895420876e+01
8.377728922468484e+01
2.443996026387437e+01
9.415719615954774e+00
4.078842296301779e+01
7.405795393465267e+01
5.679742058589934e+01
3.206271297860086e+01
5.881824668441817e+01
4.091064279941406e+01
4.588324499590474e+01
8.893136791369476e+01
6.537859168154122e+01
1.772115631854216e+01
3.676821027731905e+01
1.590521275806483e+01
4.872277828339617e+01
8.988004894455896e+01
8.314678803232815e+01
9.575314707856306e+01
1.981308037406443e+01
6.080500421151752e+01
9.984722509973088e+01
7.131705808980253e+01
9.502582903719778e+01
8.753176973552060e+01
9.172471835823950e+01
3.037945461942789e+01
8.616814067874483e+00
2.495269427306610e+01
5.530003800769339e+01
4.808858048547459e+01
8.729983451184808e+00
4.400260394625487e+01
4.330762156439369e+01
6.303634250677952e+01
8.783414963997628e-02
9.417901164581022e+01
8.218766752732344e+01
5.890608083405815e+01
2.030806300244670e+01
2.807091247666204e+01
2.199132271203740e+01
5.344786674410471e+01
9.261499433434335e+01
6.697449440461327e+01
3.865252301965492e+01
9.418154945326110e+01
5.968152315341008e+01
2.179931100541694e+01
8.993469648525803e+01
7.949460352747450e+01
8.260431521693445e+01
8.978192153842278e+01
6.117391943054922e+01
3.177236338694224e+01
9.940995369079056e+01
4.629781951489757e+01
8.072006259147081e+01
1.352573596570908e+01
6.748907420201650e+01
1.953246859811827e+01
7.259135496457635e+01
7.621905765320130e+01
4.428531017354005e+01
4.921938015577354e+00
9.147527128992382e+01
4.437314432318003e+01
5.095003915529234e+01
7.366293877068114e+01
1.404067408947306e+00
2.533504312175095e+01
3.505619821839789e+01
2.527054782270945e+01
1.102169775917274e+01
9.434884558168652e+01
4.238805502764325e+00
1.261356520122549e+01
3.981465303330433e+01
6.392032865617440e+01
9.123892830276812e+01
4.074602776241770e+01
9.150965846679622e+01
2.798546265251258e+01
5.262421167112151e+01
9.422659375435980e+01
5.975782603945482e+01
4.362372464669110e+01
9.898139736567690e+01
8.062911610148340e+01
4.145112658918422e+01
7.577681666043439e+01
1.615846530355442e-01
1.404248150719445e+01
8.047110544539574e+01
4.584837907266262e+01
7.081350906324271e+01
9.569101668693638e+01
2.941904926179864e+01
2.176354821853505e+01
1.352715278674250e+01
3.269827437247069e+01
6.245817908200350e+01
4.858335100514039e+01
3.899194921319930e+01
4.729080207054075e+01
2.909832034683708e+01
4.323075471596362e+01
2.543088538825087e+01
5.251305180253137e+00
5.607132974829121e+01
7.733237034516985e+01
4.599733294267083e+01
5.056601550922078e+01
5.317832951116298e+00
2.283919105438478e+01
4.479260921701444e+01
2.431067462279958e+01
5.065570992913828e+01
9.924596338497751e+01
4.939790677716858e+00
1.621561121019330e+01
7.502277999884578e+01
4.631414238657530e+01
4.338982898899812e+01
7.923852539585835e+01
3.136004732519390e+01
7.548598478338029e+01
7.248730546444995e+01
5.410030491375378e+01
1.260912069706671e+01
4.428349744727998e+01
9.347737100602936e+01
