9.082806538363363e+01
8.097433349163008e+00
1.971539869891265e+01
8.498755450592728e+01
9.450375241902832e+01
9.247754173934345e+01
3.474031544045560e+01
3.676312725840283e+01
8.262879163149222e+01
6.152668505046828e+00
6.119170308168591e+01
2.395931073648823e+01
2.665541019600602e+01
5.587989597389470e+01
1.292353077462107e+00
7.551353763580020e+01
8.074424792115774e+01
5.302754815343188e+01
9.799017021338929e+01
9.918268858417062e+01
7.996613796798798e+01
7.209575603348006e+01
1.127762818302849e+01
3.363603485451826e+01
5.789127520187351e+01
7.360016343817122e+01
9.363990956621240e+01
2.380799037581682e-01
7.980917421160693e+01
4.570551074375655e+01
5.766196025426591e+01
7.063723954867443e+01
2.142173062144859e+01
7.455306932076489e+01
6.761204715241308e+01
1.143234517026336e+01
6.922132241037737e+01
9.073422732331521e+01
5.062867316912332e+01
3.612361570639705e+01
9.572553699637089e+01
2.193560000599157e+01
6.008292644288527e+01
2.528967048287842e+01
6.505744772267408e+01
6.137527956691351e+01
9.905584366016828e+01
8.172658913849229e+01
3.112261548224958e+01
7.139928502561492e+01
5.774243239208238e+01
8.991602900899763e+01
6.914176986047150e+01
6.902006057511086e+01
2.355206381694975e+01
4.184613709423977e+01
9.997645476831889e+01
4.686229431389938e+01
4.048749899514369e+00
7.978562893335970e+01
6.018659153961884e+01
5.888642052136660e+01
5.042286843546799e+01
7.982607697128601e+01
3.343948984213150e+01
3.079426350574673e+01
9.125842214154937e+01
4.571128033367511e+01
9.641277184542864e+01
4.610254124091125e+01
9.756139437554468e+01
1.841538661085785e+01
7.497227432903473e+01
3.628358148796650e+01
4.195769258865979e+01
2.298036516782845e+01
2.214188455703756e+01
7.345621053756038e+01
1.134751407026663e+01
9.114043116156964e+01
4.485549556317530e+01
6.908994650891513e+01
2.229184565241069e+00
7.201319843158741e+00
7.757716280295381e+01
5.001280510333032e+01
2.327020881849817e+01
8.594521236882787e+01
5.000469496008228e+01
9.113167398196256e+01
7.728269294709092e+01
3.010226256684506e+01
9.087785118766028e+01
4.046490930042459e+01
9.928339491564939e+00
6.736780911095805e+01
7.125917280617131e+01
8.727347673255646e+01
8.420493196891850e+01
9.278766363523326e+01
5.422343595615749e+01
1.064048377361171e+01
6.289370207250757e+01
2.919571023862609e+01
4.565521559941359e+01
5.316074278818478e+01
1.427930058645052e+01
6.779710015645115e+01
9.417427903701285e+01
9.333099457124760e+01
9.808231205590177e+01
3.223382901970010e+01
6.242094103359661e+01
3.114965745767097e-01
5.375060199468891e+01
3.937269432440991e+01
3.453897220759604e+00
8.848260580025735e+01
3.861740983026912e+01
4.802013721690520e+01
4.339769484633472e+00
2.600599593762588e+00
7.812239978375025e+01
7.049213092331408e+01
4.306550889418717e+01
8.805073932188132e+01
1.019001775895712e+01
9.912708108272733e+01
4.272296407386798e+01
9.439494972787563e+01
7.112345289025616e+00
4.346093686458698e+01
6.157951320595085e+01
3.277617638594293e+01
7.265664710321307e+01
8.503578467529071e+00
7.147613827673538e+01
5.464012755762791e+01
9.273587599989767e+01
6.565041726718211e+01
4.797112208230939e+01
1.352777137119685e+01
6.550913693639875e+01
1.039206311590600e+01
2.788024206081417e+01
3.731939510317491e+01
1.092301118696249e+01
1.729316516653316e+01
9.628054969770859e+01
4.954042101723162e+01
7.075175739394118e+01
6.203191357759382e-01
6.029921493506954e+00
3.440163607448415e+01
7.590841151583400e+01
7.281571392566697e+01
2.288887702063139e+01
1.376835150353999e+01
8.714039562602545e+01
3.257408748966367e+01
6.470738093587913e+01
9.982393649398531e+01
8.673069490433237e+00
7.503399559065420e+01
3.260011283336213e+01
2.824396185029482e+01
3.479047260935906e+01
4.569797056992444e+01
8.288408940792274e+01
5.023593197122027e+01
4.969469190095304e+01
3.085521149023213e+01
6.376370334241712e+01
4.757893814126912e+01
4.124727460613813e+01
7.760297128819069e+01
9.734259596902066e+01
5.217028579310061e+01
9.489613645472383e+01
9.362314562016313e+01
4.985198636998049e+01
8.307791663477100e+01
9.424346480250520e+01
7.960219140146030e+01
1.791605433352108e+01
9.202502630279633e+01
3.855500940166181e+01
4.080493140071860e+01
8.676441828103941e+01
3.955830086002047e+01
2.247474078204238e+01
7.050075869564934e+01
3.381104172850542e+01
3.114781027247562e+01
9.678765283747933e+01
9.205207698608380e-01
7.218797182300499e+00
3.157812540027226e+01
4.661849133978527e+01
6.496700214453368e+01
5.023026794671559e+01
8.011814457369883e+01
2.337867995881414e+01
4.557776066734351e+01
3.727506847925255e+01
4.424936219316412e+01
2.318073190896806e+01
1.259541595941196e+01
4.391944722454969e+01
8.404536018336441e+01
2.329575010728824e+01
1.680372949540789e+01
6.712327677156928e+01
2.248427473124316e+01
5.337078229215498e+01
8.503933115165650e+01
3.143739110391466e+01
9.192579169381679e+01
2.584426250580897e+01
9.465762562801019e+01
8.838212699088366e+01
7.877557183558847e+01
7.731527559334192e+00
2.874267111939502e+01
2.729749648240279e+01
4.519180350247389e+00
2.966319193582199e+01
2.405678193273804e+01
9.224294889357078e+01
7.628168327560726e+01
9.948329585580309e+01
4.247321684028638e+01
7.911394400480852e+01
9.420534418626006e+01
8.248982056159984e+01
7.274896319617935e+01
6.711133796121523e+01
8.666985574488987e+01
1.940644263262229e+01
3.406308108664261e+01
4.746724062015640e+00
3.560743752662439e+01
7.550410678400850e+01
8.847148627437255e+01
5.809171230443367e+01
2.887488907616347e+01
7.638097017834940e+01
6.598491965140445e+01
2.080068072341414e+01
2.225232637592234e+00
6.064254527941465e+01
8.447868460066556e+01
8.100080447318069e+01
5.851424516109481e+01
9.965615025705480e+00
6.936790639039498e+01
7.253635277624072e+01
3.962880696152747e+01
3.884200055098255e+00
6.477930162324537e+01
7.423999946296215e+01
3.605523963275144e+01
1.704209443044015e+01
5.138438495406154e+01
3.026058377244537e+01
8.053121826636196e+01
2.413334810367476e+01
1.621508934358838e+01
2.991534109689078e+01
7.957141277360330e+01
2.740389063367801e+01
7.194779807326746e+01
6.710741318161945e+01
2.159314887672344e+01
4.547534237870730e+01
2.519912543948699e+01
5.046803795288691e+01
2.185631251049056e+01
9.118404513745757e+01
2.163999025786295e+01
7.858578636245140e+01
5.182659037030609e+01
5.249166262917764e+01
2.065619627044359e+01
8.964161481225939e+01
6.245727765488311e+01
9.002410266083857e+01
6.217796754193397e+01
8.803472807073720e+01
6.572913237182848e+01
8.940123132867795e+01
1.799657485354532e+01
9.727579858027204e+01
3.420978758214498e+01
6.938095980760686e+01
2.350527016609221e+01
8.697454397891394e+01
7.579364104931878e+01
1.684607971312761e+01
5.417561794359964e+01
2.501428351971055e+01
4.424997034680563e+01
8.001170963049480e+00
9.212169670132999e+01
2.252067156253414e+01
5.347651338832291e+01
8.202682239097861e+01
4.806410421061521e+01
1.920776288919512e+01
9.996693423016319e+01
3.767899271924001e+01
9.941437109346239e+01
6.033145760201452e+01
7.582276928044053e+01
1.844974547552399e+01
4.997307236770776e+01
8.861329736589141e+01
7.787407072161979e+01
1.215103986307561e+01
5.471401757314523e+01
2.382150805733237e+00
7.559856943581187e+01
7.271059242669054e+01
4.538757500489595e+01
8.204189519492996e+01
5.455142378553349e+01
2.316321955209748e+01
9.727022312454424e+01
3.560586005244677e+01
4.000929931179122e+01
2.319205702431130e+01
6.062014357215732e+01
2.004166292959902e+01
4.931547299461229e+01
6.334877785451187e+01
6.779941174564856e+00
1.261537508695171e+01
7.006266241430428e+01
2.394172969457774e+00
5.506593615518229e+01
4.534253438252142e+01
2.454813985365822e+01
5.285948536026268e+01
1.403229796049758e+01
3.024382099054932e+01
9.185929270082120e+01
9.959136047381506e+00
8.898420649999017e+01
7.978307901871534e+01
1.023099385678349e+00
3.758577152042918e+01
1.333656637619090e+01
7.175504359032729e+01
1.029636394711973e+01
5.872414138108685e+01
5.379693873869113e+01
5.910640845964961e+01
4.986398762551322e+00
2.281337786596891e+01
8.945147324793575e+01
6.184924783271236e+01
4.600543489028021e+01
4.861391975945510e+01
8.189091076231139e+01
2.099628048995336e+01
3.851036962052359e+01
3.603490890750425e+01
3.361165557690507e+01
8.388596981944795e+01
2.026898270485410e+01
8.624501730606194e+01
4.998595200012716e+01
1.542709414634253e+01
8.922428548765568e+00
8.888493920158825e+01
1.579800328044128e+01
1.041373345554515e+01
5.321993820984845e+01
7.345772337795128e+01
7.051508462546164e+01
4.937641236436387e+01
1.104349489838048e+01
8.385165100165254e+01
2.113145590812501e+01
7.496942629803411e+01
4.257579238273939e+01
3.236101140843751e+01
7.372777498035123e+01
5.917162022514810e+01
9.774177255935118e+01
6.172155116764900e+01
4.058171228532759e+01
4.938158162375054e+00
1.033547092710411e+01
2.247262300107285e+01
3.906811528795777e+01
3.719926934558864e+01
4.034743273646917e+01
7.024719643883742e+01
8.310965336072709e+01
6.061641548788940e+01
5.649221369833322e+01
3.309560531428811e+01
7.576324333239498e+01
9.559671636465784e+01
2.198054451587635e+01
1.154453326554249e+01
9.081010054368997e+01
9.973754324006734e+01
8.500225669005991e+01
6.132518512258548e+01
9.617089605711908e+01
6.675789797061957e+01
4.517683612423802e+01
9.742914782717320e+01
1.738561038737446e+01
8.775262850697740e+01
2.979015918904457e+01
9.111338536772568e+01
6.648509291302651e+01
7.287089860666120e+01
5.283493653537470e+01
7.066805151787961e+00
7.780905681560237e+01
6.317040746247881e+01
2.953942819942694e+01
7.278784181586832e+01
3.521863605604443e+01
6.988686093589610e+01
4.303503825470575e+01
5.630387522108102e+01
3.050327637721937e+01
4.439554044250191e+01
9.106689705097438e+01
2.507233779182301e+01
9.512396827113068e+01
1.304744152028460e+01
1.663358440465926e+01
2.523402023372893e+01
1.278498471378581e+01
4.800863021426305e+01
8.655920540288054e+01
9.130262606372249e+01
7.973493876854654e+01
6.591098483927128e+01
8.873177384432952e+01
2.146226299063408e+01
8.866551080190833e+01
5.269064225847397e+01
9.726542201697147e+01
7.059165698969349e+01
4.266316138331926e+01
5.388313953479898e+00
5.668512147696927e+01
7.638288791122982e+01
6.855872141595870e+01
2.257999620520510e+01
4.917072968053200e+01
4.342035979191790e+01
9.246685714110120e+01
3.623497348103438e+01
8.613776694337733e+01
1.448291163634644e+01
8.063051392353630e+01
9.275538553146431e+01
7.443197377698122e+01
8.685698811284126e+01
5.505989960164758e+00
2.741017794597896e+01
8.799140615760879e+01
1.829097472051669e+01
8.544697751544741e+01
2.684765925018474e+01
9.593600737673045e+00
4.890081335273609e+01
5.124407124297883e+01
4.355163664722426e+01
9.094135136853035e+01
7.807237067170087e+01
1.684730756881056e+01
6.762849831377552e+01
6.404613347912493e+01
3.890544028901748e+01
6.422438722300548e+01
6.718636046498378e+01
7.744202757135128e+01
1.744176420264028e+01
4.338723236852663e+01
6.445905783421317e+01
6.086212399455818e+01
7.213355483120939e+01
5.666482576945090e+01
7.481130150836486e+01
2.304396118179148e+01
4.839784561116149e+01
6.756668699326305e+01
6.259921065652706e+01
3.525483367743661e+01
6.051423654915497e+01
1.878804444278965e+01
2.259578626723764e+01
4.484337756635779e-01
8.795391907354534e+01
4.944344551742238e+01
8.810288938139699e+01
2.192234612159540e+01
5.982339752829792e+01
2.709181142369835e+01
1.286369744355962e+01
8.609951687329426e+01
2.333409032939658e+01
5.635842627676131e+01
5.014565035241919e+01
1.151571069448987e+01
3.907069421330034e+01
7.742057902618338e+01
8.895773826584114e+01
9.791033710255769e+01
2.080781134814388e+01
3.934514962106251e+01
8.658387166754522e+01
2.936886089358892e+01
9.865174232919316e+01
6.139517312934397e+01
5.413629261503755e+01
4.704958789378851e+01
5.114565140155407e-01
1.501203268534133e+01
7.552776568360989e+01
8.947609667176199e+01
3.380007717469711e+01
9.812355199741364e+01
3.923905898781450e+01
2.306695092612270e+01
1.412998764502350e+01
2.734194832264537e+01
5.860872862795774e+01
5.559414371642942e+01
5.565165544657580e-01
6.582653730447709e+01
4.169366054315756e+01
1.704578377168895e+01
4.067284429477194e+01
9.183931089557676e+01
2.856149446617881e+01
7.974353850807228e+01
9.907166273289903e+01
6.365799622780550e+01
4.213612309756508e+01
8.214897358890110e+01
5.644912787547760e+00
2.568148031164030e+01
4.500331647927096e+01
8.283191685696687e+01
2.563292026782079e+01
9.913960909430851e+01
5.134624301052943e+01
5.459478039042781e+01
7.894268924321173e+01
3.365066458175455e+01
3.272183990698394e+01
5.345752777227085e+01
4.970366770853460e+01
7.196089889479843e+01
3.449676257301903e+01
5.333131363304858e+01
7.460112593816645e+00
2.151377569954553e+01
2.728469880637000e+01
1.307305945692261e+01
5.893202850545385e+01
9.455846943639148e+01
3.190723607871087e+01
9.960487280022579e+01
8.639778033196824e+01
1.803737353442115e+01
1.303108074377807e+01
8.546944301830112e+01
7.619957042681034e+01
5.516720384134315e+01
2.838178245741025e+01
8.734028259634053e+01
8.084868415298345e+01
3.989961689333413e+01
1.589586954372743e+01
4.687295418552726e+01
3.830273404638410e+00
4.298318063047863e+01
2.432136657849018e+01
8.277296264785015e+01
7.663384521223318e+01
5.704320648547411e+01
9.551572901919285e+01
1.583517115369214e+01
7.953401905462799e+01
6.837665078620270e+01
9.050266830739689e+01
2.830695255115020e+01
8.989042648574824e+01
9.645118363967686e+01
4.138001205463894e+01
6.925719667657148e+01
9.742224709942110e+01
2.691799682887178e+01
8.165488400573604e+01
2.432372682929212e+01
4.495537040985905e+01
6.100329522090186e+01
9.793169801027128e+00
2.665074017208570e+01
1.800558195356539e+01
8.123332498652550e+01
1.399102272186010e+01
1.188235632697230e+01
9.682810208612499e+01
5.627960341809299e+00
8.611857005679914e+01
6.583754441972708e-01
4.728680525314380e+01
8.853302001419152e+01
5.165452163277870e+01
2.524498618452111e+01
4.557622645309951e+01
7.894706706467414e+01
8.404714371266176e+01
1.265893523239481e+01
1.188334450679056e+01
7.454981197349252e+01
9.965306688083945e+01
1.773770945972656e+00
1.791728908099108e+01
4.426729639259507e+01
7.103096762254414e+01
4.120072817485814e+00
2.158182445987213e+01
9.578243656818869e+01
8.643396663779112e+01
4.594534460732031e+01
9.732823544057471e+00
8.996013234833261e+01
5.232410796560538e+01
4.076649571804632e+01
7.119345728829198e+01
7.178957717110849e+00
5.264885204501862e+01
6.873725655895531e+01
4.710540964599019e+01
1.554995310285592e-01
8.213013111712883e+01
9.439221489913399e+01
8.774180421034889e+01
3.378465270334140e+01
8.520735552776948e+01
5.096975185487873e+01
7.729134647049538e+01
6.925449919386510e+01
3.352565562051053e+01
8.917469097728595e+01
3.798984481859479e+01
3.317872245478384e+01
9.094846192325859e+01
4.468767058322564e+01
2.784255003921806e+01
8.693868968958905e+01
1.756483587322982e+01
8.847081600151529e+01
9.584578475721450e+01
9.773179842053531e+01
1.596156932225524e+01
3.950685790716989e+01
8.769193072230179e+01
9.149504317505986e+00
1.429817155669358e+01
5.888538796402764e+01
7.850709263165811e+01
2.833510107748914e+01
9.086879039689376e+01
2.561250223108218e+01
1.585446145192462e+01
9.885772927611029e+00
2.000471713021618e+01
2.124798690026998e+01
4.367042563095243e+01
5.212072611419518e+00
7.221773875514872e+01
2.096177205488168e+01
4.959687080681179e+00
7.062478078092671e+01
1.013646298560149e+01
1.827088292607613e+01
2.620519032990802e+01
5.841016250588473e+01
8.763720248250161e+01
3.164605327492862e+01
6.306435445466282e+01
3.644494588321305e+01
8.738067070365915e+01
5.891013916531118e+01
7.168665592171561e+01
9.703199714284018e+01
6.757683622072304e+01
2.190903524025764e+01
8.537099793803458e+00
1.083385134620306e+01
4.404056907819611e+01
8.704419242546157e+01
1.021010880833962e+01
3.490935942852374e+01
1.265669465654376e+01
2.568226886246459e+01
9.517378187513621e+01
3.266141178675993e+01
4.693025576273457e+01
8.265174323816399e+00
1.941526728654991e+01
1.914799447131715e+01
4.414004853188062e+01
1.234005615689794e+01
6.265702017706680e+01
5.427651156404825e+01
3.061093912954021e+01
4.312100719805854e+01
9.713979186356990e+01
5.496168874900867e+01
9.810657664113984e+01
4.248864396591142e+01
8.160741351619707e+00
7.917700441515865e+01
7.733593004631621e+01
3.449858819809676e+00
5.120836382322403e+01
3.813545845362146e+01
8.500232574762884e+01
5.974546361702748e+01
5.265852876597016e+01
2.904289477925883e+01
4.678965604248906e+01
3.022057499281158e+01
9.791942099012407e+01
5.944635069903283e+01
6.892128440966889e+01
5.912603608291877e+01
9.874459286161911e+01
2.385439859882668e+01
6.055482200372723e-01
2.998124683740607e+01
1.588663799496677e+01
4.474559679848403e+01
4.232130299430401e+01
7.854365817203357e+01
5.925144369679105e+01
7.293224212384422e+01
4.500418149167866e+01
5.438354478887447e+01
6.482098953091585e+01
5.631454119287177e+01
7.280933566987949e+01
5.622762411657144e+01
8.572607375016719e+01
5.014526566962957e+01
1.932091462394265e+01
3.693443752682509e+01
7.573960119659993e+00
4.323240325005371e+00
8.088726689149033e+01
2.758442630413194e+01
9.874514588096419e+00
8.578773331166605e+01
5.780500129694352e+01
7.793935531654365e+00
2.915907792242201e+00
9.528341297771941e+01
5.644442544153166e+01
4.107813608882862e+01
3.038227368629644e+01
2.383563580170070e+01
5.923799619043153e+01
6.646732230040587e+01
3.057235233978012e+01
1.772810659265523e+00
5.579180100736758e+01
3.608893791031509e+00
1.163211139460658e+01
9.001516191755196e+01
6.000012930482632e+01
2.379412661483238e+01
2.639002144634259e+01
5.888000873796643e+01
3.268072504209388e+01
1.211609514994365e+01
2.831851040400495e+01
5.200163966603654e+01
4.905053267676874e+01
3.589247052366495e+01
9.221396855647394e+01
3.479771336298329e+01
4.353102154262877e+01
2.088483098004239e+00
2.058544662808322e+01
2.128189807817428e+01
9.882418629658602e+00
6.291898990185884e+01
4.592924245909287e+01
4.345382989545065e+01
8.713956903067397e+01
7.631151619195543e+01
8.093038153877966e+01
6.323512218111899e+01
6.505619029749938e+01
1.150273383199365e+01
7.947070620929389e+01
1.673244606551362e+01
1.525580958242333e+01
7.664004428155722e+01
8.233259435851713e-02
7.525593888724966e+01
5.309314516051353e+01
3.320825259816286e+01
8.186254095372863e+01
5.901382735884461e+01
8.862193514994435e+01
8.879514764472616e+01
3.777550982207782e+01
7.436457568517167e+01
9.834692850631984e+01
9.410038985968585e+01
7.733009493785448e+01
6.182382528755060e+01
8.379140495499196e+01
9.295000419623685e+00
8.310572336572490e+01
7.080080945547708e+01
6.083453146779655e+01
3.111390710394546e+01
6.893912063396495e+01
6.483165745848402e+01
2.970277510103899e+01
8.154410504807910e+01
6.949542559194165e-01
6.505595211175081e+01
9.319102083947092e+01
8.016566046521332e+01
8.178839817726444e+01
8.446830421894244e+00
6.971475671497861e+01
6.859632454281501e+01
2.754463028514042e+01
4.341812377954746e+01
3.811672131443243e+01
9.407171192302915e+00
8.581772031533426e+00
2.673865641781066e+01
9.820231883702908e+01
7.208257549073667e+01
6.927103799268185e+01
7.864010337676858e+01
3.394716835298910e+01
1.567900507509662e+00
4.046392861775306e+01
2.424907662172293e+01
4.451667444990793e+01
9.900328344619055e+01
9.504988607720001e+01
1.227380009939605e+01
5.468355908742340e+01
9.304525334995486e+00
8.242682557666060e-01
3.092238126831240e+01
9.054436175643670e+01
1.519222558252151e+00
9.597833338006322e+01
5.191659766804268e+01
9.132435540264675e+01
8.397143570891183e+01
9.248648164443973e+01
8.157971183842966e+01
8.887990437861527e+01
7.618925090701751e+01
8.384701389998524e+01
2.815732840828473e+01
9.402796779481135e+01
2.742978675636919e+01
5.373528206429224e+01
8.954014833529487e+01
9.951236224710586e+01
1.673853477311252e+01
5.296124599546253e+01
3.345953060009495e+01
6.960745298751046e+01
9.256889945481387e+01
3.135977495990683e+01
2.916933620775553e+01
9.157218285443830e+01
9.854270210421770e+01
4.144313630715158e+01
7.167838563755079e+01
4.377037358645833e+01
4.226740460948432e+01
5.606471982601319e+01
9.869585782228776e+01
8.790783956083834e+01
4.527997167095540e+01
8.273550899826712e+01
2.547151014463581e+01
1.918145502879352e+01
4.061736098519403e+01
7.051221983065465e+00
6.940975923529349e+01
5.141124150315824e+01
2.411832084139731e+01
9.756708764357822e+01
1.388584878942270e+01
1.654710672634985e+01
3.283273136840795e+01
3.425997078151441e+00
5.899120655795150e+01
4.957126614152047e+01
7.886616153589738e+01
9.245073715804645e+01
8.140704016266719e+01
7.143506094414511e+01
2.381051207138715e+01
9.553116755351945e+01
8.314159902890287e+01
3.661243209457604e+01
3.849017398361590e+01
8.138650086772931e+01
7.067639961404558e+01
8.075757859310022e+01
3.068813920518762e+01
4.315551730951086e+01
9.257253701452750e+01
7.596811087614303e+01
9.122246782817993e+01
7.180473193144647e+01
6.527617888770820e+01
3.183982876680783e+01
5.706693784197184e+01
7.333753829511699e+01
5.252425836051081e+01
3.619435966768971e+01
8.395523302441241e+00
9.796346765848038e+01
5.274146644060568e+01
9.718879046718999e+01
7.169969392553888e+01
8.074640905519315e+00
4.839565835352785e+01
5.056585541487013e+01
4.265155486885996e+01
9.039541775844778e+01
2.200091635901524e+01
2.384729554124516e+01
8.592658531196722e+01
3.973378880868377e+01
1.733371695379434e+01
9.330860809111438e-01
6.639466097876181e+01
6.179337648758356e+01
5.597783534600299e+00
9.708280018394943e+01
2.642085604668635e+01
9.817032059569392e+01
7.305091106009246e+01
1.764332387486628e+01
7.128071508895639e+00
1.680938057452877e+01
4.948315264167411e+01
6.419500935086748e+01
4.049029831797364e+01
8.447719532273578e+01
5.331100479388191e+01
9.854244217208701e+01
8.244066293465005e+01
7.098691741516204e+01
9.573123263927700e+01
1.644824166616809e-01
9.491890812987410e+00
4.719610188491461e+00
9.060989981079935e+01
2.171311318954132e+01
6.997536945621268e+01
4.720208959058024e+01
2.434398048759624e+00
8.104161325890647e+01
8.693587839926401e+01
1.976811500255396e+01
3.510633825096597e+01
8.148965187440145e+01
5.559012529234873e+00
6.767448818668467e+01
8.692812974887347e+01
8.651038524066583e+01
8.574280347011182e+01
3.846133143569405e+01
1.735030529897208e+01
5.571785590411995e+01
1.001342055854081e+01
9.910634513902772e+01
9.610992469643705e+01
5.050371887651445e+01
3.378043753736672e+01
4.942092944375283e+01
4.396007300538945e+01
7.512204338569289e+01
2.700131550757276e+01
6.229202931853571e+01
1.638558288867845e+01
6.062873828254116e+00
4.441091578659179e+01
1.337668165256115e+01
7.034733908732763e+01
8.596940840872442e+01
2.978784489901171e+01
3.723308864852092e+00
2.056755694587135e+01
3.169789866047336e+01
4.997850006910902e+01
4.371513474905637e+00
9.902115254617350e+01
3.153999151268042e+01
7.204600166159030e+01
9.551232172898590e+00
2.539148140949732e+01
7.585754263021869e+01
1.865632460390047e+00
7.501467390685093e+01
2.874776079726767e+01
1.187905301893086e+01
7.412101904587868e+01
2.485768549370472e+01
6.238277189544531e+01
1.848436180431599e+01
7.427861493745755e+01
9.266097945750737e+01
5.222040817710590e+01
5.236005929874259e+01
8.166047920550243e+01
5.109104516501122e+01
8.642405373343456e+01
7.676320084219948e+01
8.456352468792512e+01
8.619892014479214e+01
1.628914452916437e+01
1.435136954037071e+01
1.640930516478108e+01
3.685670152160186e+01
5.341755061103848e+01
4.834730194338938e+01
3.939895780729081e+01
7.604065308162973e+01
9.792779674657052e+01
2.951369696739767e+01
8.497627269708378e+00
6.715039618646279e+01
2.613946237887231e+01
1.036325973009842e+01
4.216507004674760e+01
5.488722322270610e+01
2.224231279559541e+01
1.628608904606015e+01
6.290983644449611e+00
8.462508469104073e+01
5.456714153036808e+01
3.164972743561945e+01
7.824961034499557e+01
8.927260380670083e+01
8.400978678092817e+01
1.060189535403712e+01
4.036364892514592e+01
4.243271986135874e+01
8.736509619623661e+01
9.845017674306882e+01
2.282435895075293e+01
6.693245846169650e+01
1.073427671135137e+01
4.504094517093196e+01
4.051094220043669e+01
6.126513698197209e+01
1.142875040482206e+01
7.708217551795867e+01
4.019248035745346e+01
9.356547104826451e+00
9.423596928559055e+00
2.578436556541564e+01
2.533472055817708e+01
1.479483647960929e+01
5.938881442853660e+01
7.671357606384605e+01
8.741547804671129e+01
9.627653886390689e+01
1.279635574333200e+01
5.803245820944778e+01
8.186516975139509e+01
9.241128647346575e+01
2.118391027729209e+01
3.556664629632917e+01
3.801614848804481e+01
7.369197237942925e+01
2.122066003327289e+01
9.699974995898071e+01
1.612469224078799e+01
5.808177160009824e+01
5.616308322928989e+01
4.475633224693888e+01
6.173601227893308e+01
6.184203320268637e+00
8.979727741787083e+01
2.246954479369779e+00
7.033603064265849e+01
4.675571110414142e+00
8.215685448709729e+01
3.897964667481354e+01
1.058257492751934e+01
9.158045146222248e+01
3.631287656552758e+01
1.867652182405653e+01
7.282433336266518e+00
7.802781550121858e+01
1.263087150297634e+01
9.469791138297781e+01
9.197822985797107e+01
4.440978171509214e-01
1.614922062314545e+01
5.654895424682132e+01
9.279072452000841e+01
8.304220837682588e+01
9.211560054315049e+01
4.942682550727708e+01
7.952337864764192e+01
1.333626052985725e+01
8.567938631664933e+01
5.072082013390996e+01
6.275662661658443e+01
4.184246954593922e+01
4.041096807476644e+01
2.449263889551751e+01
4.806070534887756e+01
3.020168046010737e+01
8.061031349031735e+01
4.684697140327048e+01
3.142770828280025e+01
8.896447815418453e+00
8.582661812465014e+01
4.201028321031960e+01
2.372987816283939e+01
6.523812355717557e+01
7.792757869601603e+01
6.852187172906560e+00
6.093981455123975e+01
9.055845024555850e+01
6.496894963317035e+01
4.215237728420290e+01
1.598567744530071e+01
8.111817025631581e+01
9.870133153102422e+01
9.589865342522909e+00
8.694957647796235e+01
9.081693207417472e+01
5.820322747258619e+01
5.446576040911757e+01
6.539447855455543e+01
4.629802892277857e+00
6.212102592090193e+01
2.201864506212000e+01
4.650630492088679e+01
2.525428963138456e+00
5.264374406665738e+01
8.169540594410869e+01
5.901772517665184e+01
7.938333744154467e+01
2.854237730081304e+01
6.415481775261220e+01
8.827978525696312e+01
1.436899537889706e+01
7.331006902889817e+01
8.875668453460405e+01
7.127116763557828e+00
8.818318698936291e+01
9.567395066640989e+01
7.069424943565123e+01
7.465112981137406e+01
2.138417350192749e+01
1.284662667328800e+01
2.120805122945833e+01
4.169599150386452e+01
1.154795820431223e+01
9.941320926855002e+01
7.956342370229001e+01
8.466043047823964e+00
7.125931469316562e+01
3.402918406484145e+01
6.518082789386662e+00
9.740009913099934e+01
5.723954893520082e+01
2.853672785150666e+01
8.752544507734731e+00
8.481331313253068e+01
3.988247576164197e+01
4.707875891918259e+01
4.383103830918252e+01
3.403870818858906e+01
7.562113626656175e+01
2.094451120167249e+01
7.277029816655923e+01
5.817229429174787e+01
9.425458023057067e+01
3.743193728729707e+01
4.350784632540673e+01
8.243776717336745e+01
3.310588790714083e+01
3.336634237010328e+01
2.155581541431873e+01
5.449006145563445e+01
5.435131800097941e+01
8.119388580377860e+00
8.957862345947820e+00
3.859668063865820e+01
1.160583189297739e+01
3.760343028120856e+01
1.056378055855808e+01
6.922226858754748e+01
7.703536365974479e+01
8.442430220750362e+01
3.146850817439543e+01
8.996150227727439e+01
8.643592893445675e+01
4.022105268213016e+01
1.064441307012197e+00
4.109129972806726e+01
4.354060745962924e+01
4.489547961619472e+01
7.513000791665633e+01
5.982390849842872e+01
6.583999081786722e+01
9.744850136220850e+01
8.565009873623499e+01
6.167747865509124e+01
8.523679249232485e+00
8.329561379891615e+01
8.582164211469777e+00
9.104551779620607e+01
4.336004077613356e+01
3.013797962578851e+01
4.553557920527439e+01
7.101327416999884e+01
4.233060229678200e+01
8.978335051321579e+00
7.311101168073296e+01
7.648036925889569e+01
2.903089235957288e+01
4.996701467315062e+01
2.315870277730688e+01
6.175284565508032e+01
6.809909444679464e+01
5.462721095170230e+01
5.171434788578858e+01
5.453502333468526e+01
6.719377993941016e+01
1.440828014836101e+00
8.936190716426908e+01
3.838887104689557e+01
4.365939555860096e+01
7.075633097940886e+01
8.289257790096690e+01
5.707091812839309e+01
6.820483229505123e+01
1.620898224236862e+01
4.202346785088231e+00
1.554662395061302e+01
9.770062165227748e+01
5.969782725893791e+01
6.592141700252957e+00
4.106066238184491e+01
4.292249066891264e+01
7.440584016703340e+01
8.717982633373693e+01
2.670456679850098e+01
6.583330219883160e+01
6.029083796790374e+01
3.184936010830540e+00
1.309057055650771e+01
4.396563020719477e+01
8.984192511525094e+01
4.211044876934515e+01
1.206472460742329e+01
1.697544083789710e+01
8.331388052707252e+00
4.135160215261933e+01
1.182370442516343e+01
3.371690289756139e+01
3.071350927032228e+01
3.850202380609793e+01
5.343161167271045e+01
6.781281086980030e+01
2.139460170706483e+01
9.595647989583969e+01
1.187234232755021e+00
6.463433721318577e+01
9.918423746674519e+01
7.791574582360487e+01
6.413893325447056e+01
1.294333767748593e+01
4.755857067534633e+01
8.030548541820863e+01
4.802356741764749e+01
4.425782633212294e+01
6.748531170537943e+01
4.111892135865936e+01
6.079234753772261e+01
6.064285727247729e+01
8.030844851411341e+01
7.388291809423031e+01
7.174177988047794e+01
4.265667844687434e+01
1.599336681700934e+01
9.897329360198849e+01
5.183062844529312e+01
6.990375135555107e+01
4.032489575460781e+01
7.145582375650099e+01
7.967596746966055e+01
1.263232343487084e+01
2.166839918199386e+01
3.310757909580487e+01
4.561472537257463e+01
6.299666700092921e+01
4.405830346236858e+01
6.427102082607850e+01
3.472809136599679e+01
2.922288562600635e+01
2.471770538236839e+01
9.886702462046735e+01
2.124605561664610e+00
9.456969164059016e+01
6.927040753386467e+01
5.014817297931210e+01
5.248231196425963e+01
4.665782165092315e+01
3.915097300855022e+01
1.327465945541610e+01
7.443397132420631e+01
1.945942152266364e+01
5.387396954646053e+01
4.617575115811813e+01
7.054437285780179e+01
1.544633275617209e+01
2.998225559945323e+01
2.174821920774329e+01
8.535008411172316e+01
4.046418324134508e+01
2.547504274429522e+01
4.361749130469630e+01
9.302083151089997e+01
6.707710803815961e+01
9.813363067718858e+01
5.035380411443944e+01
3.007377499252268e+01
4.971534993951924e+01
1.462482489395180e+01
1.969428766504596e+01
5.642057520170722e+01
1.015522182460652e+01
2.357956544662806e+01
9.858679855176564e+01
4.724913418630564e+00
9.773382227762315e+01
9.661885020165650e+01
4.355243139134367e+01
2.288368391938679e+00
3.576982321020673e+01
3.841526649818535e+01
7.236962107586191e+01
7.289635402750986e+01
4.634504734833960e+01
6.500136636430462e+01
4.344072683874551e+01
2.872378841448752e+01
7.367490244734795e+01
3.909356386358550e+01
4.714146421623484e+01
1.413908564212690e+01
9.129077088613565e+01
7.886704610607916e+01
6.839296145755470e+01
5.836787887772912e+01
1.030114638167487e+01
7.028518294463175e+00
8.844165387025180e+01
3.749883595737574e+01
9.246603478326743e+01
5.183053293816305e+01
2.719733325168366e+01
2.621256561307822e+00
9.502893956146620e+01
9.250620971084862e+01
8.314087264386046e+01
6.812566750129949e+01
8.912505986593899e+01
5.089860141784819e+01
1.251731138327965e+01
3.761747551039675e+01
4.336967921972725e+01
3.134292658946613e+01
1.051382953790661e+01
7.226959023264683e+01
3.607251692380407e+01
5.395455637665212e+01
5.150610671914468e+01
9.132791487096246e+01
1.977028447192641e+01
3.624293340195107e+01
6.670004486418331e+01
1.106105531149593e+01
1.510997946146409e+01
3.509300627517188e+01
6.942893418922506e+01
9.963407204469389e+01
2.552365689795635e+01
5.787058801291072e+01
5.861506902548255e+01
1.614395976818351e+01
9.999747024848939e+01
6.107084777256048e+01
3.720881591421031e+01
7.038931547216573e+01
4.504068984884801e+01
4.455498594071482e+01
1.222781413804172e+01
5.086117635986822e+01
1.804888961745840e+01
2.395095071939330e+00
8.847865187026498e+01
6.474563580227347e+01
8.237522089964487e+01
9.899248140817159e+01
3.701522598835417e+01
1.004513912370668e+00
3.665423287854262e+01
8.004409981893566e+01
7.004742863124582e+01
7.321726916042030e+01
7.425153799087346e+01
3.463843829680162e+01
4.207791222356163e+01
