7.553814913869750e-01
1.280670031570210e+01
9.622924942347652e+01
1.765829185846182e+01
5.870520912981835e+01
4.888211667951295e+01
9.671350335549261e+01
2.348753648041167e+01
8.300140406144848e+01
4.561482562944983e+01
4.245470587278470e+01
4.828399319587461e+01
8.835119492763243e+01
9.704421274226355e+01
1.144515462752672e+01
1.672440963644740e+01
6.880732209831817e+01
2.691462437012914e+01
5.269702200437757e+00
1.619507270687961e+01
6.070345782707606e+01
5.464078372094817e+01
1.552851778246859e+00
1.101104910998188e+01
2.988180831534872e+01
2.756794748248902e+01
3.188750070141977e+01
2.620350258713751e+01
9.031406254056564e+01
1.546570314814602e+01
7.145318308447170e+01
3.873970971384072e+01
4.430485844812583e+00
6.768243250794822e+01
7.227832124208953e+01
6.313569497463093e+01
6.860100667392882e-01
7.168640162408650e+01
8.179610366085363e+00
2.933467120366855e+01
9.590732962633824e+00
4.908650435930421e+01
6.550189213152132e+01
4.612684130953944e+01
5.176271742757537e+01
9.823416969656674e+01
1.807129276826572e+01
4.121752001401853e+01
2.514879406669587e+01
5.016780637678122e+01
5.741259276746428e+01
8.585225189377192e+01
7.967343278214030e+00
7.407042918450685e+01
8.216152516294342e+01
3.469039841307811e+01
4.890108362254737e+01
2.320191609822303e+01
5.350089075672481e+01
7.432038745578396e+01
9.884709450362581e+01
2.552246294241513e+01
2.101492649922843e+00
4.968474588807894e+01
9.320489545036335e+01
1.870665620952223e+01
9.482540194635530e-02
3.550342625728968e+01
8.067718752691391e+01
2.066219994829139e+01
6.080336117223062e+01
7.252693156363765e+01
2.553534089845389e+01
3.970957381637281e+01
8.162628071458371e+00
4.173525410785119e+01
8.971445308519269e+01
6.098420371347303e+01
8.295277412186972e+01
7.959572811592172e+01
2.163832104841169e+01
8.160433796309137e+01
3.995780774390223e+01
8.874777154473018e+01
2.615496726993237e+01
6.061066876194005e+01
6.579293881812735e+01
9.510855870093617e+01
3.126134343038376e+01
9.331498108492930e+01
6.874459477548702e+01
3.448408801783066e+01
5.674639626254625e+01
3.413442621665747e+01
1.964970855957349e+01
6.172214414073254e+01
7.180257889991746e+01
9.238990768435873e+01
9.331512236656394e+01
8.055621622156176e+00
4.354009816587907e+01
9.067218326529124e+01
6.154378110614781e+01
9.344435715742611e+01
1.548400051681511e+01
5.051987136272707e+01
4.395134870146929e+01
5.264173031441948e+00
8.207215637996428e+01
3.807840842664167e+01
3.843505537995838e+01
3.773068154125041e+01
7.402931278293454e+01
9.754362194684502e+01
5.891065325537262e+01
3.654595512735935e+00
2.688854272798101e+01
2.606487000643503e+01
6.759229990075916e+01
4.133145499105167e+01
8.046711472816165e+01
7.086054006165850e+00
4.583732180569196e+01
5.354589226355119e+00
9.267722596073395e+01
9.337036646593845e+01
2.420511638010159e+01
4.930302367978870e+01
5.803947935720881e+01
4.562416521162920e+01
3.680503253676232e+01
3.178865771358305e+01
3.785189447824466e+01
2.993373197034640e+01
7.857760767386183e+01
3.265625333071512e+00
4.864014109998948e+01
8.291589765945258e+01
1.485432955196795e+01
4.907833521677104e+01
1.081727431659460e+01
7.244014375491075e+01
7.547600100537576e+01
7.320073813814703e+01
2.527800389811304e+01
3.003905361054421e+01
6.732846417805574e+01
4.220378424143595e+01
5.610392361697924e+01
1.017478737522605e+01
9.510458456124393e+01
1.197755421138255e+01
7.844391268605548e+01
8.248947285231644e+01
2.267732844812671e+01
6.999426086898626e+01
2.172194841398017e+01
8.191322166561766e+01
4.448486885264742e+01
7.976142777118899e+01
1.154888105185185e+01
2.734300895935996e+01
6.469333733650545e+01
8.390709961946453e+01
1.719911020118702e+01
2.446094435847408e+00
7.329411607854726e+01
4.515951017158083e+01
2.192884861581440e+01
3.860799970040470e+00
2.550315602007469e+01
8.916972949596575e+01
8.065816391290079e+00
3.348040978120659e+01
5.793043764211724e+01
7.804958204647973e+01
9.605332822355132e+01
5.588916524121964e+01
4.432894212395369e+01
9.119143769666154e+01
5.300182455824773e+01
5.888492383942238e+01
3.235776016132802e+01
6.705813345828007e+01
5.067880854507852e+01
4.968990364563181e+01
2.535532937634519e+01
8.744619325150092e+00
3.409878045045714e+01
3.530838751946966e+01
5.216218468368156e+01
3.035976613422845e+01
1.934027262932634e+01
1.098685609688370e+01
4.803892203981007e+01
8.609222089224133e+01
7.581061687125387e+01
6.148095729829788e+01
6.249361651134380e+01
4.253602733022348e+01
7.008216179445486e+01
8.799677253141849e+01
8.546597561122196e+00
8.885220358560430e+01
4.295460839893418e+01
6.647703524980557e+01
8.110187113336375e+00
3.096908281136727e+01
9.235733202302704e+01
8.797072725741693e+01
5.134928876131274e+01
8.495064209445874e+01
7.495956727068851e+01
2.232481652047710e+01
1.855093679323371e+01
6.535479569125678e+01
8.068345276670691e+01
5.214575224190286e+01
5.524929680640310e+01
5.385202954236978e+01
7.921465373561468e+01
1.567390790007725e+01
8.820544103542596e+01
2.094833651601725e+01
8.689765645512270e+01
7.966647747888531e+01
6.235545368974817e+01
8.442605584134630e+01
4.847674260310677e+01
3.463920677762442e+01
9.933747937871958e+01
7.295335637077380e+01
4.411340539535200e+01
7.884076939841768e+00
4.841230397504395e+01
5.891075546802522e+00
4.873719296824988e+01
2.752535656444978e+01
7.544728646774185e+01
7.014536371927026e+01
8.863156670175100e+01
7.524595282750481e+01
6.310857891249870e+01
6.235173487213986e+01
7.567282364502215e+01
7.044218893649159e+01
1.621177299703088e+01
4.390057667340179e+01
6.511164762317745e+01
7.881643049363812e+01
7.926955939236542e+01
3.539035564073844e-01
5.403507424240702e+01
4.302386508464062e+01
4.217565639045818e+01
8.069583828593410e+01
1.093848376112919e+00
1.205678219537101e+01
5.559296764228166e+01
7.116708516663270e+01
2.111084946482948e+00
5.493044702100123e+01
5.663521618425623e+01
3.619328538709939e+01
5.377437130258157e+01
4.824404602322916e+01
1.562486608308967e+01
5.697682125353106e+01
1.490929523245864e+01
5.487182566657282e+01
3.894080223466307e+00
5.967338041387190e+01
8.219832744551745e+00
6.717596681191398e+01
5.446165495294223e+01
8.389265638957390e+01
1.336069130960884e+01
3.997948362491069e+01
3.559790832716874e+00
5.782065827298008e+01
2.074445771088100e+01
8.683781623227421e+01
5.817456187595360e+01
3.291743748491511e+01
5.797996560948899e+01
3.747320791588781e+01
4.084349285850464e+00
8.067030817301493e+01
7.765869529808811e+01
5.967731692813211e+01
3.414214823122236e+00
7.976978024457105e+01
1.460776390256722e+01
8.856934438858617e+01
7.606723298135550e+01
8.514637927764393e+01
6.102816260467664e+01
1.557471096309587e+01
9.957812656628812e+01
3.998000130056403e+00
7.044653662966869e+01
5.250674912357086e+01
3.716021517159427e+01
7.866636937422044e+01
7.477357088344803e+01
2.500636536861135e+01
6.255902571722820e+01
9.860340659441586e+01
5.509968523639239e+00
5.432702193703829e+01
3.752987973276986e+01
1.373761799826176e-01
3.891081839749162e+01
8.279241965282355e+01
1.142292665849576e+01
6.788966784621108e+01
7.159018287043561e+01
7.954655335263654e+01
5.178977961269663e+01
6.979561767997015e+01
8.278910381849349e+01
2.587925085140357e+01
3.630298978476925e+01
3.418446846035517e+01
2.652043370833641e+01
3.102969761520145e+01
9.930749102463363e+01
3.300306579703608e+01
4.660440857829731e+01
2.620468024453366e+01
3.714208800212577e+01
7.422049770793900e+01
6.834944163837909e+01
1.351191970217597e+01
3.143697592031070e+01
9.149506226717264e+01
8.416203087389563e+01
7.491313399510139e+01
3.359034496061054e+01
1.525484883005491e+01
6.874815154296725e+01
1.895175879772369e+01
1.445670510384101e+01
8.092731134077874e+01
8.865136983275942e+00
4.603428558727460e+01
9.751128470409256e+01
9.901835611044353e+01
6.969659769427804e+01
9.799334062169928e+01
4.329327402789763e+00
4.094477861232347e+01
8.161611621343350e+01
7.676660696825320e+01
8.073452165384522e+01
8.422832171629571e+01
5.235440151409917e+01
6.450847534672752e+01
1.791603999115342e+01
7.433287155550573e+01
6.126920718758796e+01
4.451567029790751e+01
9.912886661436822e+00
7.459540575491050e+00
9.063484780054300e+01
9.827173822478937e+01
5.852120190789979e+01
6.676965405548441e+01
3.678880773335174e+01
5.216972094595885e+01
4.590979714221778e+01
7.937565314554406e+01
7.112147974368254e+01
9.267524410629423e+01
1.947229328540726e+01
8.994204443411066e+01
4.687977705471207e+01
1.698357794293369e+01
7.387245207739642e+01
2.939295816672638e+01
1.788189030153765e+00
7.689872359712548e+01
5.849676907923854e+00
3.957846874351542e+01
2.289564238064719e+01
7.340728420457211e+01
6.132320038104579e+00
4.935029742743368e+01
6.437197447026706e+01
8.463332396216380e+01
7.676120101323407e+01
2.564118161128889e+01
9.615015773854691e+01
4.906399471176043e+01
2.566852608028265e+01
6.612744660402063e+01
1.093966845001079e+01
5.632481973447130e+01
9.627386452456651e+01
5.365546893032987e+01
1.463291119534192e+01
7.449240348045360e+01
7.121457432918929e+01
6.143879623219315e+01
7.204684772158360e+01
3.096040502700973e+01
8.946110670895368e+01
1.892662472972955e+01
7.882364740540443e+01
3.833686399196129e+01
1.008703564763397e+01
4.549203815194407e+01
4.417831126795072e+01
7.672600316662621e+01
7.994973151010915e+01
7.353598488193749e+00
7.066012391385628e+01
8.825669707183572e+01
6.767128499582003e+01
1.265754476779026e+01
4.473356741700953e+01
4.769087142669171e+01
4.085019526111437e+01
5.821079279212784e+01
4.572233112795387e+01
9.396674767786951e+00
8.946442189135794e+00
6.988643932616638e+01
3.965983895569101e+01
8.526655495412022e+01
1.047062688063394e+00
2.997715549076775e+01
9.577460838285023e+01
2.622286883472599e+01
2.517551077770792e+01
4.172487554220709e+01
6.986322587815263e+01
5.221825300353498e+01
8.674808078759726e+01
8.295162710498629e+01
3.396502059603343e+01
3.864203222964054e+01
1.781791249188498e+01
9.322143974398330e+01
7.579356821989342e+01
6.675842607708574e+01
2.577657519177374e+01
5.787083332327699e+01
7.016455594923559e+01
2.966502887646902e+01
2.235230064129098e+01
6.465321619280297e+01
5.063600775349699e+01
4.423815032664600e+01
9.987898324610617e+01
9.635833888145086e+01
3.738503760536436e+01
2.100912948186003e+00
3.400099511910276e+01
1.540378682101322e+01
2.092451659074263e+01
6.709778824220308e+01
1.538738813967788e+01
2.063244330726212e+01
1.523215850593157e+01
3.072684804477117e+01
2.361173193138639e+01
5.188725923741574e+01
3.320912790168502e+01
1.635291088202638e+01
2.561335164383676e+01
6.903900721531316e+00
8.487782631296563e+00
9.032860588763310e+01
1.975670937437411e+01
8.493847594826411e+01
1.210130109083899e+01
6.068663260000135e+01
1.887713676266239e+01
8.802905799263579e+01
8.718440736978521e+01
8.849833532632250e+01
5.791340091168573e+01
7.500310036121081e+01
8.546758777716551e+01
5.233574428238708e+01
6.361981144343494e+01
4.071720616925378e+01
5.443665723057308e+01
3.049563431669754e+01
6.883056455703013e+01
7.356478524094670e+01
8.934278729806783e+01
8.248110813204251e+01
3.545123447452264e+01
3.473708244726858e+01
4.251487536472961e+01
3.041444580555635e+01
8.189124152152391e+01
7.202806997673031e+01
2.949808488110923e+01
5.067090506230989e+00
5.620322374450193e+01
7.124342213908371e+00
4.801378340833531e+01
2.479934358261495e+01
7.826389874250810e+01
5.446512659753912e+01
3.388000723620877e+01
5.497363654662558e+01
9.080472029317390e+01
8.338029984542182e+01
1.541189943226609e+01
6.601902431157373e+01
3.062470412376556e+01
8.613213551516279e+01
1.343557676926049e+01
3.175876719493361e+01
9.914748840925632e-01
5.650709753693411e+01
8.466179565743627e+01
7.168425613627036e+01
7.132588870419464e+01
3.001179761719508e+01
7.912842281122153e+00
6.777123132151143e+00
6.474888006446365e+01
7.892924439112154e+01
7.586090540320654e+01
5.137322174914797e+01
4.103782467592406e+01
6.199574091564666e+01
3.268402681345307e+01
6.473181651194199e+01
1.282854509205955e+01
5.758222921638853e+01
9.165416420048761e+01
2.664420768927979e+01
1.532445089673831e+01
6.550412367354339e+01
2.378524314788415e+01
1.260238593099750e+01
9.087264327838675e+01
4.843966823464244e+01
7.073952866286949e+00
4.977900723450771e+01
6.348089792927769e+01
1.397772310952550e+01
4.502775610658701e+01
4.104981866714071e+01
4.492877500361240e+01
7.457856371746331e+00
2.587053478968820e+01
3.227094050136905e+01
2.740535867745306e+01
1.948784399753802e+01
5.804579875340955e+01
5.102130144416414e+01
5.895273357581009e+01
6.485772121923870e+01
4.391728250492237e+00
8.216429901410093e+01
7.651544626639944e+01
6.282924560961744e+01
2.724869266489926e+01
8.620295938393238e+01
3.208720801961012e+01
9.659877461222874e+01
3.794381652862943e+01
9.466929901143037e+01
2.856416400920794e+01
4.151727824542545e+01
4.360771125350507e+01
6.526729281305676e+01
8.424933598574685e+01
4.348844412876687e+01
1.902383031278096e+01
9.754771124457369e+01
2.898342317388553e+01
8.626258083910801e+01
9.412275915691758e+01
5.493090918982909e+01
4.179721052842085e+01
3.506001761884429e+01
6.802657380142556e+01
1.473542145208242e+01
7.602104278096047e+01
4.618904942003500e+01
8.782582738801177e+01
1.787743001146122e+01
1.398533536772492e+00
7.589317200514169e+01
9.116113134248235e+01
9.743546154230621e+01
5.381245322237371e+01
4.355664683671512e+01
6.725797111506479e+01
8.589966124198384e+01
1.517748200110043e+01
5.201787597128091e+00
8.080539092459036e+01
9.307523355496826e+00
4.671906584255353e+01
2.195247193889342e+01
2.800207837857403e+01
7.611492121411251e+01
6.544091606766028e+01
8.962111621611804e+01
3.282948878259840e+01
9.442433928811194e+01
7.980157415373324e+01
7.199097139387902e+01
7.736773373436543e+01
8.485872102196269e+01
6.788872758293931e+01
2.419905775422187e+01
8.769402424231825e+01
9.790316494084111e+01
8.046635015889366e+01
6.150777515094158e+01
8.438207306171864e+01
1.247641947701407e+01
4.464044386737069e+01
9.806112861170486e+01
7.658838498247246e+01
5.305216557022751e+00
2.158142492248743e+01
1.844881089331993e+01
9.144130851674885e+01
4.170049589206488e+01
6.367259880698872e+01
7.224669939477309e+01
2.121342025753735e+01
4.567521058287248e+01
8.197228358219019e+01
4.087310863699443e+01
6.463504026859768e+00
6.787088372179814e+01
8.233668831285867e+01
9.603108963744300e+01
6.351628539316183e+01
9.843749930078047e+01
8.304779109686976e+01
5.634479148143194e+01
5.878788561503770e+01
3.866221943807892e+00
5.619295176872655e+00
4.648190981078982e+01
7.711632702365347e+01
9.014275897766592e+01
2.401833437570293e+01
1.821175451307173e+00
1.161068832111111e+01
3.011951461905591e+01
9.964274177311117e+01
1.573802191565652e+01
5.490822016955737e+01
2.122416669559859e+01
4.923896880319294e+01
4.617147075299708e+01
6.553491655063578e+01
4.188682210719531e+01
2.756583081910658e+01
1.171615832099512e+01
7.880489569101711e+01
5.943651425625966e+01
6.705634923049078e+01
7.691984096398569e+01
7.744613232903468e+01
4.694067269886875e+01
5.149289018078376e+01
1.603613631615235e+01
4.537817199964923e+01
7.429979284028512e+01
4.192359314389694e+01
4.166057568120797e+00
5.798873228858632e+01
3.312734930456027e+01
3.947889639040404e+01
6.575985968381160e+01
8.379468339672064e+01
7.108443829747124e+01
8.376709231350901e+01
2.497772137866249e+01
1.891816981086422e+01
8.727617081593544e+01
5.567241984218006e+01
7.382638998042158e+01
2.985482654993181e+01
5.522851927915053e+00
6.866421232403452e+01
5.113304385502499e+01
2.548728795977649e+01
5.151407339215003e+01
5.529843790237720e+01
6.989239271259513e+01
6.325853879715248e+01
6.467465300330643e+01
3.701114837872383e+01
7.051806960744693e+01
3.262057874008109e+01
5.806692869312453e+01
1.956539043205110e+01
9.072407572098266e+00
5.104142746470936e+01
3.015066558967841e+01
2.098426284314332e+01
3.635276576334274e-01
2.380258996216701e+01
6.405933604764721e+01
5.569042226098964e+01
6.604867021834882e+01
9.974153181525949e+01
7.009084856607525e+01
4.886216067190382e+00
6.616589998182184e+01
5.206881698782966e+00
7.216931417219774e+01
5.285272437746298e+01
2.528344440519970e+01
8.782493355117037e+01
1.563890781981820e+01
2.874560702068061e+00
5.331634443873370e+01
6.812472407153096e+01
3.616295221083003e+01
1.340765180690570e+01
6.977787803382513e+01
4.256860806726321e+01
7.891040448048636e+01
2.906219285403480e+01
8.245162865261157e+01
4.203027963732848e+01
8.713698856864916e+01
9.138027987972846e+01
3.553738116078888e+01
9.233137447961205e+01
6.876044458186274e+01
3.590090881842231e+01
4.109024407392845e+01
1.814951110545057e+01
3.273888539184764e+00
3.394469131433623e+01
6.539724127640820e+01
1.584351529173717e+01
5.044158564435391e+01
2.893830529830340e+01
5.484635525143070e+01
4.819900391073851e+01
4.218594196354316e+01
7.811032406897765e+01
7.058780909077628e+01
6.836861268075583e+01
8.098488477104570e+01
9.239928135294434e+01
4.336171650484284e+01
2.696648632500623e+01
5.806933113283912e+00
2.975253869302223e+01
1.541645159731454e+01
9.007037681996374e+01
1.556144678758525e+01
9.799269111733543e+01
7.805293005800476e+01
9.199530384130557e+01
5.670717193591742e+01
5.557860986123728e+01
9.691837290158419e+01
1.861899756762152e+01
5.112863269221440e+01
8.078859121575420e+01
2.498268546768589e+01
1.650757157081159e+01
5.569033876792078e+01
7.977545483958696e+01
8.795401853879635e+01
9.612469347013379e+01
1.729367534503978e+00
7.142672360475488e+01
8.716091890221504e+00
3.468374504460196e+01
3.668984898211893e+01
8.771520596356839e+01
1.372013753918937e+00
8.102811038541985e+00
4.019831011081036e+01
2.528315224930791e+01
1.166125168635568e+01
3.793304354787480e+01
5.701542834612327e+01
6.067815025368619e+01
2.230976569573849e+00
7.488123074866888e+01
2.242068123185107e+01
6.063943661779139e+01
2.569591506649550e+01
1.407049121990357e+01
6.684554278238003e+00
7.762416269519560e+00
9.183681923515947e+01
1.934072818576392e+01
3.288534965034823e+01
4.233700993579673e+01
3.149613925791166e+01
8.879926152937080e+01
2.633710043799928e+01
7.320263156350825e+01
9.301650304953405e+01
6.031005273587539e+00
4.462935512169700e+01
1.732594939755553e+00
2.144946578026259e+00
5.713999618642963e+01
8.705731522620530e+01
1.702372707287955e+01
6.964562389517465e+01
8.972993390156418e+01
4.233358928111083e+01
1.594994101484769e+01
7.646956731400898e+01
2.007373078729665e+01
1.583379996746490e+01
1.024488579027582e+01
8.017708448701403e+01
7.319711925145104e+01
3.845314320104809e+01
9.148827069042636e+01
9.949611085443576e+01
5.049985044193448e+00
7.002722060774789e+01
7.862908238481222e+01
4.565718646424691e+01
6.860465820348108e+01
9.692329387037238e+01
5.957314765992255e+01
8.477017250134152e+01
4.503516687314733e+01
9.660348347230045e+01
1.827779375867815e+01
3.332630551109384e+01
7.463316608901749e+01
4.752544609248891e+01
7.404105587584947e+01
9.398564537707048e+01
2.905089418825269e+01
4.954517960992884e+00
8.323701158316666e+01
1.878082804325075e+01
8.997556105720605e+01
9.382964307154977e+01
8.642950187736633e+01
4.027400665929262e+01
4.642122553029155e+01
9.248215886414151e+01
4.898176959202708e+01
2.482864243203245e+01
1.912116916809286e+01
2.142933733827869e+01
3.379702895590897e+01
7.607299949790956e+01
1.159033696706888e+01
6.153807396140791e+01
2.740021093161786e+01
9.827103810304358e+01
6.001667918638172e+01
3.859703160757061e+01
6.429040481536202e+01
5.506723292873578e+01
1.157020032944633e+00
9.711815877683375e+01
6.997101095969370e+01
4.877794512956308e+01
5.418561261807830e+00
5.481167047042943e+01
2.236895776464090e+01
2.525131852610564e+01
2.900668328116028e+00
3.727589819453465e+01
8.817887869113072e+01
2.574152323684726e+01
1.489112927340489e+01
5.718687612432375e+01
5.743457682311283e+01
7.794042377636788e+01
3.517704263104919e+01
4.490310924356017e+01
6.580143923210046e+01
5.266178201542319e+01
9.932580771824615e+01
5.673048070479673e+01
4.961156442277672e+01
4.189827849245550e+01
1.202457952873063e+01
2.669188125370624e+01
7.172743853727702e+01
8.358013135547756e+01
5.837270829750817e+01
3.601784330607292e+01
3.864736423764721e+01
4.879538717157924e+00
1.077289288433869e+01
2.482065629438528e+01
5.235067347639737e+01
7.022119335374850e+01
7.941070170114315e+01
6.167676456350682e+01
9.547251192642027e+01
3.091491583311694e+01
2.574633109650869e+00
7.808336828746059e+01
1.027550460317894e+01
9.665293595597750e+01
5.139186240331822e+01
2.344745170485576e+01
3.625908355985725e+01
8.656890503436742e+01
2.451043674932347e+01
8.020996785732450e+01
9.720298149492731e+01
5.093451656910335e+01
8.966742353032689e+01
9.486659373849005e+01
8.513899635762860e+01
7.371334320572826e+01
5.497962783788314e+01
6.024254353728264e+01
4.557615637107573e+01
3.897716106799299e+01
4.012189094914211e+01
8.422352060872294e+01
1.821164796976915e+01
2.096044329039773e+01
1.454101671210538e+01
2.635216476691522e+01
1.269909693519543e+00
5.309748689322615e+01
7.307764355702217e+01
9.520992031097873e+01
5.821891359901936e+01
6.692969103666474e+00
2.742618654269082e+01
2.738162531861180e+01
6.501162898028811e+01
5.268743352624002e+01
1.525150556827500e+01
6.151597479428909e+01
3.925633851404131e+01
8.860193173801616e+01
5.400917355623523e+00
3.120795857683195e+01
7.794501589515480e+01
8.762227389385099e+01
1.234477530808410e+01
8.253551185249142e+00
4.105613969315595e+01
8.057034052003657e+01
6.043729980496564e+00
6.167033485214707e+01
1.954750154146343e+01
9.230830636448614e+01
8.128498475127154e+01
1.465078960855063e+01
5.591942488957170e+01
7.034417422038698e+01
3.364539385477332e+01
9.272216264750909e+00
8.425501290906919e+01
4.437698309513600e+01
9.509196425559556e+01
6.928401275970228e+01
7.043984884882339e+01
2.803559556046296e+00
9.666563807831409e+01
4.267602839631775e+01
8.312402939569392e+01
5.675852087175405e+01
9.230258031389796e+01
9.765259926098055e+00
3.057739465989983e+01
7.605800920913834e+00
8.704774006598058e+01
3.697741056651688e+01
2.729665251788527e+01
1.911075199912803e+01
2.009593114261326e+01
1.108414470734268e+01
4.488597952056955e+00
5.548307181125650e+01
3.624656211410024e+01
5.896014708977199e+01
7.823644530877306e+01
5.938283864379993e+01
4.830478227152712e+00
4.224533110030244e+01
9.830623119990631e+01
6.044836391715722e+00
5.151754741161948e+01
6.720394364893620e+00
8.978402646714078e+01
9.360298351086816e+01
7.600440712459590e+01
4.249452163581481e+01
4.243257653081444e+01
7.206885152127074e+01
1.473420896322197e+01
5.479932457897780e+01
6.354389137753466e+01
2.226027498126974e+01
5.643890516666644e+01
1.394353728459381e+01
1.664567935124304e+01
9.456644160420002e+01
1.830970073040095e+01
4.473078266937788e+01
4.860636668680532e+01
6.727425976063789e+01
5.973339362988872e+00
1.196737182883889e+01
2.275733152532826e+01
9.747402588719224e+01
9.876685878204501e+01
3.155605142542908e+01
3.263262344181194e+01
7.150502441055376e+01
6.982081042128652e+01
8.691116864183506e+01
4.861872645496332e+01
6.209146467134891e+01
6.042724384946154e+01
1.205756539109050e+01
2.553112098273408e+01
3.343471481159083e+01
5.898838027333300e+00
3.275988261809567e+01
2.834141246431573e+01
6.881929145605270e+00
4.220425395397668e+01
9.188530388841653e+01
8.136012716282166e+01
5.120870128795910e+01
9.383959201809000e+01
3.676119546255153e+01
5.766159475672134e+01
3.978111317371070e-01
3.821897820486640e+01
8.539729755623140e+00
3.409735603914474e+01
8.913550092332787e+01
1.939677978837713e+01
3.544374603565957e+00
2.639904894232706e+01
4.072074770960992e+01
4.694293762880514e+01
5.903167238413900e+01
6.200993478391782e+01
4.269509382671448e+01
1.394610512719774e+01
6.204908744527449e+01
7.535387546539022e+01
6.136413387086435e+00
6.512574947677821e+00
5.008058946117786e+01
6.066081582599357e-01
5.344714208200907e+01
8.136203963372951e+01
4.847619279682459e+01
6.894726924083534e+01
8.943594297833551e+00
4.224469416879336e+01
3.028900941381650e+01
2.983712047796562e+01
9.172155749598591e+01
2.582398076812922e+01
3.088135306298796e+01
8.111765798233340e+01
5.127044932510260e+01
9.708634177087170e+01
4.020356174567880e+01
5.578633982491975e+01
2.802062254772551e+01
6.114237679221778e+01
3.712911030143924e+01
5.400291898008572e+01
5.918143026492625e+01
5.243182990347586e+01
5.499104287242100e+01
2.104617740076323e+01
6.600756606366838e+01
1.558075981008856e+01
5.549922215542720e+00
8.015652591369884e+01
6.114992921294175e+00
3.992834721688570e+01
8.076313407195877e+01
5.956213500330324e+01
6.667687560742576e+00
5.340490981629347e+01
9.925431897829023e+01
1.561128185857613e+01
5.467532973488576e+01
7.933573866232099e+01
2.319803523048667e+01
2.144075381636655e+01
1.493578004414950e+01
4.814744719683539e+01
3.397862288820493e+00
8.213898627187078e+01
1.795631214881144e+01
3.977684706439118e+01
5.692703693962052e+01
2.642443232537454e+01
2.050072612264227e+01
3.833078781065102e+00
2.811239120928216e+01
8.993306923188878e+01
3.244133714234519e+01
9.644020502289766e+01
9.907646411986858e+01
5.216715342931783e+01
1.164688054083236e+01
5.938109162234753e+01
9.363448065409180e+01
1.776187350869266e+01
9.930943883923322e+01
7.828575055035098e+01
8.285714480227658e+01
8.141301371222967e+01
6.576025274850440e+01
2.637073771393427e+01
4.421357100094369e+01
5.458284940318337e+01
5.706476376255265e+00
4.408182885687884e+01
7.686305375623658e+01
6.850840364047718e+01
1.465454204690388e+01
3.048032532934115e+01
1.085452288894659e+01
7.096606240187123e+01
7.025717239373232e+01
6.455015198539485e+01
3.655968603517846e+01
2.428318151472284e+01
7.758537273741577e+01
8.792267836999274e+00
3.772870699769291e+01
1.309094695052642e+01
1.969051818348957e+01
5.805778077713111e+01
8.743611205715504e+01
8.386055137210550e+01
2.927575727425318e-01
8.495872853554725e+01
9.227325641190319e+01
5.386308941704365e+01
7.035651550179185e+01
2.881354080923532e+01
5.749943030881669e+01
6.348838315507788e+01
4.257749954358559e+00
6.049953375966266e+01
2.448418085672156e+01
8.888655462716079e+01
2.387428191670882e+01
1.297733807609293e+01
8.472319719601570e+01
4.869457490215757e+01
5.740144413774900e+01
9.162449552287558e+01
4.977685401671420e+01
5.903834978073759e+01
9.236191538738177e+01
3.873430506267319e+01
7.575240334298108e+01
6.071206147815662e+01
5.847044897194507e+01
3.234119640306625e+01
7.380300842868304e+01
9.302471642988954e+01
5.290224088956707e+01
3.906110876196116e+01
5.721863981206838e+01
9.953545746371870e+01
9.795368979589720e+01
5.859763811277116e+01
9.614065466268950e+01
2.239627019613808e+01
3.150096094771333e+01
1.603028272093752e-01
9.587267245905132e+01
1.381089646081016e+01
4.567824641507038e+01
4.928480230704174e+01
4.709579718629634e+01
2.791175480369094e+00
5.704149140838603e+00
2.332433053447135e+01
6.579353556306732e+01
3.735807525802313e+01
5.795634405592286e+01
1.642859471795549e+01
7.949995672306976e+01
9.957572654801223e+01
8.357342853377267e+01
1.679269024952906e+01
1.319438946116454e+01
9.358610668852279e+01
3.170071511142921e+01
8.993068472013374e+01
7.174707379739129e+01
8.285695658198416e+01
3.163238783908653e+01
1.151701710723202e+01
3.488050454057777e+01
1.352819335345560e+00
3.984307774335289e+01
1.867075754267664e+01
1.042821989880326e+01
5.624801197845862e+01
1.883106036988602e+01
4.499509648652518e+01
6.267893382472868e+01
2.190917410045358e+01
6.193580062218746e+00
5.899436593008897e+01
3.336512196500092e+01
9.998404798097165e+01
8.855704976644230e+01
4.185912890446332e+01
5.604098651373805e+01
5.666557655514477e+00
4.212873510184173e+01
6.322769320720234e+01
9.741355008325239e+01
4.442178413477809e+00
6.287731521896893e+01
1.942278836826924e+01
8.847423553861409e+00
1.405701237453940e+01
5.658984731724013e+01
4.257757330433353e+01
6.993372443594677e+01
5.569962763958593e+01
2.822788251947047e+01
7.870291544995408e+01
2.271615714892566e+01
7.158392820115384e+01
2.499936089152440e+01
4.440607789177731e+01
8.853008723283656e+01
4.383042130797655e+01
5.643189300616825e+01
2.319163290001062e+01
4.253803628615012e+01
5.703031055490967e+01
3.223785107593883e+01
4.052513704659656e+01
1.168162148058490e+01
3.131939285961883e+00
7.331187961311633e+01
6.503971147585646e+01
3.279712392613158e+01
3.742351338147350e+01
8.544087600216311e+01
4.800117805041427e+01
8.500425596023177e+01
8.392782233838355e+00
6.768859297395153e+01
4.997384718152408e+01
3.669174315253819e+01
3.487658926047226e+01
3.689483932074850e+01
3.089573091403383e+01
9.299992383131755e+01
9.783477722566332e+01
2.230946352812902e+01
2.406793601069038e+01
4.882502800264630e+01
3.394372828022750e+01
9.177822102409705e+01
4.295779384810375e+01
8.061279378859922e+01
6.286794574133491e+01
1.189451716462826e+01
9.252350693220436e+01
7.600293111801284e+01
3.584392742991631e+01
7.080191423688174e+01
8.768455259859775e+01
5.648083968855479e+01
3.460516544739025e+01
5.540716054635456e+01
2.292629076304207e+01
1.401312221494183e+01
8.101362119476015e+01
9.137380881764638e+01
7.834808322524097e+01
4.351662413380883e+01
4.548713413322677e+01
7.756044682001716e+01
2.603967209627837e-01
6.734249678782304e+01
7.731557538607883e+01
9.648289982997017e+01
2.815515018448008e+01
6.296569428544757e+01
7.352292899672078e+01
7.278731338343924e+01
2.282653810588016e+01
6.876035997120681e+01
6.730551429433073e+01
9.608206031661577e+01
2.143213037468126e+01
4.738821356901350e+01
2.289859811910363e+01
9.970756419920714e+01
2.088430976536326e+01
3.295303179554317e+01
1.076950268390100e+01
8.517514606247431e+01
8.710853643115077e+01
5.504051454134310e+01
8.208631844356951e+01
7.874408558883894e+01
6.098528339573428e+01
4.749946996918855e+01
5.805470997377052e+01
8.623207932628323e+01
7.049472051230013e+01
6.451000741892961e+00
2.159209755323459e+01
7.767447204220782e+01
4.766626155360893e+01
6.531910624602769e+01
3.171077744649294e+00
9.638563892635780e+01
2.830053429505813e+01
3.798770943562859e+01
6.917295226323090e+01
5.454059548421790e+01
7.341488156161033e+01
4.102295955690693e+01
2.387027341121355e+01
9.161852309090015e+01
4.219702074406530e+01
3.973834809834992e+01
3.158611153791943e+01
5.739228229848309e+01
7.493268697286616e+01
4.235561422182042e+01
9.226929233049475e+01
4.267430866261679e+01
5.628783239810161e+01
9.500445513753428e+01
6.407190201062332e+01
6.452225384513021e+01
1.365722846875770e+01
4.995837446765898e+01
8.408730937358332e+01
4.550886342558492e-01
7.550644831522668e+00
3.217795925781967e+01
2.465799689509813e+01
4.756551075147721e+01
4.222319556503705e+01
1.740709120286959e+01
4.575566274381972e+01
9.946518707995544e+01
8.208100045196758e+01
5.850025501963694e+00
1.146366876152515e+01
7.095677348363995e+01
6.125602836779134e+01
8.547252439217294e+01
8.877992946132083e+01
7.965370536765722e+01
6.577486524627305e+01
9.416140811245954e+01
7.194864599590592e+01
8.681166692954100e+01
1.648300020791730e+01
2.111742772213995e+01
5.791930372729865e+01
8.923828494233931e+01
1.418523253602219e+01
6.823219823103035e+01
4.711107022460134e+01
3.129361031171568e+01
1.819057265212320e+01
8.431867001779315e+00
4.741168117495798e-01
3.157456318455495e+01
1.997073638251551e+01
2.513211370684771e+01
9.488160810194984e+01
6.219393194755257e+01
9.462857893417988e+01
5.872487200364698e+01
2.447499936654931e+01
4.848996556759344e+01
3.681899967455259e+01
9.554928550289445e+01
5.173177614423064e+01
5.504684949063083e+01
9.384299590896956e+01
8.161653172300035e+01
5.013354031840970e+01
1.478838930595126e+01
7.577793983545989e+01
9.457226795822953e+01
2.212749790499336e+01
3.641369516794276e+01
3.971513148383942e+01
9.093019845473124e+01
5.939426420228288e+01
2.885665159153596e+01
2.485004017355388e+01
8.907443056305611e+01
2.409974971045728e+01
2.919526632372069e+01
5.114787349065201e+01
4.947091455081055e-01
6.648024784702820e+01
3.651087546558626e+01
2.479090081750923e+01
7.944945715342158e+01
2.828232479667400e-01
6.816602776207310e+01
3.263143907889325e+01
2.721905756146603e+00
9.438434713258610e+01
7.820952850310576e+01
2.452069149563121e+00
7.637225095013727e-01
3.732435798147896e+01
7.033315038789677e+01
8.238025427906786e+01
1.108434019195118e+01
6.061174541740294e+01
7.889350060322019e+01
3.454127611338220e+01
7.127821513976819e+01
3.310438861749339e+01
6.699721471732353e+01
7.672441777620669e+01
