4.703643678083850e+01
7.623259940940542e+01
6.931652099327954e+01
6.065643781826665e+01
7.625319178973008e+01
3.169050455637765e+01
3.921456473842942e+01
7.674790093523818e+01
7.579364104931878e+01
6.228926985631197e+01
5.417561794359964e+01
6.676949102746764e+01
6.803931471334738e+01
7.054075154966711e+01
5.197497608697740e+01
1.045036758782825e+01
3.215888660967298e+01
5.728221822403474e+01
4.717888629398257e+01
1.104122186593768e+01
7.766535523238841e+01
8.254083855195942e+00
5.970904704169791e+01
6.868976357797617e+01
3.252694789903562e+01
4.659563854643871e+01
4.618128349361070e+01
6.724593060428553e+01
7.053101927532396e+01
2.797261966763652e+01
2.602362475638447e+01
8.947188900293405e+01
9.524625544214912e+00
9.895985671270632e+00
4.735202782198415e+01
8.577781733394498e+01
4.573349479852873e+01
8.547335285016958e+01
6.252571826918317e+01
2.388124476367665e+01
1.878182684014636e+00
6.490044205677717e+01
6.550189213152132e+01
9.641376924534039e+01
9.177495599341344e+01
6.974955930828563e+01
9.992937734347274e+01
1.398813892807259e+01
8.480702582039265e+01
6.929486467004514e+01
5.506593615518229e+01
2.231608392778602e+01
7.754894852524109e+01
5.285948536026268e+01
2.746772511278639e+01
4.986632021603469e+01
8.563911602163647e+01
9.959136047381506e+00
8.655882216364090e+01
1.338768564788051e+00
7.222781473408817e+01
4.354671819300703e+01
6.108500033667544e+01
5.528208154965289e+01
3.052532907134170e+01
8.437028112093465e+00
4.105989883703175e+01
1.163734584657352e+01
9.500375636620622e+01
2.281337786596891e+01
3.551859061025017e+01
2.821288678246219e+00
1.913369308185470e+01
7.080945417788320e+01
3.886689019336686e+01
9.532090793145863e+01
2.656406053647588e+01
4.713766041544157e+01
4.293544871869285e+00
8.858752361898661e+01
1.643252503892059e+01
2.942728857948784e+00
5.861791649768963e+01
9.398147356416167e+01
3.178244751495423e+01
7.690797069897314e+01
5.153015076719697e+01
9.707439415951930e+00
9.855107143453839e+01
8.510122983022650e+01
9.053094703263181e+01
7.082545057443225e+01
3.272576124068618e+01
4.273035300091392e+01
9.959060889649699e+01
3.805424647315137e+00
4.571875401107536e+01
9.212478859914690e+00
1.123602456005105e+01
5.917162022514810e+01
7.020210389522934e+01
4.529372176401957e+01
4.167318252924512e+00
1.272218390960348e+01
8.972462350024125e+01
8.919642171319406e+00
6.708916889833714e+01
4.807367364320609e+00
5.605730258676098e+01
2.094298145777685e+01
3.843505537995838e+01
9.542005047920162e+01
8.435523942315729e+01
5.876471198106405e+01
6.647130114327710e+01
1.652912363248371e+01
3.111754545528327e+01
2.606487000643503e+01
7.697426237956354e+01
2.556854506282534e+01
3.382262593778904e+01
8.400857699290317e+01
9.617089605711908e+01
2.734455444260712e+01
1.398714627790598e+01
2.564170799480830e+01
4.412333119852623e+01
3.601810607873747e+01
2.781749140835250e+01
7.898407321375984e+01
8.013535480952605e+00
4.262904526788232e+01
9.933046698539074e+01
8.609346448727580e+01
6.965881985130665e+01
7.917904536201574e+01
8.557929628788460e+01
8.291589765945258e+01
3.521863605604443e+01
5.411443480016405e+01
3.048948945034737e+01
1.742014522544115e+01
1.644188091924502e+01
8.112318677880017e+00
6.245204911681454e+01
2.507233779182301e+01
6.669319675615671e+01
9.356959457209780e+01
1.663358440465926e+01
7.867309622404775e+01
4.698664771718283e+01
2.576078363962508e+01
1.077207965346616e+01
9.721535565201908e+01
4.863246038958079e+01
3.395573642754729e+01
4.544462731361605e+01
9.275579158810703e+01
8.866551080190833e+01
8.848152779437672e+01
1.154888105185185e+01
7.059165698969349e+01
4.345575507891166e+01
4.857838016402832e+00
1.719911020118702e+01
7.638288791122982e+01
2.796820273062596e+01
8.733460315844724e+01
2.458330617499692e+00
5.279549199752299e+01
2.550315602007469e+01
9.656249210078384e+01
7.639450583439064e+01
7.345932515964812e+01
5.664034618839637e+01
3.884655490463905e+01
5.405705271012013e+01
4.356394682245513e+01
2.381065488970403e+00
4.428110273754275e+00
8.799140615760879e+01
5.565436084552405e+01
6.281023861971229e+01
8.533308645027368e+01
6.311131513822419e+01
9.863026444736416e+00
5.124407124297883e+01
2.365282514302657e+01
4.198490504267854e+00
6.458067128648082e+01
3.830234298403484e+01
6.949373584682762e+01
2.003802089953703e+01
5.826049021364212e+01
7.126314811001679e+01
6.718636046498378e+01
6.674227424279893e+01
9.923135088720888e+01
6.985132455353221e+01
9.062904216844078e+00
5.820571144959224e+01
8.561049545445037e+00
8.042792299782295e+01
2.731759516863040e+01
2.643548419067426e+00
9.467137483631790e+01
7.344677214205581e+01
5.670060112918755e+01
5.433075132515782e-01
5.862921525660400e+00
3.149178471951363e+01
5.149280338151977e+01
6.151728241775059e+01
2.232481652047710e+01
9.561165636201001e+01
5.273529149253633e+01
7.247587133779929e+01
1.274851346982108e+01
6.260465749660724e+01
7.667436184206716e+01
7.732918480286803e+01
4.669401857382339e+01
4.616809764232864e+01
9.736720570240506e+01
6.195904322059781e+01
9.614645647636916e+00
6.235545368974817e+01
7.752785877209523e+01
8.947793864155092e+01
2.080781134814388e+01
3.474684727133571e+01
8.658387166754522e+01
4.411340539535200e+01
5.770042462167350e+01
4.841230397504395e+01
8.706801384085232e+01
7.596958427502288e+01
4.448788871266316e+01
1.501203268534133e+01
5.278634696862956e+01
8.877821890114723e+01
6.307045797029066e+01
6.385371403948111e+01
5.029550127233169e+01
7.567282364502215e+01
8.522015297097161e+01
7.346470517733353e+01
5.860872862795774e+01
2.303935132130950e+01
1.842370434590788e+01
1.630826686337044e+01
8.116714366766026e+01
4.941634268007071e+01
6.247636450569908e+01
1.189190680714879e+01
7.661180336801885e+01
1.093848376112919e+00
2.805657956193042e+01
6.213853878999992e+01
9.619365366929846e+01
9.278732654302722e+01
6.477522340825537e+00
7.143851484704693e+01
9.598791235871050e+01
6.504251522246865e+01
8.898216890589435e+01
8.291261558556585e+01
1.593121030178443e+01
8.031798441909159e+01
5.509116633566617e+01
6.871755727041399e+01
9.581406824095829e+01
9.568133456431391e+01
9.308581296032565e+01
2.896057536311475e+00
2.837406137416794e+01
4.317082457392049e+01
7.460112593816645e+00
9.310549120097676e+01
5.912275060970465e+01
7.030088178361808e+01
9.912633621093182e+00
4.028989423079877e+01
9.369654198814953e+01
4.679259776454074e+01
9.264437816694583e+01
6.793753531199765e+01
8.727979068052014e+01
4.779406764907486e+01
8.880396261289900e+01
8.759519219752178e+01
9.431095742355610e+01
3.021748928828979e+01
8.235534750034816e+00
3.989961689333413e+01
2.797212154975725e+01
8.733822260393679e+01
3.748810851829504e+01
5.766367169919595e+01
3.943830711740922e+01
9.689329103422038e+01
7.855442770689467e+01
9.203886342795514e+01
9.551572901919285e+01
2.349334360263001e+01
9.493492101083272e+01
1.453897148116444e+01
9.803456570861609e+01
6.697279045682996e+01
7.919905813373582e+01
9.645118363967686e+01
9.501076079672703e+01
6.585343422640740e+01
4.489677690197563e+01
3.689764721174615e+01
8.128616129108060e+01
1.627145405685131e+01
2.046912010780960e+01
9.699027831526020e+01
2.854670268881447e+01
1.957670451122183e+01
3.125678404758535e+01
5.746323455006966e+01
1.399102272186010e+01
2.248994723078327e+01
9.932679748131279e+01
6.062104234500837e+01
1.581683429694587e+00
3.465396321129704e+01
3.613322863175218e+01
2.889474324364902e+01
5.398571330773910e+01
1.468765633864685e+01
3.074534047895360e+01
3.162479020265154e+01
1.875185497047000e+01
4.582489358532470e+01
8.959558610319887e+00
5.547199601096659e+01
9.050725358096288e+01
6.400947494619035e+01
3.132452654248315e+01
2.332161395965219e+01
1.412755256245264e+01
3.989797860379237e+01
7.585319875546415e+01
2.545158705927971e+00
8.393040768985189e+01
9.632231886327375e+01
6.972613691805216e+01
8.950025401520556e+01
9.318793504181687e+01
1.899436238174995e+01
4.696348851870908e+01
3.088622560300223e+01
1.403692952079555e+01
6.873725655895531e+01
3.506452694305430e+01
1.528858175281835e+01
2.907716265370937e+01
1.207193593125415e+00
2.190488070338260e+01
5.282697009519999e+01
8.666304530886144e+01
2.062060405529132e+01
6.812985505355981e+01
6.544089911758941e+01
3.352565562051053e+01
2.285673326014389e+01
2.091289508198988e+01
3.939863752545725e+01
1.152308751434231e+00
1.668142015891216e+01
4.829846613495539e+01
4.621485166541061e+01
4.361873014998563e+01
4.942437449909019e+01
1.788056326000046e+01
6.001876949333528e+00
1.596156932225524e+01
9.919551177844195e+01
1.433606926088038e+01
3.311429164983066e+01
5.061587605188409e+01
6.430449479459995e+00
1.632846203461683e+01
2.833510107748914e+01
6.452362638177519e+01
2.118310105110663e+01
9.447890468615986e+01
8.113184793904975e+01
2.564118161128889e+01
3.120750530213467e+01
3.893714120562055e+01
2.250238224980532e+01
5.182810935742599e+01
4.486542965512044e+01
8.794328136739475e+01
7.062478078092671e+01
3.159146221894373e+01
9.010700974152751e+01
3.956412083449034e+01
6.062726567528549e+01
5.698729695611973e+01
5.665555068135986e+01
6.842117294129971e+00
8.601711401064746e+01
8.107042777401881e+01
9.859932637708230e+00
7.168665592171561e+01
4.514775846393209e+01
1.125923377054708e+01
2.190903524025764e+01
6.181501413780032e+00
4.702890266060312e+01
5.221482573645881e+01
3.120661826394807e+01
6.327352885309305e+01
4.635477459354082e+01
9.322048662845999e+01
9.988516783336419e+01
1.173866005229701e+01
4.219878280637729e+01
5.831087793144903e+01
4.572233112795387e+01
9.228035318305733e+01
9.203223939614008e+01
7.147348745329002e+01
1.800034694280491e+01
1.938126316265262e+01
3.872962935768516e+01
1.145336013820645e+01
8.380338972611511e+01
2.622286883472599e+01
2.688309179008151e+00
1.075176811346401e+01
2.660149523364450e+00
5.543673795435426e+01
1.256563841019088e+00
2.849095856234942e+01
3.951649756148294e+01
1.669625193658110e+01
1.916950993201207e+01
2.687134082749083e+01
8.688594614476243e+01
2.001046618447195e+01
3.131374168736569e+01
6.919660557489684e+01
6.580324334362672e+00
7.178984590423751e+01
4.947388090634433e+01
4.114780278929872e+01
6.096160554371849e+00
2.104974944193370e+01
6.608466821074703e+01
3.636851005087072e+01
9.265677537427133e+01
9.216216178245944e+01
9.053871766223513e+01
7.467483211060745e+01
1.976198657404724e+00
1.864839383338037e+01
3.260136727830459e+01
6.859572048699284e+00
9.545580097262551e+01
6.482098953091585e+01
1.233555828795562e+01
6.175588847219753e+01
3.175885054830408e+01
2.228776250141103e+01
3.791590860947776e+01
6.691045251996744e+01
8.696809131045271e+01
5.708541858805596e+01
5.784151980552893e+01
2.946403647282349e+01
6.625894679048049e+01
1.118352981805034e+01
8.082558544391096e+00
5.780500129694352e+01
4.658601109245140e+00
4.233354327377562e+01
5.791340091168573e+01
4.357591971921544e+01
9.629045524461681e+01
3.006629684477407e+01
7.994442981665229e+01
7.979965609488993e+01
5.859922178024390e+01
1.854962251081580e+00
2.257575542785961e+01
6.856621395264109e+01
9.545862953898433e+01
4.566486005003790e+01
1.807888751760073e+01
9.091443046504372e+01
5.538855970622439e+01
8.118530529606403e+01
5.267031893724125e+01
3.259992912998420e+01
5.025419255264764e+01
9.058622754671902e+01
7.944574569326161e+01
9.952617171198416e+01
4.767164608820884e+01
4.208778792158132e+01
7.924710092099714e+01
5.194698914510523e+01
3.388000723620877e+01
1.068368750190534e+01
8.906901343216607e+01
2.882036009282822e+00
4.587499920552364e+01
1.754079289619848e+01
9.513305048231643e+01
7.113349129032972e+01
4.760708974097254e+01
1.222884748700487e-01
1.903441460758188e+01
1.043953742386752e+01
4.919653327632534e+01
3.439031170419898e+00
1.271972130645053e+01
1.237735618482221e-01
5.090538926930418e+00
8.759056031126089e+01
6.474888006446365e+01
1.873894786403466e+01
1.939326874883532e+01
1.616095761589751e+01
8.577387020260741e+01
5.753220103566171e+01
1.006737393795856e+01
4.874424019304301e+01
4.253238157487120e+01
9.083550949154213e+01
9.410038985968585e+01
7.800067806523326e+01
6.182382528755060e+01
9.389813011228020e+01
2.680988368895365e+01
1.754139876809968e+00
7.088434243150257e+01
6.253332680209229e+01
3.111390710394546e+01
9.958702307175240e+01
7.281895669774103e+01
2.970277510103899e+01
7.715274755710398e+01
2.806677959303687e+01
7.310833408176356e+01
8.874904014577579e+01
3.215368372954134e+00
4.970767444451697e+00
1.042965571881722e+01
2.708291491823407e+01
3.392273841142782e+00
8.370276930914390e+01
2.704485521048533e+01
5.608681382429172e+01
5.762579574139127e+01
9.119106260649443e+01
7.673096814040605e+01
9.038847288600563e+01
9.936586567171190e+01
6.927103799268185e+01
4.424556817125788e+01
4.857042918380836e+01
7.766067426542783e+00
8.067947643840661e+01
2.424907662172293e+01
4.763367983868051e+01
8.243361631521657e+01
3.924872537108545e+01
1.398325805272127e+00
4.348844412876687e+01
1.902383031278096e+01
3.828754417518506e+00
9.082685834301024e+01
8.391677694577574e+01
2.447109665929857e+01
2.491793968943783e+01
3.619122241446340e+01
2.410688811173052e+01
2.756696107218366e+01
4.662087817984674e+01
4.761612324398762e+00
4.825248222251073e+01
5.172785117837034e+01
6.303722763575485e+01
5.316447743827686e+01
9.402796779481135e+01
3.796328796910275e+01
6.919145456943264e+01
5.381245322237371e+01
7.922557610051035e+01
6.518284434693999e+01
7.056491587802996e+01
2.779600523775257e+01
7.294891177348276e+01
5.124439226987045e+01
3.492816027017690e+00
4.476753498649575e+01
3.940909646423957e+01
6.317845334446916e+01
6.078829349055341e+01
3.540655767331205e+01
8.220228365725013e+01
3.926606696996189e+01
9.442433928811194e+01
7.403782684078340e+01
9.894485603968839e+01
1.934227893098364e+01
8.273550899826712e+01
8.796905092334796e+01
8.929476006389352e+00
3.062661258998635e+01
9.273066324774672e+01
8.061359407408796e+00
6.533296949478469e+01
5.465201626282745e+01
7.151720257080962e+01
4.543920925140344e+01
9.261530427849632e+01
8.879326716474876e+01
3.493030464040595e+00
7.184088033244055e+01
3.149919623113200e+01
1.036223196907073e+01
9.321430530083100e+01
4.506641353716442e+01
4.808263799551997e+01
6.990145001090198e+01
9.553116755351945e+01
3.421583084120221e+01
7.941473986926243e+01
6.463504026859768e+00
9.451771811326859e+01
2.352394518606548e+01
1.911279774229638e+01
9.842403409929203e+01
6.704061020493536e+01
1.969946172074390e+01
2.721929132343237e+00
9.668056443179053e+01
7.028890860746098e+01
7.723660267760819e+01
4.969235023003647e+01
5.428680984968637e+01
7.393930306375925e+01
3.614673811762908e+00
5.340938407620853e+01
1.890983573110301e+00
6.335408443741225e+01
2.365037175996712e+01
1.573802191565652e+01
1.772381948201163e+01
8.074640905519315e+00
8.094314284666588e+01
4.090506119695728e+01
1.750245411764013e+01
2.600955633726416e+01
7.571175381341565e+01
2.670364269367589e+01
5.595651550961496e+01
2.518774686622794e+01
6.681864399780456e+01
5.546180058990689e+01
9.455377347513743e+01
2.496852456823388e+01
5.460033107297511e+01
2.074292568524504e+01
4.537817199964923e+01
9.252066695714400e+01
3.639293277468203e+00
3.083992005830627e+01
7.105600464672595e+00
7.974182003165680e+01
7.625651884649717e+01
6.139241031435895e+01
1.011560103395749e+01
9.966752040184453e+01
5.071412341236795e+01
1.200658460706779e+01
1.891816981086422e+01
4.423245133097863e+01
1.950441441475619e+00
8.204373395165602e+00
6.882207252496019e+01
4.719610188491461e+00
4.910943459212288e+01
5.113304385502499e+01
5.636406645940806e+00
1.531683435445504e+01
1.951073860726819e+01
6.826023946900864e+01
4.050458122068299e+01
8.632938260507275e+01
3.701114837872383e+01
4.123132589330493e+01
7.323799811920057e+01
5.036840329429526e+01
7.807791851371429e+01
9.195538363044867e+01
8.574280347011182e+01
9.878345811682915e+01
2.507296480474666e+01
5.457545563326006e+01
7.337024820659786e+01
4.788629400911103e+01
8.077092002181845e+01
4.541763083330245e+01
3.378043753736672e+01
7.062490925687594e+01
7.811679922887906e+01
6.724672655912430e+01
8.880748263970366e+01
6.297290458482360e+01
4.697469554234981e+01
7.767562520582025e+01
1.419121069563144e+01
7.344309197433437e+00
8.061039581923298e+01
9.253319785582516e+01
5.419757224349192e+01
1.211343799350478e-01
6.079343727826767e+01
8.431060122526745e+01
4.997850006910902e+01
8.397733209839899e+01
4.046118289253729e+01
6.382168236366551e+01
2.731440697205924e+01
9.551232172898590e+00
1.012478541122972e+01
9.914360004437324e+01
5.881577472147335e+01
3.443989247756074e+01
5.812922388228085e+01
7.883426802178577e+01
8.232618648667177e+01
4.865924760171178e+01
4.870090645211791e+01
1.848436180431599e+01
6.364457382058938e+01
8.931916225204205e+01
1.510797162312454e+01
4.922543337998233e+01
7.420282912170646e+01
7.591300084065320e+01
6.822235918055398e+01
1.160891256835727e+01
7.547401556534415e+01
4.883275495322084e+01
1.273060450923192e+01
1.535138441964583e+01
2.696648632500623e+01
5.806933113283912e+00
5.341755061103848e+01
3.540440627159756e+01
1.656074608515983e+01
3.619451743373392e+01
2.614905248682436e+01
9.903810634232968e+01
7.667654658512983e+01
1.597817345335063e+01
7.554618105084923e+01
3.623496291052316e+01
5.137885545910282e+01
3.432260324914130e+01
8.078859121575420e+01
2.198378565813591e+01
2.439231766592354e+01
9.089960720897634e-01
5.456714153036808e+01
6.880146771147916e+01
6.310803921106645e+01
1.729367534503978e+00
8.400978678092817e+01
1.823371374897366e+01
5.657530229379204e+01
3.806628996416288e+01
3.114504699182932e+01
1.372013753918937e+00
2.863164000615088e+01
1.673664665629000e+01
9.958984502572093e+01
5.452926892532467e+01
4.889350060787680e+01
4.313403677341250e+01
1.083845710886571e+01
6.545424673960277e+01
7.932855420714642e+01
3.810326910489391e+01
6.449235303536632e+01
7.983457612797366e+01
9.024430317349932e+01
9.179692561356208e+01
1.639188412408898e+01
2.990190229839734e+01
5.174147451843204e+01
3.999522805213706e+01
5.188568795653325e+01
4.445882809556035e+01
3.076189389953478e+01
6.736349727370008e+01
8.968218564506721e+01
8.340833642678723e+01
5.663610103383478e+01
1.122814184577583e+01
6.068350051561533e+00
2.756839102486539e+01
9.618587833651615e+01
5.724558050615973e+00
7.637156950140911e+01
4.475633224693888e+01
2.246120470690597e+01
6.340461203986993e+01
1.594994101484769e+01
7.135470531478278e+01
6.690630850703749e+01
1.800909015257335e+01
9.377104481392124e+01
4.623486271418392e+01
1.058257492751934e+01
3.612984881556120e+01
8.029703571474973e+01
9.327998975910245e+01
3.790325961909409e+01
6.584274599600711e+01
2.318189201093367e+01
2.729104544375606e+01
6.239024291857622e+01
7.506758001403306e+01
1.614922062314545e+01
7.675451896002261e+01
5.301745806495541e+01
8.544210241429606e+01
3.059399222517106e+00
5.478548996838997e+01
7.952337864764192e+01
7.951927044406500e+01
8.922190917153931e+01
6.464101074479566e+01
3.299977394426231e+01
6.559347862638229e+01
8.323701158316666e+01
2.366437335669267e+01
8.936575036000728e+01
9.388491548313057e+01
6.295119540903308e+01
5.627205882047864e+01
4.642122553029155e+01
8.896447815418453e+00
2.506921488096435e+00
8.730734856208198e+01
4.558113545439259e+00
8.280395724941229e+01
8.058733827461830e+01
6.852187172906560e+00
8.838521092589255e+01
3.769230285551972e+00
5.561447299812663e+01
6.068570164995533e+01
7.883681029958501e+01
7.417149598438829e+01
8.786747184948412e+01
3.598951838723827e+01
5.148975176340424e+01
2.896142286665804e+01
8.515461785027507e+01
6.647295507903814e+01
5.433759840872958e+01
5.195432112177569e+00
5.728011292278772e+01
9.683405528628923e+01
4.650630492088679e+01
5.336413711931749e+01
8.817887869113072e+01
2.574152323684726e+01
6.172984156838145e+01
5.623049012209778e+01
1.296374626130040e+01
3.741745792209052e+00
8.317720092980993e+01
4.994742434935059e+00
3.330885206037613e+01
7.884216908311572e+01
6.665325144615642e+01
1.389619028842831e+01
1.780688106911578e+01
1.636266848834356e+01
7.465112981137406e+01
6.057782129411484e+01
5.598220054804450e+01
8.358013135547756e+01
6.270995943933257e+01
4.384967239752862e+01
1.217719256513621e+01
7.889839451708756e+00
8.466043047823964e+00
1.338092508417597e+01
4.992754335977489e+01
5.112004934396597e+01
8.349201007908769e+01
5.723954893520082e+01
1.258702558120108e+01
1.419941667197245e+01
1.748150876605953e+01
2.765639942495916e+01
4.426688754198462e+01
1.380616636658374e+01
5.676968631184179e+00
9.646328068173644e+01
2.521285378616901e+01
8.209251998089837e+01
7.494447574715338e+01
5.852170584654515e+01
6.229985429081128e+01
7.767192096341024e+01
4.372747044252579e+01
8.010673540649319e+01
5.347761681930982e+01
1.168431980148159e+01
3.347299435803341e+00
5.435131800097941e+01
2.074798332562111e+01
2.183231195520252e+01
1.636046977544225e+01
2.751635444700548e+01
5.008793834135305e+01
8.808603318784667e+01
6.922226858754748e+01
5.866146211450057e+01
1.303544869322118e+01
6.002363793553022e+01
8.996150227727439e+01
8.978720055417493e+01
5.821891359901936e+01
9.815720990214368e+01
1.744359993256796e+01
4.993437610097899e+01
1.838444467558732e+01
2.312056856375214e+01
5.982390849842872e+01
6.151597479428909e+01
4.434071865134906e+01
1.207207618843395e+01
4.657395321250611e+01
3.296076009653544e+01
3.730179622643711e+01
7.117939990534418e+01
8.680418184343920e+01
4.580118648978006e+01
8.168687665913575e+01
9.469098942107101e+01
5.353074798059219e+01
1.018988029574504e+01
5.011971995705725e+01
2.400848200731375e+01
1.148655359236829e+01
1.045063729884598e+01
9.492627084018955e+01
6.172539902000008e+01
6.911209941334656e+01
8.199986269790674e+01
7.767563098002022e+01
7.627774750640512e+01
2.884114711957106e+01
5.102479427634962e+01
6.229470081734224e+01
7.935724629990628e+01
2.290177197330714e+01
2.623523074492590e+01
2.477814817092295e+00
4.735682711347790e+01
2.789498452464817e+01
9.511015196103145e+01
6.053426445486688e+00
8.899810439394699e+01
7.672851159084985e+01
2.333904803886034e+00
9.928889390979375e+00
2.393852175396798e+00
9.068299438370531e+01
6.722220641897164e+01
7.440584016703340e+01
8.584114866603220e+01
9.447312564331718e+01
5.896014708977199e+01
9.849630626779810e+00
8.558051045312570e+01
9.486419455840448e+01
5.168923742682172e+01
8.267932091033055e+01
1.769604762908818e+01
1.206472460742329e+01
6.720394364893620e+00
7.501309461659430e+01
9.274253658612378e+01
3.780397690730354e+01
1.542885849039483e+01
7.957162381129881e+01
3.004010656384756e+01
2.414634093835314e+01
3.298240193770378e+01
6.712424576614249e+01
4.312444801587819e+01
2.663331372972266e+01
6.463433721318577e+01
5.763551795745060e+01
5.537803008005863e+00
4.137368544068825e+01
1.294333767748593e+01
1.328929775082008e+01
8.777852090437828e+01
1.645092853179710e+00
6.362981966865706e+01
8.771410425552824e+01
8.608496486492686e+01
3.775653244823056e+01
7.402234695573446e+01
1.827651491308422e+01
3.981377949929507e+01
8.166313976126870e+01
5.497991063398304e+00
5.750982712838325e+01
6.097830429718750e+01
2.702819235950158e+01
3.829144683586966e+01
4.986827115056490e+01
6.310446684393308e+01
4.042253375073081e+01
2.905175463717979e+00
7.592239071425162e+01
3.287025603133731e+01
3.843941406274188e+01
3.560265788603697e+01
9.756293445712092e+01
6.507272779246453e+01
3.186306382150532e+01
9.947710921963542e+01
6.964021826611841e+01
9.886702462046735e+01
3.389999565384350e+01
4.504809181440999e+01
3.409735603914474e+01
1.387062390049483e+01
3.155223514491330e+01
9.150874912343396e+01
3.915097300855022e+01
4.891864645710152e+01
2.062016908108265e+01
4.171341333618081e+00
5.387396954646053e+01
7.732770674737529e+01
6.211609996953798e+01
1.544633275617209e+01
5.221124633783998e+01
7.434102970843252e+01
8.535008411172316e+01
8.917737183588434e+01
9.883457440828653e+01
2.112710644543502e+01
9.015412162530893e+01
7.138042620913146e+00
8.010802240115964e+01
6.262010189826604e+01
4.274070050695013e+01
2.719768957570088e+01
1.160395271685158e+01
1.969428766504596e+01
5.642057520170722e+01
8.749871523468696e+01
9.211936862772301e+01
9.858679855176564e+01
5.580396058773807e+01
8.253383337638054e+01
5.576606097433998e+01
7.338492249761937e+00
9.485365212655331e+01
4.452333461703888e+01
5.279157271273041e+01
6.703065976827902e+01
3.243046767657179e+00
6.459927082275938e+01
9.689202285226995e+01
8.926914613194258e+01
4.282467702535199e+01
2.842755058241428e+01
9.840358844883907e+00
4.860548197692516e+01
7.077254218550983e+00
8.674933206604297e+00
5.679837798550650e+01
2.784268186792856e+01
1.721927892287228e+01
8.211505058320009e+01
3.188976367557876e+00
5.855367638103369e+01
3.749883595737574e+01
8.553727226589679e+01
7.593681541082302e+01
4.441381690297919e+01
7.457309755243971e+01
7.039184522367634e+01
6.610526375756845e+01
3.037705814017777e+01
6.530256334939159e+01
1.416654983263768e+01
9.570282869772187e+01
7.555555965544450e+01
8.131609469713462e+01
4.336967921972725e+01
3.134292658946613e+01
8.012412776244996e+01
5.288683811802736e-01
6.582849070701212e+01
9.906109892719476e+00
6.966464667099744e+01
3.592926651981159e+01
6.695670758697983e+01
1.827012864792260e+01
5.357033184430112e+01
7.563164079358413e+01
7.506850663342910e+01
1.385967154701225e+00
3.375765431381652e+01
8.211146373400067e+01
5.783218050274633e+01
9.547944911545116e+01
9.923938089014933e+01
3.458755930633636e+01
9.999747024848939e+01
5.253448018456552e+01
1.809803816401308e+01
3.527118681709803e+01
4.561080646031108e+00
3.847559198666159e+01
8.180117312902640e+01
1.872763047866879e+01
8.506919754905124e+01
5.703381633247893e+01
7.741751497491147e+01
4.742260028022463e+01
6.624818750016772e+01
4.526471753849868e+01
7.090824738652829e+01
7.871951380684949e+01
6.128887718603428e+01
8.004409981893566e+01
7.747950883464864e+01
6.694143082338452e+00
7.132791144369538e+01
3.674747344886300e+01
4.496941461459241e+01
8.905338397671161e+01
6.169721528966782e+01
1.768051228377992e+00
2.559462158269930e+01
7.375840995170103e+01
8.641232423782922e+01
2.774613831552963e+01
2.711953470814951e+01
1.234743255765523e+01
2.177253957920360e+01
4.657655146279212e+01
4.761861937475327e+01
6.681322942805161e+01
3.031336545493145e+01
5.997330307027945e+01
6.537678943266010e+01
3.152104133345236e+01
8.645360883625858e+01
8.685302533528443e+01
3.526047847013011e+01
3.342139969273536e+01
1.912823986221489e+01
2.702341546631577e+01
3.323464981896554e+00
2.237686222529824e+01
6.719658759757718e+01
8.772168009901497e+01
9.095874246720166e+00
3.512224277254298e+01
4.966781826208710e+01
5.048433912474864e+01
8.492091707183090e+01
9.131732284618417e+01
1.169142327815826e+01
5.268238412806875e+01
8.275855168828673e+01
9.810374751598748e+01
2.670445531918875e+01
5.648032024338856e+01
1.045118007364272e+01
4.257444159247654e+01
5.114350330603472e+00
1.076000337990001e+01
9.817559090357999e+00
8.452303376259424e+01
8.624239656433575e+01
9.240882848035955e+01
3.162847595830843e+01
7.394320074186810e+01
5.733248314696014e+00
7.488020578160891e+01
2.551204814832288e+01
6.432238578066341e+01
7.174707379739129e+01
4.260535679878917e+00
2.529258943409314e+01
1.243071975765318e+01
9.793368917793673e+01
8.803194974923132e+01
9.304471332255970e+01
8.722035860979015e+01
3.087795899756158e+01
2.350533265783700e+01
1.883106036988602e+01
4.256938227571984e+01
1.969703157418270e+01
1.757890485114367e+01
4.067312979170732e+01
5.661623922950413e+01
7.405922509453224e+01
1.288005482073876e+01
5.064530412230888e+01
5.522502765768442e+01
9.194109267179904e+00
4.222605947508759e+01
8.650522897322905e+01
2.504390721444222e+01
7.786334128019556e+01
2.751763068489620e+01
4.924092816619246e+00
2.719761777073034e+01
6.656513375535846e+01
5.963310508971713e+01
4.690522004240435e+00
4.307808323906646e+01
8.915845355445448e+01
9.333380162405493e+01
5.289955928591059e+01
6.408932170089768e+01
6.515018738114749e+01
7.649849405349163e+00
8.158495504482880e+01
9.933899044959759e+01
3.506026921563794e+01
1.687929570529577e+01
5.643189300616825e+01
5.120902101099911e+01
1.655808385301292e+01
3.732818809213498e+01
6.191204160540925e+01
2.377199913550727e+01
5.570933015817280e+01
8.799926386587288e+01
7.701056337776154e+01
6.002256854438343e+01
3.279712392613158e+01
9.723863880952757e+01
5.670626971717284e+01
6.486021124984147e+01
2.328607203591898e+01
8.392782233838355e+00
8.356438269073348e+01
8.985120583784358e+01
5.348976447875135e+01
7.273465533402501e+01
3.292928903034390e+01
8.275635460519993e+01
5.805334581902872e+01
1.785900356148323e+01
2.198528620506883e+01
2.548565935598950e+01
1.900644470891284e+01
7.003686026206094e+01
9.241475895625295e+01
2.491517505837380e+01
2.503880030710194e+01
9.783162739958224e-01
5.376219100028379e+00
8.777280887019485e+01
5.651653532707902e+01
8.306394395561141e+01
8.981252130577924e+01
5.151092491648669e+01
7.106320777491815e+01
4.300211679330194e+01
3.920103485658813e+01
6.116313480826241e+01
5.544017406899490e+01
9.656336186293669e+01
6.395730216240385e+01
7.872624610491388e+01
9.557293480987332e+01
4.769775408678584e+01
6.857745189619132e+01
2.577147401206730e+01
8.129595940992979e+01
7.871689599878941e+01
6.431570493817129e+01
2.119794037248843e+01
3.692510581432148e+01
4.924349395988672e+01
4.668359972847793e+01
9.962215838004935e+00
1.355016674546067e+01
8.863089642889373e+01
3.487739089637873e+01
7.123192077094314e+00
2.734529377303333e+01
3.597344054653004e+01
8.572476035250572e+00
8.386182910011235e+01
4.851022830629266e+00
1.754997112674171e+00
4.026505166677062e+01
1.553915395193694e+00
6.615046787362101e+00
5.333609671952952e+01
6.747601896872558e+01
2.282062742059148e+01
3.914873816033301e+00
9.106570006863480e+01
9.461084990511221e+00
2.702590628854274e+01
9.734830595429442e+01
4.520344354454588e+01
6.063830007828693e+01
8.990368130146697e+01
3.882390402202676e+00
7.683997651414944e+01
1.110162162738928e+01
9.851133227279007e+01
5.761883592122180e+01
5.778522135586721e+01
9.603350572103332e+01
4.183434231292193e+01
4.641611773819482e+01
1.819493045015025e+01
3.873626936168236e+01
4.596102961616639e+01
8.561185434721962e+01
1.450431855139524e+01
4.345824846227572e+01
3.707329399747461e+01
2.041172390822867e+01
6.811961208848265e+01
4.614328637073901e+01
7.512889838550653e+01
2.145570876144604e+01
2.521725367997646e+01
7.903457413382576e+01
7.250387509004393e+01
2.227495732823152e+01
6.399904757924334e+01
2.839180237073069e+01
7.105560762391221e+01
7.032522106092667e+01
7.822676658547798e+01
6.908559951422997e+01
7.025708750367960e+01
5.506674309962744e+01
5.290920732212682e+01
8.281018938068775e+01
9.137250114761875e+00
2.984613181550341e+01
1.146366876152515e+01
2.945001010291745e+01
9.468760019852203e+00
2.514490411856440e+01
3.708000077730045e+01
1.228757994821648e+01
4.222229595399568e+01
5.175396625499891e+01
7.303037828441261e+01
7.033089151155710e+01
2.478755611217933e+01
6.724200773390103e+00
7.914467648563192e+01
9.991645454425199e+01
2.817990953483615e+01
5.482781229299857e+01
3.150967291160937e+01
7.121147819385467e+01
1.213139482407430e+01
3.201734783687505e+01
2.901479603211153e-02
8.318700244798652e+01
6.337633885600433e+01
7.817387910474737e+00
4.414629132679956e+01
4.864203992702162e+01
1.151490342408181e+01
1.620720178643577e+01
2.611126463213529e+01
7.737093008000913e+01
4.990851918696823e+01
6.539713338268788e+01
3.280897798613132e+01
7.605145353640032e+01
5.691968116765827e+01
8.235140213852348e+01
1.479918841030411e+01
8.851181817637375e+01
8.237571207917097e+01
1.835802640689445e+01
6.835631200501524e+01
2.736547152854757e+01
4.127100098006008e+01
3.546027440366348e+01
8.678910820129751e+01
2.845829335435214e+01
8.738922345796098e+01
7.687602288875543e+00
2.059233375852570e-02
9.952061828203527e+01
5.098252587531811e+01
1.071518175802900e+01
8.270762068345566e+01
7.151381358109127e+01
2.707947982804825e+01
2.685391196368910e+01
6.439028483088607e+01
6.582983749258790e+01
4.306111379669100e+01
3.185253577858793e+01
2.596208188960426e+01
7.820952850310576e+01
5.198036020248213e+01
3.810473249205609e+01
1.143003055426759e+01
6.071328956667021e+01
5.089939476498374e+01
7.398500418010401e+01
2.861773084319091e+00
4.946832063117452e+01
9.799239635374043e+01
2.414920261322949e+01
8.061482821619829e+01
9.917289814873268e+01
3.568928574011162e+01
