7.252917078907097e+01
5.722082665060685e+01
4.364474534226802e+01
5.692928687526345e+01
5.094004187311047e+01
5.336320691432953e+01
7.248273625619836e+01
5.336826450813946e+01
2.283577570823756e+01
5.549127490049754e+01
5.326368019602433e+01
6.951875210251602e+01
3.618148096659290e+01
1.480890196506348e+01
3.730298529253480e+01
3.447947131212776e+01
9.067218326529124e+01
5.771029016827713e+01
7.770579917249539e+01
6.218633999218528e+01
8.726828437636992e+01
9.074609265231812e+00
7.794227673576319e+01
3.741557977041955e+01
9.130075266179664e+01
6.081101096272982e+01
8.051580217690943e+01
9.811038784594759e+01
8.862311611353564e+01
8.769507640399740e+01
9.360156487375571e+01
5.385517364081702e+01
7.950141298561422e+01
9.782702191631637e+01
8.666040631321277e+01
9.585594488114862e+01
8.158751543685212e+01
5.914314252284502e+01
2.924001530243084e+01
9.267722596073395e+01
4.287616319157004e+01
5.960394882578587e+01
4.930302367978870e+01
5.529167822342909e+01
5.932011229885747e+01
9.846652164052545e+00
8.403602311575600e+01
3.740751568107284e+01
6.755694233232967e+01
5.991830586451958e+00
9.959385567325812e+01
9.638590044173687e+01
2.762833844294228e+00
5.465378209699588e+01
2.278908915947615e+01
1.081727431659460e+01
3.194121128504221e+01
3.304891289819447e+00
9.510131519991035e+01
8.662101239274304e+01
3.520265102163081e+01
1.529445262406694e+01
4.308294460320982e+00
1.787111475964594e+01
1.312147449381718e+01
1.509275492983533e+01
8.221489795586788e+01
1.400478059146776e+01
5.339815567871470e+01
2.867315026404017e+01
3.861062714765343e+01
8.824379750911324e+01
8.827709908982604e+01
5.529756446150018e+01
8.065731426731558e+01
3.032039251659084e+01
6.514421662555272e+01
8.093702596655909e+01
9.746546861597591e-02
3.270115895788239e+01
8.404123065250052e+01
9.969132118844023e+01
7.362576423847385e+01
1.995296404694811e+00
5.434510323886997e+01
4.434438345224800e+01
3.201043029875049e+01
5.060144772315466e+01
8.762144077924148e+01
3.653158388870376e+01
3.722246006933155e+01
7.189531208569898e+01
6.542585578999754e+01
8.673731115960392e+01
6.267375781325332e+00
3.187973118940356e+01
7.950656715757519e+01
8.362098642793529e+01
1.435140041371407e+01
3.290472283628989e+01
4.012111837049998e+01
3.452914233064705e+01
3.479169003422916e+01
9.470627181916790e+01
8.982670683871335e+01
1.544900425497862e+01
2.502666428919261e+01
5.497092341769996e+01
2.563477932737897e+01
8.247973540913301e+01
8.767208237558235e+01
9.169132434376111e+01
1.229541591009843e+01
8.186103486542639e+01
9.368662074845592e+01
2.225636268139647e+01
7.331114773327072e+01
3.170575677962311e+01
7.285781040455113e+01
8.083011628167243e+01
4.571941529666978e+01
1.008027047388268e+01
3.479339142087539e+01
2.427117038717082e+01
9.681758163348660e+01
2.455981826622031e+01
5.615090162314051e+01
1.973015005687724e+01
9.272223151881352e+01
5.234233613700715e+01
6.383554081611128e-01
9.027179334790995e+00
8.687147846765420e+01
4.443588417229982e+01
3.733451107392764e+00
7.978868395080263e+00
2.654551329395990e+01
8.343265139657662e+01
2.758834470416808e+01
6.659178257295480e+01
1.123985075915225e+01
1.934119100651759e+01
7.087142708286244e+01
1.956384918632165e+01
1.583626960210328e+00
5.840173883289179e+01
4.182021191428426e+01
6.174940921447678e+01
2.981688363003399e+00
1.467802227226925e+01
2.237606324846183e+01
6.596376219110739e+01
9.954551821553406e+01
2.548051598737041e+01
7.014536371927026e+01
4.117665385882214e+01
4.479206518493223e+01
6.572098767651291e+01
6.366466966628314e+00
5.822113890118019e+01
1.684879321458228e+01
7.926714279654769e+01
4.739195217722652e+01
8.559964875951393e+01
3.927961724776757e+01
2.043479356003683e+01
1.458731168629011e+01
9.196435291877219e+01
9.344236794553808e+01
9.396694269681673e+01
4.682840301973205e+01
9.778737183557236e+01
1.330813365676819e+01
9.787259027262805e+01
3.451700216835225e+01
1.746395137974245e+00
5.723871582059130e+01
7.470358492559920e+00
6.349580439901715e+01
4.855585207629755e+01
7.384945520844751e+01
6.075329848600240e+00
3.130961541613080e+01
9.845120776372552e+01
2.308074744561722e+01
4.754546845683151e+00
2.018362228767184e+01
5.747889553079331e+01
1.746819876947822e+01
6.148964672418761e+01
2.893379914059015e+01
4.282397876625134e+01
4.075678947416916e+01
4.334472084573690e+01
4.943242205746119e+01
2.074445771088100e+01
3.902788205958338e+01
9.776603407122477e+01
5.642416926865660e+01
8.516266415136059e+01
9.173297672147535e+01
6.805892925153437e+01
8.295003598693295e+01
2.918138728904602e+01
5.111558071855250e+01
9.917074437214562e+01
7.017549680088437e+01
3.595846604367647e+01
6.641102864705539e+00
2.284643483480738e+01
8.777643641819081e+01
7.296273721054324e+01
4.906609870915585e+01
5.100377977406782e+00
3.192989301491990e+01
2.298607701574735e+01
6.636941454669899e+01
5.211351534915786e+01
9.659240790484120e+01
5.819097853181464e+01
1.360316202677934e+01
4.333937863974803e+01
7.636936012486431e+01
8.104058763992069e+01
6.837032398598750e+01
4.352772992268565e+01
1.881976785083291e+01
2.230044590416385e+01
4.129376394734427e+01
7.524393711948950e+01
7.597245260885566e+01
4.717357514760157e+01
9.665625309415918e+01
2.680571210887549e+01
3.806785104706318e+01
4.777183376614555e+01
2.913605115801843e+01
9.568605874464198e+01
8.699241810803879e+01
8.657965896957538e+01
1.513866647851591e+01
7.476885452622960e+01
3.871644546218051e+01
4.350649208925035e+01
8.474244120751622e+01
5.598283454588746e+01
1.565333819745729e+01
8.411550269653812e+01
3.945212347407459e+00
2.888896275725633e+01
4.230648118178662e+01
1.754837437418680e+01
7.222834139700436e+01
5.036601105256287e+01
6.853503737064778e+00
5.909424734259687e+01
9.389374097524851e+01
9.072809372596819e+01
5.971466193893676e+00
7.664989511326417e+01
6.597203079889158e+01
9.444215954022582e+01
6.821424554484629e+01
6.262828384648463e+01
2.124787160253519e+01
6.282096545343332e+00
9.846432451087252e+01
4.835484067367150e+01
6.785284358442428e+01
4.468046959707535e+01
3.493449959668074e+01
6.229323701108491e+01
2.994329814330828e+01
5.483630362657658e+01
5.777342582949131e+01
4.922629536559167e+01
5.237703363056156e+01
9.912886661436822e+00
3.334179801556365e+01
9.011573497677023e+01
1.521483870000338e+01
7.564827919735028e+01
2.816158734642043e+01
7.337411324185045e+01
2.601429020334701e+01
7.165874590708816e+01
4.479179044477259e+01
3.287498561333631e+01
5.484999201952013e+01
1.585406792157053e+01
5.509553605462217e+01
5.677003765328323e+01
6.883309514673105e+01
2.330978155290232e+01
1.939832149976786e+01
8.663007271784828e+01
2.959187814481178e+01
3.388795858895777e+01
3.356310140041779e+01
5.143243160631156e+01
2.719097478650090e+01
1.483343933468379e+01
4.700545088714242e+01
2.646058366003474e+01
6.966974296126037e+01
4.778876670067607e+00
2.881823104285552e+01
5.221593717681986e+01
8.667408767467090e+01
3.971683608354854e+01
9.610966727887731e+01
7.818145760250346e+01
5.756873751877283e+01
6.800219620019300e+01
5.155557079778777e+01
8.358302776868595e+01
1.518245703316408e+01
1.682315534764117e+01
4.001587356441462e+01
5.980463887555740e+00
3.267722331577782e+01
4.954075424444897e+01
6.275050158740510e+01
4.071654697913516e+01
9.707453944584100e+01
8.214882308717296e+01
2.487143782194305e+01
8.860843977360447e+01
1.194726215300488e+01
5.441648957990878e+01
9.221758590648770e+01
3.913823693950578e+01
6.924992896115870e+01
3.922303674706399e+01
3.849060192633914e+01
3.891967187585294e+01
4.400191341713160e+01
9.832690763209337e+01
1.525741546193949e+01
4.608765176780878e+01
1.692446759758725e+01
4.282425285448518e+01
9.921905682385855e+01
7.801874926221500e+01
1.732091587843416e+01
5.077462757508020e+01
8.515963721329329e+01
3.250337291159824e+01
6.759778296928751e+01
2.517551077770792e+01
3.848383684572011e+01
6.986322587815263e+01
7.221913965056611e+01
1.234338386559085e+00
4.324845701607338e+01
5.411551611223980e+01
4.322281411999036e+01
1.781791249188498e+01
4.958371168448762e+01
7.579356821989342e+01
7.218249643788789e+01
5.782135657864686e+01
2.234656658132866e+01
4.143242535248046e+01
9.704439332571086e+01
9.185524317056650e+01
3.899632153985851e+01
4.516970866600504e+01
2.046056996121098e+01
1.929374040071561e+01
6.208390591763142e+01
2.901824532496661e+01
9.781788471053255e+01
6.130296269492385e+01
1.540378682101322e+01
1.513880054240059e+01
4.426347564173093e+01
6.571818928500554e+01
4.764217345399883e+01
1.134261414936865e+01
6.193248082973645e+01
9.674943056737511e+01
7.995037943122460e+01
5.156987358423410e+01
3.429949438865273e+01
7.415231474402934e+01
5.685389649907774e+00
7.074351011344395e+01
4.096484325871097e+01
6.405406494813694e+01
6.030583151630398e+01
1.314733965003274e+01
3.397109235356147e+01
3.717276339287532e+01
3.457283751786353e+01
2.615491017985852e+01
7.350185670587321e+01
3.493186218428047e+01
6.563408657239475e+01
6.468979197772676e+01
6.740811521532392e+01
4.552133765328738e+01
9.291568640289627e+01
1.219937317641423e+01
9.058808548869011e+01
1.812533010641361e+01
7.594512918775209e+01
5.960997676458675e+01
7.286450037400447e+00
3.578069835704784e+01
8.234104890485344e+01
6.319425337165326e+01
7.726624383463815e+01
9.852390703676450e+01
1.476412690932123e+01
6.462659247435005e+01
8.549026473680989e+01
2.044951660579514e+01
3.537010258779400e+01
2.645510794895473e+01
9.173867697442820e+01
1.444036234842630e+00
7.952837100230548e+01
5.222391893725094e+01
5.692307509338627e+01
9.418221260150065e+01
9.827058813454144e+01
1.541189943226609e+01
2.911407473921500e+01
1.420532093113536e+01
5.265560757958126e+01
1.343557676926049e+01
4.349044372490162e+01
7.156749524714773e+01
8.801470915228813e+01
3.407852916702559e+01
7.142787304307700e+01
4.322298506424902e+01
9.406382771863781e+01
7.353634474498050e+01
2.265300272156158e+01
2.116029617430656e-01
3.673059807006764e+01
5.075963970774768e+01
8.137668202695282e+01
4.298539820266208e+01
9.657371751804543e+01
6.686694671719658e+01
2.484602780306993e+01
1.167022158003888e+00
8.364914519882255e+01
5.247987324953073e+01
9.678462962470233e+01
3.292450221857266e+01
9.532277337057646e+01
3.346608254754268e+00
2.710671477350719e+01
3.153621648975472e+01
7.883509545532759e+01
5.622078955928832e+01
9.246134627259399e+01
5.991199880834296e+01
1.397772310952550e+01
6.860738804964693e+01
4.894819345741914e+01
7.238875570352596e+01
7.362916389183567e+01
4.911428454756471e+01
3.540371746542105e+01
6.005471519197091e+01
2.265062929254520e+01
5.805672018698264e+01
6.214148526179674e+01
4.024271277722097e+01
2.990465263365984e+01
6.051665095636465e+01
1.087595234200170e+01
2.252180568059990e+01
2.738359762699511e+01
1.485506944118769e+01
2.243774720581143e+01
5.216379284493802e+01
5.795392387451322e+01
9.371155062397548e+01
9.408311675958481e+01
3.103522492155210e+01
2.714433331375212e+01
2.507746481573091e+01
6.257144141130681e+01
5.979428722513574e+00
3.631093354723925e+01
1.635626951062878e+01
4.977581410192690e+01
5.283389797100513e+01
9.754496002455473e+01
5.325485186337253e+01
4.364393923601319e+01
6.601540048886807e+00
6.002606356517695e+01
9.313017925858972e+00
2.568434212621504e+01
1.819046350111741e+01
5.018528390218749e+01
8.782582738801177e+01
8.440099306609528e+01
3.013093431020665e+01
3.715867206321967e+01
9.527694545466311e+01
3.068305627940365e+01
8.441512751598616e+01
7.809713938184881e+01
5.312080348521508e+01
1.532072807444294e+01
2.803214193695791e+01
7.561033259872828e+01
2.228620975384778e+01
8.130883913548143e+01
6.248281987499576e+01
3.023079039074052e+00
8.335738074190793e+01
2.825039221358038e+01
5.604806740584227e+01
4.435834793576894e+01
3.875683203281687e+00
9.281463590115990e+01
2.932200549604465e+01
7.330319964015074e+01
1.705906741184139e+01
8.761409152653724e+01
5.949967147759146e+01
9.123142254130515e+01
2.583051283183997e+01
9.350305893155889e+00
8.430332624553859e+01
3.764793991001692e+01
6.892043024716918e+01
1.458032057368211e-02
6.447472566015773e+00
6.419737565526617e+01
3.069763659997733e+01
5.439787556156417e+01
4.229451499054884e+01
8.381844008519241e+01
7.454246751709957e+01
8.763875117881167e+00
6.073696858283922e+01
8.394631235112730e+01
2.253024369596049e+01
2.615541863541837e+01
1.182281631595586e+01
4.073716189746613e+01
2.565358389432243e+01
6.787088372179814e+01
5.051551118982746e+01
7.695289006314841e+00
6.351628539316183e+01
9.132191598942593e+01
3.584833919808657e+01
3.069807548574082e+01
2.958365256413056e+01
9.534801067567803e+01
8.809228646014458e+01
6.207275612376293e+01
7.986744785675195e+01
6.421945102709320e+01
1.046744524988693e+01
4.878787805735500e+01
8.682987321486225e+01
5.440089593380731e+01
1.298525366605504e+01
6.391349950056220e+01
8.798771448805356e+00
3.916547463236631e+01
7.875010803283664e+01
1.903826418287971e+01
2.217453551579944e+01
3.948707656910972e+01
7.719284281003887e+01
5.509570616069050e+01
6.703566874705054e+01
2.555606240665357e+01
1.673488552530058e+00
7.912902789149854e+01
7.259530810294454e+00
5.269900008696084e+01
5.784683202293088e+01
9.505861331478627e+01
4.402091602982065e+01
9.369517122101745e+01
2.575668875396098e+01
8.026315936830973e+01
5.798873228858632e+01
9.812281010585036e+01
4.233591544550654e+01
8.166678998696933e+01
6.234226108637743e+01
5.248521913424378e+01
3.095890909012357e+01
8.924136543145467e+01
8.000448796898336e+01
1.703019152257135e+01
4.821635454344393e+01
8.225507302314745e+01
8.596353004032910e+01
5.878543786647982e+01
8.534170840184284e+01
6.683882496638169e+01
2.846469377561691e+01
4.277913646901918e+00
5.284284476788847e+01
4.403205190041663e+01
7.197448866068129e+01
7.428482397193314e+01
8.818961511747429e+01
1.990633505392183e+00
7.715062800662156e+01
8.455865792211083e+01
9.704924686674458e+01
4.134142768631756e+01
3.118306781686054e+01
2.280593557413944e+01
4.496738828949974e+01
6.374626479286061e+01
2.092874563342368e+01
2.798128618299089e+01
5.783742515269547e+01
1.564485068230184e+01
9.974153181525949e+01
5.035540212427983e+01
9.847299153845430e+00
9.258335027498349e+01
8.103916346143892e+01
8.486848463531047e+01
4.607235637776198e+01
6.700269345520191e+01
3.161332785692687e+01
3.141406477960482e+01
3.828594579281562e+01
4.491512847361859e+01
5.005256233273659e+01
2.257580776818833e+00
1.539052464784613e+01
8.203922956345568e+01
6.626838960976731e+01
9.554147938990103e+01
8.402986311541399e+01
8.245162865261157e+01
1.955951616147511e+01
8.107910993559244e+01
2.379305629236300e+01
4.145784193717774e+01
2.873527250659432e+01
7.524738743679942e+00
5.800886385050084e+01
2.157389387561656e+01
6.512851550482610e+01
1.838266189134804e+01
8.084797862956671e+00
3.256131239820333e+01
4.102116038139032e+01
4.065525570914860e+01
8.309536198298231e+01
2.206032379626312e+01
4.928735650576994e+01
8.357621658759948e+01
8.906301729803114e+01
4.859665485499271e+01
8.309140241848836e+01
6.420377626279546e+01
5.225915711012630e+01
9.140251390235615e+01
1.045260020087129e+00
6.764968175797243e+01
5.907924788029829e+01
5.845576955864941e+01
6.334150022051367e+01
4.310911094914614e+01
9.869021130664748e+01
9.720633807462004e+01
9.455028152770841e+01
7.964822467400144e+00
5.557860986123728e+01
2.807326634790435e+01
1.861899756762152e+01
3.122681706735250e+00
9.556719134355299e+01
9.973351755167057e+00
6.869802352446040e+01
6.097185535401658e+01
9.363970774861039e+01
9.719183859284588e+00
4.992263785094146e+01
9.630742268464874e+01
3.177950765554770e+01
6.574931292131045e+01
4.151451058756304e+01
4.024132901813896e+01
9.091993192719293e+00
2.686491898580683e+01
6.353394904338473e+01
6.306594715596454e+01
1.105344724424810e+01
7.723368111869026e+01
9.341596453144028e+01
7.013269517111252e+01
3.568945063077354e+01
6.343309858973748e+01
5.661192483110909e+01
5.139739567013336e+01
6.096292052462833e+01
3.743002695843113e+01
5.936221818409963e+01
1.621804647902867e+01
6.550329330633548e+01
9.089823178523137e+01
5.901858711569504e+01
3.288534965034823e+01
5.546985611108590e+01
2.959780177548426e+01
4.070302678304865e+01
4.910956381313017e+01
8.253157654895055e+01
5.826615842909839e+01
4.835425272972987e+01
6.921530215498773e+01
8.645746725912088e+01
5.466396578339113e+01
8.984545296516522e+01
9.554946045184018e+01
3.328970821261858e+01
7.510412823180860e+01
8.532803300084920e+01
4.434315550343280e+01
5.233780930393274e+01
7.152711030632588e+01
5.029844564865271e+01
4.997843748423198e+01
2.110356098092327e+01
2.771765670167173e+01
1.305869152446217e+01
8.206648150555161e+01
6.514768366010286e+01
7.047915094088724e+01
6.305280335389673e+01
3.065097691987221e+01
4.087402827147116e+01
2.207139046959178e+01
3.130846583811029e+01
2.124225735722215e+01
2.218079712343439e+01
7.201149266772508e+01
7.821807306176893e+01
9.085129270835374e+01
6.749117750091999e-02
2.657232574493267e+01
7.098440074873362e+01
9.625543206755790e+01
2.869267870145509e+01
4.649692468647702e+01
6.867661982247448e+01
2.579572425493771e+01
2.160105287171949e+01
9.211737368820113e+01
8.997556105720605e+01
7.393886222221836e+01
1.147867329953177e+01
1.795731937417636e+01
1.242905110699546e+01
3.258223428045503e+01
4.567497607584809e+01
1.390777715198127e+00
2.540221392428606e+01
1.082265973595095e+01
1.776515041373910e-01
5.464435050014609e+01
4.147363665582316e+01
9.508076552072575e+01
4.722734584809623e+01
9.051496437309076e+01
2.924813890329010e+00
4.038281791861300e+01
3.152998733871150e+01
8.114288695209794e+01
3.678470614216510e+01
5.588190213585361e+00
7.715212650464482e+00
3.124383633548572e+01
7.871534963078581e+01
5.481167047042943e+01
7.969810104914853e+01
4.739196940669416e+01
9.270213101650687e+01
6.915617872455910e+01
6.234451647025744e+01
9.618359976270405e+01
3.160679234732259e+01
8.444787328338617e+01
1.414091909031427e+01
4.403584345431805e+01
1.703010756384121e+01
2.664519335452709e+00
8.211944484250594e+01
3.782903409461911e+01
5.512119231518413e+01
3.118114030509309e+01
9.380342396618959e+00
1.211219155793646e+01
7.261149961157307e+01
9.153251959547983e+00
2.627155884461085e+00
3.991583871651247e+01
5.837270829750817e+01
7.194498831962468e+01
5.793047191478799e+01
5.329159468100014e+01
3.561124677565473e+01
6.439441305789836e+01
8.872267258759713e+01
3.017411559362622e+01
7.941070170114315e+01
8.031024629264616e+01
6.846567735470165e+01
9.066036175501550e+01
8.976518241212014e+01
9.157599177750572e+01
8.684396147115341e+01
3.234913560205565e+01
3.837516849784887e+01
9.848805149015415e-01
2.225259161659171e+01
7.498651453060401e+01
6.299515639571247e+01
2.087013503577101e+01
8.737817308277738e+01
4.324071786517310e+01
5.469665827913985e+01
3.698973745898797e+01
9.540896373587147e+01
9.227682957066075e+01
5.497962783788314e+01
3.460270284423731e+01
4.882769586929479e+01
3.661492426722074e+01
6.772433201210775e+01
2.449234338686445e+01
6.664393081639145e+01
6.361111852508557e+01
8.888675649132894e+01
8.816419722892539e+01
3.782174989479675e+01
8.684498722983757e+01
4.927986657679075e+01
5.394853309446411e+01
7.750534898485306e+01
3.904504898891088e+01
9.421410853705095e+01
6.434931040944033e+01
6.407087494808755e+01
9.081713258792513e+01
6.533419097090801e+01
8.632346656467928e+01
1.850547651690686e+01
2.613496665197190e+01
7.193601600450278e+00
4.268515735989677e+01
1.585574998327333e+01
2.685893155953797e+01
4.662015342461883e+01
1.125819376262752e+00
1.913576113019872e+01
2.452091505961535e+01
4.586741656338210e+01
1.611973108543070e+01
6.113583932683609e+01
5.119384585469675e+01
8.128498475127154e+01
9.324963236844616e+01
9.887005533039108e+00
3.280039878226835e-01
3.364539385477332e+01
4.896695364684190e+01
8.717299121766024e+01
6.336596448131183e+01
6.454290853093514e+01
6.467834015594718e+01
2.411013423656585e+00
9.351545534726020e+01
2.902765056538752e+01
6.648188837174415e+01
3.551893724851261e+01
9.436184153629551e+01
3.046329781900314e+01
5.402441376541947e+01
2.049680814170130e+01
6.181494996967491e+01
8.111617103271008e+01
1.336615314398247e+01
9.107730481358119e+01
6.426337438834057e+01
9.496933487009692e+01
5.836934002971712e+01
9.544558855492882e+01
2.650142215495064e+01
9.294255333623967e+01
6.417396537222618e+01
9.203059724160964e+01
4.383800832733419e+00
5.742359769410621e+01
5.141725705536886e+01
4.711804820556103e+00
9.012595065409594e+01
4.753530735500870e+01
9.188479608478248e+01
8.978402646714078e+01
4.683665416521796e+01
5.656313619416353e+01
3.728667341046346e+01
4.035210946591204e+01
8.559078675955105e+01
3.768561735641473e+00
7.953057246260838e+01
7.995262824928045e+01
2.226027498126974e+01
1.796158608885556e+01
5.733783131341349e+01
8.545561231926810e+01
9.269675425845048e+01
7.852054176783214e+01
3.430761165651847e+00
5.986882297316045e+01
5.771746647437917e+01
9.424410345696103e+00
6.608756462395543e+01
8.421888862932980e+01
2.366963681935781e+00
9.876685878204501e+01
2.574914015165956e+01
6.750764514669201e+00
7.177140199196124e+01
7.716639720702841e+01
1.146256938179143e+01
6.735934976831048e+01
6.209146467134891e+01
3.347365420007783e+00
2.235009708551229e+00
1.412317460129185e+01
5.991050161417132e+01
3.952168316558082e+01
3.698891635843967e+01
4.550128837372237e+01
4.329024490122229e+01
2.093212582214369e+01
5.540209447750919e+01
9.986416157328718e+01
4.563895941043224e+00
2.590335296741843e+01
3.676119546255153e+01
9.726065019949370e+01
4.423894688684444e+00
7.889854818531244e+00
7.051818071423014e+01
6.214136116306361e+01
4.195452702322720e+01
4.272670654706970e+01
7.317417397777279e+00
3.165916992894335e+01
6.262099997262517e+01
5.213018811872704e+01
3.840993444361256e+01
7.700241728546210e+01
4.424345988977861e+01
8.847235631592216e+01
7.283070486636399e+01
8.845381680338356e+01
3.802107537073133e+01
1.423920514725112e+01
2.565315497371050e+01
1.313037085958308e+01
4.248491876874348e+01
8.012843904091437e+01
5.863165923330544e+01
6.894726924083534e+01
3.493950308064907e+01
3.830514081674868e+01
8.971737375935419e+00
3.950339902169230e+01
7.449150177393645e+01
4.570990099837533e+01
3.676404922118599e+01
1.441282341927887e+01
6.557769689968680e+01
5.238664525206510e+00
7.655418462890860e+01
8.849788712733326e+01
4.796537107227621e+01
4.752097914345608e+01
3.984374228857632e+01
2.911813414148899e+01
9.502382431878887e+01
6.493900747268414e+01
6.120551380384970e+00
3.074999620707240e+01
5.702606386366582e+01
1.196994796021373e+01
3.275342818012155e+01
6.803138054349989e+01
9.707909510334912e+01
5.754081218388901e+01
8.116175140308299e+01
3.110174477617337e+01
7.381076448308805e+01
2.443405484055823e+01
4.901397044258843e-02
3.872981604129533e+01
2.387898639956442e+01
4.187912602996413e+01
5.255802150469181e+01
3.386791513015885e+01
8.106489641641494e+01
8.932207072587779e+01
4.828073859600385e+01
2.760825647395489e+01
9.456073529765044e+01
2.483492317834633e+01
4.803662702815450e+01
6.221616722746573e+01
4.774935755308222e+01
7.456570005722610e+01
2.811239120928216e+01
4.277318182530496e+01
3.950470748334411e+01
1.349971080827513e+01
8.707279320204296e+01
8.946740100601102e+01
2.766231071560751e+01
1.982622133559837e+01
7.444675279522629e+01
5.387146386963849e+01
2.248220519278301e+01
3.509350681448984e+00
2.256553574584682e+01
8.488115639653111e+01
8.133667022052066e+01
2.113001994841267e+01
9.793577887953062e+01
8.223108909196736e+01
6.300914597837680e+01
5.049380038422243e+01
5.025861964107426e+01
7.780630713226567e+01
3.981587106353411e+01
3.920963217467518e+01
3.764896888176397e+00
9.016041727278402e+01
7.416532457534471e+01
6.777560797882062e+01
7.690271268454507e+01
2.191468208186081e+01
7.747059309737318e+01
1.489508073539244e+01
6.468786390716576e+01
3.136837455973419e+01
2.631174494806293e+01
5.176065710920871e+01
2.018815019176721e+01
6.098553899721500e+01
7.158687844480708e+01
3.062256971868806e+01
8.799210818856588e+01
7.835291543898774e+01
7.035651550179185e+01
8.840882065166198e+01
6.323407178895272e+01
8.934786156255187e+01
9.538840553508532e+00
6.116985066848334e+01
5.652960923338757e+01
7.254798657845146e+01
1.166365100613965e+01
9.767236895750852e+01
2.314615953860160e+01
7.475262930372387e+00
9.505047695480775e+01
2.691105647334413e+01
8.585612843085832e+01
6.105150504086703e+01
9.236191538738177e+01
6.275884106883726e+01
2.423816757474009e+01
5.079804316665886e+00
2.244414297046333e+00
6.196687457243301e+01
8.812972753687284e+01
9.623310081485337e+01
1.943820105839437e+01
6.992165621832090e+01
5.721863981206838e+01
9.102507954976758e+01
6.972043154282515e+01
7.206145463141679e+01
6.937799494218919e+01
7.972073572674800e+01
6.047027528307879e+01
2.119486519191175e+01
3.565330106562623e+00
7.000911583658733e+01
7.415233309108406e+01
4.928480230704174e+01
4.255710236847266e+01
5.445568312632650e+00
8.317747846393728e+01
6.570326195364039e+01
7.289564626891895e+01
3.889938562125870e+01
9.702105037729305e+01
4.227450049588201e+01
7.116214990204300e+01
7.132689877009341e+01
9.169336664103595e+01
2.175374162465042e+01
5.716633734161329e+01
1.684585396053542e+01
1.700399760948680e+01
4.735843881376015e+01
6.250745428842840e+01
1.875539436878422e+01
3.849832477909435e+01
4.663978728774925e+01
3.406409091971074e+01
2.780853404095794e+01
1.870124187259993e+01
2.167064944359970e+01
4.142976637996257e+01
7.917151715567871e+01
8.026285994810185e+01
2.096329313747738e+01
4.918063299226604e+01
4.806463348123461e+01
7.715422691644832e+01
4.026567872626040e+01
5.351020179386726e+01
2.973897798440371e+01
6.747008928445638e+01
6.376275991264859e+01
7.386740300518805e-01
5.005531564823134e+01
5.321651098933840e+01
9.098827978176450e+01
2.293000408584718e+01
1.133753671838787e+01
3.011894194880451e+01
9.778891750508403e+01
5.373794052458273e+01
6.969483619075960e+00
4.514735631884418e+01
7.743282498672271e+01
7.553502129182918e+01
8.364568109793854e+01
6.647086193155072e+00
6.748434634296426e+01
2.243136820496589e+01
9.540684702592289e+01
2.655234105258824e+01
8.907661959020263e+01
7.457836418160161e+01
9.648307878360296e+01
1.111852457333288e+01
7.964887212945561e+01
4.454771221827144e+01
2.835161482372862e+01
1.549673244147409e+01
6.658173900404095e+01
6.744436294187064e+01
4.203240822163988e+01
8.493206188312362e+00
2.480423772931296e+01
2.299304535751839e+01
6.742112490694090e+01
1.579251746451134e+01
5.937308471620693e+01
2.046628800242501e+01
8.093262719033874e+01
3.111707709316028e+01
9.606871283430081e+01
8.790211085598084e+01
3.674748504382907e+01
9.249697127030090e+01
5.613916947326584e+01
7.095721465114374e+01
2.840135760065231e+00
2.230946352812902e+01
5.380168745936904e+01
9.824698278598812e+01
1.886924524738884e+01
3.449119312432185e+01
4.295779384810375e+01
1.535232398442567e+01
6.316882346904315e+01
9.658434404832514e+01
5.990003620269710e+01
9.121956056506353e+01
1.208107648979923e+01
6.129328583427392e+01
4.338606118382237e+01
3.947017907140319e+01
6.645115640314816e+01
6.819029895970145e+01
2.292629076304207e+01
8.462471439718489e+01
4.799924723245169e+01
5.238711137901392e+01
4.595092010961423e+01
9.131212411043799e+01
6.042948368025453e+01
7.756044682001716e+01
9.140462791146926e+01
6.850317184277958e+01
7.083040497770087e+01
5.973636622528377e+01
9.987349105061661e+01
5.799721165466924e+01
8.562560653575957e+01
7.959689273480181e+01
7.312306532316053e+01
4.494851783148410e+00
4.578617915780571e+01
4.474287039821170e+01
1.984717576757408e+01
4.901570447209091e+01
4.132721444653683e+01
9.399745762068660e+01
1.566486256926547e+01
5.340829093633606e+01
3.770516218510696e+01
5.905092375308784e+01
3.842709713542234e+01
4.156318541688993e+00
2.724122266622317e+01
2.252262040158856e+00
1.754976372120425e+01
9.192586778287118e+01
9.882606007104090e+01
8.465340444103508e+01
7.613948270498750e+01
4.890432187770695e+01
2.564022793697204e+01
2.895703708238761e+01
7.524017085099601e+01
7.666913735525178e+01
9.825036614120489e+01
9.648332283668375e+01
7.014117365243899e+01
2.353936746881314e+01
7.657100310389466e+00
4.013512648648355e+01
2.803421925196155e+01
1.674234234576222e+01
8.680156757440491e+01
8.791468385044237e+01
9.900209540454769e+01
2.812878197437561e+01
2.762860698980680e+01
1.466695792724702e+01
2.413590626052390e+00
6.533376917491377e+01
7.371788172690100e+01
6.912715442903674e+01
5.628783239810161e+01
9.591043465580346e-01
6.640311869159487e+01
1.807279792524539e+00
1.218314343699400e+01
6.522917876263577e+01
9.417664245431155e+01
8.832262614198150e+01
5.860652740048549e+01
8.391861342076147e+00
1.727966317780300e+01
3.384669825148149e+01
9.672018056582668e+01
5.519342415742270e+01
6.190690587363527e+01
7.155737912820530e+01
7.873279162623584e+01
6.956400623059086e+01
1.706236503881512e+01
6.767010831631259e+00
3.800092350598468e+01
3.863932566653906e+00
1.250903593027454e+01
6.894637293598910e+01
2.472500955905998e+01
9.442117740140351e+01
2.077613208479068e+01
1.352978740517506e+01
4.761078201588745e+01
9.012372632982382e+01
4.992801782206075e+01
8.774851774226340e+01
3.979099581008358e+01
3.391984176538877e+01
5.779665557565011e+01
8.138413307321450e+01
6.512625485897355e+01
1.260111872693576e+01
8.016100133776712e+01
2.373278221289291e+01
3.129351140525821e+01
9.744066451557012e+01
5.757948046437440e+01
1.491413857551019e+01
5.263408862642669e+01
1.948638633800968e+01
2.447499936654931e+01
3.136688020609640e+01
8.905039256860054e+01
9.100666171452340e+01
6.439920308273248e+01
3.973745668294721e+01
1.084410413673339e+01
9.278229693546068e+01
7.067087258709169e+01
7.843595928439683e+01
7.505930977643436e+01
6.858562993285508e+01
4.100218063267049e+01
2.267009174575568e+01
5.434524559152557e+01
8.986056353424702e+01
8.248557526733986e+00
3.400047730375103e+01
2.485004017355388e+01
5.867911100326064e+01
8.269410588904009e+01
4.294884197551237e+01
2.184991031971290e+01
8.609974728249932e+01
9.068673201402962e+00
7.039053825214064e+01
3.440518259741607e+00
3.619615712025956e+01
8.530467682765082e+01
5.607460693273442e+01
5.568254345826923e+01
1.526911995153367e+01
7.843114178554674e+01
6.088617973070879e+01
1.909091268623756e+01
2.557537817655847e+01
2.509252085587593e+01
2.612977220030956e+01
1.835767506545301e+01
9.307465939460073e+00
3.588357765035870e+01
9.341698484188737e+01
7.141251166882576e+01
5.712909864128059e+01
1.608707654107692e+01
9.203740004079295e+01
8.882001209483482e+01
7.071999650016427e+01
1.816200950097386e+01
7.186838689812851e+01
1.453714902258345e+01
8.559708706363899e+01
2.675228129455460e+01
2.924806951975826e+01
9.159694085437661e+01
6.140564440815041e+01
4.526658120810361e+01
9.503745916068436e+01
5.553898115434637e+01
3.057125798918831e+01
5.111206604685265e+01
9.724765857553466e+01
5.793741254971242e+00
4.852806969942901e+01
4.532878857354111e+01
9.227872322885260e+01
5.342808079599779e+01
7.619844375932516e+01
8.104315506342945e+01
8.248660638112882e+01
6.283650880811573e+01
1.692673266722203e+01
7.590359117645006e+01
2.393910755586769e+01
5.729766998314189e+01
4.947581507706820e+01
6.000677773729283e+01
9.128766366806238e+01
4.784870578341591e+01
6.514259617083827e+00
6.315605051962475e+01
6.238585480599937e+01
2.456427576232901e+01
8.990833186074548e+01
3.726189776196233e+01
1.893984555217430e+01
9.527728981118523e+01
8.252847897006593e+01
8.176922364242805e+01
9.089637845330702e+01
1.309973691268812e+01
4.310856528724943e+01
8.922311518770788e+01
1.889347816765936e+01
9.600137104094092e+01
7.607065801325751e+01
1.798478403034843e+01
4.942945183693872e+01
4.314377337840561e+01
5.882704558727659e+01
9.650302887731372e+01
5.980282139955220e+00
5.374527180276125e+01
1.287445529032240e+01
7.497072493423276e+01
1.403667834309706e+01
9.617191501714844e+01
7.268365503879434e+01
5.324341964593316e+00
7.198484361729810e+01
2.000109260901860e+01
4.507948464950523e+01
5.140595191689486e+01
2.536319192748666e+01
1.706770286758789e+01
5.873456478991292e+01
7.856469837881844e+00
5.242510016654855e+01
7.948466123989068e+01
8.962569352687602e+01
1.209383537624676e+01
3.929658920471397e+01
5.833195050169338e+01
2.459848244888638e+01
5.819006741893946e+01
3.908941505434430e+01
3.586885423207137e+01
6.507994167743249e+01
5.399471775348984e+01
9.628940787924891e+01
6.082876308859734e+00
1.315812091955828e+01
