4.703643678083850e+01
2.252768805368230e+01
6.538820465346249e+01
2.685454316756434e+01
7.625319178973008e+01
3.169050455637765e+01
3.921456473842942e+01
9.437556983641142e+01
3.550074707507191e+01
6.712456991296474e+01
7.538768708491125e+01
5.553898115434637e+01
6.803931471334738e+01
2.627864443989407e+01
5.197497608697740e+01
8.403186224588746e+00
7.670932164262483e+01
3.802778745909584e+01
9.227872322885260e+01
3.213299956737691e+01
7.749316127854081e+01
1.840849538259604e+01
4.707357704037501e+01
5.307319576529469e+00
6.886582927259887e+01
7.656255125839382e+01
9.979575020251598e+01
5.729766998314189e+01
9.529029330950711e+01
2.797261966763652e+01
8.000803295523302e+01
7.763105937169449e+01
2.370816037231505e+01
6.729135483842872e+01
4.706823725582484e+01
2.456427576232901e+01
6.165263110848732e+01
8.656672820754663e+01
1.893984555217430e+01
9.869219581535654e+01
6.546646876515190e+01
3.341080026394259e+01
6.810653711115314e+01
4.821954357820542e+01
7.750602791901026e+01
2.752480759635791e+01
5.662272980279416e+01
3.662921955652033e-01
7.777346720815332e+00
6.186107968066869e+01
8.323545362019699e+01
6.130711411186825e+01
7.754894852524109e+01
9.650302887731372e+01
6.411686193389671e+01
9.051238079113530e+01
1.287445529032240e+01
8.361201946791820e+01
1.104294173933703e+01
4.580364615926689e+01
7.222781473408817e+01
9.921648777053528e+01
5.317903154212005e+01
7.374224200553365e+01
2.701527440315824e+00
8.437028112093465e+00
8.734476742676681e+01
7.703577814485682e+01
8.051411755406956e+01
3.585617059648790e+00
5.242510016654855e+01
2.821288678246219e+00
6.109059358066441e+01
4.332147861985558e+01
2.599875201750488e+01
8.563894875610197e+00
4.890648473468911e+01
4.271523991726117e+01
4.565265916551121e+00
3.006629819519180e+01
2.182938490148139e+01
2.786473316506703e+01
4.989463768428873e+01
3.304135824229631e+01
4.826246753719750e+01
3.028872238019887e+01
4.039625131543551e+01
6.337220187455984e+01
6.895808715790422e+01
7.087108985095801e+01
5.264913982369431e+01
3.119565710946715e+01
3.272576124068618e+01
2.134557982038035e+01
3.505216596417696e+01
3.805424647315137e+00
4.571875401107536e+01
6.080587951503967e+01
1.123602456005105e+01
2.478636425211391e+01
6.489293191809810e+01
4.266849399668560e+01
6.972030115766465e+01
1.872583786897633e+01
8.504799263786896e+01
8.919642171319406e+00
1.664943658590756e+01
7.010388293774048e+01
6.037246406095683e+01
5.688194295246245e+01
2.856937974159111e+01
3.006206091030597e+01
5.556819692979017e+01
9.241514750403125e+01
1.832293114546823e+01
6.065943467461478e+00
3.111754545528327e+01
5.050963333365956e+01
9.882492399719773e+01
2.966861684325552e+01
3.565593857115877e+00
3.622534327964547e+01
7.398128065931671e+01
1.730725519233721e+01
4.655857460878723e+01
7.559702669996629e+01
4.412333119852623e+01
2.883098345661116e+01
6.178883773358019e+01
7.898407321375984e+01
1.355797430200408e+01
5.734426516915870e+01
3.647416696719554e+01
1.099852235568619e+01
6.965881985130665e+01
8.912065010011226e+01
4.894524582146912e+00
8.782600610881393e+01
1.293249605825753e+01
5.411443480016405e+01
5.857919871740938e+01
1.742014522544115e+01
9.532904959997583e+01
2.956376277355652e+01
1.996589317916236e+01
7.799589395429749e+01
6.669319675615671e+01
1.001467826311229e+01
6.198669786657519e+01
7.867309622404775e+01
4.337448447168548e+01
1.477803337144574e+00
1.077207965346616e+01
2.480466017723300e+01
7.550164362206201e+00
5.887422322243183e+01
9.295279183096848e+01
7.529821301591500e+01
6.324380005860878e+01
7.776229739084947e+01
2.917000145147089e+01
4.608301932275436e+01
6.701895332290742e+01
6.690397070110961e+00
3.738815707032948e+01
9.246545615255155e+01
2.796820273062596e+01
8.983769504811507e+00
1.688901587244543e+01
5.897436060894950e+01
2.705297983579942e+01
9.656249210078384e+01
9.429736779737163e+01
8.438885290380048e+01
1.179865762209457e+01
1.426326097653399e+01
1.915366492194760e+01
7.696211257808010e+01
9.267399799668881e+01
4.428110273754275e+00
7.633731494487138e+01
6.841910195928956e+01
9.173151668707446e+01
3.075392820441812e+01
6.311131513822419e+01
2.295451654258860e+01
1.050799126294814e+01
5.606410692262654e+01
7.803970360105843e+01
1.080952995028790e+01
5.103900258012069e+01
9.375871200755178e+01
9.397740340511193e+00
5.826049021364212e+01
7.126314811001679e+01
3.707493782838571e+01
7.533667128315972e+01
8.315888749582642e+01
6.985132455353221e+01
6.920060486029863e+01
8.296672566000686e+01
5.146252077606624e+01
8.042792299782295e+01
3.003548701761080e+01
7.910009523811754e+00
1.562308609281810e+01
6.189018458215993e+01
5.299988554464647e+01
5.433075132515782e-01
3.122892972604787e+01
3.149178471951363e+01
5.919879565909449e+01
5.951152935601376e+01
6.103317237507234e+01
7.454694899476458e+01
7.279368586502675e-01
6.512618817627718e+01
7.738276760903316e+00
6.242042983063517e+01
8.038151491451147e+01
9.446813901628747e+01
8.319034421965030e+01
2.043609298785966e+01
9.736720570240506e+01
7.681408830770016e+01
9.079032847228940e+01
4.952223023843124e+01
4.535824341948993e+00
8.164122480975522e+01
1.937355474539732e+01
7.728391703091744e+01
2.418923453622928e+01
4.855777805138276e+01
5.770042462167350e+01
4.439750315826270e+01
6.053333797516922e+01
7.596958427502288e+01
9.039855845756762e+01
4.997914789709223e+01
5.158456869031516e+01
3.558031615595348e+01
6.307045797029066e+01
6.385371403948111e+01
9.509184551196725e+01
1.482829075065827e+01
9.783887569691933e+01
6.203979414982712e+01
8.417024271756888e+01
3.837958864792231e+00
6.801252014376806e+01
4.548626632685134e+01
8.910547913476150e+01
9.042152440660704e+00
1.267271908590231e+01
6.712579027150096e+01
3.096606579188540e+01
3.913450946059754e+01
9.910588338929503e+01
1.444853717202718e+01
9.657020685103265e+01
5.236427437158500e+01
2.348065051412240e+01
6.824858680751575e+01
3.151289142273035e+00
3.674872300436195e+01
2.928931924015717e+01
1.305514947187861e-01
8.354822321960154e+01
1.224175412777893e+01
5.010969939181101e+01
6.871755727041399e+01
4.011236603377031e+01
8.959842514693663e+01
6.419534630337513e+01
2.896057536311475e+00
2.837406137416794e+01
6.186501121235314e+01
6.623068515501483e+01
8.371392734521718e-01
6.744216362360966e+01
7.030088178361808e+01
2.891874938687252e+01
7.800730652083053e+01
2.436388909088629e+01
7.560127371717303e+01
8.310021701413217e+01
6.064356773190367e-01
2.239707467257841e+01
5.599717090651261e+01
8.044103196842643e+01
3.303151113587968e-01
3.838547889068046e+01
3.021748928828979e+01
1.357138483485737e+00
2.289296710998424e+01
4.067040548691079e+01
8.733822260393679e+01
3.748810851829504e+01
6.310287027764268e+00
5.074081646778659e+01
9.177701891948330e+01
3.938293253974194e+01
7.681453180351041e+01
9.965355070291719e+01
3.409068055175742e+00
9.798009265120146e+01
7.078019272106708e+01
6.666416817655050e+01
5.280023876242351e+01
3.959001826103312e+01
3.271624284457240e+01
4.714317733754552e+01
8.785604494058343e+01
6.963136627787321e+01
3.689764721174615e+01
4.922429334801821e+00
1.627145405685131e+01
9.154592891761378e+01
9.699027831526020e+01
6.315227717307967e+01
8.241031322740498e-02
3.505325961627684e+01
7.389341521723820e+01
1.392732733577831e+01
4.101100510033360e+01
7.865215767112196e+01
2.486765390488675e+01
2.834922765770426e+01
5.001349716913583e+01
8.761750244890223e+01
8.685201885497757e+01
6.171786070881312e+01
6.667945527782638e+01
4.123189441917087e+00
4.023881817247664e+00
5.908270555505655e+00
4.582489358532470e+01
1.379415407487850e+01
5.547199601096659e+01
9.050725358096288e+01
8.045755167513040e+01
9.775540050945962e+01
6.863287643931474e+01
8.996944031211056e+01
3.989797860379237e+01
2.134223939913429e+01
2.545158705927971e+00
8.345806565296746e+01
6.315291270760489e+01
6.865598990985006e+01
1.488255360856771e+01
6.770856048339445e+01
2.759933929312943e+01
1.961936932970740e+01
3.088622560300223e+01
8.494346462420349e+01
2.989283014549540e+01
4.866529351503835e+01
9.206172651241614e+01
9.983367198139135e+01
4.197528531866860e+01
8.127035199723689e+01
1.314738309623086e+01
8.003468768672770e+00
1.267407257700063e+01
6.812985505355981e+01
4.178947216914477e+01
3.267147477374947e+01
3.765129849205320e+01
2.091289508198988e+01
3.829254574994210e+01
8.073831073974181e+01
2.072423795271862e+01
9.572254814939693e+01
4.621485166541061e+01
2.100208831066363e+01
3.977278696362524e+01
1.788056326000046e+01
8.463249294303009e+01
2.925699671230139e+00
1.640435080807859e+01
6.253559811158832e+01
5.785151783276886e+01
5.988250847900402e+01
7.114414445643507e+01
1.967876596361341e+01
1.223628153662955e+01
6.942806368201416e+01
2.118310105110663e+01
9.447890468615986e+01
3.045129116179947e+01
8.985991933842186e+01
4.582663106072071e+01
6.242217918039401e+01
8.498755450592728e+01
4.365634827113540e+01
2.799759359471388e+01
4.182077801871149e+01
7.448482721787171e+01
4.427532308934038e+01
5.668077294560185e+01
1.899622218636620e+01
3.575162786792574e+01
6.398947954363631e+01
1.637507058511259e+01
6.842117294129971e+00
1.802151921113092e+01
9.662973442889272e+01
8.670477326340264e+01
2.415889181390353e+01
9.918268858417062e+01
4.528300470918557e+01
1.545078191694374e+01
7.018969420818132e+01
5.165513188189600e+00
6.482787288950192e+01
3.095639414664190e+01
7.090189078399068e+01
4.635477459354082e+01
6.336762488976476e+01
8.690981841036576e+01
1.262108926317705e+01
9.623251003037790e+01
5.831087793144903e+01
7.455306932076489e+01
7.410257611149110e+01
2.187748766591656e+00
6.794829287936366e+01
5.537511392281164e+01
7.680871541463245e+01
3.064949625667627e+00
7.249647102900616e+01
8.380338972611511e+01
9.692616071408902e+01
2.688309179008151e+00
8.968894076053469e+01
8.840830209125220e+01
2.886021632182422e+01
1.185549018525308e+01
8.902090689587449e+01
4.757757584917246e+01
9.241759855878428e+01
8.375987679872657e+01
4.126130428223932e+01
8.421600879366324e+01
9.078743964936000e+01
6.815299422859820e+01
7.732588903853944e+01
2.086397186893224e+01
7.195402457004135e+01
6.715814725829202e+01
7.773790279297992e+00
7.595896747706409e+01
2.104974944193370e+01
9.594150078293938e+00
3.343948984213150e+01
6.802363422141579e+01
1.602678667568918e+01
2.500245833071063e+01
9.641277184542864e+01
5.303667432304317e+01
9.360366728790275e+01
7.581660467005177e+01
7.497227432903473e+01
9.512151838053089e+01
1.606197097155357e+01
1.723630303388289e+01
2.214188455703756e+01
7.721136947032593e+01
6.954219414365581e+01
3.654471227738295e+01
6.691045251996744e+01
6.195979270244008e+01
2.646074123981443e+01
5.511721458989997e+01
9.067095648062926e+01
1.869040621383600e+01
4.450220113829812e+01
8.082558544391096e+00
5.760728244558317e+01
4.658601109245140e+00
8.690359354340639e+00
3.010226256684506e+01
3.522756948844882e+01
2.611417464265329e+00
6.098137714945775e+01
7.307068578576235e+01
4.790092331725216e+01
4.093774857043184e+01
8.336511770420014e+00
3.122080193423703e+01
6.856621395264109e+01
5.092724028552288e+01
2.809000715058763e+00
1.337298188049951e+01
5.159932638127326e+01
9.046285883079417e+00
4.919814260173502e+01
5.267031893724125e+01
5.377789184161364e+01
1.255808035496533e+01
9.058622754671902e+01
8.943550665370910e+00
1.617360008702315e+01
3.080255367364853e+01
4.619405225207752e+01
5.843474551031122e+01
1.843406284155048e+01
5.901467584027661e+01
1.068368750190534e+01
9.706864617628447e+01
2.882036009282822e+00
8.353176139459562e+01
7.812239978375025e+01
7.279094484299000e+01
8.614317885886095e+01
1.090245121666344e+01
4.586163058218622e+01
1.903441460758188e+01
5.647112538873736e+01
9.439494972787563e+01
4.161017003544148e+01
3.106883425780984e+01
1.237735618482221e-01
1.006102194546770e+01
7.366397579836844e+01
2.493877584344650e+01
1.873894786403466e+01
2.130194917381832e+01
9.747397149795385e+01
8.976318411983698e+00
1.044469811508651e+01
9.578426298489062e+01
4.874424019304301e+01
8.404286666030197e+01
9.083550949154213e+01
1.925973888452152e+01
7.800067806523326e+01
2.342802375714668e+01
9.628054969770859e+01
2.680988368895365e+01
4.540193325160161e+01
2.274341509805220e+01
6.253332680209229e+01
1.929493281957458e+01
9.369087628726422e+01
3.081438109782263e+01
6.690202256054711e+01
7.715274755710398e+01
3.475742746831729e+01
7.310833408176356e+01
8.561154780239406e+01
4.200944869872622e+01
8.582805538821410e+01
9.635279490442610e+01
5.207047069076005e+01
9.998773881233657e+01
4.059591365074549e+01
4.569797056992444e+01
2.625439224124625e+01
9.938970995107186e+01
2.898734143422327e+01
3.085521149023213e+01
9.038847288600563e+01
2.732704441404298e+00
2.461027345834778e+01
4.705744075917519e+01
4.857042918380836e+01
5.807312818154373e+01
2.636217862663892e+01
7.809940514997551e+01
2.705894127816844e+01
5.694270248382478e+01
8.428202014615853e-01
9.033290687498307e+01
1.728549088225024e+00
1.997399540616851e+01
3.619259988711802e+01
4.080493140071860e+01
2.174530044279308e+01
2.447109665929857e+01
1.097099683758383e+01
4.911856695502929e+01
1.151006096578672e+01
7.880175792556338e+01
3.799138066265331e+01
3.599237237870338e+01
2.691008519703061e+01
7.892598294602986e+01
8.547347834588656e+01
6.636179530358025e+01
4.182460300709335e+00
3.573900039109355e+01
6.435377051325226e+01
6.121650317740463e+01
7.922557610051035e+01
7.631005899808838e+01
1.208740822602408e+01
2.897776222274534e+01
7.294891177348276e+01
3.772040602644925e+01
7.095559005204383e+01
7.555793657692054e+01
8.832459956795191e+01
5.777871332027890e+01
7.695626238219266e+01
6.810879445081055e+01
7.214524493186978e+01
3.926606696996189e+01
4.037129322084193e+00
7.403782684078340e+01
7.877058721090229e+01
1.423481624305007e+01
9.263523197389917e+01
8.780888602501196e+01
8.929476006389352e+00
6.248260236460836e+01
5.676000991685316e+01
7.185109233104208e+01
4.739636930050160e+00
9.651065361523565e+01
3.821288758805622e+01
4.247321684028638e+01
9.261530427849632e+01
4.431611292265175e+01
8.248982056159984e+01
1.386495214601278e+01
2.617545054581736e+01
7.405794634207055e+01
6.300905210106124e+01
4.506641353716442e+01
9.917885032444207e+01
9.319706828947973e+01
9.226957261202371e+01
3.421583084120221e+01
5.809171230443367e+01
1.487490079127015e+01
2.090732502793303e+01
6.598491965140445e+01
2.080068072341414e+01
9.842403409929203e+01
6.064254527941465e+01
6.661785075749171e+01
8.100080447318069e+01
5.967584217883453e+01
8.046635961181781e+01
4.898595532820837e+00
7.253635277624072e+01
5.428680984968637e+01
9.235178236493459e+01
3.614673811762908e+00
5.165934639594487e+01
3.983551638193219e+01
4.494335853724897e+01
6.058250417028670e+01
8.825641036418100e+00
1.726688384882495e+01
2.413334810367476e+01
5.712203795887625e+01
6.744435525845938e+01
3.149997565499505e+01
7.417174893159967e+01
7.571175381341565e+01
2.670364269367589e+01
9.633878259749095e+01
2.518774686622794e+01
2.234440242049489e+01
5.535021547942898e+01
2.185631251049056e+01
2.496852456823388e+01
4.508888947083097e+01
2.408154514808280e+01
7.719827232751915e+01
9.252066695714400e+01
4.923497892414917e+01
3.043312063926511e+01
9.332866188759388e+01
8.067751372264583e+01
4.794493641142964e+01
9.473604266286644e+01
7.936281891510022e+01
3.589902740712233e+01
5.071412341236795e+01
1.784371958013797e+00
3.420978758214498e+01
8.365139704367677e+01
6.955082815585230e+01
7.097430530515234e-01
1.460438031451980e+01
9.991227355781582e+01
5.386746765760121e+01
4.823654813144195e+01
5.636406645940806e+00
8.521990402844730e+01
7.072588348329342e+01
6.826023946900864e+01
5.347651338832291e+01
1.530140778762354e+01
5.088353219948873e+01
6.007923281755263e+01
7.323799811920057e+01
4.067354497531128e+01
7.807791851371429e+01
9.195538363044867e+01
9.017065534841765e+01
9.769232380096443e+01
5.967461460254836e+01
8.914150655695308e+01
7.799777601752326e+01
1.123647639119834e+01
8.077092002181845e+01
3.013409433426992e+01
2.993884693362697e+01
1.169666527383806e+01
4.538757500489595e+01
9.743983461402350e+01
3.389918097942098e+01
7.743253073535512e+01
4.278023109900776e+01
7.767562520582025e+01
6.252416468342960e+01
2.456053454641278e+01
8.061039581923298e+01
5.564163190109731e+01
4.078488682433259e+01
1.211343799350478e-01
4.733124843208643e+01
8.038195012155079e+01
3.444567939007919e+01
8.397733209839899e+01
1.214505835070510e+01
6.382168236366551e+01
2.731440697205924e+01
7.784101109851200e+01
5.577706599411418e+01
3.024382099054932e+01
3.176111631643079e+01
3.368651365567302e+01
5.812922388228085e+01
7.883426802178577e+01
8.954856683944750e+01
1.457770569928815e+01
8.968362356055696e+00
4.725660520943655e+01
8.581961686062610e+01
4.399862943403360e+01
1.510797162312454e+01
8.760614310745436e+01
6.143224591455992e+01
1.071972800917911e+01
6.822517708326930e+01
7.883021891062624e+01
7.547401556534415e+01
7.247787885017594e+01
7.136341671988528e+01
2.099628048995336e+01
6.418284949110023e+01
3.443443217986936e-01
9.573333454119663e+01
6.074016348493293e+01
8.432167642019766e+01
2.155985651610413e+01
9.509292132923981e+01
9.903810634232968e+01
5.473361883998551e+01
5.217706693903406e+00
9.058596943066733e+01
3.623496291052316e+01
8.089280365076512e+01
9.608278241757432e+00
2.052713139938523e+01
4.877339054307593e+01
1.104349489838048e+01
6.348124941041752e+01
6.600834339205564e+00
6.880146771147916e+01
8.245546840245625e+01
8.970285220523498e+01
2.945520013079755e+01
7.873246445261522e+01
1.624915209424177e+01
5.558640046770982e+00
9.385438319009467e+01
4.938158162375054e+00
1.033547092710411e+01
9.839559150785003e+01
6.848137684561377e+01
2.507659929109579e+01
5.956597349586244e+01
6.745272226047364e+00
7.994209024121150e+01
8.306161224984639e+01
7.932855420714642e+01
6.091142681469742e+00
9.203416565062207e+01
7.983457612797366e+01
3.615568510077693e+01
9.179692561356208e+01
5.569164462186939e+01
3.629893252453717e+00
7.092455782504965e+01
3.762558774912058e+01
7.095005506228193e+00
3.202416055464379e+01
3.076189389953478e+01
2.453389019916481e+01
4.091504306575053e+01
8.775262850697740e+01
9.062435621890442e+01
9.746050001003803e+01
7.669829701851043e+01
6.873508266580062e+00
8.380714612258930e+01
6.389854371729239e+01
7.637156950140911e+01
3.184636232063470e+01
2.246120470690597e+01
3.743495421364668e+00
7.486163837595919e+01
5.619514829301981e+00
1.235508337260926e+01
8.222019936992795e+01
2.078894210084758e+01
8.481075269394124e+01
9.239215687494360e+00
3.612984881556120e+01
8.029703571474973e+01
2.061373103438585e+01
8.490847627860889e+01
2.790860223020827e+01
2.318189201093367e+01
4.025630338129415e+01
6.790383028234534e+01
1.944485400777536e+01
3.233862418324622e+01
6.207655149608689e+01
8.873177384432952e+01
3.654797311711496e+01
4.744758994665350e+01
8.064221696958049e+01
1.479647914636716e+01
9.640823523346718e+01
2.004081430846863e+01
9.860362526895648e+01
9.304056805234428e+01
6.559347862638229e+01
6.855872141595870e+01
4.865692753747894e+01
1.734597851398679e+01
4.342035979191790e+01
9.416516902584823e+01
2.169694389295622e+01
9.626810788003174e+01
1.152351969458327e+01
1.239136355574772e+01
5.507323520959971e+00
4.558113545439259e+00
5.735706847969306e+01
5.505989960164758e+00
6.815667719028735e+01
7.266164262437339e+01
3.769230285551972e+00
3.176544668700800e+01
4.485423767233930e+01
5.331700390824908e+01
2.549737516115297e+01
1.376308012463296e+01
9.832537462856871e+01
6.219985422780731e+01
7.353136226233624e+01
8.515461785027507e+01
6.904914303172805e+01
5.433759840872958e+01
5.195432112177569e+00
4.888304278668158e+01
6.398401933907718e+01
6.727393305267856e+01
1.744176420264028e+01
4.225844705582523e+00
5.038741140178750e+01
8.381851123823715e+01
5.623049012209778e+01
2.428902924260545e+01
5.878190126213334e+01
7.778071662307751e+01
6.907491002654420e+01
2.931954382421428e+01
3.083056943995439e+01
9.161737495642964e+01
1.389619028842831e+01
6.339241418214162e+01
1.636266848834356e+01
2.104897299830288e+01
9.242098689657682e+01
5.598220054804450e+01
9.650223087356530e+01
4.568998522390145e+01
1.448859070171071e+01
7.098074237396044e+01
7.889839451708756e+00
7.147126503822918e+01
1.338092508417597e+01
6.473412614536198e+01
8.205178788958666e+01
5.299547354364557e+01
2.201423902158357e+01
1.258702558120108e+01
5.779605738716016e+01
9.844992821963966e+01
5.867675405865383e+01
4.426688754198462e+01
6.096372164830739e+01
6.548286991449207e+01
2.560926025063230e+01
2.521285378616901e+01
8.209251998089837e+01
3.492583513023603e+01
1.366285072344488e+01
3.908649144651671e+01
7.767192096341024e+01
6.072977043722280e+01
9.340965896537978e+01
9.403458945175382e+01
2.776335968066163e+01
4.570614590575273e+01
7.599853113107315e+01
9.791130525894059e+01
3.270593845877141e+01
5.559414371642942e+01
2.751635444700548e+01
5.785299449127772e+01
8.783173486023756e+01
3.990979131306977e+01
5.434061105099535e+01
7.720017497297384e+01
5.538296087429997e+01
3.886257393232667e+00
4.634916798507290e+01
6.730135747571539e+01
9.815720990214368e+01
4.625846592069532e+01
5.686438235308248e+01
2.568148031164030e+01
8.078751712142839e+01
6.216026645254357e+01
7.068432479663022e+01
4.434071865134906e+01
3.710474215313081e+01
4.590302558890685e+01
3.296076009653544e+01
9.059331384049418e+01
7.117939990534418e+01
3.357931162863007e+01
6.232009267542515e+01
9.407003419197632e+01
2.204451133592264e+01
6.865159630247001e+01
7.313603319839390e+01
3.095575558531832e+01
2.400848200731375e+01
2.926717709250151e+01
6.623912377573508e+01
9.455846943639148e+01
5.048777086217319e+01
7.194887444933359e+01
8.639778033196824e+01
1.769939713072935e+01
9.841721951887813e+01
2.984441510860082e+01
5.102479427634962e+01
6.229470081734224e+01
7.610288107586227e+01
3.306395273332668e+01
9.222125890302530e+01
1.644347161820320e+01
4.735682711347790e+01
1.897810707752505e+01
8.682864959669703e+01
1.174059096339186e+01
2.432136657849018e+01
4.913609644823526e+01
9.720019255634407e+00
5.704320648547411e+01
6.474702263471997e+01
9.068299438370531e+01
6.231693921718604e+01
2.161000958718826e+01
8.584114866603220e+01
2.957477934173065e+00
3.813331096346179e+01
1.361471084580510e+01
3.219155004815736e+01
7.461819847795097e+00
8.324970849009684e+01
7.149885528325049e+01
4.303446977540593e+01
1.093251468191506e+01
5.571619768427508e+01
8.217408944953888e+01
3.574218397761797e+01
3.780397690730354e+01
6.761917381902187e+00
3.145970787455315e+01
3.944271609161176e+01
2.952905429039572e+01
2.710319348941706e+01
5.230717600896357e+01
6.863741361006974e+01
5.617877443143110e+01
1.002960964573063e+01
8.853302001419152e+01
5.853615745833896e+01
5.431810824867250e+01
3.090825114907150e+01
4.350669372058785e+01
2.994299248323915e+01
9.322519036625754e+01
1.188334450679056e+01
8.771410425552824e+01
8.259142464147480e+01
1.773770945972656e+00
1.791728908099108e+01
6.817193504803438e+01
5.617999693200923e+01
2.571158438255619e+01
4.675441516877823e+00
3.386635521141177e+01
2.904529898848631e+01
4.594534460732031e+01
9.732823544057471e+00
2.333355169898530e+01
5.232410796560538e+01
4.076649571804632e+01
2.905175463717979e+00
3.115833412444141e+00
4.485034711884816e+01
5.121100770831620e+01
3.926393377560374e+01
6.109719675085377e+01
7.389782093181172e+00
7.459224070170532e+01
9.586204904870226e+01
6.964021826611841e+01
6.570515794013868e+01
6.727086508985184e+01
9.625018522900072e+01
6.925449919386510e+01
1.387062390049483e+01
3.155223514491330e+01
5.037114319874492e+01
1.782722422751934e+01
7.427855882527240e+01
7.388874803385174e+01
5.669704445483956e+01
6.197942954580273e+01
1.756483587322982e+01
6.137248597171740e+01
5.244560090473183e+01
5.221124633783998e+01
7.434102970843252e+01
4.558574424385360e+01
6.125571963435771e+01
8.674026857444098e+01
6.164518625552077e+01
3.391310648709215e+01
7.138042620913146e+00
2.966561682041064e+01
6.262010189826604e+01
2.561250223108218e+01
1.585446145192462e+01
1.160395271685158e+01
9.153126119241642e+01
2.124798690026998e+01
2.869938189568901e+01
7.081920945589394e+01
9.280959502459019e+01
5.580396058773807e+01
7.446657180528462e+01
5.667835309015510e+01
2.817403256342469e+01
6.989341930946959e+01
2.620519032990802e+01
8.444444792552126e+00
1.154481107906663e+00
2.754798877404443e+01
6.459927082275938e+01
7.799935582000732e+01
6.574911305948585e+01
6.807939818505170e+01
2.842755058241428e+01
9.840358844883907e+00
6.448874742001702e+01
3.537182925984814e+01
5.525925660285132e+01
7.256881486278438e+01
9.322622259763359e+01
1.999872257932961e+01
1.807962084099633e+01
1.910064058336459e+01
9.586570965864961e+01
4.775630177359856e+01
4.220761677353067e+01
4.382267996846823e+01
3.191460153642791e+01
8.990460503376303e+01
4.982315890948435e+01
7.331251891949798e+01
1.685278598072603e+01
8.070190757545731e+01
9.210078706597015e+01
6.535229425195246e+01
9.279998154044151e+01
3.303555964167955e+01
5.077109432349498e+01
3.658214883719671e+01
6.784720261015333e+01
3.839314348920860e+01
1.458150461063791e+01
5.711634874209592e+01
7.733593004631621e+01
3.449858819809676e+00
4.540526594287030e+01
3.803017830384438e+01
5.924495433422036e+01
5.841942134239684e+00
2.644418237099619e+01
2.722851644606726e+01
3.375765431381652e+01
3.945337349523481e+01
3.210890536760395e+01
9.636861188168108e+01
9.228010498559107e+01
1.764617758693461e+01
7.537256138183761e+01
3.509886075514316e+01
1.809803816401308e+01
2.519572024475584e+01
3.167976328715671e+01
4.474559679848403e+01
4.232130299430401e+01
2.233624431413423e+01
9.239956289175878e+01
7.293224212384422e+01
7.856065373800726e+01
4.742260028022463e+01
3.769277922701686e+00
4.526471753849868e+01
8.339313612477535e+01
9.206591741743773e+01
6.128887718603428e+01
7.638376628811646e+01
4.474833428149500e+01
6.418816748270214e-01
3.171506101811075e+01
9.666136279546718e+01
1.319316886979768e+01
2.258546283588999e+01
4.164950453753094e+01
1.061511356877867e+01
5.502909089207141e+01
7.793935531654365e+00
6.244693154583076e+01
5.938937103347358e+01
5.346178051711144e+01
1.675720234250520e+00
6.391959253881107e+01
5.270865282635607e+01
2.500491706887489e+01
3.837172083480830e+00
8.868176140295424e+01
5.997330307027945e+01
4.859631394436411e+01
2.745374572810426e+00
3.828988077039359e+01
2.715696768237137e+01
3.074566872359518e+01
8.617804198813533e+01
6.706712207154702e+01
5.197064250333730e+01
7.840210901498892e+00
7.723894523328121e+01
9.167283079199159e+00
3.693824272460222e+01
7.703036795231996e+01
5.308563544092962e+00
8.438304284791603e+01
5.048433912474864e+01
2.789402637998296e+01
8.272922042884362e+00
1.169142327815826e+01
5.268238412806875e+01
8.275855168828673e+01
2.354638423935808e+01
7.766228247325043e+01
9.510362599748355e+01
9.964008955268193e+01
7.631151619195543e+01
2.325805450010023e+01
1.076000337990001e+01
5.650192352780230e+01
9.961347193439186e+00
8.748959195217564e+01
9.240882848035955e+01
1.270672176624961e+01
7.394320074186810e+01
4.632163832258509e+01
5.665415895946984e+01
2.551204814832288e+01
4.057772873927733e+01
6.080028147473945e+01
8.217425881054917e+00
9.062770558084719e+01
8.879514764472616e+01
6.965062435234461e+01
4.160556315519175e+01
9.932970600171467e+01
7.364158917853683e+01
9.208990227994039e+01
6.136015088360763e+01
8.463818066969429e+01
4.256938227571984e+01
8.187454840255647e+01
1.757890485114367e+01
7.673573921282578e+01
5.661623922950413e+01
7.405922509453224e+01
7.310377586311837e+01
3.580274923509115e+01
3.202288790234499e+01
1.993106567297646e+01
9.338765097474105e+01
4.396270375883333e+01
9.553905944132202e+01
7.786334128019556e+01
3.698384386346854e+01
3.419049067152221e+01
2.719761777073034e+01
3.383011083762632e+01
7.799150230269484e+01
8.179427240127430e+01
4.307808323906646e+01
8.649127063643712e+01
8.636961485555842e+01
2.506119898756091e+01
7.208257549073667e+01
1.978797079985401e+01
8.673702109918790e+01
6.567778399478541e+01
8.193163484424895e+01
2.125916314369960e+01
7.777834314749499e+01
1.042944458798945e+01
6.175755195401494e+01
1.655808385301292e+01
3.622422098937641e+01
4.779404054758793e+01
6.347640038629826e+01
6.465270899452861e+01
8.879198361597582e+01
2.753242916778309e+01
4.200662083085935e+01
9.597833338006322e+01
9.723863880952757e+01
8.168488302346546e+01
9.519387972317350e-01
2.328607203591898e+01
3.656254510235160e+01
5.228347519984631e+00
5.499920340022035e+01
5.563638571446593e+01
5.805552883914464e+01
4.379783898768846e+00
8.275635460519993e+01
1.070623365729406e+01
5.822256713091515e+01
7.479254942144851e+01
7.186517225199620e+01
9.343755389258151e+00
7.003686026206094e+01
4.194729670041581e+01
4.026560785261244e+01
2.503880030710194e+01
9.087306744925355e+01
9.157218285443830e+01
5.197853415830924e+01
4.144313630715158e+01
1.656692010190660e+01
5.394121103637908e+01
5.151092491648669e+01
8.006185874345799e+01
9.227556897898930e+01
6.624008168756966e+01
6.340519094998258e+01
5.454767390831731e+01
2.547151014463581e+01
8.656898019209922e+01
4.061736098519403e+01
5.857102296248592e+00
4.781760095982700e+01
6.514363035799174e+01
3.204905760104258e+01
8.129595940992979e+01
7.871689599878941e+01
3.049728573788763e+01
3.586537420557131e+01
9.896439718965647e+01
8.077885940707236e+01
4.668359972847793e+01
3.980668952679573e+01
2.803931656667931e+01
6.787770146870878e+01
3.386304529098004e+01
7.123192077094314e+00
2.222429985284074e+01
8.851792383404351e+01
7.347416513295573e+01
8.423848873201688e+00
1.581832986130301e+01
7.067639961404558e+01
7.558512765708618e+01
2.226359854557719e+01
7.075558624731171e+01
4.458728090142239e+01
7.596811087614303e+01
2.871792988326304e+01
3.914873816033301e+00
5.404499911425869e+01
9.461084990511221e+00
5.706693784197184e+01
8.607721891537178e+00
6.422506289753368e+01
6.063830007828693e+01
7.516033434083701e+01
9.151668133750404e+01
7.102923005401587e-01
1.102570854640832e+01
7.169969392553888e+01
5.761883592122180e+01
5.778522135586721e+01
6.523653988970283e+01
2.016362776987424e+01
5.374481629288979e+01
2.593000602253247e+01
5.931842516144664e+00
7.596911614573054e+01
5.415992767278102e+00
5.075332156883242e+01
2.631700878325710e+01
3.707329399747461e+01
2.041172390822867e+01
3.256814993571869e+01
2.158028186372495e+01
9.137521432311051e+01
2.145570876144604e+01
5.337542251375290e+01
6.291720893369857e+01
7.250387509004393e+01
2.227495732823152e+01
4.948315264167411e+01
3.174962239887082e+01
9.406779571160104e+00
7.454976857386053e+01
1.962629008089485e+00
6.600732624810530e+01
5.997218152506845e+01
2.672921308629644e+00
5.290920732212682e+01
8.281018938068775e+01
4.661393591510781e+01
9.478603922519183e+01
3.043138456085296e+01
2.945001010291745e+01
1.477545919584830e+01
6.624165972054082e+01
3.708000077730045e+01
8.329576686178137e+01
8.598888627532352e+01
1.852339763125563e+01
6.190524295061140e+01
7.033089151155710e+01
6.387871683755830e+01
3.665409881465794e+01
6.914653422736868e+01
1.162443291937207e+01
6.180919821458366e+01
6.846843560620603e+01
4.962319249735362e+01
3.191491534556957e+01
1.961916313488929e+00
1.565699429049017e+01
5.242559805159718e+01
9.886628985352176e+01
3.540576642165229e+01
1.255463949057955e+00
4.647639833692293e+01
1.852880139766671e+00
4.664565112751241e+00
6.601649358217441e+01
3.085731478913562e+01
1.395094749236058e+01
4.990851918696823e+01
1.994752475058079e+01
7.571466154219334e+01
5.613148610858781e+01
3.500954962103141e+01
3.109105594041341e+01
1.089968910017036e+01
3.120716820992863e+01
4.090133679141353e+01
1.862845975841790e+01
4.669300250089402e+01
5.159357765298037e+01
4.127100098006008e+01
9.283233587296323e+01
2.438678872975837e-01
9.683284549826423e+01
6.947136147388787e+01
7.687602288875543e+00
2.874776079726767e+01
1.187905301893086e+01
5.558368137831972e+01
1.071518175802900e+01
7.471576359808248e+01
9.098944779997200e+01
7.346569284492438e+00
7.582978032335164e+01
6.439028483088607e+01
8.501914091641974e+01
4.306111379669100e+01
3.108059430079563e+00
8.642405373343456e+01
5.332299044976150e-01
7.534147267012925e+01
4.827206779656563e+01
6.449431789316903e+00
3.305927684207413e+01
6.049470168561428e+01
7.938497177296550e+01
1.285454617480493e+01
4.946832063117452e+01
1.401688480471116e+01
5.954754867569895e+01
8.318412796742474e+01
2.930661692717421e+01
7.538708535739551e+01
