7.553814913869750e-01
9.585386630885949e+01
9.858271372438536e+01
5.841351997033392e+01
3.727489432193101e+01
3.583750912725809e+01
3.921470038556247e+01
9.686150806809846e+01
5.295870097026169e+01
4.561482562944983e+01
4.245470587278470e+01
6.639007491357162e+01
2.466146025092409e+01
7.054075154966711e+01
9.902151399246488e+01
4.479415456056323e+01
5.547358684962317e+01
7.723104249557063e+01
6.243072783687652e+01
5.623730940569067e+01
1.048742039617497e+01
8.254083855195942e+00
5.970904704169791e+01
3.945945112009507e+00
6.886582927259887e+01
2.738474971958657e+01
5.377968566202544e+01
6.765677322058788e+01
6.420472379038330e+01
3.329202618137563e+01
2.602362475638447e+01
1.124116052465567e+01
3.033988947530272e+01
5.668999313222710e+01
8.117597740198298e+01
8.577781733394498e+01
3.974057880218167e+01
4.213815575565125e+01
6.252571826918317e+01
2.388124476367665e+01
6.372675828809233e+01
5.063431628543619e+01
9.027131967724829e+01
3.176607295487359e+01
3.544119355987813e+01
7.253703292111729e+01
9.992937734347274e+01
1.991373473774350e+01
7.245685307889099e+01
5.378079998948648e+01
4.274527856276617e+01
7.701129651489262e+01
2.197778267878004e+01
3.968998041920829e+01
3.276785012929134e+01
3.936892917350350e+01
6.187833615666178e+00
1.246542977749623e+01
6.954503393245164e+01
3.760574941411882e+01
9.753616810661562e+00
4.354671819300703e+01
6.108500033667544e+01
9.646796816795504e+01
2.325684820453490e+01
4.694083419020327e+01
3.298149566770601e+01
9.768186220791277e+01
9.500375636620622e+01
1.044461750911764e+01
9.059041090802774e+01
1.140224962094903e+01
4.645812876823271e+01
9.251842554310264e+01
8.162628071458371e+00
7.039020749292811e+01
9.859247412467025e+01
5.728277557402978e+01
3.420512254080042e+01
4.661963989335096e+01
4.375882667664384e+01
1.570105897993830e+01
9.181252284525544e+01
9.387072045070617e+01
1.041788235791860e+01
6.604716166204176e+01
7.241028741579983e+01
9.442420731970304e+01
8.956965542844016e+01
1.330528045692727e+01
4.162782716640636e+01
4.430852734684410e+01
5.674639626254625e+01
6.254999761588406e+01
4.559926443994011e+01
3.257322596971562e+01
2.978260793247382e+01
8.502256715904110e+01
5.831495433036002e+01
6.573408863774226e+01
4.423612479317753e+01
6.393471321274280e+01
6.972030115766465e+01
7.453009703873195e+01
9.648078461013770e+01
6.970640917760619e+01
1.645539096391545e+01
2.670005952320064e+01
3.557775408754951e+01
2.094298145777685e+01
7.331969946311773e+01
9.740753495013692e+01
7.213217270194188e+01
4.503190389137338e+01
6.647130114327710e+01
7.744379433684227e+01
3.567121463626214e+01
6.321826496311382e+01
7.697426237956354e+01
2.524087001813616e+01
3.382262593778904e+01
3.209898347598453e+01
7.437216633668736e+01
3.629135509780206e+01
5.344456329636488e+01
1.997143077662747e+01
2.420511638010159e+01
8.975679804093986e+00
2.465713486292266e+01
3.679283849745655e+00
1.738995081623548e+01
3.178865771358305e+01
4.247782637480545e+01
2.364447499795094e+01
1.166844955257534e+01
3.895861093837703e+01
6.975795988447869e+01
8.782600610881393e+01
6.565867050814380e+01
4.163659882807946e+01
7.169156226873936e+01
2.801740925201094e+01
1.412642640719490e+01
7.320073813814703e+01
8.602422852349664e+00
7.700776228541871e+01
5.575079319800753e+01
4.427363748861180e+01
4.022602724853252e+01
1.021077884836624e+01
4.337448447168548e+01
9.003332168331059e+01
1.077207965346616e+01
4.994403908492254e+01
5.134028552628136e+01
5.829719596463126e+01
1.129068946991614e+00
9.275579158810703e+01
6.278671988415845e+01
8.500136951217492e+01
1.949378634779425e+01
5.545734961305622e+01
4.345575507891166e+01
6.197161272259970e+01
3.211700368305529e+01
4.295317090253959e+01
9.302236609767301e-01
2.501798808808345e+01
2.458330617499692e+00
9.021886884710699e+01
5.844394604603013e+01
6.739985107788810e+00
5.567264047249809e+00
4.075083836948073e+01
5.664034618839637e+01
1.416968689959947e+01
6.628520119296630e+01
1.947951764775418e+01
3.241614943017073e+01
1.370704719503738e+01
3.637419964018008e+01
2.599252794216970e+01
9.113848749135551e+01
6.942321596174651e+01
6.311131513822419e+01
2.478224277719028e+01
2.235157653798888e+01
3.570261040502349e+01
3.753253088217812e+01
6.458067128648082e+01
8.654194608635359e+00
3.035976613422845e+01
5.551844423428105e+01
5.210994968754703e+01
7.976054171089109e+01
5.215502458259231e+01
6.674227424279893e+01
7.986329299391400e+01
4.606339230484487e+01
6.920060486029863e+01
9.524557967448867e+01
2.953113458563161e+01
6.851045278297292e+00
8.128436751723493e-01
7.349855572613821e+01
3.062852198752972e+01
7.344677214205581e+01
3.978375691910449e+01
4.056735646006063e+01
7.342585505611537e+01
2.123636208532209e+01
7.694155614680683e+01
5.205826733822854e+01
5.590120998951663e+01
1.855093679323371e+01
1.438699882216146e+01
8.487682611908616e+01
9.928310220096405e+01
5.679204382784294e+01
7.667436184206716e+01
7.732918480286803e+01
7.908775218719978e+01
8.530200765715075e+01
9.570878068716674e+01
9.389762305370422e-01
2.955215514151014e+01
4.952223023843124e+01
9.300678274268600e+01
5.316960888596699e+01
3.502676325618604e+01
8.458695243326339e+01
7.486830804258040e+01
4.855777805138276e+01
1.517477026915866e+01
1.620513569386915e+01
9.274643580091485e+01
4.177134267136983e+01
5.086359616874885e+01
3.253019267345321e+01
8.182998336005490e+01
8.877821890114723e+01
6.124861308431654e+00
9.547778907952727e+01
6.090372370598079e+01
7.544530754696825e+01
3.570306503013850e+01
4.400817046128594e+01
3.963390502130329e+01
3.498616718453642e+01
8.582502272251295e+01
1.630826686337044e+01
1.670733560654676e+00
4.941634268007071e+01
4.117905736955770e+01
7.853434932349917e+01
4.822031089487500e+01
5.079370301719462e+01
5.744067321412296e+01
1.376655335247822e+01
7.486575882642799e+01
9.207987999174738e+01
9.438790087326798e+01
4.703614504404187e+01
9.598791235871050e+01
3.144076267790085e+01
4.824404602322916e+01
9.077678070905468e+01
1.593121030178443e+01
8.191402171827575e+01
3.261087659402326e+01
6.859259678450999e+01
8.773920889372900e+01
6.121602769066394e+01
1.330491230511335e+01
7.559907248970077e+01
2.837406137416794e+01
4.900797733525186e+01
3.636548031883569e+01
5.558742957915526e+01
8.821975322823029e+01
7.030088178361808e+01
2.626341591880816e+01
4.028989423079877e+01
4.503371484812057e+01
7.750747104990644e+01
3.026510171138919e+00
2.164551816957328e+01
2.670020797601911e+01
4.246764864887467e+00
7.275236415339278e+01
8.759519219752178e+01
5.452193583106713e+01
1.973249326447607e+01
5.918958734683207e+01
7.606723298135550e+01
3.940996399121823e+01
8.296234141241868e+01
3.004364721944726e+01
1.211335352254722e+01
6.541275515473110e+00
1.276525254955760e+01
5.354153958779831e+01
7.294234878986252e+01
6.970400268663839e+01
8.524271528480702e+01
4.724062348121807e+01
2.331481409413499e+01
2.895961605429632e+01
3.077648846934386e+01
4.326924255270010e+01
3.752987973276986e+01
4.320110527016273e+01
6.585343422640740e+01
9.744721054911949e+01
3.625847354357060e+01
4.180280251512434e+01
7.471001836224926e+01
6.681660924424260e+01
3.942514585304314e+00
6.315227717307967e+01
6.818886840166005e+01
3.591955967057476e+00
9.806759883559663e+01
3.239069801400914e+01
2.596571372168405e+01
1.702629770945120e+01
6.776186459127901e+01
1.581683429694587e+00
3.465396321129704e+01
3.613322863175218e+01
3.646485611631761e+01
5.398571330773910e+01
5.944727131139826e+00
3.074534047895360e+01
3.414723329904826e+01
5.743743034891664e+01
8.451089997985908e+01
1.379415407487850e+01
9.009846881502237e+01
3.160088906604838e+01
6.397148434257670e+01
1.262931228272119e+01
8.899828609498138e+00
2.986290912603164e+01
4.918954742568990e+01
5.407091963760132e+01
6.578362228618172e+01
8.045531985371156e+01
1.318433941955880e+01
8.773757838073074e+01
7.576345111046146e+01
9.849552763555923e+01
3.165728311597243e+01
4.696348851870908e+01
5.753127753619630e+01
4.496007610343401e+01
9.442319948897845e+01
5.043404998743629e+01
5.444722392337733e+01
8.560994462371335e+01
1.207193593125415e+00
2.140600561229792e+00
7.428374708363961e+01
7.459540575491050e+00
3.779975089142088e+01
7.706457394038540e+01
6.938856447552729e+01
3.063618509594173e+01
4.129225250393723e+01
8.905307165768606e+01
3.912163252901362e+01
1.152308751434231e+00
5.944039237659443e+01
7.866254517746276e+01
9.223948232468193e+01
2.554655714218810e+01
2.369385725990583e+00
4.786324237839470e+01
6.001876949333528e+00
3.461876406083757e+01
8.653655321641665e+01
5.841447275989432e+00
2.160269321017093e+01
5.214391958533970e+01
5.017959403348137e+01
7.913397074636723e+01
4.243905406558842e+01
6.942806368201416e+01
4.088800923940168e+01
4.364575522190228e+01
5.356648510953713e+01
2.413788252702816e+01
1.347722537511830e+01
6.400984449498813e+01
2.250238224980532e+01
6.612744660402063e+01
9.193285549615176e+01
2.989262446290470e+01
4.559008313603238e+00
3.159146221894373e+01
9.754690462609143e+01
3.616226917885349e+01
6.062726567528549e+01
1.001619454939672e+00
8.446073531380888e+01
6.444795381484923e+01
3.233498699606162e+01
4.030381256728611e+01
9.859932637708230e+00
5.598382095619283e+01
6.588248026831191e+00
8.153357057903594e+01
4.417831126795072e+01
1.540192599194214e+01
5.214199435531255e+01
7.692671095809280e+01
6.470594702507645e+01
7.879521673489140e+01
6.847994218975303e+01
7.209462750334974e+01
3.590316024418136e+01
3.608087200488936e+01
1.257217424575806e+01
5.821079279212784e+01
7.740393317183663e+01
3.022178235939787e+01
1.893877485717590e+01
7.424318738013655e+01
1.816506372679261e+01
2.110187104954471e+01
4.487338417436619e+01
5.576225931558864e-01
5.726414022839820e+01
9.692616071408902e+01
7.346052447029414e+00
6.095275132029911e+01
6.630008754613813e+01
3.968103948965717e+01
2.855499658200657e+01
7.616002018384637e+01
7.801790348161846e+01
3.864203222964054e+01
8.454960858661198e+01
2.219621470300304e+01
1.293076105086634e+01
1.432291931208359e+01
4.875257222389456e+01
3.215570479266145e+01
5.406096845588691e+01
7.178984590423751e+01
4.947388090634433e+01
4.485936055186175e+01
9.666398637772723e+01
5.211058904049480e+01
2.286400898493082e+01
1.906523020894510e+01
6.150726380828176e+01
1.066779299204601e+01
9.053871766223513e+01
9.280447200536935e+00
6.897087719709188e+01
4.427156115149686e+01
3.260136727830459e+01
4.481390362829617e+01
2.247462576370436e+01
2.020991222011387e+00
6.729313515466319e+01
6.175588847219753e+01
5.745772922293177e+01
6.906888725658361e+01
3.791590860947776e+01
6.887828813347886e+01
3.449016391974416e+01
3.999369635246401e+01
9.574962896096969e+01
5.054876271195187e+01
1.696801512360946e+01
5.107045106173980e+01
8.571743079727396e+01
7.847497466880594e+01
3.654780515308855e+01
3.519131170361830e+01
2.333433522066769e+01
4.357591971921544e+01
7.698369104274721e+01
1.986960960546024e+01
7.279710987247393e+00
7.979965609488993e+01
3.053740259750625e+01
8.336511770420014e+00
1.113711009320668e+01
6.513409831800224e+00
9.545862953898433e+01
1.798115042875574e+01
8.198777012619551e+01
9.091443046504372e+01
2.000214169733326e+01
3.180270848414056e+01
9.967092811114664e+01
6.101491817320460e+01
1.344902581230226e+00
1.483230004777773e+01
2.026314871397947e+01
9.550222027837401e+01
5.482599640024174e+01
4.208778792158132e+01
4.097068078861138e+00
5.194698914510523e+01
8.658998905987943e+01
8.524178782722065e+01
3.517046898378547e+00
4.837995024788191e+00
8.520271730851509e+01
5.375629898801274e+01
9.513305048231643e+01
8.613213551516279e+01
8.555719940250609e+01
7.898843715851588e+01
1.355399219950381e+01
5.229762278138549e+01
6.305737656683539e+01
4.477479413374085e+01
1.271972130645053e+01
4.969562424798292e+01
9.512774813693377e+01
4.795496791971613e+01
2.620394668830742e+00
7.892924439112154e+01
2.666717843463047e+01
4.521453871634534e+01
3.980068948110598e+01
9.961497462336672e+01
3.793386371710052e+01
4.874424019304301e+01
5.785920767013878e+01
3.438616201020132e+01
6.576205830358064e+01
4.247761212404706e+01
6.206879488288835e+01
9.389813011228020e+01
1.944443048883436e+01
4.105492855471323e+01
5.685260033088392e+01
3.455936477266223e+01
4.862661200977239e+01
7.694002970910633e+01
4.452995613428296e+01
8.198610743600229e+01
7.715274755710398e+01
6.042060934026754e+01
4.492877500361240e+01
7.457856371746331e+00
9.431723584156356e+01
1.291867946876152e+01
3.050577278738179e+01
2.170748590571223e+01
8.022590842108517e+01
8.322875233517436e+01
9.829112919899222e+01
1.919876710474434e+01
7.450310866092477e+01
8.760871383715826e+01
9.876295700611685e+01
4.397059229387464e+01
2.610512395673670e+01
1.356099602466496e+01
4.302577355086141e+01
4.835571215877110e+01
7.965564987606166e+01
5.006682465321703e+01
1.402611472365731e+01
6.689729865961583e+01
8.243361631521657e+01
1.943680728759468e+01
1.398325805272127e+00
5.898217081976225e+01
3.116194188183264e+01
3.450000567105599e+01
6.863057169533828e+01
9.759929054304925e+01
9.744911589540965e+01
3.452577550640599e+01
3.619122241446340e+01
8.902419493022570e+01
8.978389072687546e+01
1.658306984071763e+01
8.824781109031653e+01
2.256575814567774e+01
4.108613451993379e+01
8.547347834588656e+01
5.868648679865827e+01
6.038976845349639e+01
3.796328796910275e+01
3.541745489249818e+01
7.475790776068247e+01
2.088139616925334e+01
8.185933766973173e+01
9.822051864965843e+01
6.923710832802445e+01
7.078189746047458e+01
1.882507410777038e+01
4.374164605687449e+01
3.679557784311267e+01
2.752442729078439e+01
7.294327200993116e+01
7.695626238219266e+01
8.650659811054663e+01
7.118150516002510e+01
3.121247977540478e+01
4.037129322084193e+00
7.980157415373324e+01
8.701670145942676e+01
6.418729413495738e+01
6.390907618399202e+00
8.724111755715735e+01
3.221386793638294e+01
2.042164063100779e+01
2.822199232327844e+01
1.283071577215135e+01
6.150777515094158e+01
2.470484842765371e+01
8.480564615912999e+01
3.274534434673625e+01
1.687903004553124e+00
6.934657463307799e+00
5.371928161649000e+01
7.803682329973059e+01
6.009941620756845e+01
7.405794634207055e+01
9.963688557019313e+01
2.999769539106530e+01
9.410140905254586e+01
6.990145001090198e+01
5.023238237492386e+01
2.162583634333025e+01
9.426379953243946e+01
5.210251968917555e+00
3.899489717511223e+01
4.323970477247597e+01
5.728477065325005e+01
9.842403409929203e+01
9.476637877280190e+01
8.304779109686976e+01
4.420006910534579e+01
1.982202288686392e-01
7.028890860746098e+01
9.723292849829092e+01
6.741862407299625e+01
9.875736785994719e+01
8.608564533576633e+01
4.450721947686151e+01
6.297409113635034e+01
2.084671003783434e+01
6.632734638002113e+01
8.016285425059631e+01
1.573802191565652e+01
1.877996247204950e+01
8.154590175559088e+01
3.727556235961409e+01
7.068895188657984e+01
1.750245411764013e+01
2.600955633726416e+01
6.479036093912570e+01
2.921566410419329e+01
5.595651550961496e+01
8.641619728245595e+01
6.681864399780456e+01
9.684914084935986e+01
1.957465159686965e+01
6.420714695202520e+01
5.413391145604379e+01
5.717698766718479e+01
8.148467856528455e+01
5.455639355562460e+00
6.608128606624962e+01
3.322497058344305e+00
4.829589838548372e+00
7.974182003165680e+01
7.074112117790669e+01
7.120693762377228e+01
3.998473158105497e+01
7.800317410286664e+01
5.071412341236795e+01
1.200658460706779e+01
2.768230998315025e+00
9.135247859701164e+01
6.880600311272126e+01
8.765123281052858e+01
3.404113339914062e+01
6.081565425769223e+00
4.910943459212288e+01
4.358227953481595e+01
2.778492478084980e+01
9.082741937172945e+01
5.529843790237720e+01
3.869342517046883e+01
1.842015237473890e+01
3.600661532767425e+01
8.709585731248178e+01
3.337719320942517e+01
6.133625212187705e+01
9.807346812359684e+01
3.997437192125916e-01
5.043627040015360e+01
9.796786229031527e+01
4.027667331522176e+01
1.408863533944294e+01
8.914150655695308e+01
2.001849330031243e+01
9.172538402105000e+01
8.644624589311249e+01
3.013409433426992e+01
8.916928576732488e+00
2.151548276725946e+01
1.579340501492536e+00
5.738777106506181e+01
1.286796131770497e+01
8.562326812447201e+01
7.545109995428990e+01
2.245345335567997e+01
5.842201507576835e+00
7.745324861139676e+01
6.600252658408253e+01
9.253319785582516e+01
6.715298121196822e+01
7.719761653672793e+01
6.079343727826767e+01
3.335792763780706e+01
8.974346233985548e+01
5.714053584129574e+01
4.151151396404556e+01
5.968851505764226e+01
1.837925935088622e+01
2.946193657324739e+01
1.012478541122972e+01
6.263815102290277e+00
5.881577472147335e+01
5.246849192887009e+01
2.886577543284082e+01
4.205409951603697e+00
8.015762995004543e+01
9.732257011221841e+01
7.025408016995252e+01
4.677431939485218e+00
6.364457382058938e+01
4.399862943403360e+01
1.905781771943803e+01
1.971879784004707e+01
6.406484491381089e+01
4.379294349057272e+00
3.553689612799180e+01
7.883021891062624e+01
8.081468151920228e+00
7.716087190302130e+01
7.136341671988528e+01
5.870488987243962e+01
3.062848650413961e+01
6.799214764870337e+01
9.573333454119663e+01
1.541645159731454e+01
5.967367070711854e+01
3.619451743373392e+01
6.520266899149989e+01
7.805293005800476e+01
5.473361883998551e+01
3.265065207735200e+01
7.554618105084923e+01
1.354939351489273e+01
1.858677217671032e+01
6.315523575206997e+01
9.238366153667852e+01
3.610778219816637e+01
4.301822886011481e+00
1.088505648583409e+01
3.019944016365309e+01
8.030412186882650e+01
4.403088467383333e+01
5.661821228294550e+00
8.852026555152622e+01
1.823371374897366e+01
5.657530229379204e+01
5.674262468551407e+01
6.831381147183190e+00
3.204931781257005e+01
5.575379592168788e+00
8.615077784571368e+01
4.580610433863760e+00
5.748414856264561e+01
4.304677468866425e+01
6.283816712109287e+01
8.993367519692224e+01
6.545424673960277e+01
8.497890247263895e+01
9.622333911071686e+01
6.098311704629246e+01
3.406217300056581e+01
9.024430317349932e+01
3.660195457590834e+01
7.494634872998407e+01
2.990190229839734e+01
7.092455782504965e+01
7.309524220092932e+01
1.644842648713310e+01
7.915231412237152e+01
4.805336107874911e+01
8.208512816675247e+01
9.198943697474405e+01
9.380831708843276e+01
7.481344946418585e+01
5.353389096145234e+01
6.035132811421124e+01
4.524014538398019e+01
6.797076653128991e+01
7.912407586310249e+01
7.637156950140911e+01
8.765765842406901e+01
2.246120470690597e+01
7.036050053795823e+01
4.514180694014849e+01
3.345783112266000e+01
3.319866761248497e+01
1.800909015257335e+01
6.151910231519449e+01
9.733398584524821e+01
3.035686585603136e+00
6.418835239679942e+01
8.323856279404767e+01
2.837379925342919e+01
2.415231690935433e+01
3.569602432460339e+01
1.631562342695688e+01
7.990047628055349e+01
8.496298137352009e+01
1.181376372082800e+01
5.905279040292501e+01
1.044360395075921e+01
3.089414938860300e+01
7.731825582558209e+01
3.059399222517106e+00
4.527995015740392e+01
9.667024426007190e+01
9.640823523346718e+01
6.158369260913864e+01
6.464101074479566e+01
6.696091539550615e+01
1.640309119429583e+01
6.568832111809790e+01
2.940458950093230e+01
8.936575036000728e+01
2.837881847674904e+01
4.023554331633986e+01
5.627205882047864e+01
8.427166197647884e+01
5.483607987632793e+01
5.832888048995700e+01
5.394180158802392e+01
9.201482650452053e+01
7.356428977733678e+01
6.543373151935346e+01
6.785470799908727e+01
9.145655794602658e+01
4.820291546555372e+01
4.779252947670991e+01
5.384680081803669e+01
6.469055314766734e+01
3.601807813906021e+01
9.251484651701285e+00
3.769885233496262e+01
9.596885796448629e+01
6.681825451870368e+01
8.088917586993854e+01
8.060893634362563e+01
5.433759840872958e+01
4.690653520957871e+01
1.662807865842622e+00
8.429745565368675e+01
5.502744212515067e+01
6.735112898394053e+01
1.506937384375807e+01
2.574152323684726e+01
5.785654744033540e+01
5.810875681140868e+00
6.864556375362238e+01
3.422534499979827e+01
1.832173774872056e+01
3.369111215401958e+01
3.513186175149487e+01
5.266178201542319e+01
2.642407977321375e+01
4.828499599745729e+01
5.495332454096214e+01
1.398233897703809e+01
2.351538973092818e+01
4.837221295962679e+01
4.048118025086875e+01
9.650223087356530e+01
1.695801150843408e+01
3.601784330607292e+01
3.249174921423744e+01
4.571435923954209e+01
2.016587183818495e-01
4.861202698601970e+00
8.548847510734969e+01
8.250016150181190e+01
8.349201007908769e+01
2.201423902158357e+01
4.267392058049977e+01
1.919657365381558e+01
6.528598324641864e+01
2.001123201102541e+01
7.284983241597648e+01
7.921135033444099e+01
8.389424396860146e+01
3.141384759518032e+01
4.313153011870176e+01
8.767982888393097e+01
9.458554493942556e+00
5.852170584654515e+01
7.703416919197615e+01
5.093451656910335e+01
7.241789618153959e+01
7.522581465320000e+01
5.347761681930982e+01
1.168431980148159e+01
7.362145621963845e+01
9.459817320788193e+00
3.512252365943162e+01
4.457758522805646e+01
2.885032777155299e+01
1.907729679675647e+01
9.392733596913858e+01
7.939653390990409e+01
5.054278683408293e+01
4.309837079751230e+01
6.586427947779386e+01
2.614403102833034e+01
8.837619400041932e+01
2.748616548603688e+01
3.514680561383572e+01
8.601695335750327e+01
5.423715722478794e+01
1.721160049420390e+01
1.838444467558732e+01
8.946377769553278e+01
3.437632575369269e+01
2.581413976187545e+00
6.578253818013824e+00
7.509487707870774e+01
4.657395321250611e+01
9.755990649459879e+01
9.059331384049418e+01
3.352101595770615e+01
7.813753354276416e+01
2.948780596698066e+01
4.826645727654289e+01
5.175898971583647e+01
2.671828755490402e+01
2.473625630360853e+01
1.652330132970740e+01
6.840237652342878e+00
3.068869711397621e+01
2.930135970437031e+01
7.783249881017605e+01
6.172539902000008e+01
6.911209941334656e+01
5.324080598225854e+01
7.767563098002022e+01
7.627774750640512e+01
8.072697146829543e+01
8.500075460644474e+01
8.793391207602524e+01
8.629650519522676e+01
2.290177197330714e+01
2.531357054846062e+01
2.477814817092295e+00
4.801303150505434e-02
4.624913462728688e+01
9.765259926098055e+00
4.897284998976292e+01
8.899810439394699e+01
7.793417679049735e+01
2.836290170828016e+01
3.250871171825971e+01
3.887069511174722e+01
4.640483541712391e+01
9.326696921757747e+01
3.717375739345968e+01
9.993558339771609e+01
9.447312564331718e+01
7.682891193629658e+01
6.743064851846110e+01
8.558051045312570e+01
4.858394826230777e+01
2.039830559883188e+01
8.574895345873617e+01
9.873534715675532e+01
9.530380153809851e+01
8.256124406240939e+01
5.564363643324172e+01
9.274253658612378e+01
3.780397690730354e+01
3.730779538737042e+01
1.692759279018622e+01
3.004010656384756e+01
1.473420896322197e+01
4.117655066828083e+01
3.935764256834874e+01
4.848987108491821e+01
5.253094674671579e+01
2.192694527186777e+01
5.763551795745060e+01
5.537803008005863e+00
6.727101638320416e+01
8.846472654885832e+01
3.148651068633725e+01
9.829023107806697e+01
9.758711694627399e+01
5.046305514427976e+01
2.275733152532826e+01
4.529348846771451e+01
9.122983128355342e+01
9.018798009035550e+01
7.836734181193977e+01
4.273995060601269e+01
9.619201719583572e+01
1.552829645365863e+01
5.750982712838325e+01
5.134513189613127e+01
2.868437982568721e+01
7.564152543230054e+01
3.409201318123006e+01
7.826336169534520e+01
4.042253375073081e+01
8.488708086539390e+00
2.170255385418541e+01
3.287025603133731e+01
3.843941406274188e+01
4.440750942770742e+01
8.136012716282166e+01
2.086334848816663e+01
7.201405245438872e-03
4.213586474868276e+01
3.787571566080475e+00
1.601612396352744e+01
4.658387654767552e+01
4.504809181440999e+01
8.246815757940902e+01
8.913550092332787e+01
1.626238022756874e+01
1.231981875017277e+01
8.119574346635292e+01
4.652764212644084e+01
8.599867438245504e+01
6.463398354343791e+01
9.781068456257259e+01
8.219069153172461e+01
1.394610512719774e+01
4.277668704408067e+01
3.673398123901989e+00
7.434102970843252e+01
5.972836798044311e+01
4.619262397577643e+01
3.516035663669945e+01
2.040647958424244e+01
7.883615408969864e+01
2.880270617492623e+01
8.031460050508129e+01
7.771332877581628e+01
4.274070050695013e+01
7.005704309328321e+01
1.634876235218195e+01
4.260554525191223e+01
7.510245492453801e+01
2.013633391826243e+01
3.339926303988288e+01
6.665083890159188e+01
5.592603159878684e+01
9.609901346084617e+01
5.578633982491975e+01
7.338492249761937e+00
2.870265693809029e+01
4.526311938895989e+01
5.279157271273041e+01
2.596506160961700e+01
1.585668130584838e+01
3.805843267499397e+01
9.689202285226995e+01
4.934599709200952e+01
3.606153067017976e+01
8.985722721082029e+00
9.840358844883907e+00
9.578989869718902e+01
1.556343353146847e+01
9.654199937197473e+01
5.679837798550650e+01
2.947161077962798e+01
1.721927892287228e+01
4.615623678367410e+01
1.432289630841599e+01
5.467532973488576e+01
3.282216677107949e+01
5.997292998245588e+01
2.228020435305322e+01
4.441381690297919e+01
4.814744719683539e+01
3.397862288820493e+00
3.747225335681450e+01
2.987287618679594e+01
4.652998631192836e+01
6.685099558292468e+01
9.797952161076456e+01
2.423636057611386e+01
7.361850513779488e+01
7.627452191723255e+01
1.148897857008920e+01
5.162895328906782e+01
8.882952699848894e+01
8.682599742283392e+01
6.410178638254376e+01
2.916407274509039e+01
3.592926651981159e+01
2.173126960253868e+01
1.827012864792260e+01
6.030367671526209e+01
2.989016768051785e+01
7.950603709533161e+01
1.385967154701225e+00
9.990751966829762e+01
8.211146373400067e+01
4.421357100094369e+01
4.999829300213526e+01
5.142282571244186e+01
1.764617758693461e+01
7.686305375623658e+01
8.303048833414469e+01
5.517196392415649e+01
8.026091609162322e+01
2.050274169095919e+01
5.733340869533522e+01
8.180117312902640e+01
4.885812743979419e+01
3.655968603517846e+01
5.703381633247893e+01
8.699578814534274e+01
9.456360917285252e+01
6.624818750016772e+01
4.526471753849868e+01
8.262638001825027e+01
2.103875182617397e+01
6.086112468543515e-01
7.693459972596476e+01
5.541729626963721e+01
6.933777382100828e+01
7.132791144369538e+01
1.955065411494610e+00
1.860531560080373e+00
5.535226522728441e+01
8.097433349163008e+00
1.582211368522705e+01
9.576731137734247e+01
7.333650345603773e+01
5.635090063156136e+01
7.416237684626243e+01
9.140458753863562e+01
1.234743255765523e+01
8.472319719601570e+01
6.119170308168591e+01
4.761861937475327e+01
9.162449552287558e+01
9.238954474795122e+01
8.501204698579947e+01
2.680605623256697e+01
3.618205955074264e+01
8.645360883625858e+01
8.685302533528443e+01
2.083181665317706e+01
1.805321607648079e+01
7.209575603348006e+01
2.702341546631577e+01
5.965943637288149e+01
7.270436728033441e+01
3.407181754432238e+00
1.507673259595257e+01
2.053573858949157e+01
3.852449899470643e+01
4.966781826208710e+01
4.101471744525001e+01
8.492091707183090e+01
9.131732284618417e+01
1.740984284198370e+01
6.896468986243228e+01
6.507573275131907e+01
3.623114490706062e+01
9.073422732331521e+01
5.062867316912332e+01
5.185011399530345e+01
4.434811498240946e+01
3.056871659614552e+00
3.520452102422924e+01
5.650192352780230e+01
4.483912347109948e+01
8.748959195217564e+01
9.240882848035955e+01
3.162847595830843e+01
2.322227141038621e+01
4.253788867152198e+01
6.237414468190360e+01
7.364600388037321e+00
2.318394278324392e+00
7.651294948370800e+01
9.132160809418262e-01
4.184613709423977e+01
6.420746322917168e+01
9.793368917793673e+01
8.803194974923132e+01
8.766571292079320e+01
7.364158917853683e+01
9.974617725226385e+01
6.318221639989978e+01
8.160832216106742e+01
3.459254132331933e+01
7.618771683247188e+01
2.190917410045358e+01
1.510776333283063e+01
4.598260812739963e+01
7.405922509453224e+01
7.310377586311837e+01
1.841538661085785e+01
7.602962645517179e+01
5.604098651373805e+01
4.678978442530604e+01
2.298036516782845e+01
7.047942516881946e+00
4.101353620226194e+01
4.706954259754603e+00
9.114043116156964e+01
3.805955002925337e+01
8.847423553861409e+00
8.707676790052874e+01
6.718799633308686e+01
2.794758264345470e+01
8.649127063643712e+01
9.333380162405493e+01
8.678762032035162e+01
6.408932170089768e+01
1.978797079985401e+01
1.589359539369754e+01
2.527517100110425e+01
3.314437709429505e+01
1.499008448561192e+01
9.040351160355075e+01
6.736780911095805e+01
5.587364102521614e+01
9.535724799863866e+01
8.260555434162056e+01
2.275127872021463e+00
3.337601797346771e+01
4.804214064406331e+01
8.799926386587288e+01
1.870142799741655e+01
6.002256854438343e+01
4.214604564111031e+01
9.723863880952757e+01
6.941880894332138e+00
9.417427903701285e+01
4.186569179495130e+01
9.808231205590177e+01
5.228347519984631e+00
6.179553156802222e+01
5.324673887959063e+00
9.918869524225066e+00
6.742398076105117e+01
3.453897220759604e+00
1.070623365729406e+01
9.565186328052164e+01
9.876314452791733e+01
7.961427973565380e+01
2.600599593762588e+00
4.726045720617308e+01
4.194729670041581e+01
4.660572784329100e+01
5.544948734131152e+01
9.315824936756782e+01
8.078881608358995e+01
6.067467334711676e+01
6.824656858492949e-01
9.674859745276561e+01
7.609898204733571e+01
6.157951320595085e+01
1.206407645347718e+01
3.634509110653079e+01
6.774241899500714e+01
7.719017019364524e+01
8.167721805240829e+01
6.823976317804295e+01
8.000916111283431e+01
1.120894072167992e+01
9.557293480987332e+01
7.137708983913859e+01
6.245900442006952e+01
8.976086512662511e-01
3.731939510317491e+01
1.506740879969085e+00
1.729316516653316e+01
5.213514005399082e+01
3.793087384567171e+01
2.991927211634781e+01
4.441209390964922e+01
9.096735892396764e+01
2.528122487723885e+01
7.590841151583400e+01
9.608206031661577e+01
5.307811687378125e+01
8.960921270288956e+01
5.251264812076122e+01
7.347416513295573e+01
8.386182910011235e+01
1.581832986130301e+01
2.713146187697140e+01
6.659223151700211e+01
1.553915395193694e+00
9.963177754526575e+01
3.433465046544310e+01
8.404427463377093e+01
5.507195156769452e+01
4.749946996918855e+01
5.875324670167326e+01
1.516054124346028e+01
9.931323588793781e-01
3.331159932227414e+01
1.444735113272786e+01
8.705825688646094e+01
8.489833329101015e+01
9.991175918835764e+01
1.821438452145755e+01
1.110162162738928e+01
2.895838112056180e+01
1.957873782123380e+01
2.483208129407469e+01
3.506825647087221e+01
3.158140742759286e+01
9.202502630279633e+01
5.241790528056114e+01
3.873626936168236e+01
1.839767699986588e+01
3.973834809834992e+01
7.297572767034906e+01
2.631700878325710e+01
3.381104172850542e+01
9.036635267099662e+01
8.407144014913190e+01
5.413536394673184e+01
7.218797182300499e+00
6.615775854613528e+01
3.120925730616285e+01
8.405803995395920e+01
8.181405737149252e+01
8.011814457369883e+01
6.399904757924334e+01
4.557776066734351e+01
2.769708271496793e+01
4.424936219316412e+01
8.751334552071680e+01
6.908559951422997e+01
2.254761970720609e+01
1.807686836369190e+01
2.027744754230485e+01
9.828738695862116e+01
1.268557897428310e+01
2.984613181550341e+01
9.640592089686818e+01
6.030718533336520e+01
5.481784071531978e+01
3.770319281038977e-01
7.367494542788478e+01
3.723076886368485e+01
3.056089688584250e+01
6.804516262749451e+01
3.704598761957418e+01
2.219316867282296e+01
2.729749648240279e+01
4.519180350247389e+00
3.295495325371388e+01
5.641659049150375e+01
8.727518631484136e+01
5.784232521329184e+01
9.300653068023107e+01
7.121147819385467e+01
5.439616309217929e+01
7.921957116537708e+01
3.139184146718674e+01
6.811026673210331e+00
6.711133796121523e+01
8.890084893857168e+01
1.069152663028405e+01
8.592395856321042e+01
9.462857893417988e+01
3.246430700293942e+01
3.677211256547464e+01
4.848996556759344e+01
8.211455763416112e+01
4.727273147891869e+01
7.576623376261733e+01
9.807502804234393e+01
5.691968116765827e+01
1.279466227292766e+01
7.772873336343501e+01
5.026749267720966e+01
4.207040990799219e+01
4.038617463800412e+01
1.323945890797277e+01
6.936790639039498e+01
6.303342551134220e+01
2.250966421445350e+01
8.678910820129751e+01
6.145182459682776e+01
2.972985842718271e+01
1.978414627713344e+01
2.409974971045728e+01
5.335394342120455e+01
1.993806940500535e+01
2.548725312831218e+01
6.016497014098101e+01
7.151381358109127e+01
2.033378981069373e+01
7.845748019332881e+01
2.740389063367801e+01
9.016680907931496e+00
4.306111379669100e+01
7.827070121572851e+01
5.750664652209107e+01
3.924932998570117e+01
2.554343264808107e+01
3.266506261782025e+01
8.022683992992474e+01
2.693880834939834e+01
5.089939476498374e+01
7.398500418010401e+01
6.118674811962375e+00
6.704948054023528e+01
9.261346393852190e+01
9.173470269503756e+01
9.985714601346159e+01
6.571996098650618e+01
9.370233174120185e+01
