1.569751352802735e+01
9.652575603524491e+01
6.538820465346249e+01
5.841351997033392e+01
3.727489432193101e+01
4.596494620012350e+01
5.110210788021894e+01
1.532217297485199e+01
5.748457468928982e+01
6.228926985631197e+01
5.208803776283192e+01
3.693403179614527e+01
2.466146025092409e+01
3.245465072451842e+01
1.160769118536622e+01
8.403186224588746e+00
7.670932164262483e+01
7.723104249557063e+01
6.047613432653068e+01
3.559435742702073e+01
4.654702658138565e+01
2.084252709562077e+01
9.766905070173976e+01
8.444875166027282e+01
7.963187414204323e+01
9.677575770615402e+01
9.846563646498399e+01
6.236005516832697e+01
6.420472379038330e+01
3.329202618137563e+01
6.863170725695402e+01
8.292642737875060e+01
4.188008762052286e+01
3.658528394838110e+01
4.706823725582484e+01
7.915498198902002e+01
6.165263110848732e+01
5.090134076350431e+01
6.252571826918317e+01
8.507418543336642e+01
9.697360969007649e+01
3.459022870966709e+01
2.200821718294556e+01
4.821954357820542e+01
7.439313245676138e+01
2.844930879233839e+01
6.864136833168629e+00
6.381491504787231e+01
2.685478703438062e+01
2.690535878152836e+01
7.570034445994550e+01
3.514427465160576e+01
9.151509319968292e+01
8.194470884368974e+01
1.636731853539465e+01
1.254097307684877e+01
8.563911602163647e+01
1.483295495381251e+01
9.468382438397212e+01
2.267445950893427e+01
8.766531273148270e+01
3.541017260188710e+01
3.527553511563480e+01
7.374224200553365e+01
2.744067089047314e+00
4.694083419020327e+01
8.734476742676681e+01
5.516225474661321e+00
9.500375636620622e+01
2.745865058501188e+01
3.551859061025017e+01
8.520607286375299e+01
6.204887929467898e+01
8.673819396027281e+01
4.027352358227294e+01
5.051142720063749e+01
9.715206180566552e+00
4.713766041544157e+01
9.061741428012840e+01
9.831245429735279e+01
1.643252503892059e+01
5.425734694779727e+01
3.345672890239243e+01
9.387072045070617e+01
3.178244751495423e+01
5.412513220409171e+01
9.210148546476917e+01
4.800288451276854e+01
9.855107143453839e+01
9.788708048774259e+01
9.104714025326406e+01
9.821455781264909e+01
9.352192855138422e+01
6.171762988051290e+01
1.364682629408633e+01
7.504844981015123e+01
4.571875401107536e+01
2.239693339094377e+01
6.815958324268441e+01
2.623287151857879e+01
9.959214478712163e+01
2.867986235240468e+01
3.624682069581320e+01
1.872583786897633e+01
3.520828538351147e+01
8.919642171319406e+00
4.492030448509394e+01
6.403245235049746e+01
3.557775408754951e+01
3.441199866794609e+01
2.856937974159111e+01
5.728319625243693e+01
8.474667616409560e+01
7.629512719637487e+00
1.832293114546823e+01
4.630990896667815e+01
6.175464492372920e+01
5.785536833938927e+01
7.183840399227962e+01
2.427787716699665e+01
5.833190435465979e+01
3.209898347598453e+01
8.733613192445418e+01
1.730725519233721e+01
9.029935211422823e+01
9.829582185405111e-01
4.412333119852623e+01
8.322717122883870e+01
2.465713486292266e+01
8.927226308233675e+01
6.225097759731625e+01
4.262904526788232e+01
3.774235455214156e+01
7.665965411656521e+01
1.166844955257534e+01
6.642829029188877e+01
8.557929628788460e+01
8.782600610881393e+01
3.100615783175740e+01
5.915868471337421e+01
3.048948945034737e+01
4.150187579984864e+01
5.728309608869399e+01
4.541302800430591e+01
1.996589317916236e+01
1.541873953091853e+00
1.540686395736731e+01
9.356959457209780e+01
6.198669786657519e+01
7.867309622404775e+01
3.921685905159305e+01
2.553302544426779e+01
3.581918344638272e+01
2.480466017723300e+01
1.878505852948178e+01
4.781393569326677e+01
7.078310869204957e+01
3.989773836913413e+01
8.383204177200425e+01
9.386596139234769e+01
6.190709074116643e+00
4.163575118483778e+01
3.111057301569291e+01
3.134050892262743e+01
5.263427354052396e+01
9.246545615255155e+01
9.776879921451621e+01
8.983769504811507e+00
6.607300265043648e+01
1.519078603721726e+01
8.346774232735287e+01
1.122731813752433e+01
8.191892378121565e+01
4.075083836948073e+01
4.072653643820740e+00
1.426326097653399e+01
8.813988845243114e+01
1.947951764775418e+01
2.920224286113039e+01
4.152233267273863e+01
7.633731494487138e+01
5.565436084552405e+01
1.717324877026176e+01
3.075392820441812e+01
9.322376213652257e+01
2.469097214038063e+01
7.948267929231872e+01
4.574571142240693e+01
7.823430592111978e+01
7.748653603600643e+00
2.714991719794921e+01
9.244829425236597e+01
5.154904297159475e+01
4.964588859567693e+01
6.067106796459810e+01
7.451555429702418e+01
9.537796783045771e+01
8.315888749582642e+01
4.606339230484487e+01
9.158016969057739e+01
2.872510907646507e+01
2.953113458563161e+01
2.655586829714285e+01
3.460021723741676e+01
5.316457941809882e+01
3.706826913965320e+01
6.189018458215993e+01
5.670060112918755e+01
7.489334595151867e+01
2.606573934949271e+01
9.143105409640401e+01
9.967701090484718e+01
5.205826733822854e+01
6.187624249694694e+01
7.454694899476458e+01
7.625054059375569e+00
8.327632010135628e+01
8.650260608946095e+00
9.140368089610882e+01
6.131602365584858e+01
1.734434930484013e+01
8.319034421965030e+01
4.753614694231010e+01
9.736720570240506e+01
9.157856558057412e+00
5.290300918412535e+01
7.338392798480761e+01
4.535824341948993e+00
8.164122480975522e+01
2.910217178478007e+01
4.433898359739175e+01
4.460323161659912e+01
5.262332845135747e+01
1.114282068384011e+01
8.976096449874387e+01
1.610083482977973e+01
4.177134267136983e+01
5.825910971418913e+01
4.758662611599389e+01
5.158456869031516e+01
8.432484906368184e+01
6.124861308431654e+00
1.585428659611116e+01
3.638311635534424e+01
5.648649551742081e+01
6.900972308079234e+01
4.400817046128594e+01
3.963390502130329e+01
2.303935132130950e+01
7.640883781779969e+01
1.630826686337044e+01
1.670733560654676e+00
7.548562720207760e-01
3.472809420653065e+01
9.242933247817183e+01
2.813921045890972e+01
9.802976502013847e+01
6.760384918544621e+01
6.213853878999992e+01
8.821549000601074e+01
6.975594915903916e+01
7.819479153407495e+01
8.042686170918255e+01
9.598791235871050e+01
6.417794696249904e+01
4.600551051367331e+01
1.176401153754630e+01
4.703847018398273e+01
1.297824448578909e+01
6.946192759529777e+01
4.817184896588878e+01
2.607371533572381e+01
9.230262506394770e+01
4.208288436852530e+01
5.141085980060085e+01
4.608492061779132e+01
6.209553599455187e+01
1.960724290442059e+01
6.800796639547123e+01
8.513488731586136e+01
9.601608072222028e+01
4.277937684337579e+01
2.551858789544487e+01
6.600793156121296e+01
4.679259776454074e+01
3.026510171138919e+00
6.064356773190367e-01
7.553723602347878e+01
7.063035940315126e+01
3.565012548847595e+01
6.853841690744200e+01
1.277751755564358e+00
7.848530974168577e+01
1.424190672777682e+01
9.029886978226661e+01
7.662860354251628e+00
7.561596975457667e+01
8.345997803074306e+00
5.400818491075569e+01
3.691506904406243e+01
7.787425423873322e+01
3.938293253974194e+01
2.156891698090775e+01
7.624257205810517e+01
4.661756052943764e+01
9.493492101083272e+01
2.331481409413499e+01
6.527407926752888e+01
1.677523232846299e+01
7.890224371985637e+01
5.715731627175460e+01
3.281436037868930e+01
2.168162051666603e+01
7.494526196967124e+01
4.323069655486881e+01
1.602537846938957e+01
7.797177218737629e+01
2.046912010780960e+01
8.711004009801431e+01
7.083931056356025e+01
8.241031322740498e-02
3.794414048918716e+01
3.124067328462409e+00
7.377814463050018e+01
5.595917885934896e+01
8.735644146211280e+01
3.446359435769897e+01
9.018068536658804e+01
8.196179512048224e+01
8.761750244890223e+01
6.577399357490893e+01
1.690566340317282e+01
9.300645542936699e+01
4.123189441917087e+00
5.498247195732895e+01
3.962401591223851e+01
3.796890533434642e+01
3.202867737600052e+01
4.946019456231044e+00
5.396928622106523e+01
1.093092104929076e+01
7.424428550258479e+01
8.013800186111499e+01
5.837677421904019e+01
4.918954742568990e+01
7.585319875546415e+01
3.180163313252927e+01
7.488664364204119e+01
9.632231886327375e+01
7.075045810581672e+01
7.576345111046146e+01
9.881797209327014e+01
3.165728311597243e+01
7.888751843892388e+01
7.583826318189421e+00
1.881041145828106e+00
5.897563936141117e+01
7.238408479484920e+01
4.654175953312859e+01
8.364404848946447e+01
3.628279591737446e+01
8.756175012679851e+01
1.314738309623086e+01
2.962251148634707e+00
9.538194467098543e+01
8.943008351578847e+01
9.348633531177711e+01
8.665298721131542e+00
4.129225250393723e+01
9.843235481457428e+01
9.811440813267343e+00
8.637180006428240e+01
7.267664027059294e+01
2.402887629532668e+01
8.483571516575093e+01
4.465419521772032e+01
7.436479519790262e+01
1.663734825171407e+01
6.996670699211150e+01
1.843844061644675e+01
2.248565313522036e+01
2.479095832667824e+01
1.209493964542399e+01
5.482259209026703e+01
6.430449479459995e+00
4.930402103313432e+01
2.378907661130143e+01
3.832329112958317e+00
2.168810578141739e+01
5.206560122411028e+01
5.356648510953713e+01
9.082806538363363e+01
7.140105956764941e+01
4.359867425803034e+01
3.130584956673246e-02
9.450375241902832e+01
5.656750377107761e+01
3.474031544045560e+01
5.034590701123043e+01
3.159146221894373e+01
5.668077294560185e+01
3.842639985421039e+01
3.575162786792574e+01
6.398947954363631e+01
5.685694741870135e+01
5.995562121270021e+01
2.286780715122251e+01
9.145283689324411e+01
8.670477326340264e+01
7.189531441400541e+01
9.955543410012287e+01
8.153357057903594e+01
9.668627274068365e+01
1.540192599194214e+01
9.515340938007152e+01
5.789127520187351e+01
6.470594702507645e+01
9.363990956621240e+01
7.028718612635842e+01
7.980917421160693e+01
9.227176541102666e+01
2.385367118932943e+01
6.893802255808284e+01
4.255980231918385e+01
7.455306932076489e+01
4.019727871762462e+01
2.509388207695162e+01
3.112057309184250e+01
1.816506372679261e+01
1.099723391746973e-01
3.612361570639705e+01
9.572553699637089e+01
2.193560000599157e+01
2.916863096373557e+00
2.688309179008151e+00
2.051108350069778e+01
1.303536967050069e+01
5.602823130601469e+01
5.855974385447789e+01
3.016037961009908e+00
5.932665646976169e+01
5.728411630600883e+00
1.916950993201207e+01
5.601292916387922e+01
2.113033762254302e+01
4.996208113150768e+01
1.130527314325109e+01
8.583628464761949e+01
9.970098794424021e+01
7.178984590423751e+01
1.229352374202270e+01
7.773790279297992e+00
5.051853593928671e+01
5.719328101593688e+01
7.982607697128601e+01
2.848840408422445e+01
9.265677537427133e+01
2.853292493546983e+01
6.456006293397400e+01
8.174960789352171e+01
5.164476588910667e+01
1.585970926837051e+01
1.337366174597929e+01
4.481390362829617e+01
1.877657236474407e+01
9.875058247649605e+00
5.715060516127879e-01
1.370745576625106e+01
9.730640034997202e+01
5.678109929746999e+01
1.344759870015439e+01
6.887828813347886e+01
4.524802772572638e+01
2.646074123981443e+01
1.264598589048068e+01
2.946403647282349e+01
7.189576652454946e+01
6.902366456064566e+01
6.947613319823338e+01
8.712291865941273e+01
1.629204699596951e+01
4.170647060578059e+01
6.356950768435816e+01
4.620706520332353e+01
9.238459271955519e+01
6.098137714945775e+01
7.469546928754797e+01
7.434262147841166e+01
5.215992743715641e+01
8.420493196891850e+01
2.257575542785961e+01
5.422343595615749e+01
8.488861056272341e+01
6.289370207250757e+01
4.862663650355611e+01
5.159932638127326e+01
5.201138814539248e+01
1.166609302706369e+00
4.259414400094848e+01
5.377789184161364e+01
5.794770860017636e+01
4.341812387267971e+00
4.631579557727827e+01
9.550222027837401e+01
3.080255367364853e+01
3.290913460446016e+01
4.097068078861138e+00
8.081535877697885e+01
1.932799165105819e+00
3.861740983026912e+01
3.517046898378547e+00
2.882036009282822e+00
5.648950052284146e+01
6.708655462930284e+01
4.382839367903229e+01
7.113349129032972e+01
8.805073932188132e+01
4.586163058218622e+01
2.754200460740459e+01
1.482547466402197e+01
6.305737656683539e+01
3.867911470061127e+01
1.271972130645053e+01
2.345059943546103e+01
3.277617638594293e+01
7.366397579836844e+01
5.172309994312148e+01
4.142232329650890e+01
6.336923305102123e+01
4.521453871634534e+01
2.508153171515163e+01
2.131694160463146e+01
9.578426298489062e+01
5.529211398926196e+01
1.039206311590600e+01
1.427359549062028e+01
1.925973888452152e+01
1.370519172107111e+01
4.685493747091616e+00
5.886374826490123e+01
1.944443048883436e+01
4.971093495828608e+01
2.089993144427423e+01
6.029921493506954e+00
4.390863550077594e+01
9.191321655731332e+01
3.287860473286295e+01
8.198610743600229e+01
1.355485618745669e+00
2.994146213398383e+01
4.690958794528133e+00
8.874904014577579e+01
9.982393649398531e+01
2.972829808934047e+01
8.887281370762400e+01
9.422747213124646e+01
7.512130317051025e+01
9.997277143410071e+01
5.567891185902008e+01
3.849053617496534e+01
9.270864743399837e+01
8.076044357417173e+01
1.602697713115577e+01
2.875217806024113e+01
2.610512395673670e+01
2.976538940787566e+01
4.424556817125788e+01
9.734259596902066e+01
2.082379614972686e+01
2.636217862663892e+01
9.362314562016313e+01
6.689729865961583e+01
8.307791663477100e+01
6.235349581686476e+01
7.740628303839187e+00
5.572808606351170e+01
3.116194188183264e+01
3.450000567105599e+01
4.080493140071860e+01
6.036952685581964e+01
3.703275804269722e+01
3.452577550640599e+01
4.911856695502929e+01
9.402033900563622e+01
8.518624123427376e+00
4.662087817984674e+01
4.761612324398762e+00
3.676258597372220e+01
7.858729431339879e+01
6.192135306164685e+01
6.105629432064309e+01
4.182460300709335e+00
3.573900039109355e+01
6.919145456943264e+01
4.001660372131346e+01
3.727506847925255e+01
9.174916147801521e+01
2.960541254356756e+01
5.515122937744075e+01
6.989827923006298e+01
8.404536018336441e+01
2.824080997530409e+01
3.679557784311267e+01
5.775567063025928e+01
9.513289811794316e+00
3.841697878130571e+01
8.503933115165650e+01
8.604011041393508e+01
7.291698449892783e+01
4.037129322084193e+00
7.019968525050193e+01
7.629882505922524e+01
8.572372560655872e+01
9.263523197389917e+01
8.780888602501196e+01
8.729419595901584e+01
3.472132833428743e+01
5.135583707660243e+01
5.573393872740397e+01
9.213906856819012e+00
9.651065361523565e+01
7.151720257080962e+01
4.247321684028638e+01
1.871963884621842e+01
9.420534418626006e+01
1.932498329287627e+01
1.386495214601278e+01
6.009941620756845e+01
4.893039583644382e+01
9.963688557019313e+01
2.987395279569270e+01
2.421836225512361e+01
3.560743752662439e+01
7.550410678400850e+01
2.551114052790736e+01
4.037680702301525e+01
2.887488907616347e+01
9.451771811326859e+01
2.008997156288939e+01
2.080068072341414e+01
2.225232637592234e+00
6.264047145966462e+01
4.596483593153062e+01
8.100080447318069e+01
3.781502444195329e+01
8.046635961181781e+01
9.084753416983760e+00
9.179175141816575e+01
5.792852386735776e+01
6.481869214438773e+01
9.951636167220602e+01
5.340938407620853e+01
3.605523963275144e+01
4.494335853724897e+01
7.068063517598465e+01
1.926293024758944e+01
8.974233902513159e+01
4.019256440931585e+01
5.712203795887625e+01
6.771035830849333e+01
6.485572302008779e+01
2.600955633726416e+01
4.809121691998617e+01
9.533685953139181e+01
9.633878259749095e+01
4.547534237870730e+01
2.519912543948699e+01
7.343136420167581e+01
9.997186600229324e+01
5.923761174047255e+01
5.949080347059797e+01
2.074292568524504e+01
5.182659037030609e+01
5.249166262917764e+01
6.219875480150746e+01
1.091490495526926e+01
1.327841370984838e+01
7.974182003165680e+01
2.706656326868877e+00
9.473604266286644e+01
7.936281891510022e+01
7.800317410286664e+01
1.799657485354532e+01
2.159365672692361e+01
3.420978758214498e+01
8.365139704367677e+01
4.085658697451306e+01
8.204373395165602e+00
9.351430791128162e+01
2.676674263866932e+01
4.910943459212288e+01
7.538902399846774e+01
9.434908721332862e+01
1.531683435445504e+01
9.212169670132999e+01
7.745216799781292e+01
7.221346724415825e+01
8.632938260507275e+01
8.709585731248178e+01
5.177625406150531e+01
8.504867231708424e+00
4.658666073651363e+01
9.941437109346239e+01
8.253130194848930e+01
2.312103133793968e+01
8.022253312180869e+00
9.344620690375855e+01
6.532071384849060e+01
2.001849330031243e+01
9.615286323062743e+01
8.077092002181845e+01
6.550338280643494e+01
2.588946806541153e+01
3.716036925891432e+01
7.811679922887906e+01
7.331809656383382e+01
4.209155218773128e+01
8.562326812447201e+01
7.545109995428990e+01
4.559006320572927e+01
7.452824650077532e+01
7.745324861139676e+01
8.648214414086293e+01
2.004166292959902e+01
3.987736890086781e+01
9.170497068749040e+01
4.115346700006792e+01
2.008505604233828e+01
7.006266241430428e+01
8.440389218013915e+01
7.186131010384361e+01
1.014768579515986e+01
7.483598504906334e+01
7.411930997582120e+01
9.267898774364916e+01
2.687828514113943e+01
5.955841637195945e+01
8.612519460084158e+01
9.219899898963003e+01
5.012823503936093e+00
1.023099385678349e+00
1.457770569928815e+01
1.333656637619090e+01
4.013140836736719e+01
1.841751854793053e+01
5.872414138108685e+01
1.344950493120099e+01
4.196639002392366e+01
3.615667206987583e+01
1.071972800917911e+01
8.799377623386391e+01
6.441799861584697e+01
6.185741879132456e+01
1.603382188642110e+01
6.725054446945458e+01
5.011321089701411e+01
1.355759986376278e+00
3.443443217986936e-01
7.019826693935239e+01
7.141842240068057e+01
8.432167642019766e+01
4.205957704319599e+01
4.998595200012716e+01
4.407795162130052e+01
7.667654658512983e+01
7.178822856945369e+01
7.095623676243994e+01
7.817212030206441e-01
5.791342312372915e+01
6.315523575206997e+01
8.193394317381734e+01
7.878009810986933e+01
5.128953189183470e+00
1.352023846168082e+00
1.891150647723652e+01
8.030412186882650e+01
4.257579238273939e+01
7.032632994015064e+01
2.227051184618404e+01
4.241338257790235e+01
4.308073941761662e+01
5.182218963830834e+01
3.114504699182932e+01
5.653816724966195e+01
5.575379592168788e+00
6.670556453368885e+00
6.651378146676057e+00
1.761472007148653e+01
4.766319880618862e+01
7.684964508602845e+01
6.744605305951372e+01
8.306161224984639e+01
1.890922208265831e+01
4.655529393188436e+01
2.095856388144128e+01
7.477107652219527e+01
1.834352245477192e+01
1.154453326554249e+01
9.081010054368997e+01
7.625694562506720e+01
8.500225669005991e+01
3.515667018255063e+01
1.644842648713310e+01
8.697647568163298e+01
4.134725189830515e+01
2.835144476422642e+01
6.728059750389336e+01
2.987931213801695e+01
1.805429696946139e+01
9.111338536772568e+01
7.229269471591930e+01
4.951907370682763e+01
5.283493653537470e+01
6.389854371729239e+01
7.637156950140911e+01
6.317040746247881e+01
8.579463231647138e+01
3.743495421364668e+00
7.713808402285823e+00
3.345783112266000e+01
6.328958969716430e+01
2.940317258676662e+01
4.409568321150527e+01
8.467486271852389e+00
9.106689705097438e+01
5.146184025866065e+01
8.029703571474973e+01
1.304744152028460e+01
4.328546735611067e+01
6.584274599600711e+01
1.278498471378581e+01
3.838005687034692e+01
3.468333745127699e+00
9.130262606372249e+01
2.535653250541376e+01
3.173604148055242e+01
5.715270813421937e+01
3.670247906665433e+01
1.948866994096370e+01
8.064221696958049e+01
9.667024426007190e+01
1.906642793634274e+01
8.210607947879755e+00
5.388313953479898e+00
9.304056805234428e+01
6.764093356562822e+01
3.279084872118703e+01
2.257999620520510e+01
7.294538383043621e+01
6.626257182390549e+01
9.246685714110120e+01
6.990781681142180e+01
1.391651435471909e+00
2.297013351832057e+01
2.506921488096435e+00
3.737967397895626e+01
7.915207728704068e+01
8.280395724941229e+01
8.229397976877819e+01
2.243754464315136e+01
8.838521092589255e+01
9.435449451876547e+00
6.081760151349827e+01
6.816258466251315e+01
2.651802521502507e+01
2.549737516115297e+01
8.505700583805191e+01
6.259844641322197e+00
7.881126402821917e+01
7.353136226233624e+01
7.583381355546128e+01
6.099950334103755e+01
6.404613347912493e+01
3.741750611803378e+01
4.888304278668158e+01
9.783207923072953e+01
5.058439637095872e+00
1.744176420264028e+01
3.307280686361380e+01
3.498660257784026e+01
6.086212399455818e+01
7.802056925279115e+01
8.662238488282188e+01
6.225377543003009e+01
9.510368834952996e+01
3.369111215401958e+01
2.931954382421428e+01
6.953566207994506e+01
9.530497798477532e+01
6.021831387664113e+01
6.974009381129410e+00
9.261486814013443e+01
8.209306717947734e+01
6.559941054582569e+01
6.077745280264758e+01
8.611092347936282e+00
4.568998522390145e+01
4.583445859413336e+01
8.642826396339957e+01
1.286369744355962e+01
7.766519765260871e+01
4.821410050998167e+01
4.252672709642291e+00
2.520371387954975e+01
8.563160662801546e+01
9.127490417625518e+01
1.258702558120108e+01
9.069004626511132e+01
2.268323326608317e+01
2.726163781586180e+01
4.918601924981271e+01
6.648334193345315e+01
9.891531909765457e+01
3.141384759518032e+01
4.579913264410530e+01
7.956035415621491e+01
6.510495974919989e+01
5.114565140155407e-01
1.292308937428663e+01
7.552776568360989e+01
7.241789618153959e+01
9.694552887088877e+01
9.812355199741364e+01
9.008331675551986e+01
4.570614590575273e+01
1.842056699954931e+01
2.994839932301473e+01
4.219809888964431e+01
5.963671717775833e+01
2.328686277535132e+00
9.392733596913858e+01
3.730191478380091e+01
5.054278683408293e+01
1.421142076803903e+01
9.183931089557676e+01
3.617439341553226e+01
1.945288983148192e+01
4.351431491948399e+01
3.514680561383572e+01
9.815720990214368e+01
6.333287966592837e+01
5.629070073193437e+01
2.568148031164030e+01
2.312056856375214e+01
6.216026645254357e+01
3.395255470366802e+00
9.503612778849720e+01
9.948128550289259e+01
7.199206951632726e+01
2.281156369615885e+01
3.666592763581590e+00
7.117939990534418e+01
3.357931162863007e+01
1.291602897127905e+01
1.750474722008442e+01
9.469098942107101e+01
6.865159630247001e+01
4.483034952768607e+01
2.151377569954553e+01
8.501206607791225e+01
4.715903585178733e+01
1.045063729884598e+01
9.455846943639148e+01
9.770182268587025e+01
9.357819095886228e+01
8.639778033196824e+01
3.387621605483639e+01
1.303108074377807e+01
8.546944301830112e+01
1.282243654728981e+01
5.516720384134315e+01
8.727267109196292e+01
6.788417886378438e+00
2.714471678582240e+01
2.748444631112946e+00
9.807945969425117e+01
5.232929710872904e+01
9.056068635106119e+00
9.756074519714375e+01
8.484037573674711e+01
4.913609644823526e+01
9.720019255634407e+00
7.838501896634000e+01
3.887069511174722e+01
5.995104855855510e+01
9.306257832472332e+01
8.556101093327673e+01
9.050266830739689e+01
2.161357049905396e+01
7.682891193629658e+01
6.775821050058966e+00
4.138001205463894e+01
5.838875740691496e+01
7.098208976489589e+00
7.149885528325049e+01
8.417589337759460e+01
2.432372682929212e+01
3.017919297804087e+01
3.800773529243084e+00
3.574218397761797e+01
6.378763358285075e+00
6.755464280375961e+01
1.692759279018622e+01
4.127818287409757e+01
9.469935963614815e+01
1.967603746786529e+01
5.533858563533919e+01
6.421165343570135e+01
1.746060984090930e+01
5.836060245445026e+01
5.763551795745060e+01
6.811157831368575e+01
9.081514062863548e+01
8.015463830910373e+01
4.350669372058785e+01
6.473835332539787e+01
7.458033178680591e+01
1.174718514631837e+01
5.663431503653261e+01
8.608496486492686e+01
9.122983128355342e+01
4.526592765248657e+01
5.085368922485676e+00
4.696485448952991e+01
5.236413662897615e+01
1.547784442802791e+01
4.035589026303770e+01
2.904529898848631e+01
2.702819235950158e+01
8.772003794448452e+01
8.996013234833261e+01
3.598266096598593e+00
5.527468070167800e+01
2.905175463717979e+00
9.176682405721715e+01
4.997404029126001e+01
3.000836899970116e+01
6.308881373288521e+01
4.980237639965600e+01
4.898385086515166e+01
7.201405245438872e-03
8.529307971954955e+01
2.001818559133363e+01
8.520735552776948e+01
8.759253266621033e+01
7.729134647049538e+01
6.925449919386510e+01
3.174225940915861e+01
8.917469097728595e+01
5.037114319874492e+01
7.531851631371237e+01
9.094846192325859e+01
6.172160024834872e+01
3.610373914060357e+01
3.645040916113668e+01
7.732770674737529e+01
8.847081600151529e+01
9.584578475721450e+01
6.755415767783028e+01
7.332537065880624e+01
4.558574424385360e+01
2.970655738828078e+01
8.674026857444098e+01
2.112710644543502e+01
7.883615408969864e+01
5.464279123332481e+01
9.899395606433691e+01
2.775564181048220e+01
9.390672500892856e+01
1.585446145192462e+01
8.970348610994569e+01
9.153126119241642e+01
2.124798690026998e+01
5.198851411789121e+01
3.698310271696332e+01
7.221773875514872e+01
9.662179746507751e+01
9.609901346084617e+01
2.455185438718268e+01
2.817403256342469e+01
1.344390400380078e+00
2.620519032990802e+01
6.040521876905357e+01
8.324603879975436e+01
1.585668130584838e+01
5.389771538502431e+01
9.929226622883802e+01
8.738067070365915e+01
2.170115333129705e+01
9.528911746818997e+01
9.840358844883907e+00
4.860548197692516e+01
1.556343353146847e+01
8.537099793803458e+00
8.841400406715181e+01
5.732211664194340e+01
9.291737228302162e+01
4.615623678367410e+01
3.060366401011295e+01
5.855367638103369e+01
3.282216677107949e+01
4.220761677353067e+01
3.266141178675993e+01
4.693025576273457e+01
2.317827647699894e+01
9.336078404139764e+00
1.914799447131715e+01
6.967408567186169e+01
1.120337746627786e+01
2.848819630615795e+01
9.570282869772187e+01
9.695102753907024e+01
4.312100719805854e+01
4.395688103696186e+01
1.891558697396684e+01
7.979767377478893e+01
9.785459642198616e+01
1.330563044795097e+01
2.706077011630906e+01
7.074328072869372e+01
2.387312502780609e+01
6.690930159152919e+00
4.182467741976710e+01
5.924495433422036e+01
5.400712362211529e+01
4.245310283380239e+01
2.829734302512246e+01
4.678965604248906e+01
2.122474341710319e+01
3.210890536760395e+01
5.944635069903283e+01
6.250354436342770e+01
3.979722971087193e-02
9.210776248579276e+01
2.621268286659041e+01
8.765932302347352e+01
2.998124683740607e+01
5.424685522646031e+01
5.733340869533522e+01
4.232130299430401e+01
7.116267209461084e+01
4.088507096324352e+01
9.624414280813380e+01
7.741751497491147e+01
8.484195200020538e+01
9.533543027720202e+01
6.679346187356555e+01
8.339313612477535e+01
9.169640582599510e+01
3.089524825610930e+01
5.811110216104942e+01
3.715191829816993e+00
3.693443752682509e+01
3.746596907147485e+01
9.666136279546718e+01
8.776562967699283e+01
7.991907190527724e+01
5.751705568168175e+01
1.582211368522705e+01
6.762116144766154e+01
2.740194216715263e+01
2.915907792242201e+00
9.528341297771941e+01
8.176185697399167e+01
1.234743255765523e+01
3.038227368629644e+01
8.582675558786222e+01
8.553789890629142e+01
9.288327609788779e+01
3.057235233978012e+01
4.588680381229464e+01
7.898051528212639e+01
2.536266540426885e+01
8.645360883625858e+01
3.435231923794016e+01
6.368835948579402e+01
3.676198815776128e+01
5.858913741940127e+01
5.105618091814973e+01
6.721518797204605e+01
6.097020369999586e+01
6.659013510988567e+01
7.461801165464242e+01
9.583533387437245e+01
4.056104134794372e+00
8.438304284791603e+01
4.101471744525001e+01
8.397517604007160e+01
8.272922042884362e+00
5.683683113047705e+01
9.500329242786546e+01
8.999498178716514e+01
9.211589879920516e+01
6.567961935218406e+01
6.280528598595657e+01
5.731892020316744e+01
7.935717109560835e+01
8.093038153877966e+01
1.214448609954886e+01
6.094064510471217e+01
1.150273383199365e+01
8.748959195217564e+01
7.281764381230698e+01
8.527477657668049e+01
2.322227141038621e+01
8.680792641211670e+01
5.730774223679106e+01
7.308633940903765e+01
1.319794781189316e+01
5.575694216217704e+01
7.457978836008337e+01
4.577022932738542e+01
7.862739133584657e+01
9.198221577889389e+01
7.436457568517167e+01
8.223403607599160e+01
9.518024786151025e+01
9.208990227994039e+01
9.812681516545211e+01
5.250317214639074e+01
9.295000419623685e+00
6.023429700184349e+01
7.383549468304751e+01
4.067312979170732e+01
2.591391630746141e+01
5.356774141712475e+01
9.075209670269494e+01
2.687994201056657e+01
4.986950212617847e+01
2.595661768035806e+01
4.678978442530604e+01
7.256251316171256e+01
7.047942516881946e+00
3.463488795544714e+01
2.469430399345900e+00
3.027021392726815e+01
2.719761777073034e+01
3.221839192892350e+01
3.356553289739673e+00
7.777439494513646e+01
5.804909936061553e+01
6.389364076959605e+01
2.998311143833358e+01
3.667649069646210e+01
6.595288322584372e+01
8.147289104828280e+01
8.590001616901719e+01
6.113313104078784e+01
2.665483589594012e+01
8.601865763124947e+01
9.040351160355075e+01
1.086290092713335e+01
4.625295458652683e+01
9.535724799863866e+01
5.729004398793450e+01
7.216687089398823e+01
3.473370835871143e+01
5.082845923063739e+01
8.879198361597582e+01
9.054436175643670e+01
7.399875837098749e+01
5.167336759701062e+01
4.350859417743450e+01
5.670626971717284e+01
2.953670887720618e+01
2.278081147129685e+01
8.157971183842966e+01
2.383322763435227e+01
7.822453816338654e+01
2.499783561797712e+01
3.450872159307297e+01
3.627363752400206e+01
6.201918058191388e+01
3.990198100912477e+01
9.587409673066534e+01
2.198528620506883e+01
1.673853477311252e+01
9.231011434100108e+01
7.646998021587263e+00
4.194729670041581e+01
2.491517505837380e+01
3.135977495990683e+01
2.916933620775553e+01
2.458172651221125e+01
3.095513956200105e+00
4.144313630715158e+01
9.674859745276561e+01
5.394121103637908e+01
9.374366067058577e+01
5.358903717882421e+00
6.269916289611680e+01
6.774241899500714e+01
6.769254825436163e+01
8.623133296437157e+01
2.547151014463581e+01
8.656898019209922e+01
1.120894072167992e+01
6.010603460488191e+01
6.940975923529349e+01
8.943347893163258e+01
1.096725925382565e+01
7.781202843310872e+01
1.506740879969085e+00
5.879357320200352e+01
3.586537420557131e+01
7.459099272945477e+01
6.477074705286452e+01
4.668359972847793e+01
9.359743743836761e+01
1.355016674546067e+01
3.873557487443815e+01
7.143506094414511e+01
3.807646047234370e+01
2.714705086645999e+01
6.300724379858339e+01
7.347416513295573e+01
8.423848873201688e+00
5.084843889383992e+00
8.946770326675274e+01
8.075757859310022e+01
6.979335871049825e+01
4.991134863808348e+00
3.433465046544310e+01
1.714468361676889e+01
5.507195156769452e+01
5.001571585890638e+01
9.901481405785997e+01
3.379819762604227e+01
5.924574735539302e+01
6.842457324658734e+01
4.594020128526735e+00
1.800930756982849e+01
8.990368130146697e+01
3.882390402202676e+00
7.683997651414944e+01
9.882439221200737e+01
2.895838112056180e+01
7.586046311811566e+00
7.009461595215583e+01
9.210876966459153e+01
7.345467967607765e+01
6.718039068727772e+01
2.597181490900545e+01
5.824008824221794e+01
3.602533039451825e+01
8.561185434721962e+01
8.986494042438685e-01
4.841659271550206e+01
7.372618302410756e+01
7.549712088680693e+01
2.400172032602211e+01
2.317831838651482e+01
2.642085604668635e+01
6.858900127401063e+01
7.305091106009246e+01
1.988523999223730e+01
4.303156865901853e+01
5.363452963234602e+01
4.948315264167411e+01
3.174962239887082e+01
4.049029831797364e+01
7.454976857386053e+01
5.331100479388191e+01
2.404798857124894e+01
7.214469754702631e+01
6.727376783605375e+01
7.206091050620233e+01
4.384439147256519e+01
9.286382333043210e+00
2.984613181550341e+01
8.909020996144517e+01
9.528674282845424e+00
5.481784071531978e+01
7.434997804199810e+00
8.769009839170151e+01
4.914528226905748e+01
9.053472606024459e+01
8.412929139292299e+01
3.510633825096597e+01
6.426090903778604e+01
2.045712281039782e+01
6.724200773390103e+00
7.914467648563192e+01
7.373322270518786e+01
2.478684383667393e+01
2.776222938101843e+01
4.962319249735362e+01
3.191491534556957e+01
8.139675901336444e+01
2.744037980560231e+01
6.387556691834496e+01
8.318700244798652e+01
2.977345792100460e+00
9.618608006098590e+00
5.698567799152140e+01
3.579725494412578e+01
4.361511172895092e+01
1.620720178643577e+01
2.611126463213529e+01
6.081866480448221e+01
4.605333364850532e+01
1.337668165256115e+01
9.077480276616980e+01
7.491959779286739e+01
3.500954962103141e+01
3.723308864852092e+00
2.406488001535874e+01
3.120716820992863e+01
2.596647852378268e+01
4.371513474905637e+00
1.452840166842956e+01
9.341161283357610e+01
9.047571317780563e+01
6.391793701980168e+01
6.321801057235245e+01
9.683284549826423e+01
6.947136147388787e+01
5.111774711456045e+01
2.874776079726767e+01
1.187905301893086e+01
7.855812692016276e+01
5.354925480370841e+00
7.471576359808248e+01
7.709836483797913e+01
7.427861493745755e+01
1.936844988696671e+01
8.082363101692108e+01
1.201113439724368e+01
8.166047920550243e+01
1.490827287310188e+01
6.239007099642887e+01
9.765451820458030e+01
8.456352468792512e+01
6.936303953144841e+01
8.362392656673860e+01
2.693880834939834e+01
5.089939476498374e+01
5.288910179067827e+01
4.555853775029934e+01
4.834730194338938e+01
1.924094549344897e+01
8.892868402829798e+01
5.142747426937683e+01
3.515360771452711e+01
9.370233174120185e+01
