7.837791232316657e+00
1.221566484878569e+01
7.188123467931582e+00
3.965759917146415e+01
1.909436542498617e+01
5.049878584709894e+01
3.141373001570522e+01
4.064167674660761e+01
4.483692154513529e+01
1.792781162910527e+01
9.174223281058586e+01
3.472520147204641e+01
8.217594343338904e+01
5.504476872973366e+01
1.395736607441556e+01
5.657530229379204e+01
2.420167262861583e+01
7.622517499896939e+01
1.590891788523128e+01
9.234536219963123e+01
5.273407555778235e+01
2.830119120343644e+01
6.388805795641991e+01
3.303452955234541e+01
4.313403677341250e+01
4.928514009773971e+01
9.497482902136390e+01
2.848107457555881e+01
8.502659647959592e+01
7.706114243579151e+01
7.502803624376098e+01
1.221925020786899e-01
5.172563956665138e+01
4.611121231974625e+01
6.027708233347027e+01
7.544068902518633e+01
9.660999816684517e+01
4.058503948179308e+01
4.104443068664727e+01
6.222312229789008e+01
6.341475260602998e+01
8.541739261030098e+01
7.228746776109909e+01
1.738113882829488e+01
1.190981926019761e+01
6.527304102912221e+01
5.074256530531801e+01
6.795276350712066e+01
1.221471708836719e+01
6.665148319054930e+01
3.881929872502540e+01
4.859031250169050e+01
7.108912233779631e+01
7.645861849955219e+01
1.102046296513661e+01
1.496397052657044e+00
5.542367792475209e+01
1.171458527059974e+01
4.623486271418392e+01
3.550708272285158e+01
3.227616615233764e+01
5.207279373522512e+01
5.677875832504535e+01
8.400180576555515e+01
5.785856761869908e+01
7.096292249437558e+01
7.302813496115996e+01
5.654034891936013e+01
3.164690264111706e+01
2.252768805368230e+01
4.749673746875335e+00
4.393155530278177e+01
4.955248294843011e+01
9.436127631662472e+01
9.615326560854598e+01
6.411937589948968e+01
4.832810435831924e+01
2.413682603469902e+01
6.464101074479566e+01
3.653733690108049e+01
2.646013336556970e+01
4.284235208427643e+01
4.434997795352245e+01
1.082159113642834e+01
5.967730943098539e+01
9.126564357023018e+01
1.844188888484700e+01
3.213299956737691e+01
4.815294968343943e+01
3.913992198144082e+01
7.722915032749491e+01
8.210139823244018e+01
8.280395724941229e+01
3.658971443613513e+01
2.324349578621029e+01
5.481059246454882e+00
7.397352409268427e+01
1.920941840820453e+01
9.773589069849619e+01
3.878674238863715e+01
6.533748384813661e+01
8.241248581670806e+01
4.747421264065160e+01
3.778215667129594e+01
3.341920675403401e-01
6.634709381793956e+00
3.542866010005989e+01
5.478804286326656e+01
7.011108499491172e+01
6.191290810793308e+01
2.347288374950778e+01
9.442729945035060e+01
4.243083034755235e+01
6.490406313208122e+01
8.880013417862362e+01
9.969698572517233e+01
6.068284845011441e+01
6.368443545125631e+01
8.323545362019699e+01
4.322656339184687e+00
3.949118104739635e+01
2.742234199653489e+01
8.642405461819101e+01
8.505948194538219e+01
2.148714732447972e+01
1.105347369380923e+01
7.254253051827779e+00
4.580364615926689e+01
5.336112987872266e+01
4.345498752941144e+01
4.389999706479720e+01
1.869861368029314e+01
4.132259909125166e+01
2.111725100368133e+01
5.882869775352473e+01
4.165679115879200e+01
7.239800531994459e+01
9.977186820459173e+01
9.239935227315843e+00
5.050229879585202e+01
4.203629858886651e+01
8.673819396027281e+01
5.104083225645164e+01
6.073167298954524e+01
4.943403836779019e+00
2.843016634156469e+01
2.225404215150235e+01
2.844848382680141e+01
1.202719063126817e+01
2.521285378616901e+01
9.609685614523332e+01
7.509602986979114e+01
7.506895040863610e+01
1.650907132612032e+01
7.658288924795710e+01
7.358807505741160e+01
5.619543923819226e+01
3.434468127523767e+01
9.669441827418954e+00
4.570614590575273e+01
3.719136809799418e+01
7.346388347142558e+01
2.730879812841713e+01
9.318444635401687e+01
1.667502816611669e+01
1.874706233793267e+01
7.706552007098939e+01
6.579221434229622e+01
7.939445552387949e+01
6.605222926756936e+01
1.629451309158211e+01
6.857909186211373e+01
9.636837341653573e+01
6.953809790757396e+01
9.170261392914811e+01
1.744359993256796e+01
9.796826424913866e+01
1.395665603408434e+01
2.856937974159111e+01
5.022953406452645e+00
4.450242414348872e+01
5.658981625763225e+01
6.517889586518467e+01
2.165146638716174e+00
9.497308875200017e+01
4.966386409926408e+00
7.575322169612777e+01
2.478674381262937e+01
2.330932571706796e+01
2.692437047461251e+01
1.891831635447141e+00
9.281846531332400e+01
4.304006539426747e+01
2.010324188512901e+01
8.335402015752813e+01
6.118631305228281e+01
5.806554824023766e+01
4.016631415121552e+01
3.586016019613489e+01
9.951866562455830e+00
3.774235455214156e+01
6.266805718777145e+00
4.092280750205871e+01
6.191364632077219e+01
8.623578016936582e+01
7.360754649788493e+01
3.031261108364566e+01
7.245247320851892e+01
7.042484854833448e+01
2.400211897865036e+01
3.721139390823031e+01
1.223292220953523e+01
1.157445242236110e+01
6.490131517169127e+01
3.176528920036056e+01
1.493898188459639e+01
1.108887400994491e+01
2.251912030508701e+01
2.691902021268337e+01
5.783440990272649e+01
3.218164687612170e+01
7.327364397853316e+01
9.843939985075937e+01
5.631333331405806e+01
8.155945375634332e+01
7.218900237800041e+01
9.589639678406361e+01
8.873491086472521e+01
4.711751795705293e+01
3.853624585947779e+01
8.581967367130316e+01
5.274272414517716e+01
3.781882791678367e+01
4.036071712167967e+00
3.574218397761797e+01
5.062996621738652e+01
1.480521984156464e+01
8.473781761002626e+01
4.309230113546005e+01
4.605273336453956e+01
5.369570607025908e+01
4.987525374157133e+01
4.032172637075266e+01
7.046111536699399e+00
1.477656891326260e+01
5.380082826772743e+01
8.694421331721554e+01
8.422821382257538e+01
6.561565877199902e+01
1.497167670865156e+01
8.947513293916133e+01
3.166874359905196e+01
5.822265402331141e+01
5.180922488300559e+01
1.141364407325799e+01
3.866838940357249e+01
7.438885610289353e+00
3.160233159158487e+01
9.832337819893070e+01
4.063491371489825e+01
8.316881106382647e+01
9.239345211181484e+01
5.920877356976679e+01
2.098763893404400e+01
6.152667322267158e+01
2.996320711912737e+01
7.161760515143052e+01
1.461699419404240e+00
1.461984171281561e+00
3.302697391855855e+01
1.336144102428176e+01
9.091466683471327e+01
9.529861123082163e+01
8.451585978479864e+01
4.314548719820822e+01
3.864592418011554e+01
6.872404546883145e+01
1.476763087081147e+01
9.806017326100738e+01
2.614713792044071e+01
7.653405045929088e+01
9.961804142204022e+01
2.726019435900272e+01
1.232763436265645e+01
3.500413626199781e+01
9.040756504536027e+01
9.140368089610882e+01
4.995927845591645e+01
6.463398354343791e+01
1.855359804749191e+01
9.032089178931010e+01
5.708950462615559e+01
1.724963538220601e+01
2.149407361703649e+01
7.352798710275813e+01
1.960884459298516e+01
4.437390335107870e+01
3.865718442884143e+01
6.867511326851096e+01
6.012936637742881e+00
7.168415834739999e+01
8.935785884473373e+01
7.776957432635574e+01
6.698276953165548e+01
7.073942216613302e+01
5.234741827116694e+01
8.094178833111273e+01
4.323465160244827e+01
1.390979197524013e+01
1.364578987175868e+01
3.419066217457441e+01
8.448570584155884e+01
4.431774744033709e+01
3.364968497010399e+01
6.843131136541781e+01
3.246078967697024e+01
2.245776798690565e+01
5.491930993968589e+00
4.525254706165406e+01
6.396953173166585e+01
2.413052056177078e+01
8.231913539688995e+01
8.926914613194258e+01
8.083511971907463e+01
1.923598769085295e+00
1.634769575500288e+01
6.213853878999992e+01
2.751094881794926e+01
6.975594915903916e+01
1.422870057366262e+01
5.676715525647958e+01
5.131435694699844e+01
3.113420039002514e+01
8.985730767709079e+01
7.319351195972111e-01
4.703847018398273e+01
8.684383131882353e+01
7.050962800649442e+01
2.684286722300708e+01
2.649724480067252e+01
7.009757690601869e+01
5.153896247574080e+01
9.119746572859468e+01
2.122649523486686e+01
6.111668984457697e+00
9.797952161076456e+01
8.013945258229013e+01
2.219439271008335e+01
5.080415529702053e+01
9.912633621093182e+00
5.304571569573400e+00
6.497437617041840e+01
1.280556852594277e+00
6.018184165478770e+01
7.271732193078722e+01
8.787442147167140e+01
3.736054461326476e+01
2.941776664434828e+01
7.198252844250878e+01
3.054104653677952e+00
6.922249685471063e+01
2.874968369898837e+01
8.322390563936155e+01
6.416292738363283e+01
5.428081483313851e+01
2.308550380314025e+01
5.000080957543143e+01
6.967777091529118e+01
7.885562580956874e+01
4.102848737548501e+01
1.534825862168719e+01
3.567449675671500e+01
7.083866701966089e+01
5.853476662120538e+01
3.525226010719885e+01
3.087635344400832e+01
9.653867836880437e+01
1.539171264292286e+01
7.221139337504813e+01
1.162398374249413e+01
4.696779090304290e+01
8.755172197127330e+01
7.246203072018084e+00
1.222182834158737e+01
3.765461879673163e+01
8.120859595071924e+01
5.357941847926910e+01
6.384039426401276e+01
6.290791875818181e+01
3.794414048918716e+01
1.544162291821168e+01
3.446925689208752e+01
4.066237078079133e+01
2.151444583270440e+01
9.613588973699876e+01
2.937149984267144e+01
9.412600104423520e+01
4.613669926586407e+01
2.021638109358791e+01
7.842288924307697e+01
7.534801996096411e+01
3.556463971527509e+01
9.594169435833659e+01
3.739754536067952e+01
8.812503069086235e+01
2.147787307457899e+01
3.590690495255725e+01
8.355955643745117e+00
4.872050157222920e+01
3.712466481939175e+01
8.663324252079858e+01
6.084506928960097e+01
5.695493237904968e+01
2.516291380169006e+01
7.306689767775447e+01
5.348005860740322e+01
2.788894252287640e+01
5.587522804545016e+01
4.572595415903533e+01
7.723617487458334e+01
1.746368897960693e+01
6.476954313217176e+01
3.696386969506921e+01
8.358909207563340e+01
8.628398901144229e+01
5.773506535111697e+01
1.296059187173871e+01
6.119719252977389e+01
6.921720745471175e+01
9.242201977987867e+01
7.260489672078047e+01
7.700171208800828e+01
9.538194467098543e+01
6.854659103255094e+01
4.268817586949476e+01
6.117474886643456e+01
5.414552965860140e+01
2.096596654549519e+01
3.760756479464823e+01
2.329578973506381e+01
7.308706598034457e+00
1.843054756449095e+01
8.414085902466478e+01
9.030935903559875e+01
5.918055798820247e+01
7.457978836008337e+01
1.954083885976153e+01
9.747896604122546e+01
9.903770293995630e+01
8.516218861805378e+01
7.063426015462460e+01
6.118584934677271e+01
3.087795899756158e+01
3.068752923546710e+01
2.378907661130143e+01
3.832329112958317e+00
9.675818858517250e+01
7.446801353919693e+01
3.045129116179947e+01
5.565905205703297e+01
3.064884721797372e+01
7.559948706794506e+01
9.691532100407188e+01
3.113539541658731e+01
4.414607805392988e+01
3.026683792949972e+01
6.026724495937453e+01
7.356920697426852e+01
5.584997481473255e+01
3.842639985421039e+01
1.810760470950399e+01
1.774162907048204e+01
8.960674418583827e+01
6.675281136611142e+01
8.643674761356635e+00
3.596492071448123e+01
7.508675245339365e+00
2.998311143833358e+01
7.855100123144267e+01
8.345061740067351e+01
7.342727113209071e+00
7.018969420818132e+01
5.171648606272251e+01
9.125312007556349e+01
3.617660945103346e+01
7.777834314749499e+01
3.767523851137386e+01
5.587364102521614e+01
2.835947290452173e+01
7.062905992876229e+01
4.982079009051472e+00
5.831087793144903e+01
5.082845923063739e+01
2.091904996005774e+01
5.589495960431871e+01
5.020899616657244e+01
5.118588788955747e+01
2.522773622778605e+01
1.732812063644087e+01
7.725799552968610e+00
9.956087572479662e+01
5.307974850436661e+01
8.328814231012396e+01
4.904524984259403e+00
8.583761336553731e+01
6.262633095617701e+01
5.794937394463894e+01
2.417552611985035e+01
1.127195465903355e+01
7.256218491707099e+01
2.849266958818430e+00
2.548565935598950e+01
2.777425415244617e+01
8.593135470800630e+01
8.037266581336627e+01
3.175683572504522e+01
7.220544892931611e+01
1.913036351051664e+01
9.438171568065030e+00
8.874907697958363e+01
6.824656858492949e-01
8.306394395561141e+01
9.816277967680375e+01
8.081087445877999e+01
9.265677537427133e+01
9.117855033426478e+01
3.026421695494290e+01
9.780163550647052e+01
7.089934762143500e+01
7.182534172750327e+01
7.615004064335955e+00
5.161031705867980e+01
9.557293480987332e+01
5.412389796884912e+01
5.548054350329588e+01
1.395526319460723e+01
6.472987405244722e+01
8.039408013242952e+01
3.813078931445758e+01
6.691045251996744e+01
4.902796924534625e+01
7.234565800630752e+01
3.033460869003767e+01
2.129452201598069e+01
5.827701266774768e+01
1.070727445683781e+01
1.128289821151779e+01
6.491761108158045e+01
3.576470256585847e+01
8.359366193581077e+01
9.931471431595959e+01
5.685371856989978e+01
4.212970265286495e+01
3.562198702042084e+01
9.041557283625733e+01
7.625163331453298e+01
7.695264163285151e+01
9.080927925687715e+01
7.108188977981075e+01
1.115041515377835e+01
6.263462093781429e+01
3.594941717383890e+01
6.759573429245303e+01
5.036044123133665e+01
5.201138814539248e+01
4.919814260173502e+01
6.431570442594388e+01
1.352480203543082e+01
9.383562993902510e+01
1.052728710254994e+01
3.731242480562647e+01
1.319042407590450e+00
9.505124655321764e+01
9.387635402096267e+01
3.478060957732639e+01
3.581869557305178e+00
1.051069302973835e+01
8.208080585211553e+01
7.338616469566998e+01
3.381021247888459e+01
8.037689825537470e+01
4.472943518531017e+01
8.048508226894079e+00
4.387652745650919e+01
7.687170346121849e+01
3.771613167492493e+00
5.413536394673184e+01
8.676187539788050e+01
9.957003919387704e+01
8.406464340354532e+01
4.079705059565467e+01
5.608173779029480e+01
7.000816868152849e+01
8.002870924772168e+01
1.053767055763755e+01
7.105560762391221e+01
2.032894828372120e+01
4.611268823319705e+01
9.204578762503610e+01
8.977258493647565e+01
6.586916547541934e+01
6.788736855047168e+01
7.697113979466779e+00
9.893500157582341e+01
9.636161122301668e+01
9.061431982117440e+00
9.930881070872248e+01
6.256137488529150e+01
5.742354609883555e+01
7.533983330956653e+01
3.460430434653735e+01
2.773435508261172e+01
4.929043527193853e+01
3.860458873147359e+01
8.163275936694478e+01
9.843481513598692e+01
6.724200773390103e+00
6.404445225561246e+01
1.539709699125825e+01
5.917527208066326e+01
8.030930551714697e+01
4.848520124726240e+01
1.051054206234894e+01
8.987446971697474e+01
4.942408159814033e+00
3.950614730804514e+01
8.160786548704276e+01
6.021561066630093e+01
8.834374718756590e+01
1.358764949887416e+01
4.073147966560511e+01
8.945337486893561e+01
4.587629784172228e+01
9.756324030345456e+01
4.164277219290043e+01
9.847784172672678e+01
2.364693056961844e+01
4.359644080679698e+01
9.576257322717579e+00
7.919867387004135e+01
9.697008561201864e+01
7.635038126090093e+01
8.804831751065716e+00
3.900554256467407e+01
3.469423108487121e+01
3.564345698600796e+00
8.687265370361165e+01
8.365982681683256e+00
2.957301276250417e+01
9.713677600824124e+01
8.111862143553729e+00
6.250692525063963e+01
2.351781135588783e+01
3.799138066265331e+01
2.556121629921776e+00
4.158196874967868e+01
4.807356449220030e+01
2.646675586070248e+01
1.158681321497392e+01
3.621309000822394e+01
9.904105653941680e+01
1.556951832751255e+00
6.554564608519229e+01
8.161529823281583e+01
9.174043479922248e+01
3.386871690576370e+01
5.501029386884081e+01
6.421968772272565e+01
3.025998781912960e+01
1.797018666657162e+01
4.341836154620087e+01
7.631519864141717e+01
9.655112204912638e+01
1.358520356639531e+01
1.993749110025237e+01
8.518472373726998e+01
3.926606696996189e+01
3.811771750362484e+00
9.485632674529046e+01
8.380105545921300e+01
3.601714970358515e+00
7.020244219815473e+01
4.734061790972046e+01
7.622555046166552e+01
1.189038777346275e+01
7.546500772026601e-01
1.424758695729430e+00
6.776032497536406e+01
5.306748023865161e+00
5.458923618057242e+01
6.558012360035448e+01
3.216066003412039e+01
2.827624139761377e+00
4.233658506643799e+01
2.166021616275432e-01
2.614663943003241e+01
6.891886250531249e+01
4.284271436875812e+01
2.029985930784599e+01
3.081598367114364e+00
3.065440577019677e+01
4.199213978927217e+01
1.219247468383632e-01
8.402776042187017e+01
7.709258165075099e+01
2.360093282703354e+01
4.373044070961440e+01
2.888985449862194e+01
3.816149804655532e+01
6.458986739841749e+00
7.700962995971071e+01
6.989234642586315e+00
4.959078563823867e+01
8.046635961181781e+01
8.321478515081796e+01
2.444157899564206e+01
4.173753324045685e+01
7.866136141990376e+01
5.865989209090354e+01
9.280777447522048e+00
7.264663445420872e+01
4.494335853724897e+01
6.237473164795653e+01
9.822746189228606e+01
7.576124755468278e+01
6.259133380958407e+01
5.712203795887625e+01
5.552728625737470e+01
1.729017063849148e+01
5.109119687745869e+01
6.113456867688083e+01
5.268351438114583e+01
4.471257936428887e+01
6.479801040366200e+01
3.571366650784093e+01
5.028112560989387e+01
7.361450268589635e+01
3.915273325478319e+01
9.134688227965817e+01
9.436504323704403e+01
2.627822189884177e+01
8.900722525501961e+01
7.632074443452095e+01
1.884229002466532e+01
6.291384602101233e+01
8.203098032718104e+01
4.328386902030738e+01
5.702370552207516e+01
6.192966907375011e+01
3.258945328769714e+01
2.306889287339006e+01
9.533750675401535e+01
1.853199606692977e+01
8.365139704367677e+01
2.832230186477411e+01
5.863682178716959e+01
9.496047328922920e+01
2.676674263866932e+01
3.465224068362836e+01
5.426258763962546e+01
3.553616056942202e+01
1.412707763450550e+01
6.171850322825765e+01
3.413409345510141e+01
5.170965788499902e+01
6.439549991134344e+00
5.510684058773649e+00
4.123132589330493e+01
6.567716173160689e+01
8.734537124975834e+01
5.103763726122568e+01
9.521810975634405e+01
7.635259645821182e+01
3.708029176903902e+01
1.406039973444324e+01
5.387199160357564e+00
3.131476851707081e+01
9.235622924396593e+01
7.854743184454153e+01
3.386413577658317e+01
2.993884693362697e+01
7.595401284096484e+01
5.916424335872952e+01
7.774912429868670e+01
8.502496103058800e+01
5.183204400904106e+01
3.039506195597121e+01
1.697582333207867e+01
4.035941783355522e+01
4.947238282741624e+01
2.097908720419700e+01
6.908426232127671e+01
2.210678608254845e+01
7.680646939054434e+01
3.054282713241075e+01
6.374602013442014e+01
4.381771355113840e+01
3.605351119118441e+01
2.291583177769362e+00
1.014439766767640e+01
2.339888239437662e+01
2.714640708972998e+01
5.450166606088247e+01
9.665950233892514e+01
6.041961585191061e+00
6.485472156892285e+00
9.021949837460159e+01
3.754148592126625e+01
6.268928016661167e+01
1.457770569928815e+01
8.004782119768103e+00
5.376346300065678e+01
4.233164714757895e-01
6.053246593127608e+01
7.604723124580795e+01
8.544827754862993e+01
6.582041017982196e+01
6.442293155213023e+00
4.834648168103140e+01
1.829323685648536e+01
2.079818049482916e+01
5.219232912743107e+01
3.448240576986336e+01
5.203457709962250e+01
2.144825962439564e+01
6.502523290227411e+01
1.578059718747651e+01
2.295513382319134e+01
1.078744093458515e+00
5.670955267581602e+00
6.282493633349656e+01
8.690361505695788e+01
8.033775257893734e+01
5.525000870937947e+01
5.674446181242562e+01
3.623496291052316e+01
6.173548086627176e+01
9.055124753646146e+01
7.873157299064640e+01
6.224963351257593e+00
9.197521861268916e+01
7.846528518873514e+01
6.192138752058213e+01
9.370812810664444e+01
7.833986989145161e+01
4.472957567532062e+01
6.793335809741792e+01
5.256292412642526e+00
6.181820922615855e+01
2.604068318663197e+01
4.890991493543140e+01
9.537605684966597e+01
4.553996401165610e+00
8.339232075186088e+01
6.742315919484159e+01
4.333955796590986e+00
4.356012313792488e+01
4.282703713645554e+01
6.747291203004909e+01
7.836103587335023e+01
5.300182455824773e+01
1.967612580381153e+01
7.049066031840195e+01
1.945668171134623e+01
6.158014874047607e+01
2.398431167192027e+01
7.595496944894779e+01
7.775041879049988e+01
7.557383416014436e+01
5.468654239302806e+01
1.098142951306954e+01
6.885864574874688e+01
7.911416840698298e+01
8.264432539355211e+01
3.558800892698952e+01
6.462860794953471e+01
5.046044064241482e+01
4.172317941753342e+01
4.675777272635967e+01
4.658292897352154e+01
4.765030785819996e+01
6.389854371729239e+01
5.788066557509855e+01
2.785768226154972e+01
6.693055251004666e+00
9.020286988942087e+01
3.219163805814070e+01
3.580299538364773e+01
7.546317105901575e+01
6.093697862743259e+01
4.409568321150527e+01
9.069441966279150e+01
2.482628902645143e+01
5.478309577088017e+01
3.716762351671589e+01
2.688209699787297e+01
5.182959048628323e+01
5.275317740289177e+01
6.247819967683321e+01
3.510907969209789e+01
4.444608518129498e+01
5.581661525918945e+01
1.481597382333874e+01
7.303512216221314e+01
1.427230425843611e+00
6.653449929623608e+01
5.071201717979834e+01
8.898032707580380e+01
5.392534982130181e+01
8.020108667211657e+01
3.928592239473291e+01
7.372655662415855e+01
7.868071742294389e+01
5.018888807398682e+01
5.941904683570333e+01
6.393765521419126e+00
8.979418184132976e+01
6.739850876266067e+01
1.039015609323520e+01
6.643781772183152e+01
7.563888015022449e+01
4.263214382465563e+01
3.140387387545960e+01
1.061591087403517e+01
4.366935377180081e+01
2.254246492988545e+01
1.100295028230313e+01
9.549894425808402e+01
8.838521092589255e+01
9.435449451876547e+00
8.283411715311657e+01
2.998032231348582e+01
2.305459488325501e+01
9.765009097645529e+01
3.880588213857537e+01
6.259844641322197e+00
5.531791656060048e+01
7.437229173927209e+01
1.522927759924404e+01
1.798956236708423e+00
8.625364782579878e+01
9.511266960534857e+01
2.407976557690639e+01
9.783207923072953e+01
3.754147269648568e+01
5.830383238303654e+01
6.433275670946238e+00
1.443174728864419e+01
7.414479571121969e+01
6.557393519467392e+01
8.651648554323077e+01
7.584149929501186e+01
9.415312618676252e+01
2.399688122048829e+01
4.805783729444158e+01
5.257029740725192e+00
7.146251079228824e+01
1.363313543313795e+01
9.285095426852394e+01
6.372618771331673e+01
1.737501799006714e+01
1.495610052484837e+01
7.657037990939357e+01
1.626449586649635e+01
5.802088885475923e+00
9.793990282245908e+01
3.368907004300927e+00
2.138923603174707e+01
8.722175661810756e+00
2.759457162003711e+01
4.150518050487395e+01
7.556123909333779e+01
5.299547354364557e+01
4.259322264352497e+01
1.938286382676236e+01
5.085450180380349e+01
5.965386673791981e+01
7.818171585825353e+01
8.302561071842240e+01
4.331592067299221e+01
9.891531909765457e+01
5.869565674043058e+00
4.042583053951423e+01
2.195676189007087e+01
4.842739740779037e+01
6.909642166881656e+01
2.721379163079606e+01
6.656185065701689e+01
2.527637431643734e+01
4.665982865107237e+01
1.241476787832322e+00
1.570995054939294e+01
2.195676729174180e+01
1.911460520658391e+01
7.966327037646587e+01
4.219809888964431e+01
8.896568375125791e+01
2.818616765001144e+01
4.784362495310774e+01
8.783173486023756e+01
4.678435225355641e+01
8.185644880023619e+01
6.874806236883070e+01
3.853842007859537e+01
5.572310353430132e+01
7.469847489832830e+01
1.274235323664842e+01
2.779865638716084e+01
6.333287966592837e+01
2.567588995475131e+01
6.491482130480689e+01
5.290768265393920e+01
5.949124542972597e+01
4.202819710691841e+01
2.169541028407189e+01
3.366991008337117e+01
7.448835278604568e+01
5.726380807220182e+01
9.364851903805906e+01
3.457328748636566e+01
5.458512536929228e+01
5.023102930292070e+01
1.750474722008442e+01
6.212436969490925e+00
6.073428884182791e+01
8.320263604782645e+01
5.120400602519699e+01
6.010927444328986e+01
1.057797954910341e+01
7.657033064242933e+01
9.301310097473352e+01
5.048777086217319e+01
9.743239306725208e+01
2.550458350475160e+01
4.903764694418648e+01
9.743826142392972e+01
2.030584030798908e-01
9.524914468417370e+01
8.432819386214399e+01
3.767519054826125e+01
1.664155377850009e+01
2.172285873523115e+01
4.753156972468438e+01
2.221679939991645e+01
1.130417367038511e+01
2.847231413632273e+00
5.588670948328762e+01
5.433347139243664e+01
3.619126860806312e+01
1.526486613567214e+01
6.526021932496700e+01
1.149335210746776e+01
5.251343825483389e+01
3.187867702538086e+01
1.280283327810598e+01
4.730826553297614e+01
3.513262543600641e+01
5.212552964320663e+01
5.899556123604791e+01
7.437472346908167e+01
7.209698943053232e+01
9.586691395187142e+00
4.913638911635447e+01
8.417589337759460e+01
3.509127494650486e+01
2.065723124922124e+01
3.127520826238916e+01
5.667165823125823e+01
8.154049999152333e+01
1.498184195485983e+01
6.554071743299286e+01
6.148913645254873e+01
1.667366745726842e+01
4.481514135599841e+01
6.187308661726912e+01
7.346713429943991e+01
7.266187214882200e+01
5.836060245445026e+01
7.336622805957042e+01
2.791560009490493e+01
5.921034494378154e+01
9.742293786137502e+01
6.676847705001407e+01
2.803167022207364e+01
4.935292724955498e+01
8.616615924340029e+01
1.023129756107521e+01
8.608496486492686e+01
3.982915358609946e+00
1.443723543288057e+01
2.128599538527708e+00
5.617999693200923e+01
7.949608973203976e+01
5.484780788181713e+01
3.405495208411242e+01
7.201962530241330e+01
2.381749480209197e+01
3.371708408636837e+01
5.670389591562743e+01
4.096238060899190e+01
1.678213477916184e+01
9.866845789303466e+01
2.514519771800618e+01
7.623007412824317e+01
3.000836899970116e+01
9.682953515873734e+01
8.316970564572593e+01
4.898385086515166e+01
2.902908415022729e+01
6.714055634436224e+01
7.595634105427021e+01
2.223050660557603e+01
7.075900960283307e+00
8.766374429113407e+01
3.364883737342844e+00
5.466655420822396e+01
3.155223514491330e+01
4.617410574395866e+00
9.027767977224555e+01
1.554876473525016e+01
2.803341673129863e+01
2.338689212845028e+01
7.671970221061247e+01
1.842297670357999e+01
2.636061344591930e+01
7.480264174509917e+01
6.373005689295478e+00
6.408776732351993e+01
9.688871144172209e+01
7.173411383839982e+01
9.982894458800040e+01
5.818496884693622e+01
1.282879659572095e+01
7.769463475686248e+01
9.505635536976921e+01
2.297981838834464e+01
4.575039369321912e+01
7.133752874626663e+01
5.170273280316160e+01
4.806697808581729e+01
2.553872993473836e+01
7.134986909634893e+01
7.029748473795945e+01
2.063244330726212e+01
7.865082946543154e+01
5.097324724820128e+01
2.444390865249741e+01
6.116062643060490e+01
8.256411691315664e+01
9.264298397705097e+01
2.623464634001006e+00
7.568696494013395e+01
1.139729009540625e+01
7.116491388118123e+01
8.559712520129845e+01
8.963199010567367e+01
2.167612874027161e+01
1.127525996941852e+01
3.789356236247977e+01
6.546074182980729e+01
6.855424273226141e+01
4.718714693895874e+01
4.744628753859843e+01
1.063597612578234e+01
6.443817190101285e+01
3.148676358698251e+01
2.494249899170478e+01
7.489019375056503e+01
9.892428764092005e-01
2.342726067799482e+01
9.523640996554700e+01
7.329503170833691e+01
8.116947169470110e+01
6.553389465694032e+01
4.574891060858449e+01
8.457516901408097e+01
4.936060581792174e+01
6.891686179159063e+01
5.098735422407620e+01
6.677630444372832e+01
8.449693260923818e+00
2.239273904002865e+01
1.370197185953239e+01
6.832454990051899e+01
4.904212739739666e+01
4.539908508090259e+01
5.795653995962652e+01
1.313299066998669e+01
6.783629710219628e+01
6.406562615375296e+01
3.593580021333685e+01
9.604991986232341e+01
3.837047286255773e+01
7.055953939937034e+00
1.735988707158709e+01
9.626925852907321e+01
3.854271752691954e+01
7.552644809499684e+01
7.115945223307212e+01
5.781961374814604e+01
4.095396666831987e+01
5.608092772591903e+01
2.391148275877884e+01
2.212343831645485e+01
8.386217867204090e+01
2.622783483296066e+01
6.698607283969693e+00
6.694515080514604e+01
8.487274627428164e+01
7.456881784581059e+01
9.389633675752968e+01
9.332243953520546e+01
7.763749737182516e+01
7.488234214246383e+01
6.750493313535346e-01
8.355658621692871e+01
1.354328343344074e+01
6.030585428714094e+01
2.666207818624660e+01
1.337814666953783e+01
1.034937524718669e+01
4.905025029976398e+01
9.646772397517587e+01
7.260493099345125e+01
4.454657307106376e+01
2.388987924153446e+01
8.432355941474603e+01
1.490039206803795e+01
8.172205974428080e+01
1.461859327490376e+00
2.091461989139887e+01
7.994274975729303e+01
4.275528622919474e+01
9.224050859559351e+01
1.291580624548523e+01
8.553789890629142e+01
4.832515108786763e+01
1.961441352945493e+01
1.462232364091199e+01
7.898051528212639e+01
2.810726395254362e+01
7.914688800421864e+01
9.448059824969648e+01
8.904566629279668e+01
7.358915455340834e+00
1.648742841393101e+01
2.127945661604379e+01
8.756191287541851e+00
1.798035461361536e+01
2.978566872411671e+01
4.253183777561962e+01
4.923447782603767e+00
5.308563544092962e+00
5.385745738346942e+01
3.480390721690092e+01
7.782025415348832e+01
1.732626534873911e+01
8.393839876350873e+01
3.736885066021646e+01
8.511457740567371e+01
2.062071655905839e+01
5.439266341477291e+01
7.175683871459069e+01
6.404841899129022e+01
8.049202891089581e+01
5.351050340268318e+00
3.375603576831335e+01
8.498169197001573e+01
3.998333091846823e+01
8.224350064166053e+01
2.374708402145053e+01
1.995939268728690e+01
8.940969509510775e+01
8.297612070244557e+01
7.568968728915308e+01
2.629627540069459e+01
8.378379786563282e+01
6.102578796494090e+01
3.505246673480256e+01
1.764152432682063e+00
9.081145668905762e+01
4.631889669518866e+01
6.387459382595243e+01
7.023278878546915e+01
2.189154933294819e+01
6.456295562189210e+01
5.191964425701631e+00
6.157837955354637e+01
7.017597913284600e+01
7.486182906425644e+01
6.340560031282045e+01
8.684924220985232e+01
3.496530327711501e+01
9.984201961189602e+01
8.250603307155242e+01
7.856086854755920e+01
7.085549266583077e+01
3.373207246592830e+00
1.215490266315402e+01
9.335680855128766e+01
3.376217579178613e+01
7.786334128019556e+01
2.802867369168842e+01
7.387118207936696e+01
5.565138974024513e+01
3.718360934275371e+00
5.963310508971713e+01
7.777439494513646e+01
8.112529045023270e+01
3.209503750880017e+01
5.550786040514141e+01
4.457381062422591e+01
6.176840055816266e+01
1.938245418452772e+01
9.612948219111631e+00
3.129941319641630e+01
3.057106189922014e+01
4.710592662315160e+01
3.389302791743214e+01
1.042944458798945e+01
6.980838764915633e+01
9.151245811558908e+01
1.714896136762060e+01
9.793494143427114e+01
3.790245919390696e+01
7.208269488629078e+01
3.505350557856891e+00
7.168889794111665e+00
5.491140678288014e+01
3.125778093526968e+01
9.458459452473772e+00
3.335755902033186e+01
5.800205020140952e+01
6.244869421350243e+01
8.824705057230176e+00
1.365343994165465e+01
7.143873603615852e+01
2.989437544247805e+01
7.820845631799122e+01
5.256402648639121e+01
9.103366499349180e+01
2.547973758796218e+01
5.680260171964886e+01
5.073625969269139e+01
2.320353320017622e+01
5.943651425625966e+01
2.979126434297825e+01
5.504525036320334e+01
4.906922492620965e+01
9.387604668451289e+01
1.362477979325912e+01
5.783724880676588e+01
5.953767614417601e+01
9.672042601589133e+01
2.199132271203740e+01
1.311939829640063e+01
4.943324367023690e+01
6.230084978151174e+01
5.686406398046020e+01
1.774459016404328e+01
4.301649147785105e+01
9.914599265863467e+01
3.887682759150715e+01
7.521256272458126e+01
6.502414935502416e+01
5.903820062942719e+01
4.330330684003575e+01
3.662868404603968e+01
8.893257607190525e+01
8.360046589914731e+01
9.086913023650141e+01
3.049728573788763e+01
9.333303449364986e+01
7.459099272945477e+01
7.845809216539287e+01
4.830628030388908e+01
9.559889747556248e+00
7.207518134828432e+01
8.984729405019772e+01
2.125750450475956e+01
6.595122798623109e+01
3.472073796890710e+00
8.270712698935863e+01
2.533504312175095e+01
5.104142746470936e+01
5.084843889383992e+00
9.568074848301742e+01
3.635276576334274e-01
4.973912548727315e+01
4.393564921055717e+01
7.576349567424668e+01
6.747601896872558e+01
9.124762285093200e+01
2.597699124644370e+01
9.377415864438477e+01
2.798546265251258e+01
7.762999114470091e+01
1.068220530202715e+01
9.641909436156000e+01
7.021300660921867e+01
8.447329643390761e+01
8.728822455149526e+01
9.695584489822194e+01
1.102570854640832e+01
9.851133227279007e+01
2.717421777880482e+01
6.643459697553637e+01
9.988876064302808e-01
3.209615579438217e+01
3.236390228027660e+01
2.081901609004429e+01
4.707441676737481e+01
6.176630801603492e+01
1.448973869648284e+01
6.245817908200350e+01
6.783707792304320e+01
6.664704422775985e+01
2.041172390822867e+01
1.597639220579359e+01
4.109024407392845e+01
5.547604894054869e+01
5.251305180253137e+00
6.734030547893620e+01
4.438869470934789e+01
4.599733294267083e+01
3.651192525239285e+01
4.606731750353580e+00
5.732437821911852e+01
4.819900391073851e+01
6.371289936998529e+01
1.084367591461338e+01
1.268866360778393e+01
5.825733256445142e+01
3.059384782360580e+01
9.466991452252023e+01
4.205318044035378e+01
6.366045911035522e+01
3.365327940958240e+01
2.577421703644759e+01
7.548598478338029e+01
7.492954203622860e+01
8.208415148876801e+01
1.260912069706671e+01
2.183617671105833e+01
2.955176356693346e+01
