9.082806538363363e+01
7.122308210061075e+01
8.305755959966106e+00
8.498755450592728e+01
9.450375241902832e+01
8.358033838848598e+01
5.319994127061215e+01
5.034590701123043e+01
5.003042614554540e+00
5.360427501313588e+00
4.703849495716323e+01
1.361498330422444e+00
7.372879021509029e+01
4.918162573556491e+01
1.292353077462107e+00
4.461163894488087e+01
8.517078542391342e+01
5.302754815343188e+01
6.199089910927736e+01
2.098167958715078e+01
7.551320133521835e+01
8.475430020352560e+01
1.476229681389513e+00
3.363603485451826e+01
5.789127520187351e+01
7.965115703626124e+01
1.627820358438333e+01
4.095942594155643e+01
9.166692969932544e+01
4.570551074375655e+01
2.885304890985277e+01
7.257284897965046e+01
1.692859279780118e+01
3.715880486981887e+01
5.562479400803559e+01
2.138200864260179e+01
2.073914321173874e+01
9.036510944849118e+01
6.177825218149380e+01
9.167157644018140e+01
9.572553699637089e+01
2.193560000599157e+01
9.303307477060383e+01
2.528967048287842e+01
7.781549597988626e+01
6.137527956691351e+01
5.807529965325971e+01
5.855974385447789e+01
1.938308077835621e+00
2.006619871597094e+01
5.774243239208238e+01
6.452470131429131e+01
4.820498872930417e+00
6.902006057511086e+01
2.355206381694975e+01
6.815299422859820e+01
9.997645476831889e+01
1.719197338316216e+01
6.132332457291118e+01
7.229764748937340e+01
1.372399517042748e+01
9.017637348276394e+01
4.487049646902387e+01
7.982607697128601e+01
2.733517830601669e+01
6.047662396937452e+00
9.125842214154937e+01
4.807432156432155e+01
9.641277184542864e+01
4.347353607577902e+01
3.974589795793682e+01
6.824300036218158e+01
7.497227432903473e+01
3.277897272854064e+01
1.742797923154569e+01
8.099364255601245e+01
2.214188455703756e+01
7.345621053756038e+01
1.134751407026663e+01
5.056494383633366e+01
4.485549556317530e+01
6.908994650891513e+01
1.508964510405885e+01
5.511721458989997e+01
5.999818591400896e+01
5.001280510333032e+01
2.327020881849817e+01
4.062890375062306e+01
6.525324008672183e+01
2.731895871801253e+01
1.292655119343034e+01
7.897723525714932e+01
8.620537923937914e+01
5.779704766245422e+01
3.938017228589402e+00
1.964486903494451e+01
7.434262147841166e+01
1.186761633114313e+00
8.420493196891850e+01
9.639452001843345e+01
9.375434396497641e+01
5.168765273489414e+01
6.463752033404890e+01
2.919571023862609e+01
8.446662546343478e+01
4.634418135804319e+01
6.239076287596988e+01
3.309326117536671e+01
5.377789184161364e+01
9.333099457124760e+01
8.365820501170037e+01
9.863338740478893e+01
8.092468203088487e+01
9.874785016232536e+01
1.064295974124361e+01
5.309480710564871e-01
8.081535877697885e+01
7.702081081318707e+01
3.861740983026912e+01
4.802013721690520e+01
4.203139810917499e+01
5.648950052284146e+01
7.812239978375025e+01
9.054514872401262e+01
2.478445955774954e+01
8.805073932188132e+01
4.243108622842984e+01
2.016176065437578e+01
8.923750095499562e+01
5.437284095882104e+01
6.988247436000150e+01
4.346093686458698e+01
6.060493647149062e+00
3.277617638594293e+01
4.380955549134387e+00
9.052711911058385e+01
1.309785768999618e+01
6.677171847167040e+01
2.362038023938442e+01
6.687574957817594e+01
8.867777534233302e+01
7.278585251084801e+00
5.963842587528677e+01
6.960245732665177e+01
6.026435366844030e+00
7.028138561653037e+01
1.092301118696249e+01
8.695600791226886e+00
6.595690230185022e+01
9.207709687393023e+01
3.284005724491554e+01
7.988300364459073e+00
6.029921493506954e+00
7.850723437895405e+00
8.655195342681927e+01
3.883079022114668e+01
2.288887702063139e+01
2.898303960868299e+01
2.994146213398383e+01
1.602889817023133e+01
8.335588056750403e+01
7.554883154833169e+01
5.558731479364788e+01
8.941637426121923e+01
3.260011283336213e+01
4.339368894854266e+01
9.997277143410071e+01
4.569797056992444e+01
1.016540737364693e+01
9.270864743399837e+01
9.794473932028968e+01
9.884318276254609e+01
1.084245881570618e+01
5.758316514901033e+01
4.124727460613813e+01
1.686889418255021e+01
2.786455071897458e+01
7.897096526761118e+01
5.367552044506908e+01
9.382145302082479e+01
1.710706763766104e+00
8.651557768998461e+01
9.424346480250520e+01
5.760348181128664e+01
9.436630112788002e+01
8.540893266229375e+01
3.855500940166181e+01
8.116570798734469e+01
8.676441828103941e+01
5.542682290795577e+01
9.719460615757602e+01
7.006268951579122e-01
3.097565440972133e+01
3.620733951041817e+01
9.011700115637714e+01
9.205207698608380e-01
7.960102850552695e+01
5.752162055928336e+01
7.199890183843621e+01
8.976643587917388e+01
5.023026794671559e+01
6.994364111215977e+01
5.050188687187708e+01
4.001660372131346e+01
2.752680621460397e+01
5.705525863778556e+01
5.768318155672549e+01
3.461766440170708e+01
3.602622385883063e+01
8.404536018336441e+01
2.824080997530409e+01
4.563015398831580e+01
4.152681913297941e+01
5.102256333968721e+01
6.467776781165868e+01
3.589312021429330e+01
7.893207346970778e+00
9.192579169381679e+01
1.705882820163799e+01
9.465762562801019e+01
6.042226318289631e+01
7.877557183558847e+01
7.717247920910478e+01
2.874267111939502e+01
8.729419595901584e+01
3.472132833428743e+01
3.523280403354801e+01
2.405678193273804e+01
9.224294889357078e+01
7.628168327560726e+01
4.370345731438299e+01
9.123150701226271e+01
3.547389471692680e+01
8.437856756354616e+00
8.248982056159984e+01
4.702153198747967e+00
6.549311539414018e+01
7.703405482556394e+01
7.366627551320301e+00
2.987395279569270e+01
3.204529626855873e+01
9.306320086729862e+00
8.593625206776720e+00
7.357211540153814e+01
5.809171230443367e+01
7.327139301843540e+01
9.465235569265316e+00
9.971315357820744e+01
2.080068072341414e+01
2.225232637592234e+00
6.064254527941465e+01
5.092229547487679e+01
4.077749813011731e+01
1.387181343225381e+01
9.965615025705480e+00
6.829500043219655e+01
6.141845796323310e+01
3.366961657706165e+01
2.130007428177636e+01
6.477930162324537e+01
1.591049023713474e+01
3.605523963275144e+01
7.252518416965621e+00
1.807666943318987e+01
4.956616919933175e+01
4.595543776916128e+01
2.277882263193784e+01
1.505928454690580e+01
2.298949254815909e+01
3.149997565499505e+01
4.608904213928107e+01
5.503478881671781e+01
9.217865289756034e+01
2.517224900665332e+01
2.860690417168983e+01
2.519912543948699e+01
9.844364202508874e+01
2.185631251049056e+01
9.118404513745757e+01
3.282707474791774e+01
6.459620355842458e+01
5.182659037030609e+01
8.374937022279452e+01
5.373701641975763e+00
8.964161481225939e+01
8.218618276630816e+01
7.337735005346003e+01
6.217796754193397e+01
1.585579934336981e+01
6.572913237182848e+01
6.297872823801763e+01
1.799657485354532e+01
5.904036036647873e+01
3.420978758214498e+01
6.938095980760686e+01
8.606529519244344e+00
2.395212656071043e+01
9.761261385754338e+01
4.826004507404754e+01
2.180762450294924e+00
2.501428351971055e+01
4.024443791259286e+01
5.721555131357887e+01
9.212169670132999e+01
6.541668691924619e+01
5.347651338832291e+01
2.517113579677936e+01
6.641027404293897e+01
2.389459522622386e+01
7.739182569896421e+01
3.767899271924001e+01
8.849079883121456e+01
6.033145760201452e+01
9.017065534841765e+01
9.386450047319033e+01
8.589358911192678e+00
5.262793295673463e+01
7.787407072161979e+01
9.254249026651610e+01
5.471401757314523e+01
8.388521945284923e+00
5.552121845796761e+01
3.523587772400858e+01
6.742888231176364e+01
8.875705063750830e+01
1.006966890304800e+01
7.743253073535512e+01
9.727022312454424e+01
7.682282760591377e+00
9.970122599029040e+01
5.113769073557932e+01
6.062014357215732e+01
3.994566385631713e+01
2.734463430351794e+01
5.274184027348731e+01
3.598389897308494e+01
1.261537508695171e+01
7.006266241430428e+01
6.922267962676598e+01
8.794820098576518e+01
7.856752964601272e+01
4.007316568869779e+01
8.736257203266145e+01
4.944847596317924e+01
4.634685704780131e+01
9.185929270082120e+01
8.887205956916885e+01
8.969813636024396e+00
9.893458294632593e+00
1.023099385678349e+00
3.758577152042918e+01
1.828198028648364e+01
4.013140836736719e+01
2.268444724505974e+01
8.571086259824729e+01
1.344950493120099e+01
3.275411619467386e+01
3.615667206987583e+01
1.071972800917911e+01
4.043639895526525e+01
6.184924783271236e+01
3.293599771938101e+01
4.861391975945510e+01
1.393164182730561e+00
6.028063202289894e+01
8.943445719286541e+01
1.787480973539632e+01
3.361165557690507e+01
7.543642184484584e+01
2.026898270485410e+01
1.050940673356383e+01
4.998595200012716e+01
4.188827776438011e+01
8.922428548765568e+00
8.827868811240359e+01
8.823513481218141e+01
5.547887480607204e+01
7.775699872419098e+01
9.720494844820581e+01
6.537233310070462e+01
9.689684808109740e+01
8.465351801582311e+01
8.365431338718827e+01
1.891150647723652e+01
7.337965214316718e+00
4.257579238273939e+01
3.236101140843751e+01
4.009208140899059e+01
3.111145036812474e+01
6.066390050606052e+01
8.052848036425583e+01
9.255895078767043e+01
9.359989822544152e+01
1.033547092710411e+01
9.395211497040098e+01
2.593443865232842e+01
9.856656584821947e+01
4.034743273646917e+01
2.732825192032766e+01
7.400298764649918e+01
7.668582442062247e+01
8.110595079190375e+01
3.309560531428811e+01
1.857410213843645e+01
7.389954923368039e+01
2.198054451587635e+01
6.809236950617860e+00
9.081010054368997e+01
4.742841084833648e+01
8.500225669005991e+01
6.132518512258548e+01
4.432525888286776e+01
9.604575158844038e+01
7.840507048107919e+01
4.732365051625467e+01
1.738561038737446e+01
8.775262850697740e+01
2.979015918904457e+01
9.111338536772568e+01
6.648509291302651e+01
7.287089860666120e+01
5.283493653537470e+01
7.066805151787961e+00
7.780905681560237e+01
2.575833901099783e+01
2.953942819942694e+01
5.332496513301738e+01
2.432490481265118e+01
6.610039238170738e+01
6.328958969716430e+01
9.832789245915036e+01
4.278621680232986e+01
1.849087570723653e+01
1.116109216174162e+01
6.136031894076630e+01
9.239042498748303e+01
1.304744152028460e+01
6.300637357076927e+01
2.523402023372893e+01
5.970139087163908e+01
7.218374129020783e+01
8.655920540288054e+01
4.026649754506838e+00
4.405438175613730e+01
3.173604148055242e+01
5.135030027076151e+01
5.685711319411971e+01
4.269492292902196e+01
1.852193298680798e+01
5.255337746467133e+01
8.597376285399019e+01
2.375473269436263e+00
9.581093541151423e+00
9.304056805234428e+01
1.819908200679304e+00
3.533943255214925e+01
5.841002979241778e+01
5.514487333369669e+01
4.342035979191790e+01
9.246685714110120e+01
3.623497348103438e+01
1.391651435471909e+00
2.297013351832057e+01
8.063051392353630e+01
9.245854848644629e+01
2.865695787065521e+01
4.667939103519515e+01
5.505989960164758e+00
3.743834730118436e+01
4.028845389387033e+01
1.829097472051669e+01
8.544697751544741e+01
8.496784604385861e+01
9.593600737673045e+00
2.986169961740342e+01
5.858370073073716e+01
9.650464285933629e+01
8.671881281152312e+01
7.807237067170087e+01
1.684730756881056e+01
4.349472883320168e+01
6.404613347912493e+01
9.541105264584118e+01
4.888304278668158e+01
3.718133244532223e+01
9.723096084652047e+01
1.744176420264028e+01
9.559136223774001e+01
5.237583413365103e+01
8.425853940856575e+01
7.213355483120939e+01
8.817392452069275e+01
4.225076913938427e+01
9.510368834952996e+01
6.725289880635817e+01
5.471232391647637e+01
6.953566207994506e+01
8.230733241993345e+01
9.283039308750554e+01
1.288189488131641e+01
2.259578626723764e+01
7.850928859715782e+01
9.242098689657682e+01
4.944344551742238e+01
8.810288938139699e+01
2.192234612159540e+01
8.027146201593403e+00
8.642826396339957e+01
1.286369744355962e+01
4.503833551194441e+01
6.865265069932335e+01
7.814633826638867e+01
5.014565035241919e+01
6.406370329859838e+01
5.241469063442884e+00
7.232351790756152e+00
6.129466414511887e+01
9.199530984833618e+01
2.197509534748974e+01
3.934514962106251e+01
8.354535726064134e+01
5.903260431207372e+01
2.596753450388440e+01
4.579913264410530e+01
2.947530296141063e+01
4.430731327473526e+01
2.990870942823063e+01
2.367195464841647e+01
3.344959483176916e+01
6.072977043722280e+01
3.064596402954588e+01
9.812355199741364e+01
5.669718839074353e+01
4.030472884900157e+01
3.359848388172615e+01
2.734194832264537e+01
4.498929704771810e+01
5.559414371642942e+01
1.142668813067800e+01
5.053124062276038e+01
1.087709423661097e+00
1.704578377168895e+01
2.867757884258292e+01
9.183931089557676e+01
2.856149446617881e+01
1.945288983148192e+01
9.907166273289903e+01
5.437706227152471e+00
8.807399649548996e+01
8.597071221376336e+01
5.686438235308248e+01
2.568148031164030e+01
8.072581825811686e+01
2.095262721225276e+01
8.283246405554584e+01
9.913960909430851e+01
6.525994048698803e+01
1.274117348377647e+01
5.573180534678129e+01
9.870953536532332e+01
3.272183990698394e+01
1.414438430878538e+01
4.970366770853460e+01
9.217746434369006e+01
5.444911315778695e+01
2.334813555858477e+01
9.930284726400991e+01
6.507691464623293e+00
5.286480889323391e+01
3.941376932869375e+01
5.703893208738366e+01
9.455846943639148e+01
3.011884322861156e+01
9.357819095886228e+01
8.639778033196824e+01
6.363615024072870e+01
8.179519757712036e+01
8.744917227302173e+01
6.907385646788117e+01
6.986919402604418e+01
7.144015518549837e+01
3.306395273332668e+01
8.084868415298345e+01
1.644347161820320e+01
1.589586954372743e+01
5.232929710872904e+01
1.702505024942804e+01
7.439462862647819e+01
2.977067722462615e+01
3.839464436210442e+01
7.310416394523538e+01
5.704320648547411e+01
9.185217213437528e+01
6.285381562209400e+01
2.900410533370642e+01
6.837665078620270e+01
8.620195122724490e+01
2.830695255115020e+01
8.989042648574824e+01
4.336747715406468e+01
4.138001205463894e+01
4.896976568222501e+00
3.792594654389003e+01
4.432237611353508e+01
6.283538758886763e+01
1.686000862012618e+01
7.958526307697652e+00
7.586646837921182e+01
4.309180846581786e+00
6.378763358285075e+00
4.227787910135364e+01
8.123332498652550e+01
6.521444374938237e+01
1.188235632697230e+01
3.723122069483214e+01
7.434913188887255e+01
6.421165343570135e+01
1.325987722410815e+01
4.874376046878461e+01
8.853302001419152e+01
2.701312649390340e+01
2.184792441402000e+01
8.852605292970597e+01
4.350669372058785e+01
8.470174003611399e+01
4.595447040440257e+01
5.526471936854753e+01
7.090369121679277e+01
2.887284337956125e+00
3.122763849386370e+00
3.650315191433911e+01
5.619923703195492e+01
8.019740464174999e+00
5.584323567144723e+01
5.216130989238681e-01
3.386635521141177e+01
8.016696250073936e+01
8.480139453187650e+00
7.104191308423967e+01
8.996013234833261e+01
5.232410796560538e+01
1.331979218559330e+01
3.416431268405370e+01
5.072696597814884e+01
8.979471101881690e+01
7.139553337888584e+01
2.507609782045526e+01
1.686050543415384e+01
8.213013111712883e+01
7.381985828923986e+01
6.574233251891208e+00
3.378465270334140e+01
9.566778270325986e+01
9.510028618159717e+01
6.657929712281529e+01
6.925449919386510e+01
4.105475658599975e+01
8.917469097728595e+01
4.380431116735763e+01
2.843736797964078e+01
9.094846192325859e+01
6.172160024834872e+01
7.270466437223585e+01
6.197942954580273e+01
7.036419732978763e+01
8.847081600151529e+01
3.161974876728829e+01
9.773179842053531e+01
3.762571524718111e+01
2.661661851527943e+00
7.356905852145006e+01
8.674026857444098e+01
4.634510397275216e+01
7.733371158937631e+00
7.850709263165811e+01
9.899395606433691e+01
2.775564181048220e+01
2.561250223108218e+01
8.907529855569607e+01
4.780708767837243e+00
2.000471713021618e+01
9.564953180758727e+01
5.744563953832055e+01
6.842894222048528e+01
9.074981794261831e+01
2.402493661456971e+01
7.446657180528462e+01
9.776782239683337e+01
1.013646298560149e+01
7.167877632737103e-02
4.229300098600471e+00
7.083573340011561e+01
8.784804464683312e+01
3.285326279367006e+01
6.306435445466282e+01
5.821224193005461e+01
8.738067070365915e+01
5.891013916531118e+01
2.802427938581643e+01
2.179683126592861e+01
3.810366482385605e+01
1.593337860700366e+00
8.537099793803458e+00
1.083385134620306e+01
4.186643610795328e+01
9.662799471832253e+01
5.986128387034930e+01
8.845561355746146e+01
9.556929594630809e+01
4.893658237947923e+01
9.323632232529872e+01
3.266141178675993e+01
4.458611414050036e+01
5.068196181705314e+01
3.787348439817945e+01
3.533593203655255e+01
4.414004853188062e+01
8.555786250417952e+01
1.691581686815052e+01
2.057585149098926e+01
3.061093912954021e+01
7.136980666377107e+01
5.536143647290833e+01
1.060342230396505e+01
4.223069410875007e+00
9.523383909614471e+01
8.160741351619707e+00
2.941153255729542e+01
3.067584202190667e+01
3.449858819809676e+00
5.120836382322403e+01
6.877950684576273e+01
6.130744510391143e+01
8.860925305104314e+01
5.265852876597016e+01
2.829734302512246e+01
8.523724772279954e+01
6.248633617651013e+01
9.791942099012407e+01
8.080654362254150e+01
8.816860503897472e+01
7.742727178960446e+01
4.913699903950886e+01
3.509886075514316e+01
3.008051776796604e+00
2.998124683740607e+01
5.424685522646031e+01
4.474559679848403e+01
7.145425913457491e+01
7.116267209461084e+01
9.902210836253226e+01
7.293224212384422e+01
1.428367929266937e+01
8.970238659051358e+01
3.056138629585569e+01
5.631454119287177e+01
7.280933566987949e+01
9.169640582599510e+01
2.053982863227829e+01
5.014526566962957e+01
9.514626464580478e+01
3.693443752682509e+01
9.196994308939666e+01
8.157717156297396e+01
9.667990114385258e+01
7.256200074803178e+00
5.390692057735609e+01
6.023279114637188e+01
7.114807938744690e+00
7.793935531654365e+00
4.103933476891338e+01
2.164460142219654e+01
6.532277821811046e+01
9.017633380842224e+01
3.038227368629644e+01
6.833083004147319e+01
7.607273039225151e+01
9.477745420056277e+00
3.057235233978012e+01
4.752698948026029e+01
5.579180100736758e+01
2.959446065574626e+01
4.025846218702312e+01
3.829764115544857e+01
8.397800544462073e+01
2.379412661483238e+01
2.639002144634259e+01
1.897519413334093e+01
9.742339029788198e+01
1.315539042146662e+01
6.932606690997541e+00
1.063679699349999e+01
4.905053267676874e+01
1.897883620996905e+01
2.661477961885500e+00
4.573043382062131e+01
2.623503628477223e+01
5.656839853924159e+01
8.919999096039682e+01
5.064582952793959e+01
9.882418629658602e+00
9.211589879920516e+01
4.592924245909287e+01
3.488786496915289e+01
6.598568394127567e+01
3.575495473842833e+01
3.218694964059952e+00
4.205841428696105e+01
6.094064510471217e+01
4.926447521395259e+01
8.958540381378745e+01
3.343549009106843e+01
4.109719448773991e+01
1.972916834975088e+01
8.680792641211670e+01
2.764002565650270e+01
2.936836980719509e+01
6.434869308227147e+01
8.186254095372863e+01
2.679176005851094e+01
7.750408350373809e+01
8.120248153861728e+01
4.618047161315590e+01
7.704576429773391e+01
8.769769737855424e+01
4.884194962160753e+01
2.009500945922686e+01
3.122871887461688e+01
6.395307600682278e+01
8.635300397237437e+01
8.187454840255647e+01
7.497543491189155e+01
1.410899172262707e+00
8.049524723575229e+01
9.863299881044449e+00
8.855046820293668e+01
4.115307007038643e+00
4.986950212617847e+01
6.949542559194165e-01
6.148290208609910e+01
6.137223595817212e+01
8.016566046521332e+01
9.491839222373366e+01
5.594752722231090e+01
5.398804971668313e+01
6.859632454281501e+01
8.358755287881361e+01
8.335641952387822e+01
3.100021650595601e+01
9.407171192302915e+00
2.431951138392068e+00
8.504299963127963e+00
1.140525416070840e+01
7.208257549073667e+01
8.555006426086187e+01
8.590001616901719e+01
3.394716835298910e+01
1.567900507509662e+00
3.800292589608716e+01
1.058094888486944e+01
1.086290092713335e+01
9.900328344619055e+01
7.173573904285941e+01
1.227380009939605e+01
6.113167305529661e+01
4.067485963025823e+01
1.379644876057117e+01
3.092238126831240e+01
8.501678522909842e+00
8.400290109403566e+01
9.597833338006322e+01
5.191659766804268e+01
8.168488302346546e+01
7.776673151076153e+01
5.438602806738858e+01
9.778280681827236e+01
4.636305605357655e+01
1.038322868309134e+01
8.113922629558445e+01
2.815732840828473e+01
9.133782954483192e+01
2.742978675636919e+01
3.526564377139586e+01
8.954014833529487e+01
4.761605698038640e+01
2.548927335324198e+01
6.357782737518559e+01
5.278665770440673e+01
1.830643528062219e+01
9.256889945481387e+01
6.336760658927616e+01
2.916933620775553e+01
8.221717909081707e+01
3.095513956200105e+00
7.175679368514419e+01
4.334885209954756e+01
4.377037358645833e+01
8.555324244571536e+01
4.930163833745831e+01
3.431473529632890e+01
6.955614349318489e+01
5.959550410490274e+01
8.623133296437157e+01
1.335090059477412e+01
9.337867335108047e+01
5.048917697299699e+01
1.113370736648035e+01
6.940975923529349e+01
6.087240565608833e+01
9.227293370863093e+01
2.524827515019489e+01
1.458406914704669e+00
8.356033949347228e+01
3.283273136840795e+01
3.425997078151441e+00
3.117639642729256e+01
4.957126614152047e+01
1.702748975578113e+01
8.396305417826542e+01
6.787770146870878e+01
7.143506094414511e+01
2.381051207138715e+01
3.940746664973324e+01
6.300724379858339e+01
9.625465110701261e+01
1.116426028831129e+01
4.417427412428626e+01
7.067639961404558e+01
9.671750278059277e+01
3.068813920518762e+01
4.991134863808348e+00
2.454420571427057e+01
2.450050526508154e+01
1.713717878662850e+01
5.001571585890638e+01
1.787917861616200e+01
6.762635575962548e+01
5.706693784197184e+01
6.842457324658734e+01
5.438784805796475e+01
8.911599544301443e+01
6.599166084359943e+01
6.827369684738744e+01
4.859483975386007e+01
2.128304029874645e+00
8.340683071101402e+01
9.776792381786179e+01
9.280506171882388e+01
4.343204202290254e-01
8.173097794956108e+01
1.627335977567051e+01
2.200091635901524e+01
2.384729554124516e+01
1.332039740556869e+01
8.500816015759864e+01
2.531628973098299e+01
5.181057138918460e+01
6.639466097876181e+01
2.142972118287800e+01
3.256814993571869e+01
2.894726080305281e+01
5.935829247318129e+01
5.966702143646172e+01
5.344776606813435e+01
7.649547125980979e+01
7.128071508895639e+00
7.132694468429635e+01
4.948315264167411e+01
3.004982240034725e+01
4.049029831797364e+01
7.262058834201683e+01
1.308101025087806e+01
1.996030906213462e+01
7.214469754702631e+01
1.905844501175845e+00
5.306351327014319e+00
4.384439147256519e+01
9.491890812987410e+00
5.370200968054218e+01
8.641890780367838e+01
5.917143931573789e+01
6.099782030144605e+01
1.641116319988443e+01
3.337596982409058e+01
8.329576686178137e+01
2.532945667641678e+01
8.412929139292299e+01
4.318530491701574e+01
6.781398433624487e+01
5.559012529234873e+00
6.767448818668467e+01
1.831897707577747e+01
3.197986862248735e+01
9.624570151616153e+01
7.176674319047794e+01
1.531774616582214e+01
3.191491534556957e+01
1.001342055854081e+01
9.910634513902772e+01
6.558709212839003e+01
2.611317710304315e+01
2.977345792100460e+00
7.866810242583421e+01
5.698567799152140e+01
3.463791810657732e+01
5.132677399149480e+01
6.816209930375317e+01
1.896643481169196e+01
6.081866480448221e+01
1.599403895251175e+01
1.337668165256115e+01
7.034733908732763e+01
8.596940840872442e+01
2.978784489901171e+01
8.318561859577225e+01
9.056302685782455e+01
3.120716820992863e+01
9.673498626646352e+01
3.374833172827415e+01
9.902115254617350e+01
9.341161283357610e+01
7.204600166159030e+01
6.391793701980168e+01
1.502124360530695e+01
9.683284549826423e+01
1.865632460390047e+00
3.033898981769522e+01
2.874776079726767e+01
6.038346549513911e+01
7.412101904587868e+01
2.485768549370472e+01
6.238277189544531e+01
2.183872443709463e+01
7.427861493745755e+01
3.257012876336003e+01
5.647664259023808e+01
4.705817487419498e+00
7.322280205470640e-01
7.709914803369863e+01
8.642405373343456e+01
9.765451820458030e+01
8.456352468792512e+01
3.543945953037564e+01
2.784159645803347e+01
9.664344563923936e+01
6.049470168561428e+01
1.840462326929188e+01
3.447578667405796e+01
4.834730194338938e+01
5.215295499756603e+01
4.457969029647283e+01
9.155903304533987e+01
2.930661692717421e+01
7.202878551186472e+00
6.580276650646829e+00
2.613946237887231e+01
1.036325973009842e+01
4.216507004674760e+01
9.116266313528766e+01
8.487612166669039e+01
2.669782942472856e+01
7.974490871641082e+01
8.462508469104073e+01
9.338445393060542e+01
5.224915735993961e+00
3.993534531441301e+00
4.560486206114518e+01
9.930733223413458e+00
8.565401378350985e+01
1.679170504994304e+01
5.041765214429128e+01
8.846312313734698e+01
1.355229691302045e+00
8.585711167466692e+01
1.630471954881433e+01
1.570659923167275e+01
8.331906063636721e+01
3.470934286467235e+01
6.126513698197209e+01
1.984225410029397e+01
8.686229786223839e+01
5.905198196836374e+01
1.140128714563385e+01
6.388792398566749e+00
6.625486051955021e+01
4.057567345005258e+01
9.839494475088777e+01
9.074751673766762e+01
5.490083026462273e+01
8.955760783960930e+01
7.562363835779188e+01
8.159865968935129e+01
6.716038671655599e+01
3.157311171832174e+01
9.241128647346575e+01
2.118391027729209e+01
5.093929555776496e+01
3.801614848804481e+01
6.357299502174044e+01
2.122066003327289e+01
1.726075434929727e+01
1.399064711946559e+01
4.529191928230781e+00
5.616308322928989e+01
9.984775884069865e+01
7.146165038992727e+01
7.186968246096265e+01
4.329948548381193e+00
9.128321064230204e+01
4.378214908939886e+01
2.417220269524129e+01
6.836538616026071e+01
3.897964667481354e+01
7.810084842057007e+01
9.129616459426292e+01
5.332210122296684e+01
5.355505363715582e+01
7.282433336266518e+00
7.802781550121858e+01
8.455883855212425e+00
9.469791138297781e+01
2.497584252849959e+01
9.005454354456371e+01
6.185829805296766e+01
8.245654920230459e+01
2.018975700260594e+01
8.130832495228775e+01
3.339584476006955e+01
3.087153277866148e+01
4.488131992746206e+01
1.333626052985725e+01
8.567938631664933e+01
5.887196709349377e+01
3.308780097080758e+01
4.184246954593922e+01
4.041096807476644e+01
8.932710289458143e+01
2.522592480537758e+00
1.342017660542400e+01
8.856166228119361e+01
4.630474161650275e+01
1.809574771583814e+01
4.897569960401193e+01
8.582661812465014e+01
2.279536692555778e+01
6.181172670880879e+01
3.914871930105087e+01
7.635042056271361e+01
3.101231149910591e+01
7.806437251999246e+01
8.480630441792603e+01
3.075155309902111e+01
1.352451909963252e+01
1.673448105190624e+01
8.756852093505138e+01
9.598106830193711e+01
9.589865342522909e+00
3.972594115870350e+01
9.081693207417472e+01
5.038877187780513e+01
8.460726108616556e+01
1.838717433548867e+01
2.614078439126759e+01
5.186580496461401e+00
2.201864506212000e+01
7.910027451771325e+01
2.198953974153359e+00
4.494503547667760e+01
8.162286704481713e+01
5.901772517665184e+01
9.195606140045265e+01
2.854237730081304e+01
5.247050554140961e+01
4.022259825850958e+00
7.706648128901911e+01
7.331006902889817e+01
6.583398658122587e+01
5.351771467994793e+01
8.818318698936291e+01
9.567395066640989e+01
7.335871796745748e+01
3.642259744760701e+01
4.808837564107421e+01
8.688323706708999e+01
2.120805122945833e+01
8.952694436978872e+00
8.286430536902711e+01
6.334050235494064e+00
7.956342370229001e+01
2.364890231920821e+00
5.672282215986533e+01
3.083919404579289e+01
3.062839267339017e+01
9.740009913099934e+01
3.921576456130285e+01
2.853672785150666e+01
5.881078986395652e+01
8.481331313253068e+01
3.988247576164197e+01
4.043365686220753e+01
4.176600460976642e+01
6.055510112110297e+01
7.562113626656175e+01
9.423651019774215e+01
7.277029816655923e+01
4.542774671941425e+01
9.425458023057067e+01
3.743193728729707e+01
4.350784632540673e+01
8.243776717336745e+01
3.310588790714083e+01
1.420209571449184e+01
8.691133735091954e+01
5.449006145563445e+01
2.704872243434597e+01
6.882471845896202e+01
2.342537512230937e+00
8.382835252388770e+01
7.515876869445609e+01
4.857447051842440e+01
4.096157087057902e+01
3.188159080775529e+01
7.941366456421729e+01
4.747965365996568e+01
7.576718929957933e+00
1.625112817448151e+01
8.801331514865780e+00
7.296007195159795e+01
3.024946294270897e+01
3.584973492466366e+01
1.083655283359650e+01
7.201546755247539e+01
9.640483609233277e+01
9.565996713734231e+01
6.625197770365141e+01
2.050769255520203e+01
8.565009873623499e+01
3.575436032179481e+01
5.793962984249909e+01
2.915794501507559e+01
4.253233817523920e+01
3.914171459113327e+01
7.942846728462189e+01
1.441430906505059e+01
4.553557920527439e+01
8.039251448604861e+01
8.323902752401263e+01
8.978335051321579e+00
6.422086696337017e+01
5.839779621846871e+01
5.198451459965879e+01
4.996701467315062e+01
9.027938702622400e+01
2.901987821283745e+01
9.744666833311631e+01
9.423370803437834e+01
1.904101954728413e+01
7.346304984458865e+01
6.719377993941016e+01
4.929048248999309e+01
8.936190716426908e+01
8.723261081019072e+01
2.130594999590234e+01
2.804430384563483e+01
6.230876024919970e+01
5.707091812839309e+01
5.760699415468005e+01
8.693432523260560e+01
1.716548908369871e+01
8.042004540582190e+01
9.770062165227748e+01
8.018532403753386e+01
1.956175995038904e+01
4.106066238184491e+01
9.459963314915059e+01
5.212772090552734e+01
1.146942554575830e+01
7.783866062659708e+01
6.110605595684893e+01
2.047486934832990e+01
3.623645679849966e+01
7.775608621433196e+01
7.044188402148052e+01
2.651584382472366e+01
4.306501901851269e+01
2.360267020929729e+01
8.407563310306317e+01
6.210603856579682e+01
4.135160215261933e+01
6.617261099916538e-01
3.371690289756139e+01
3.071350927032228e+01
3.850202380609793e+01
2.494783020808726e+01
6.781281086980030e+01
4.608142834439940e+01
2.026039870467987e+01
6.810267566149247e+01
3.301575353043887e+01
9.918423746674519e+01
4.096642892852725e+01
8.763789994997806e+01
5.888206467911697e+01
4.755857067534633e+01
1.700818553427615e+01
4.802356741764749e+01
9.968629158087367e+01
2.911114959470515e+01
7.472813426271459e+01
1.448531915176907e+01
6.064285727247729e+01
7.791307027354513e+01
9.224140536610102e+01
4.204924951402901e+01
6.775499538879608e+01
3.530642433804759e+01
6.565191972332630e+01
5.183062844529312e+01
3.374822020239580e+00
8.504432285439424e+01
3.100041441200320e+00
8.808983866502059e+00
7.103840502493010e+01
4.160206529386438e+01
6.203955517245436e+01
1.515236846876907e+01
6.299666700092921e+01
6.177185362287418e+01
8.325504413026155e+01
5.293394529862979e+01
4.324254088254764e+01
5.237449754605745e+00
3.616525402114040e+01
2.124605561664610e+00
5.279602042995209e+01
5.317343955541656e+01
4.746019502517777e+01
2.248674729954766e+01
8.228458919668785e+01
4.365649951792160e+01
3.697206645131673e+01
8.771956981519217e+01
2.789377469005704e+00
2.921347181741776e+01
2.976881928265506e+01
7.054437285780179e+01
3.150944366655752e+00
1.392874867372622e-01
2.237380799947950e+01
6.193235905930975e+01
4.046418324134508e+01
2.547504274429522e+01
7.074134292581181e+01
1.654125555257371e+01
8.214181250992316e+01
5.657046430584531e+00
3.169362402134278e+01
3.007377499252268e+01
4.971534993951924e+01
1.494866815160432e+01
5.086109519510581e+01
9.295789082206689e+01
4.672643330261410e+01
8.702634926281235e+01
8.471742928247778e+00
7.265829507850962e+01
9.284997302705887e+01
5.593193799999167e+01
2.514060704276925e+01
2.288368391938679e+00
9.958843751791326e+01
3.841526649818535e+01
7.236962107586191e+01
7.567769832707835e+01
2.557284404783177e+01
3.997276701963170e+01
4.344072683874551e+01
9.978086114850868e+01
7.367490244734795e+01
6.581572814184042e+01
6.171322016125229e+01
1.585856783942253e+01
4.346084848207461e+01
3.245456308706410e+01
3.239982339199624e+01
5.836787887772912e+01
4.470736088450409e+01
6.409344745990515e+01
2.559623798616055e+01
3.423944247618292e+01
7.904211561150947e+01
7.144937411483814e+01
9.810120416716728e+01
2.576854886755746e+01
9.502893956146620e+01
6.572947048848936e+00
8.314087264386046e+01
3.683471169175334e+00
6.751049899845873e+01
4.143265497006134e+01
2.616784913752593e+01
3.761747551039675e+01
4.669674618481507e+01
6.253690196319339e+01
1.051382953790661e+01
7.226959023264683e+01
3.607251692380407e+01
4.848658509947666e+01
9.933786005682211e-01
1.173806991974733e+01
1.977028447192641e+01
4.423519440192506e+01
2.759663775916986e+01
2.503680583324134e+01
7.668975748898916e+01
5.999646119773223e+01
6.942893418922506e+01
2.139711837349325e+01
2.408990861107125e+01
5.787058801291072e+01
4.012913067831151e+01
1.614395976818351e+01
5.269303794609990e+01
3.823033479891267e+01
2.662653733353435e+01
1.617672034361247e+01
8.335067740797562e+01
9.767409977394813e+00
1.986019155935393e+01
7.308166896602216e+00
1.804888961745840e+01
4.602804069687987e+01
8.847865187026498e+01
6.474563580227347e+01
8.239983757138245e+01
9.899248140817159e+01
7.291171754380302e+01
1.004513912370668e+00
5.294703778482371e+01
3.800860458892240e+01
7.048247133869793e+01
7.271732225675012e+01
7.425153799087346e+01
9.807910914443391e+01
8.377837761481217e+01
