7.559993247296659e+01
8.208764404155670e+01
8.359013194385456e+01
3.693733659430283e+01
3.432260324914130e+01
5.257940248240689e+01
3.714817279816986e+01
1.986910864704713e+01
1.352023846168082e+00
2.131608315804791e+01
6.880146771147916e+01
1.361498330422444e+00
5.661821228294550e+00
3.448575569059968e+01
6.654301107234461e+01
6.187109465797948e+00
5.674262468551407e+01
8.609064509444434e+01
2.365525859578292e+00
7.436599269246962e+01
1.989726630034729e+00
4.740070227878201e+01
4.090114237782599e+01
5.241799440813158e+01
5.484747418893849e+01
8.993367519692224e+01
9.892587671006372e+01
1.763908658998045e-01
2.603079701123331e+01
8.033495120719772e+00
5.165888669512183e+01
7.257284897965046e+01
1.123678680101260e+01
3.715880486981887e+01
6.521884606462849e+01
2.033645576813093e+01
2.073914321173874e+01
7.571623887667258e+01
4.020556441517806e+01
9.167157644018140e+01
8.208512816675247e+01
5.904929528899924e+00
8.375014163728345e+01
8.774694939504701e+01
4.039068521949960e+01
1.584766302995741e+01
5.807529965325971e+01
7.482194675822834e+01
1.938308077835621e+00
2.006619871597094e+01
4.918793940413181e+01
6.452470131429131e+01
4.336167776182372e+01
9.008908178195780e+01
8.362700700928782e-01
9.820915195076221e+01
9.932530214978628e+01
9.976214682672273e+01
9.838554286322815e+01
2.535609911445347e+01
1.301305043185737e+00
5.004442951178385e+01
4.487049646902387e+01
9.791678106315284e+01
2.733517830601669e+01
2.318189201093367e+01
1.825323678471764e+01
6.790383028234534e+01
2.850812982232688e+01
5.845880119989570e+01
4.810378716704612e+01
3.896028634112342e+01
6.436373072879563e+01
3.185392880432956e+01
8.170666107056041e+01
9.667024426007190e+01
2.891691980367383e+01
2.761912393738475e+01
5.951529404125888e+01
6.913528538734433e+01
6.559347862638229e+01
5.901862511365611e+01
5.887901534274175e+01
8.936575036000728e+01
5.999818591400896e+01
6.295119540903308e+01
8.503255694407623e+01
4.062890375062306e+01
6.525324008672183e+01
2.506921488096435e+00
4.353478506372067e+01
6.727307414043372e+01
6.740842534574141e+01
8.058733827461830e+01
6.518985515702043e+01
1.071255943305444e+01
3.607650824639784e+01
8.344309194173807e+01
2.582374258238065e+01
9.639452001843345e+01
1.052675550362410e+01
7.392752974942677e+01
1.630792804821763e+01
8.139712036652357e+01
9.092687107200122e+01
4.634418135804319e+01
1.102003977215851e+01
3.309326117536671e+01
2.412320241524056e+01
2.190605687066263e+01
2.760148259233752e+01
4.597430147508825e+01
1.936070449620518e+01
8.648049798164540e+01
2.507031388816904e+01
3.821408829568610e+01
7.802056925279115e+01
4.127857985034519e+01
4.600150349829416e+01
7.778071662307751e+01
5.864257568430276e+01
9.447832288894725e+01
7.884216908311572e+01
2.605100098347803e+01
1.389619028842831e+01
3.813614483835928e+01
7.736581087921085e+01
1.766542057398028e+01
2.157923673353122e+01
4.576616969228079e+00
9.650223087356530e+01
2.298383522917695e+01
7.850414671865485e+01
8.119380100685815e+01
7.209502401393605e+01
9.052711911058385e+01
9.668532945061351e+01
6.473412614536198e+01
1.898398358327522e+01
2.080853181928794e+01
2.201423902158357e+01
4.658546617561274e+01
2.233935758580424e+01
6.960245732665177e+01
6.026435366844030e+00
4.426688754198462e+01
7.921135033444099e+01
7.926174750517204e+01
2.560926025063230e+01
9.207709687393023e+01
3.284005724491554e+01
9.458554493942556e+00
8.525832215568904e+01
7.850723437895405e+00
7.611180594009898e+01
7.241789618153959e+01
8.010673540649319e+01
2.898303960868299e+01
5.899255087552245e+01
1.602889817023133e+01
9.459817320788193e+00
4.610649903589231e+01
2.183231195520252e+01
8.941637426121923e+01
5.674263255518984e+01
5.082451778036753e+01
7.994349332523694e+01
8.428061492009117e+01
5.866146211450057e+01
7.720017497297384e+01
6.378161118541919e+01
2.954507015158658e+00
8.230033404300936e+01
8.612096881778956e+01
9.367840741466657e+01
1.744359993256796e+01
7.941369315582034e+01
7.736856019001853e+01
5.367552044506908e+01
1.667851750584250e+01
7.947158863743375e+00
6.578253818013824e+00
6.123915750591045e+01
5.760348181128664e+01
3.744426147893270e+01
9.059331384049418e+01
4.891297600647108e+01
8.116570798734469e+01
8.121531385984984e+01
5.542682290795577e+01
5.105829339058059e+01
7.006268951579122e-01
3.097565440972133e+01
1.652330132970740e+01
6.840237652342878e+00
3.540401069233381e+00
1.045063729884598e+01
8.433260954186908e+01
4.651348043536464e+01
8.976643587917388e+01
7.362436804623546e+01
1.029509162078383e+01
4.978780050286455e+01
8.446682686194164e+01
9.641606043857340e+01
4.794501040500822e+01
1.771410951284417e+01
5.539135698014468e+01
2.531357054846062e+01
1.234215517171759e+01
4.921280995440335e+01
2.789498452464817e+01
9.056068635106119e+00
5.102256333968721e+01
3.495383674043875e+01
3.589312021429330e+01
2.333904803886034e+00
2.251912030508701e+01
6.281108444687496e+01
5.672901647944423e+01
9.501296491129928e+01
1.386937783745554e+01
9.993558339771609e+01
5.226561601844878e+01
4.600543535594150e+01
2.091847235379669e+01
5.580601713424829e+01
4.858394826230777e+01
5.251081849099640e+00
2.319497523046796e+00
4.351789715863666e+01
9.123150701226271e+01
1.261458914383063e+01
6.102429072420313e+01
7.569833382763822e+01
9.030649535837885e+00
6.549311539414018e+01
1.509943023095812e+01
3.004010656384756e+01
6.010288515132986e+00
1.757724504805041e+01
9.306320086729862e+00
4.775864428270545e+01
4.960779917873806e+01
8.515638298595157e+01
8.271248106971034e+01
9.465235569265316e+00
9.971315357820744e+01
8.015463830910373e+01
2.652406377090330e+01
5.644217005765167e+01
6.159225863478718e+01
5.563768681866941e+01
9.357841820157059e+01
1.385787465323595e+01
1.643122174610906e+00
1.449689050880116e+01
6.966389178748423e+01
2.130007428177636e+01
1.974797240446693e+01
4.090132244904587e+01
7.412703003460869e+01
7.002055480611537e+01
4.045938478804165e+01
3.515132071224568e+01
7.269290223377426e+01
9.362862803676568e+01
1.505928454690580e+01
1.805338236412657e+01
8.287233281083049e+01
1.337070079211644e+01
5.503478881671781e+01
9.897985500236036e+00
6.112934512138802e+01
2.536381684493451e+01
5.250753632397742e+01
4.384182614453222e+01
6.964021826611841e+01
1.715573850886698e+01
1.042111986802012e+01
1.126728905889545e+00
3.794644821339587e+00
7.201337854937341e+01
5.373701641975763e+00
2.253467334552420e+01
8.587125320260937e+01
4.545308046296848e+01
8.395313130875731e+01
5.553514494352748e+01
3.397929218317349e+01
8.219069153172461e+01
5.675712179241567e+01
8.106322171216048e+00
3.323583217954069e+01
2.057121271294132e+01
4.325764288346173e+01
5.797398507500719e+01
9.883457440828653e+01
5.061805520701132e+01
7.883615408969864e+01
3.558093189987397e+01
6.398875599912775e+01
1.727556810587438e+01
4.274070050695013e+01
2.511810107394965e+01
8.582245548526870e+01
4.053328583973147e+01
6.895992721848187e+01
2.647438264753408e+01
5.768902434859845e+01
7.938104713306811e+01
8.849079883121456e+01
1.510643382328862e+01
5.139442563587539e+01
7.429077023374418e+01
8.589358911192678e+00
3.726567879191865e+01
9.047647411491558e+01
9.254249026651610e+01
7.847875593159290e+01
1.164022172411914e+01
1.683567032070629e+01
2.031935789637238e+01
1.974654394190132e+01
4.910326914354380e+01
9.840358844883907e+00
4.860548197692516e+01
6.794832053964413e+01
3.818101130341226e+01
5.679837798550650e+01
7.113652376976634e+01
8.816722938239911e+01
3.994566385631713e+01
3.188976367557876e+00
1.924086055683012e+01
5.362350728997193e+00
9.007938950791926e+01
5.977414639656159e+01
3.191460153642791e+01
3.706168501501050e+01
1.746317069859392e+01
5.107007341043561e+01
8.911750521004083e+01
3.256960452188253e+01
2.464498999744886e+00
9.797952161076456e+01
9.867186606799805e+01
5.868988444967655e+01
4.106920493816455e+01
5.058032509432190e+01
3.253100148054352e+01
5.270942666228369e+01
8.682599742283392e+01
5.285035937691590e+01
6.966464667099744e+01
9.485859418979781e+01
8.528622998170844e+01
3.546015742954805e+01
4.432842556588744e+01
2.346724123855459e+01
7.506850663342910e+01
1.546494933565378e+01
9.144461666766769e+01
2.669339740029228e+01
8.339099757531238e+01
4.999829300213526e+01
6.755514911727754e+00
7.347038703666551e+01
2.593510836639214e+01
1.111522783111559e+00
5.517196392415649e+01
9.370736204726033e+01
5.218159619354717e+01
7.914166435559358e+01
2.627696656914287e+01
8.823513481218141e+01
4.379251484935754e+01
2.494883259057479e+01
9.437627298495559e+01
9.456360917285252e+01
4.696779090304290e+01
2.690727441893298e+01
3.632857130669456e+01
2.998391586820777e+00
7.975763379584888e+01
5.305778279577279e+01
9.654360306288284e+01
6.504386377755732e+01
3.111145036812474e+01
4.087202862877027e+01
4.496941461459241e+01
9.332709875578391e+01
5.633697796442405e+01
8.574028945795274e+01
2.002049610951007e+01
3.972797549317031e+01
2.210334363491430e+00
7.416237684626243e+01
2.732825192032766e+01
7.400298764649918e+01
1.261819378129123e+01
3.222521675388572e+00
4.761861937475327e+01
2.736111545346729e+00
8.236418603098214e+01
9.843885432856105e+01
3.590690495255725e+01
3.618205955074264e+01
2.338768691913583e+01
1.332441988090259e+01
9.475075714045705e+01
7.860336530888610e+01
8.866770336808064e+01
7.840507048107919e+01
4.732365051625467e+01
6.097020369999586e+01
5.364638355264737e+01
3.693824272460222e+01
2.346725162280130e+01
7.888169683463950e+01
4.966781826208710e+01
1.662623035564378e+01
8.492091707183090e+01
9.131732284618417e+01
2.575833901099783e+01
5.254207847292631e+01
1.440214478150110e+01
9.810374751598748e+01
6.068167028049085e+01
8.065321705334505e+01
1.045118007364272e+01
3.932264910047997e+01
3.056871659614552e+00
5.054539388536726e+01
6.136031894076630e+01
1.318721497114153e+01
4.898424821392831e+01
7.135450400940819e+01
2.176884893410320e+01
5.970139087163908e+01
5.733248314696014e+00
4.663461104344326e+01
4.026649754506838e+00
1.778737735831522e+00
7.651294948370800e+01
3.189686007420386e+01
6.020212562764162e+01
4.370953708128516e+01
9.653093656363475e+01
8.366937725044292e+01
4.303391903780118e+01
2.769921418637932e+01
9.581093541151423e+00
9.301726729283914e+01
5.250317214639074e+01
9.336637989308983e+01
4.549077825876455e+01
1.757890485114367e+01
9.329536030688107e+01
6.172448492689267e+00
4.437603556754814e+01
5.112430986535005e+01
1.740863417154580e+01
7.519906450770752e+01
6.915332193912627e+01
2.865695787065521e+01
8.838627947884903e+01
7.120850848555961e+01
2.735435405157244e+00
4.190989073454863e+00
7.062690191465751e+01
4.036813627014315e+01
7.312223123066232e+01
9.455574396744171e+01
2.762715678085906e+01
4.307808323906646e+01
2.645260404164558e+01
8.782928240850069e+01
2.258744543538776e+01
9.303557937640491e+01
7.149865961237748e+01
6.902165634977709e+01
9.541105264584118e+01
1.646163734442630e+01
3.617660945103346e+01
6.588722456520759e+01
2.459420204376532e+01
5.587364102521614e+01
8.266275286798493e+01
8.425853940856575e+01
3.871076648994850e+01
2.703878838896695e+01
2.548699994827016e+01
5.611940066149430e+01
2.237852850108339e+00
4.771126021990145e+01
1.605538111927704e+01
9.062413237552352e+01
1.891976870546107e+01
1.288189488131641e+01
1.711175246961031e+01
2.733317163183036e+01
5.228347519984631e+00
9.023398370027263e+01
5.324673887959063e+00
9.918869524225066e+00
3.292928903034390e+01
5.789596455073728e+01
3.990198100912477e+01
6.461418767674554e+01
1.932318709759190e+01
2.548565935598950e+01
1.740962682171242e+01
6.406370329859838e+01
7.018567876433288e+01
2.638373310974973e+01
2.503880030710194e+01
9.199530984833618e+01
3.699548451090021e+01
2.039604825917447e+01
7.625384925690193e+01
7.570625100084871e+01
5.842579396368274e+01
1.850461834972008e+01
3.182565161577689e+01
6.066364681379108e+01
2.990870942823063e+01
1.932598371958639e+01
3.344959483176916e+01
2.273910246917005e+01
6.614874231915397e+01
7.872624610491388e+01
3.912482668604926e+01
2.564593773598128e+01
6.857745189619132e+01
8.976086512662511e-01
5.205857835340247e+01
1.348618288221126e+01
7.968934317104953e+01
8.979068141886530e-01
1.087709423661097e+00
9.901253031520757e+01
4.668359972847793e+01
9.962215838004935e+00
4.414304212859974e+01
8.863089642889373e+01
9.996716394087633e+01
5.307811687378125e+01
8.807399649548996e+01
3.696264840521042e+01
6.196081673817747e+01
8.932790853517498e+01
8.072581825811686e+01
2.038661065529408e+01
8.283246405554584e+01
1.020112121952750e+01
6.525994048698803e+01
1.274117348377647e+01
7.108188977981075e+01
3.233803661183362e+01
3.365095412994314e+01
3.723063205239858e+01
3.379819762604227e+01
1.714879461431354e+01
5.444911315778695e+01
5.937108358338992e+01
6.895656374700208e+01
6.507691464623293e+00
7.285726646560117e+01
3.941376932869375e+01
5.703893208738366e+01
8.048521894052868e+01
5.761883592122180e+01
5.778522135586721e+01
4.646763435866108e+01
8.565815248790111e+01
4.734347460202103e+01
4.643479825297128e+01
6.008180680688555e+01
3.602533039451825e+01
2.609811077178368e+01
2.204262349849689e+01
2.631700878325710e+01
9.606634601767470e+01
9.134688139490173e+00
1.702950374084967e+01
5.413536394673184e+01
2.347949166944227e+01
9.784053973753031e+01
7.275685559620935e+01
5.581752828127590e+01
3.149149386747344e+01
7.776371756464417e+01
6.285381562209400e+01
5.742841752126273e+01
7.105560762391221e+01
6.637469710147693e+01
7.322383843046791e+01
4.517744590769403e+01
7.025708750367960e+01
5.506674309962744e+01
1.446085740554186e+01
9.536312813654688e+01
6.952818248864644e+01
9.061348754475522e+01
3.043138456085296e+01
9.834373146218421e+01
7.626224955369824e+01
3.264351605095133e+01
7.703238282214495e+01
4.227787910135364e+01
3.040729166493159e+01
8.116060839088662e+01
2.868243918227145e+01
3.723122069483214e+01
7.434913188887255e+01
6.724200773390103e+00
5.266820562662008e+01
4.874376046878461e+01
2.327509975213329e+01
2.701312649390340e+01
2.184792441402000e+01
9.882867280339295e+01
1.213139482407430e+01
5.944195904743017e+01
4.595447040440257e+01
8.318700244798652e+01
6.049104903847493e+01
3.136996907711493e+01
4.414629132679956e+01
6.415158564418164e+01
9.818953121928010e+01
1.620720178643577e+01
8.258783155241414e+01
7.737093008000913e+01
5.892506034994733e+01
5.654264923955438e+01
6.675389174686460e+01
9.394999607184435e+01
3.757021019122107e+00
2.587187659268820e+01
1.331979218559330e+01
3.878586568813112e+01
7.032484983574824e+00
8.979471101881690e+01
1.323945890797277e+01
8.687265370361165e+01
7.993195260871758e+01
2.565180427657990e+01
7.769166178893840e+01
4.665598652635514e+01
5.266493077048329e+01
9.566778270325986e+01
4.548465928318196e+01
9.542437195564824e+01
8.036952273937385e+01
4.858060672347462e+01
8.270762068345566e+01
1.538862237492046e+01
2.033378981069373e+01
2.496678034074920e+01
7.954020801910208e+01
2.308992372038305e+01
3.505600892708451e+01
8.343287710260269e+01
2.914557579399346e+01
8.911444744519630e+01
8.491586399493546e+01
3.810473249205609e+01
1.143003055426759e+01
9.627916705621368e+01
5.089939476498374e+01
6.907079455865119e+01
3.506503269777868e+01
7.386520345409643e+01
5.776165009372013e+00
9.798357142041604e+01
2.108821823312352e+01
5.821177054113326e+01
8.951958696801196e+01
9.877988002206193e+01
7.284760245720278e+00
5.744563953832055e+01
3.552666680679036e+00
9.074981794261831e+01
4.555497604680945e+01
1.937888749846206e+01
9.732328238772381e+01
5.306748023865161e+00
3.476750987338252e+01
4.229300098600471e+00
1.639705356974018e+01
8.784804464683312e+01
2.676213021705026e+00
7.522177383081139e+01
1.672440963644740e+01
3.773097667737444e+01
4.543413182042266e+01
7.127485897917060e+01
3.171016463623856e+00
7.576625178370917e+01
6.755402598881815e+01
2.276279126422610e+01
2.179944544183065e+01
2.619058640030706e+00
6.919180227871603e+01
8.132895458551542e+01
8.845561355746146e+01
6.691204955191913e+01
4.021328908401229e+01
9.323632232529872e+01
6.833045541696737e+01
4.440848214757092e+01
8.497129747875562e+01
3.675939759088652e+01
3.533593203655255e+01
7.570424819165107e+00
8.555786250417952e+01
3.142943220745280e+01
2.636707659175949e+01
2.256470211900990e+01
1.752733700793578e+01
9.141158489110488e+01
7.347758592734000e+01
5.176271742757537e+01
9.421719275145661e+01
3.461301496001566e+01
1.682900139914313e+01
3.965132452531314e+01
5.887873892620147e+00
9.747415883348984e+01
6.036207967454664e+01
7.344189992800445e+01
7.407042918450685e+01
7.545251328286366e+01
7.606095856803515e+01
4.539187259291852e+01
5.678146782181294e+01
5.908976768101088e+01
8.037382228317384e+00
6.341520518223531e+01
4.273507680871295e+01
2.473179359209341e+01
1.091325446540176e+01
9.254862838077761e+00
1.870665620952223e+01
4.501940433169687e+01
4.474496619996846e+01
9.039305783360874e+01
2.918549498039554e+01
9.829080174597483e+01
4.816870421551573e+01
4.671283203489745e+01
1.387617299979375e+01
4.038441271539052e+01
5.431792063373976e+01
8.093365704684222e+00
7.499742767540619e+01
1.334516131940538e+01
4.774469022999736e+01
8.088530156802632e+01
1.081932015289521e+01
8.439157446119542e+01
5.432720144946464e+01
8.701939051366384e+01
2.211933286027952e+01
3.038816001749978e+01
3.241126310658235e+01
4.532124895850254e+01
2.818371589676650e+01
4.103933476891338e+01
2.164460142219654e+01
6.532277821811046e+01
9.895590762559135e+01
9.004806093408170e+01
6.172214414073254e+01
1.766256378854744e+01
9.477745420056277e+00
4.604578024989263e+01
6.691233868101256e+01
8.820278997914996e+01
2.458100352649624e+01
4.610789848775971e+00
6.665329037544005e+01
3.845717652628998e+01
3.517217614463166e+01
1.260146974241430e+01
4.655054223097421e+01
7.666667833769074e+00
2.594663110838581e+01
9.429523246097156e+01
2.930498892874689e+01
5.220548606114718e+01
9.754362194684502e+01
5.891065325537262e+01
7.453722426413430e+01
1.127016931365718e+01
5.656839853924159e+01
6.972583232900399e+01
6.426536224981089e+01
4.643321891614852e+01
2.427976099973533e+01
7.372065785979883e+01
3.488786496915289e+01
6.041961585191061e+00
3.575495473842833e+01
9.291867450481219e+01
3.059758852729462e+00
4.523270015848460e+01
4.638763523958048e+01
6.997209753374200e+01
8.389557277965153e+01
7.096863876607671e+01
9.419619366256343e+01
8.533353423016776e+01
3.686424351151299e+01
5.120517292581740e+01
9.793500397258205e+01
4.661521978984364e+01
2.679176005851094e+01
4.784047624461375e+01
5.027158998431246e+01
3.702817812423603e+00
6.064758629568274e+01
1.813177020202008e-01
4.884194962160753e+01
4.044895509278818e+01
7.659820359041831e+01
7.612832723005131e+01
4.062953285902251e+01
4.086356579366306e+01
2.256154614619983e+01
6.490929390532398e+01
8.049524723575229e+01
6.756226069646061e+00
2.330280296658296e+01
5.807712276376650e+01
9.967490062102438e+01
8.506376351465647e+01
6.148290208609910e+01
4.606253581403873e+01
5.503586100183234e+01
7.114313886088466e+01
5.594752722231090e+01
9.543228987391679e+01
5.647667304448628e+01
2.645698982591600e+01
4.663746275316806e+01
5.441167701706834e+01
3.020277262209112e+01
8.364880736155845e+01
8.504299963127963e+00
8.065816391290079e+00
8.735162522054819e+01
8.555006426086187e+01
7.804958204647973e+01
1.207311768646963e+01
2.337382637121427e+01
6.769630241566166e+01
8.820144496308707e+01
6.400335923023678e+01
8.063642581954433e+01
8.555638379676100e+01
2.891265308899463e+01
6.994105468967047e+01
4.968990364563181e+01
1.091665775092163e+01
2.801817740687084e+01
3.409878045045714e+01
9.598042126557810e+01
1.526574348810396e+01
6.325665352086381e+01
5.101628226741044e+01
8.640888239555474e+01
4.803892203981007e+01
4.644857209476110e+01
4.288555539347490e+01
6.881026517078759e+01
8.113922629558445e+01
9.729723241054324e+01
8.917816527615216e+01
9.128740583140747e+01
7.559054446201331e+01
2.188310256315540e+01
4.761605698038640e+01
3.501246219268649e+01
9.055133624493672e+01
3.096908281136727e+01
3.790526913381427e+01
9.454724923453631e+01
6.436103003302637e+01
1.908628317484925e+00
8.057486516450292e+01
4.892399038603715e+01
1.103989780463273e+00
3.125367366301532e+01
9.264323822811397e+01
8.555324244571536e+01
2.073072703589254e+01
5.284535254018630e+01
6.955614349318489e+01
5.959550410490274e+01
3.162755543907525e+01
5.458252860912239e+01
8.689765645512270e+01
5.338183751021598e+01
3.518321478515082e+01
6.270827332637658e+01
6.087240565608833e+01
3.202326271311532e+01
4.985863582690183e+01
4.930482066669726e+01
5.004091796001462e+00
2.544918024234901e+01
7.118792327641879e+01
4.447820360980844e+01
9.067675768894924e+01
1.702748975578113e+01
7.544728646774185e+01
3.849687531520467e+01
1.421340942113353e+01
4.733066072097544e+01
7.979452050281434e+01
9.569323668055853e+01
8.473519537818395e+01
7.044218893649159e+01
2.604194824865179e+01
7.737843355973179e+01
5.235374111326120e+01
8.367750364526991e+01
1.139630964556537e+01
3.539035564073844e-01
6.944469272598843e+00
1.713717878662850e+01
7.880674422663019e+01
7.241065053847183e+01
2.269034256352593e+01
1.398995896521488e+01
1.169254459053862e+01
7.116708516663270e+01
2.763444438000882e+01
3.694081978729965e+01
2.407976557690639e+01
6.659152734400310e+01
5.377437130258157e+01
8.340683071101402e+01
9.776792381786179e+01
8.447015987917322e+01
8.541503315112323e+01
6.160400386974402e+01
6.235605201793651e+01
1.904256344728291e+01
4.915559005418587e+01
4.215057247418471e+01
1.986798547202162e+01
2.531628973098299e+01
9.270901069636876e+01
4.243579778933702e+01
3.559790832716874e+00
9.339337520925019e+01
2.611330138804079e+01
2.054459649163512e+01
9.519221698641415e+01
3.305777066063963e+01
5.797996560948899e+01
7.399896116647821e+01
4.967808800268829e+01
4.412182697286914e+01
8.722175661810756e+00
8.301948932140111e+01
6.836432370746709e+01
3.024812868342182e+01
3.790016539297074e+01
2.577756625869198e+00
7.751142912428428e+01
8.514637927764393e+01
8.579847197318379e+01
7.744046141274295e+01
1.489367481083315e+01
7.121350507774088e+01
8.060888158185820e+00
5.250674912357086e+01
5.461471204395160e+00
2.668447067341044e+01
7.477357088344803e+01
9.039301103464933e+00
1.687569237168677e+01
2.413286088226962e+01
5.147509889280195e+01
1.596365120073950e+01
3.657868007969981e+01
7.758840028084273e+01
3.650824769237463e+01
9.624570151616153e+01
1.142292665849576e+01
1.736264313448343e+01
9.844415448533564e+01
7.954655335263654e+01
7.404185755832208e+01
6.558709212839003e+01
7.918406770526622e+01
2.587925085140357e+01
7.866810242583421e+01
1.708423305167083e+01
7.176043492358198e+01
8.045773626326478e+01
6.816209930375317e+01
5.755890685019964e+01
8.805792107622042e+01
6.633379741866784e+01
2.877241192794052e+01
7.422049770793900e+01
9.554971148984028e+01
1.250288440496795e+01
8.318561859577225e+01
2.616593750480839e+01
3.783234108138473e+01
5.284652842806956e+01
9.104905891746704e+01
2.720405740067552e+01
6.881017962880907e+01
7.032701180797397e+01
4.552303447645299e+01
4.139735272219281e+00
6.657271332413551e+01
1.980116778044085e+01
3.033898981769522e+01
2.109983005612149e+00
8.581957369382474e+01
3.458974544638290e+01
2.962445757799990e+01
6.860867746575209e+01
2.183872443709463e+01
4.599691878352171e+01
3.257012876336003e+01
5.647664259023808e+01
4.705817487419498e+00
7.586766280041432e+01
7.709914803369863e+01
9.261426459653967e+01
8.378800213513338e+01
4.451567029790751e+01
3.543945953037564e+01
2.784159645803347e+01
4.400669445470287e+01
4.229511210801783e+01
4.667369604421486e+00
3.447578667405796e+01
4.658440647022072e+01
9.571642856845466e+01
5.566478886439688e+01
1.533255801318798e+01
1.601846377179886e+01
7.202878551186472e+00
6.927024748608017e+01
8.905268012967551e+01
8.462095353036231e+01
3.691926646834205e+01
3.957075301537791e+00
8.487612166669039e+01
8.853672015878219e+01
3.358153292610381e+01
1.461162232542952e+00
4.140380743956371e+01
2.289564238064719e+01
4.496020732678483e-01
5.013196405495143e+00
2.038548696804116e+01
4.675121002213620e+00
7.220907233292660e+01
4.894170125431460e+01
1.851872499963209e+01
9.615015773854691e+01
8.799324235319776e+00
7.962639372778423e+01
8.928963723093720e+01
4.482189754248686e+00
3.814759558911789e+01
1.326845670736789e+01
5.846188168901107e+01
5.665369478829842e+01
6.893324557176477e+01
2.241370180734140e+01
7.267215856009729e+01
3.375303127512011e+01
9.168394929342156e+01
9.839494475088777e+01
1.837398475891630e+01
8.363526718860271e+01
8.955760783960930e+01
7.562363835779188e+01
8.159865968935129e+01
4.841734606233302e+01
7.176239605609439e+00
5.158013792316436e+01
5.086365288629366e+01
5.093929555776496e+01
3.514840995666962e+01
5.670389591562743e+01
8.394310659912560e+01
5.181619667067016e+01
1.399064711946559e+01
2.461831598757688e+00
8.351366002276245e+01
4.121597015355526e+01
6.038225924613991e+01
2.221929702079822e+00
4.329948548381193e+00
1.966899448058987e+01
4.378214908939886e+01
6.299809294892387e+01
7.632268931545443e+01
6.835173348353790e+01
8.541179475626525e+01
4.899484782898559e+01
2.104764712091891e+00
7.709574400312069e+01
8.969110929858456e+01
2.047874951757433e+01
6.073101114515728e+01
1.982762488528510e+01
3.546014662620618e+01
7.090734162875792e+01
2.766606315396077e+01
1.077535413707390e+01
2.248747955192229e+01
4.166773685331817e+01
3.339584476006955e+01
7.016455594923559e+01
4.488131992746206e+01
2.235230064129098e+01
8.694669072839744e+01
3.310771776973630e+01
3.308780097080758e+01
9.987898324610617e+01
7.432368792329154e+01
6.353786227458057e+01
3.704059856805979e+01
6.304967443600747e+01
8.320685680173658e+01
4.630474161650275e+01
8.722187713124877e+01
7.051556216111200e+01
2.063244330726212e+01
2.279536692555778e+01
6.181172670880879e+01
1.822786420501203e+01
4.365530844948036e+00
5.150283600739336e+01
7.806437251999246e+01
6.509654199010532e+01
3.075155309902111e+01
3.170846497253909e+01
3.600388361886325e+01
8.559712520129845e+01
9.598106830193711e+01
5.849136317078554e+01
1.137370034650606e+01
6.016999872409274e+01
6.058596706045138e+01
5.617341494940846e+01
4.122943740395337e+01
2.298769318637796e+01
8.928113271914475e+01
6.732043519957011e+01
6.538733498444191e+01
6.360482059587018e+01
3.085829742758456e+01
2.427933505935564e+00
6.677536706755653e+01
1.406515418275499e+01
3.888701998576849e+01
3.812523611733934e+01
4.022259825850958e+00
7.706648128901911e+01
1.159249870646396e+01
6.583398658122587e+01
9.529434549403113e+01
1.595802955141199e+01
7.307618668911800e+01
7.800775886420523e+01
4.609374443352863e+01
3.920221842788263e+01
7.124342213908371e+00
3.642235032116172e+01
8.544970554553424e+01
5.077001040371601e+01
7.554981828459995e+01
4.623193300619346e+01
1.094000908124261e+01
3.613578534505134e+01
3.002721533646212e+01
3.062839267339017e+01
4.973469607054009e+01
5.030315651106795e+00
8.210336797968641e+01
1.601988790371450e+01
7.651737619960558e+01
5.505604206354173e+01
1.844782140965006e+01
3.542549411553214e+01
8.569819707688792e+01
5.733484144198469e+01
6.455304355572585e+01
6.457736099352006e+01
1.032681344557871e+00
7.614554226218982e+01
4.141199139012583e+01
6.584008953806017e+01
2.111867564782439e+01
1.448817807924383e+01
1.408081013433673e+01
7.315814330855298e+01
9.834908223634076e+01
4.838030899333782e+01
8.355658621692871e+01
8.379878773530889e+01
2.664420768927979e+01
7.515876869445609e+01
1.250503147603247e+01
3.650919070304799e-01
1.260238593099750e+01
4.474869158340091e+01
2.669796353517937e+01
6.233708204810372e+01
4.977900723450771e+01
8.801331514865780e+00
7.040289601795510e+01
9.311093487456020e+00
8.622719044155775e+01
2.091461989139887e+01
7.201546755247539e+01
7.192538747187955e+01
4.433730577320667e+01
6.625197770365141e+01
3.121828470901507e+01
4.536998711776453e+01
3.024001094989479e+01
7.263027614570701e+01
6.485772121923870e+01
4.865402600199638e+01
7.349960392969642e+01
2.666995801342183e+01
9.578826189776336e+01
3.497826025587425e+01
5.449399694543984e+01
8.571832444785085e+01
3.732079776810519e+01
6.422086696337017e+01
5.148474115481822e+01
8.589526828652959e+01
6.029043782515937e+01
7.271684942427877e+00
6.530893280418074e+01
2.893460734232078e+01
5.921698131562070e+00
5.070152736767266e+01
9.578973292177065e+01
7.227438915161156e+01
6.001262085512869e+01
2.975594533130338e+01
5.493090918982909e+01
4.955404603367394e+01
1.681332756616796e+00
6.230876024919970e+01
8.755792774611987e+01
3.289961746563186e+01
8.693432523260560e+01
6.234895599184044e+01
8.042004540582190e+01
4.820219140881775e+01
5.623210838820418e+01
9.264834778972359e+01
7.487214942223959e+01
6.791243845034038e+00
8.299179718969008e+01
4.019717985773327e+01
3.745215881497234e+01
4.738220826135120e+01
7.632383107036530e+01
8.893689996979055e+01
2.915356384085192e+01
5.006249828732688e+01
8.807707586701822e+01
4.306501901851269e+01
7.899710567621379e+01
4.824554126162340e+01
8.962111621611804e+01
2.252586056595941e+01
6.617261099916538e-01
2.309655049959968e+01
5.228180589726279e+01
8.420068774567949e+01
1.042661327422904e+01
5.396313865387958e+01
9.380445908466561e+01
2.516203477287760e+01
2.138572373491978e+00
4.120289717856929e+01
6.114844235645069e+00
9.239264973085032e+01
8.940508858738704e+01
9.851397275855483e+01
8.504099747400777e+01
1.700818553427615e+01
1.408078703753687e+01
2.262450117740058e+01
2.911114959470515e+01
5.153294585250920e+01
1.448531915176907e+01
9.942171093980862e+01
4.046984582229976e+01
9.224140536610102e+01
4.948420922713550e+01
8.279368895236109e+01
4.800226327404486e+01
2.848131485678317e+01
3.103923016741836e+01
9.741246290384441e+01
5.100717542274258e+01
8.799766823090505e+01
8.808983866502059e+00
3.288981273439239e+00
3.796180022785524e+01
9.461496188054558e+01
3.866221943807892e+00
5.014925051953143e+01
4.409455114234916e+01
4.411487600026413e+01
6.918149630966666e+01
7.295612472712814e+01
3.650752568454832e+01
5.858658485048757e+01
2.910255115903102e+01
2.154852315855609e+01
9.383775670725749e+00
3.542473117607866e+01
2.248674729954766e+01
2.733824063434184e+01
9.168101944573271e-01
9.524449463712261e+01
2.675995157415045e+01
4.138665601675709e+01
3.493714827808419e+01
7.624416080128596e+01
2.418034492255205e+01
8.293941155212904e+01
9.542073905254749e+01
5.521957513653653e+01
8.995281178036369e+01
2.043746161294983e+01
8.980687618712285e+00
7.074134292581181e+01
5.902163230768481e+01
4.694248784656752e+01
1.225279779743999e+01
4.932210023949020e+01
9.365192441905472e+01
3.947889639040404e+01
5.532689460335620e+01
5.086109519510581e+01
7.936919181578290e+01
4.571376198237471e+01
2.689168091252990e+00
8.570541412835261e+01
4.658867942476118e+01
3.436149704938824e+01
5.593193799999167e+01
3.150081775686742e+00
5.289123158570902e+01
6.349472369230107e+01
9.839457641280936e+01
7.965118315985947e+01
7.739274472808127e+01
3.333172464432741e+01
3.997276701963170e+01
1.573089650633321e+00
9.978086114850868e+01
6.062081952608228e+01
9.949010927206376e+01
6.171322016125229e+01
1.585856783942253e+01
4.346084848207461e+01
2.221391770160474e+01
3.239982339199624e+01
3.015066558967841e+01
4.456752820153140e+00
9.164885500988404e+01
8.763692723011455e+01
1.026506145031427e+01
7.904211561150947e+01
3.173951042431384e+01
9.810120416716728e+01
4.893363702526951e+01
3.442867851556683e+01
1.622404033142330e+01
7.235722829231864e+01
6.693649178693839e+01
5.285272437746298e+01
4.143265497006134e+01
5.053695763951958e+01
1.746817949110092e+01
6.892297219900553e+01
9.252408416593637e+01
9.486092426574832e+01
2.254696796766807e+00
7.634456389413428e+01
4.848658509947666e+01
4.968729352098298e+01
1.173806991974733e+01
5.322667865698537e+01
2.474978092347727e+01
2.539371802722743e+01
2.503680583324134e+01
4.696369862508201e+01
7.688208021078355e-01
3.171587122218491e+01
7.978254802514918e+01
9.241767581199187e+01
1.935279840573333e+01
9.004760947546345e+01
4.445515891744530e+01
5.109230887661330e+01
5.071500765658683e+01
9.338879598928094e+01
8.552098739218013e+01
4.480328189432774e+01
6.076710999979037e+01
4.550265681254801e+01
7.854991083897180e+01
4.269045625938590e+01
9.873596159682421e+01
6.940148946335609e+01
9.017060445163892e+01
7.476020714955413e+01
7.172510310622170e+00
2.473174828325014e+00
9.931906997194471e+01
8.731302841907042e+01
1.568481880970524e+01
4.743292846131740e+01
4.053970702948966e+01
4.574878874502554e+01
3.375303546607170e+01
7.796765727827681e+00
