3.200717048347330e+01
2.910481911576577e+01
9.191497838679467e+00
3.126134343038376e+01
9.331498108492930e+01
6.096936113246222e+00
5.694782662063270e+01
4.738738390029752e+01
6.485374186414002e+01
5.549127490049754e+01
5.326368019602433e+01
3.145045551073293e+01
2.456072700422291e+01
9.204449583405838e+01
3.730298529253480e+01
8.665301920224587e+01
2.339093756088565e+01
4.332772299802291e+01
7.913214907941042e+01
7.286681028682125e+01
8.726828437636992e+01
2.968895236481398e+01
3.494438386286813e+01
8.188807283616070e+01
1.650604983629009e+01
1.566891810655078e+01
3.773068154125041e+01
1.305494132128309e+01
7.288477778103424e+01
2.841561568361503e+01
8.384718870923258e+01
2.163945684285809e+01
8.758357064220289e+01
7.267623402768571e+01
5.290080027324184e+01
1.346407980353762e+01
7.908401660578512e+01
8.738488833763864e+01
2.337082867667583e+01
9.267722596073395e+01
4.287616319157004e+01
7.663450887270015e+01
9.542654934126259e+01
2.384140255108541e+01
2.200509487744658e+01
9.257427826177994e+01
4.244833786154555e+01
9.987272173160349e+01
7.047651175897406e+01
1.934789331599506e+01
7.236260942759114e+01
7.891612186977459e+01
9.431122452687063e+01
7.306993243893140e+00
6.232054241109665e+01
1.081727431659460e+01
6.889841736708694e+01
3.376810878225049e+01
5.399402522202303e+01
2.056432739857786e+01
9.224686030868760e+01
6.732846417805574e+01
4.220378424143595e+01
1.787111475964594e+01
3.492076403224876e+01
5.501882795012502e+01
4.320426766909858e+01
1.400478059146776e+01
6.470786829698266e+00
6.078228604084919e+01
6.682006505635569e+00
8.896235548377147e+01
9.385989713196638e+01
7.564903417399573e+01
1.280375798829075e+01
7.080111348573170e+01
4.259103915774777e+01
6.469333733650545e+01
5.745307111994040e+01
6.196769725622968e+01
8.404123065250052e+01
2.981568050096542e+01
2.900241107167789e+01
7.835245513280502e+01
8.474591247958406e+01
4.434438345224800e+01
8.916972949596575e+01
6.906388507646689e+01
3.697247027278527e+01
9.809739161194180e+01
8.904571872625766e+01
7.189531208569898e+01
6.542585578999754e+01
1.405213694742515e+01
8.976642689191104e+01
3.466197756801824e-01
2.693658118459237e+01
8.362098642793529e+01
2.426763271180337e+01
1.105002905756702e+01
6.312655814137615e+01
5.298373557300481e+01
6.833058254249886e+01
5.606033702197500e+01
8.013915171853228e+01
1.544900425497862e+01
2.686145046114058e+01
7.163033721578789e+01
8.014234159148407e+01
3.647029736846233e+01
3.359803447201756e+01
6.418357224398459e+01
1.229541591009843e+01
8.186103486542639e+01
4.334873521856439e-01
3.513365207944701e+01
2.620541827110826e+01
1.062548440444539e+01
9.323053820674798e+01
8.018217504964311e+01
1.924648988956888e+01
8.110187113336375e+00
3.479339142087539e+01
9.522900418156246e+01
3.994218382981708e+01
2.455981826622031e+01
9.557562395724264e+01
6.687876501440945e+01
8.180804647589477e+00
4.243256684505966e+01
7.630481905131825e+01
9.027179334790995e+00
4.692268438959619e+01
3.908994539598466e+01
2.674474000313540e+01
7.978868395080263e+00
1.025332250178481e+01
2.876011539658537e+01
5.006803788713554e+01
9.938467987784404e+01
1.123985075915225e+01
1.972259214135008e+01
1.782142679105579e+01
2.353526666925069e+01
1.583626960210328e+00
1.340745441308592e+01
8.948263744333882e+01
2.778904523131859e+01
4.511321119270902e+01
9.143533105563155e+01
9.068712461306114e+01
4.812688848382183e+01
9.214881839796381e+01
2.548051598737041e+01
4.052945586877384e+01
3.030377786155035e+01
5.004033425359071e+01
6.572098767651291e+01
6.813575628592436e+01
1.497185319427953e+01
6.838316967169902e+01
3.166572844221523e+00
6.959341190270773e+01
6.608443244643716e+00
9.376779505692785e+01
7.098176934336394e+01
1.458731168629011e+01
9.820935041560296e+01
5.313038283639140e+01
4.217565639045818e+01
2.700116318976561e+01
6.154418492761635e+01
6.189824853180826e+01
9.787259027262805e+01
1.589317024494203e+01
3.060704475762651e+01
1.128004463914784e+01
7.470358492559920e+00
1.506532110044049e+01
5.639325587842300e+01
9.890568959475759e+01
2.415047871142183e+01
3.130961541613080e+01
6.198845760058074e+00
8.377761416313128e+01
2.893875452174747e+01
3.793890971594439e+01
5.747889553079331e+01
5.374269655614285e+00
4.430537668257271e+01
7.712966947682652e+01
2.424235163454076e+01
4.428000000504777e+01
8.294835266794468e+01
9.003311800306342e+01
2.074445771088100e+01
5.393012196474248e+01
6.401973374375129e+01
6.616875648785791e+01
8.022350765775121e+01
6.195390087643355e+00
6.805892925153437e+01
6.465374220379336e+01
6.809363866601774e+01
6.593151947759628e+01
7.941214371445224e-01
2.887252430844704e+01
7.721156416331026e+01
2.075712150929361e+01
6.329784098234859e+01
9.961909828689839e+01
5.546792412897009e+00
4.804480124639571e+00
5.083151601759322e+01
4.733732824555474e+01
1.224304140184216e+01
6.636941454669899e+01
4.193690984600079e+01
6.972193693263546e+01
3.354538131204684e+01
8.624228652857352e+01
1.051341956970907e+01
2.326749811101122e+01
9.890091842920562e+01
4.647091177593494e+01
2.580178213575938e+01
6.686032450146057e+01
1.680683904178759e+01
8.982151587951067e+01
8.977994941630398e+01
4.016360535293985e+01
9.601690596715403e+01
9.779090378330596e+01
2.506455654514234e+01
7.445746174755388e+01
8.120783045012868e+01
7.133436113192437e+01
9.568605874464198e+01
1.510791090089265e+01
4.643804200293405e+01
4.726783146488845e+01
1.982800574965216e+01
5.198483441583106e+01
2.333697370408893e+01
2.819201360838116e+01
5.598283454588746e+01
3.558001510593110e+01
5.111185570764908e+01
9.791974439188826e+01
5.301952038566560e+00
8.465723706626204e+01
8.416203087389563e+01
9.306898191248484e+01
6.086098354349890e+01
2.646116098689901e+01
5.909424734259687e+01
1.296369722716682e+01
2.468595361555273e+01
8.071242681737637e+01
7.664989511326417e+01
6.365559951572473e+00
5.736714585561637e+01
7.266680103385207e+01
1.225680676859655e+01
9.799334062169928e+01
6.227245058970175e+01
5.845728379602417e+01
1.624911102291621e+01
3.246340431853356e+01
5.175028077873880e+01
4.827771817719458e+01
7.996972695922932e+01
6.450847534672752e+01
3.621315608556064e+01
8.813345627306656e+01
3.784703618746579e+01
9.219599063144810e+01
8.818804709622080e+00
6.526507617219588e+01
9.011573497677023e+01
9.790155743151044e+01
9.728341209575693e+01
7.427776585066587e+01
5.938762056612765e+00
4.604660637958283e+01
1.016170611146917e+01
6.503300939920965e+01
3.287498561333631e+01
3.003132856918095e+00
4.642770259940424e+01
9.524880680034348e+00
9.368692808490570e+00
3.794848408454493e+00
8.219168171388641e+01
5.849499574792338e+01
1.788189030153765e+00
1.896902728777799e+01
4.757930838855883e+01
6.515965776758253e+01
5.143243160631156e+01
3.709913652255160e+00
9.732682420747672e+01
8.413468226051641e+01
1.336493623133979e+01
4.014925600036479e+01
1.557389386723465e+01
7.571150016771233e+01
5.087631407700307e+01
8.667408767467090e+01
7.607427238303902e+01
7.016616550747592e+00
1.888926328108146e+00
1.376046064019225e+01
9.071716172188388e+01
7.827688384720910e+00
7.140887951078306e+00
8.826818381821187e+01
5.000275603961328e+01
4.001587356441462e+01
4.362059386615670e+00
4.670878380849435e+01
4.954075424444897e+01
2.659192934007940e+01
1.717106998766357e+00
3.173243595833538e+01
9.795720931047444e+01
2.487143782194305e+01
5.070146324611338e+01
7.672600316662621e+01
9.075526361854527e+01
2.133894852424923e+00
4.075647161377429e+01
8.825669707183572e+01
4.562224310153269e+00
6.513869509340203e+01
2.823134373325452e+01
2.110732198744422e+01
5.333380217353525e+00
4.925807008950882e-01
7.024502701603110e+01
6.012471591128256e+01
8.612427440757131e+01
4.984848147716768e+01
7.801874926221500e+01
5.943369076560889e+01
7.771412775745343e+01
8.515963721329329e+01
6.323777971008690e+01
7.426285998628607e+01
2.517551077770792e+01
3.897319121238458e+01
6.986322587815263e+01
7.471626502215688e+01
1.627818062728186e+01
2.673612773732102e+01
5.266210555688576e+01
9.906756509983333e+01
8.210541702904990e+01
5.390950597539056e+01
9.231693241387462e+01
7.286068060102903e+01
5.928405907903056e+01
1.447167965326071e+01
6.094276833391877e+01
6.384628338918382e+01
8.719481182619687e+01
3.960308150369817e+01
4.899621468456286e+01
2.046056996121098e+01
9.302308177250580e+01
1.316722161749714e+01
1.433862085190537e+01
5.440604423843606e+01
8.305366099022964e+01
9.577003628749867e+01
3.124748027475899e+01
6.076778870111694e+01
5.634239877403826e-01
6.925355860463044e+01
1.005472075662330e+01
2.573893476544830e+01
8.226749770448892e+00
5.401981549990354e+01
2.107413016309688e+01
4.783995046645401e+01
7.415231474402934e+01
6.903900721531316e+00
4.690751556628734e+01
9.197022723591431e+01
6.585318458539116e+01
5.440666156560493e+00
8.173909037454943e+01
1.468504276810449e+01
3.717276339287532e+01
4.476256242243692e+01
4.257393546522313e+01
6.403383373470690e+01
3.185597068250923e+01
3.235411603579023e+01
9.397328337373830e+01
8.732668742878674e+01
5.153699384608166e+01
7.462874570611339e+01
4.497545577817385e+01
4.795041570810154e+01
7.980748516498483e+01
8.579126502656902e+01
9.786365711962043e+01
3.987046109506417e+01
3.578069835704784e+01
6.854014474364936e-01
1.633489128031530e+01
4.400744817406286e+01
2.131157127270082e+01
3.559159386697765e+01
9.184739864051686e+01
8.312144059833206e+01
9.327829586960295e+00
3.707697537591540e+01
2.229509131158473e+01
8.774805678415487e+01
6.145599794641882e+01
2.225182970159307e+01
1.108618076475625e+01
9.862876133929414e+01
4.500399583252333e+01
2.361981096846043e+01
6.740593680525475e+00
3.057811424628743e+01
3.062470412376556e+01
5.265560757958126e+01
7.699770707497267e+01
6.376096129592553e+01
2.728435323912853e+01
4.446162462442258e+01
4.721040374003835e+00
1.731688576625515e+01
7.881320709307361e+01
6.294335539589792e+01
2.910643477416897e+01
5.724317941686287e+01
7.413231575588338e+01
9.442649255247157e+01
2.334306162006364e+01
7.664047064103208e+01
4.103782467592406e+01
9.657371751804543e+01
9.049146552127388e+01
5.795045241618084e+01
8.437327858264246e+01
8.604188919348730e-01
5.247987324953073e+01
2.689092011511834e+01
1.339664948796698e+01
6.356605401428699e+01
9.541339091743035e+01
6.996403209397756e+01
2.897697152987913e+01
1.466322546576300e+01
6.842457818259699e+01
4.416693264812554e+01
6.348089792927769e+01
1.397772310952550e+01
6.860738804964693e+01
9.076525116840622e+01
7.238875570352596e+01
7.332842847021689e+01
8.082136888095242e+00
6.113256745093156e+01
9.465762227524893e+01
1.599497916921739e+01
5.804579875340955e+01
6.214148526179674e+01
3.162974386086210e+01
7.112537569884461e+01
3.878195585626268e+01
8.128053745314504e+01
6.216390238244268e+01
7.146598266971577e+01
8.093234723477268e+01
9.467446682726707e+01
7.239932970721243e+01
7.145668821011516e+01
9.145909640540327e+01
5.511343276831947e+01
8.327160472202655e+01
8.687248727626749e+01
4.419662451566971e+01
2.338435222552361e+00
4.438266239333090e+01
2.561961115599592e+01
1.635626951062878e+01
3.620132591398495e+01
3.959733426552142e+01
2.000363600440492e+01
5.194392667708170e+01
1.198608992248126e+01
3.544412880923791e+01
6.002606356517695e+01
9.664793331019949e+01
5.344295918636162e+01
7.602104278096047e+01
6.987230664578840e+01
9.889168902248689e+01
1.626375551161531e+01
4.099768229806688e+01
2.660778319770833e+01
9.754429296476034e+01
8.947676945919021e+01
9.807376586742409e+01
6.967961027737690e+01
7.106525593952520e+01
5.004698152190400e+01
5.426265683689279e+01
8.592005823083225e+00
4.872406332228522e+01
4.107155093973109e+00
3.831144270408500e+01
3.042845624984636e+01
3.662252073950252e+01
6.018059745439356e+01
5.604806740584227e+01
4.435834793576894e+01
2.135927296306904e+01
5.121237675250153e+01
6.461507131560476e+00
7.330319964015074e+01
8.672774261176947e+01
8.761409152653724e+01
3.332926315876155e+01
8.337567592196896e+01
1.515608616879028e+01
1.978593739670978e+00
8.430332624553859e+01
5.349413308012026e+01
3.571123063364589e+01
1.005114834292380e+01
7.696840324297939e+01
7.161660132539301e+01
3.911029968369300e+00
5.461605501110481e+01
6.671500115968054e+01
6.847250543929287e+01
7.604336863199406e+01
4.870259731481904e+01
6.367259880698872e+01
4.050599720352609e+01
1.287103021185428e+01
3.563911334408406e+01
1.182281631595586e+01
9.985683890984247e+01
1.833321844149997e+01
6.787088372179814e+01
6.023241051483546e+01
8.505087908592581e+01
3.125478072616029e+01
1.455346202224189e+01
3.298635102481877e+01
1.798252333792975e+01
7.378966774502288e+01
1.432775180522713e+01
8.809228646014458e+01
1.546598710839915e+01
1.351051452267473e+00
7.239561265911702e+01
8.188624483621038e+01
4.929211914972036e+01
8.682987321486225e+01
4.432229220137106e+01
1.034096396078401e+01
9.074090318323155e+01
2.105020532433419e+01
6.488593647484012e+01
8.765901880695439e+01
4.306590801247670e+01
4.464606183797403e+01
8.498668944695345e+01
8.357190526256892e+01
1.345529808358070e+01
6.863118674076684e+01
4.754848808401660e+01
1.673488552530058e+00
3.895902118597134e+01
8.415989167250689e+01
8.690494512529344e+01
1.061330670985082e+01
1.541467235210104e+01
1.458407100969184e+00
4.366098048335918e+01
4.192359314389694e+01
9.244540710581719e-01
5.798873228858632e+01
3.001587955747539e+01
1.909194771158134e+01
6.822055739733418e+01
2.411492216592418e+00
5.993322798047831e+00
6.944920032725166e+00
8.924136543145467e+01
8.000448796898336e+01
3.409382562809336e+00
7.998226856812009e+01
3.075890784652853e+01
4.257485719517565e+01
1.780910096960566e+01
2.393766461123604e+01
5.586538629413833e+01
1.261205971828292e+00
2.386989166209003e+01
5.130458686095876e+01
6.989239271259513e+01
8.551752417605255e+01
5.297807546005495e+01
2.485959549660776e+01
7.051806960744693e+01
3.988302053878224e+01
8.639051461889899e+01
5.302417229536184e+01
7.752749103937647e+01
5.077317317518087e+01
9.191007143441125e+01
4.496738828949974e+01
8.917180010544685e+01
2.666546629120850e+01
6.405933604764721e+01
8.420115582840570e+01
1.564485068230184e+01
9.974153181525949e+01
9.114607590769701e+01
4.886216067190382e+00
7.974601978424285e+01
6.227287587815565e+01
3.871298536598356e+01
5.943893206279676e+01
9.060378041612161e+01
4.365392250179030e+01
2.618267067064656e+01
3.828594579281562e+01
6.107089731892147e+01
5.005256233273659e+01
8.959053265377437e+01
2.905819682826204e+01
6.863156802422905e+00
1.946105771672961e+01
4.786815566377163e+01
8.382917073733600e+01
8.679199730362370e+01
2.718920401632283e+01
7.149997668876311e+01
2.379305629236300e+01
5.837227183318338e+01
8.848986979037983e+01
2.583319853331577e+01
4.754407189206410e+01
2.157389387561656e+01
9.345268909514542e+01
9.852355495026501e+01
3.721874460448453e+01
8.545020380311189e+01
2.018016102732167e+01
8.542284517801500e+01
8.125305538124081e+01
2.538704272610463e+01
2.697344530698538e+01
7.718852259087772e+01
8.870537108215754e+01
7.062736780877569e+01
2.406858402493809e+01
1.145472736631275e+01
7.505566844486430e+01
1.842117496692630e+01
1.045260020087129e+00
8.190482439561971e+01
8.939723325399554e+01
2.591447524070482e+01
7.001713405829720e+01
2.746415591214977e+01
1.270647249776240e+01
7.338200219598691e+01
4.225315458246188e+01
3.332568725260239e+01
9.459809376606630e+01
4.902503869916547e+01
1.861899756762152e+01
1.556966016794074e+01
7.059893257478203e+01
5.143877815056535e+01
2.150534364464941e+01
5.887153919733667e+01
1.967707719638808e+01
7.819899296304163e+01
4.992263785094146e+01
3.006079952701032e+01
7.630058362907756e+01
7.689608315792682e+01
3.849336464819189e+01
4.024132901813896e+01
4.752345092013639e+01
9.482137094941986e+01
5.169605643101784e+01
6.306594715596454e+01
1.692007762236524e+01
5.905607853040847e+01
8.224040245741624e+01
6.317310829794645e+00
9.635518453845529e+01
6.528478975653871e+01
7.257687513370853e+01
6.803941934743870e+01
6.063943661779139e+01
5.519293623752563e+00
4.839224324021127e+00
1.830980541105839e+01
6.137139157455945e+01
6.747222788048546e+01
1.934072818576392e+01
3.288534965034823e+01
6.370694090784851e+01
5.535929675929216e+01
5.760509989112853e+00
1.251468510018414e+01
8.253157654895055e+01
1.214328781335768e+00
2.264452312264802e+01
3.806191954671495e+01
6.964454370068597e+01
6.113788777083992e+01
1.635050597430696e+01
9.556735311428428e+00
8.149642454529946e+00
4.154150934961694e+01
5.373468042990876e+01
4.838523010182438e+01
6.183312533508666e+01
7.152711030632588e+01
5.029844564865271e+01
4.473523588140274e+01
3.496020884949723e+01
2.287532073579511e+01
8.493412383130478e+00
9.559964546728862e+01
3.613669915876198e+01
8.533792574207202e+01
1.181769189975117e+01
7.646312880165090e+01
2.145828130722897e+01
3.115842013208122e+01
9.128851191666374e+01
4.451180549548558e+01
2.062806995614807e+01
7.201149266772508e+01
4.491026785453328e+01
5.487517419032528e+01
6.988308451598654e+01
6.755479097718130e+01
4.140192365339115e+00
3.015890500049987e+01
2.869267870145509e+01
9.398564537707048e+01
4.520410361942095e+01
2.022743272605698e+00
3.552715468012130e+01
7.360895884857000e+01
8.997556105720605e+01
4.757397293465863e+01
9.484235970063246e+01
4.027400665929262e+01
2.044799077345430e+01
2.980256850356356e+01
1.452764091758413e+01
5.031937102336407e+01
2.540221392428606e+01
7.908177020916798e+01
8.440285436082763e+01
3.721990587060336e+01
9.770914278817789e+01
5.861135668056614e+00
3.633875131436565e+01
2.901760857972205e+01
1.365393289069363e+01
4.038281791861300e+01
1.029101200880996e+00
5.856420079179304e+01
9.491888643005811e+01
6.366625850259617e+01
2.611899172240821e+01
9.905907879539723e+01
9.382516350309605e+01
5.481167047042943e+01
9.304472412590158e+01
3.902926707595087e+01
7.960727968234907e+01
2.857187880602287e+01
6.234451647025744e+01
4.147977518917983e+01
9.049460943345660e+01
5.718687612432375e+01
8.175378184847244e+01
7.882985006032040e+01
8.698944462788731e+01
2.539320756932404e+01
9.614091650403148e+00
1.239165855217337e+01
4.418913575084374e+01
9.401694605779693e+01
4.911996989935636e+01
6.001987674274476e+01
2.626190582581884e+01
1.798989037889516e+01
7.999568808823622e+01
3.991583871651247e+01
5.837270829750817e+01
5.156422148065838e+01
9.848003950830551e+01
5.329159468100014e+01
1.708640089122876e+01
2.459903123071372e+01
9.916513957975671e+01
2.943641023218465e+01
7.941070170114315e+01
8.592041809387526e+01
6.846567735470165e+01
2.575435364886856e+01
7.396727636175568e+01
3.081019377839295e+01
5.347025066310086e+01
5.200605446100517e+01
8.799706994928283e+01
5.414847287076920e+01
3.480987261739088e+01
7.498651453060401e+01
2.908741339533004e+01
4.442396426779403e+01
2.352366471827201e+01
4.324071786517310e+01
5.469665827913985e+01
3.698973745898797e+01
2.070292454245636e+01
8.095856410495870e+01
5.497962783788314e+01
5.605488342980615e+01
2.087440277490504e+01
1.335233613539130e+01
3.741416499829580e+01
1.935444228321055e+01
9.552613557108032e+00
8.138451580022672e+01
4.395347351392427e+01
1.899460424622270e+01
2.523411597368965e+01
2.336417516850129e+01
8.895015580996413e+01
6.619824267281138e+01
7.837703222333316e+01
4.522313268167112e+01
9.232339989036480e+01
3.184728283986789e+01
9.722918714267630e+01
8.032046979308150e+01
9.325923621340620e+01
8.188539942814289e+01
3.741217173515454e+01
7.987383700901356e+01
7.960205710474497e+01
4.268515735989677e+01
2.311455482762053e+01
1.490393426031989e+01
7.967489486545087e+01
5.390244072950559e-01
5.322292621863210e+01
3.465452265676787e+01
8.638896797149860e+01
9.027411886037984e+01
4.800685879215917e+01
2.380313292322826e+01
1.061502597789049e+01
5.471469357363633e+01
5.591942488957170e+01
1.284541870134204e+01
5.774443128972521e+01
3.214935433685284e+01
3.526808313805055e+01
1.572765503811075e+01
1.048015971224762e+01
7.771490322319553e+01
3.639267386700617e+01
2.803559556046296e+00
2.955550641266420e+01
8.890459387977822e+01
1.901505017607242e+01
1.342526679552405e+01
8.898448706091591e+01
3.843101367281331e+01
8.243690053114523e+01
1.892462946424476e+01
8.111617103271008e+01
1.336615314398247e+01
8.158599277100805e+01
6.079106585159482e+01
5.137624356494111e+01
9.553911969789263e+01
9.544558855492882e+01
2.238645908533896e+01
5.746966216595361e+01
4.345244730052186e+01
7.823644530877306e+01
4.488068392727556e+01
5.810323690907249e+01
3.415587015177862e+01
8.431790121100745e+01
3.677406731842741e+01
3.699800914013666e+01
1.259573847641970e+01
8.978402646714078e+01
5.547741416631145e+01
4.226318017685003e+01
9.338496396941363e+01
9.640654311348057e+01
1.315096403153193e+01
3.327578792035384e+01
4.214966080251600e+01
5.541073063174762e+01
2.226027498126974e+01
8.906834162262656e+01
4.566232894810957e+01
1.664567935124304e+01
1.254935837935161e+01
5.902848213865817e+01
5.171094660261224e+01
3.214905799000945e+01
8.615712336551265e+01
4.492848955324315e+01
6.767093495823021e+01
6.657632541217670e+01
2.996814364100254e+01
7.750764353084734e+00
4.481277072094976e+01
1.667393400178940e+01
9.512957315665183e+01
7.896864087272839e+01
2.688519317977372e+01
4.928293155938523e+01
6.003325598315953e+01
3.948093165619343e+01
1.784653869357265e+00
1.551067010290486e+01
5.495839456792846e+01
6.457945320968491e+01
3.386775196244370e+01
8.920456459243063e+01
1.516087614705827e+01
3.163156361860761e+01
5.540209447750919e+01
3.677300630918378e+01
7.937182429217353e+01
1.064423425618756e+00
7.730976593555407e+01
4.867090682902882e+01
6.009290556427692e+01
7.889854818531244e+00
4.305214949094325e+00
8.611908354150088e+01
7.455763387240360e+01
6.385414123714629e+01
7.317417397777279e+00
2.887220551672960e+01
2.601905713138127e+01
5.213018811872704e+01
6.158716313614844e+01
2.986551510629501e+01
3.263118547975606e+01
8.847235631592216e+01
6.810982207213986e+01
9.319029361623818e+01
4.321196528301200e+01
5.459565490232578e+01
7.707097166081471e+01
3.351708363439752e+01
7.109202815736273e+01
9.857329078883552e-01
8.290304633923948e+01
8.303991336517032e+01
3.261729657306210e+01
3.830514081674868e+01
8.906278535214382e+01
9.903862667225238e+01
3.936956424236742e+01
2.582398076812922e+01
7.119478363133724e+01
9.946246980664435e+01
3.371383558666047e+01
3.942108281861110e+01
4.020356174567880e+01
8.271469412497929e+00
3.275224009191256e+00
4.752097914345608e+01
6.966544458161361e+00
6.589622402838256e+01
9.965116726218312e+01
6.855370759430980e+01
9.464383581403821e+01
5.253549099552235e+01
9.828132279137211e+01
1.976833092969299e+01
2.394028977674446e+01
8.497935183578140e+01
6.000971666537678e+01
4.694303807194486e+01
7.501037170878163e+01
3.110174477617337e+01
7.381076448308805e+01
8.708354038516224e+01
5.444361388424580e+01
6.428061009584023e+00
8.909922143868134e+01
8.911179932258642e+01
8.863850729010929e+01
2.846878563448265e+01
1.493578004414950e+01
4.784874406077375e+01
2.244429994488335e+01
4.864961563080998e+01
5.894094317170835e+01
4.540025538085040e+01
4.577161355212871e+01
6.221616722746573e+01
9.377434216149820e+01
5.188683203975057e+01
2.811239120928216e+01
9.946302599248618e+01
6.572875569841301e+00
9.947622157608915e+01
3.905159935311023e+01
8.946740100601102e+01
6.699685252597409e+01
1.140568061331551e+01
7.444675279522629e+01
9.688231027539928e+01
4.282228101176316e+01
1.518413411229110e+01
9.375400622084457e+01
1.663304544828508e+01
2.267674450887216e+00
7.983752720981721e+01
2.253202624736914e+01
3.353383226019043e+01
8.533830632704232e+01
3.806884933173137e+01
7.416368796218359e+01
6.026824799378787e+00
3.121947410107565e+01
3.863113007444475e+01
2.310548770386050e+01
9.016041727278402e+01
4.680239192526899e+01
6.777560797882062e+01
6.162809462362346e+01
2.242174345181405e+01
7.221387101906066e+01
6.646048038567439e+01
3.772870699769291e+01
2.572417903026761e+01
4.303989770963783e+01
7.782265528935132e+01
7.568999625541736e+01
3.922077647374048e+01
5.378291618720764e+01
2.801872842387237e+01
8.799210818856588e+01
9.660519724553693e+01
5.084704894146279e+01
4.610042206295786e+01
9.083135220726550e+01
6.348838315507788e+01
3.522708408312271e+00
3.629934915169112e+01
2.509700768864575e+01
5.152687721491181e+01
8.895914307281336e+00
6.165769484902624e+01
9.488783958129949e+01
7.623268374066460e+01
8.577689658188118e+01
2.458630736199501e+01
6.937885422696306e+01
5.529635364902036e+01
1.968271900884934e+01
1.968280869521331e+01
7.355037288439942e+01
2.402515286767164e+01
2.244414297046333e+00
5.186670206108442e+01
6.455820149954324e+01
2.935005623351319e+01
4.575254122994492e+01
2.113756072760446e+01
6.857083270725367e+01
9.953545746371870e+01
5.075156169512848e+01
4.673919409827292e+00
2.821817865046587e+01
4.007694699805088e+01
9.859726508082694e+01
9.378897263379255e+00
8.240923876055015e+01
9.556892001795066e+01
4.567824641507038e+01
4.928480230704174e+01
4.709579718629634e+01
6.628230077507082e+00
3.156094049641906e+01
2.180257501164571e+01
7.289564626891895e+01
9.614710560820396e+01
8.541388902133977e+01
4.227450049588201e+01
2.571050172006269e+00
2.666633079138879e+01
7.134241274154857e+01
2.671117243669516e+00
8.575063035159867e+01
6.627435347357502e+01
8.482436639481428e+01
6.761848464031634e+01
8.700262749893713e+01
7.674038180929626e+00
3.163238783908653e+01
1.972609405393064e+01
3.406409091971074e+01
8.462324626027757e+01
6.493684200799878e+01
2.774977061327070e+01
9.698459938959432e+01
9.146859529030910e+01
4.808335567269630e+00
4.499509648652518e+01
5.181693194984316e+01
7.567217260397607e+01
6.538479470898621e+01
9.891272913613950e+01
7.893909857558977e+01
9.998404798097165e+01
5.974031074891813e+01
5.183474479794258e+01
1.428357223713937e+01
4.515419977025790e+01
6.990300960368617e+01
8.691776296445995e+01
2.516716598773709e+01
5.813918442378714e+01
1.987542725162368e+01
2.473096131567423e+01
2.441353789736216e+01
1.889503422141775e+01
5.725915304257495e+01
8.692099218579055e+01
7.198568986355592e+01
3.712616117537309e+00
6.647086193155072e+00
5.318063062298140e+01
4.764685321024007e+01
7.158392820115384e+01
1.769250417952077e+01
8.907661959020263e+01
2.783194013304633e+01
4.606635386406740e+01
3.407171603016170e+01
7.964887212945561e+01
4.253803628615012e+01
8.473099548589951e+01
7.856160121902897e+01
2.147713481517375e+01
2.833566280470028e+01
3.830191196794711e+01
1.118375803864736e+01
6.860526840603224e+00
8.345611173820501e+01
6.742112490694090e+01
4.511958972789328e+01
3.449329358269148e+01
2.556030928416192e+01
6.250300298561482e+01
3.111707709316028e+01
3.391623456679109e+01
8.139803720703257e+01
5.856667652659429e+01
1.981685562982078e+01
5.698249747836147e+01
6.227929264413160e+01
1.428206363426618e+01
6.245783295596848e+01
3.017980755780815e+01
1.512585366849129e+01
3.100127053028032e+01
5.202332765423849e+01
4.295779384810375e+01
4.174929291091361e+01
6.286794574133491e+01
2.260666593099323e+01
5.571805720949455e+01
1.118756575099545e+01
1.168267103456085e+00
6.129328583427392e+01
8.861282076156364e+01
3.825089784257622e+01
8.521426975969891e+01
4.391164120468853e+01
4.757702543753061e+01
4.181095400909473e-01
8.101362119476015e+01
8.207031906678822e+01
6.218737180446618e+00
4.351662413380883e+01
5.425755421363635e+01
7.756044682001716e+01
2.491466129427527e+01
6.208206762656665e+00
6.519198895673826e+01
2.660954712266547e+01
1.816445156846403e+01
2.902935637581598e+01
8.204582975341279e+01
4.834425912627217e+01
9.204175411352969e+01
2.204779746106258e+01
6.679680355209709e+01
1.612382843909964e+01
2.649961203639378e+01
2.966474924686586e+01
4.039822082985110e+01
5.914206325967892e+01
2.088430976536326e+01
6.386732094169935e+01
2.043534909395284e+01
9.878394603672621e+01
7.932597127711678e+01
7.807951023712731e+01
8.906909329307689e+01
2.252262040158856e+00
5.706680484910812e+01
7.008271448783702e+01
3.176556324202827e+01
8.465340444103508e+01
1.359933857507973e+01
9.199415230750765e+01
6.221385121448611e+01
3.851399991592113e+01
9.820235911673045e+01
7.666913735525178e+01
9.825036614120489e+01
9.648332283668375e+01
1.573338323074085e+01
8.029619584805155e+01
6.180358005771580e+01
7.789414239949275e+00
2.343993309114125e+00
3.007909358948427e+01
9.781901235590644e+01
5.439450156613928e+01
3.094544938343831e+01
6.255779846690493e+01
8.081196880937181e+01
5.182975919536770e+01
1.807649793013767e+01
1.247317856758515e+00
7.442773113699059e+01
8.173956194973530e+01
5.628783239810161e+01
8.133838557700551e+01
8.399182398989416e+01
1.335463720064361e+01
5.142110001827641e+01
8.025375929672911e+01
9.800804168824480e+01
4.356618814336424e+01
9.582362980387342e+01
2.636804186104240e+01
3.461037200624606e+01
7.573799303534348e+01
9.072396149426883e+01
2.499295152956292e+01
9.544148733627121e+01
7.155737912820530e+01
8.208100045196758e+01
3.672022336941223e+01
7.934679341472071e+01
8.442499376108171e+01
3.800092350598468e+01
7.364527716936790e+01
6.094899264208460e+00
6.894637293598910e+01
7.340052433935949e+01
8.690686812014638e+01
2.077613208479068e+01
6.818845591889156e+01
8.815418597690491e+01
1.051123342966253e+01
4.992801782206075e+01
4.444201837500651e+01
1.914390563924979e+01
3.391984176538877e+01
8.042651162502659e+01
4.580490996400123e+01
4.902616047720711e+01
9.941595299142224e+01
8.759787594322016e+01
5.702697916749258e+01
1.602659007349359e+01
1.435978706663464e+01
6.277998311574569e+01
6.014108181006326e+01
1.614459167055068e+01
2.809241834473443e+00
6.662631089176345e+01
9.822559212251826e+01
1.736533130396406e+00
2.682806277965571e+01
8.265058588359999e+01
3.973745668294721e+01
7.038859514072006e+00
8.874548514780844e+01
8.683829572370197e+00
2.796036309001984e+01
7.565235322138871e+01
2.945996165716088e+01
4.100218063267049e+01
2.103726063903294e+01
7.254590917031555e+01
9.093019845473124e+01
7.782192075523638e+01
9.168981480956535e+01
6.463582458190426e+01
6.604521310238411e+01
2.552995962348299e+01
7.432637450952380e+01
2.184991031971290e+01
9.351945444639746e+01
8.510685506514592e+01
3.787650039320648e+01
7.879241466465984e+00
7.092317383313700e+01
9.079412063155048e+01
2.402383313701667e+01
5.914964655374626e+01
7.517356675824783e+01
2.224942525953493e+01
6.088617973070879e+01
7.725771054497813e-01
2.266161433545016e+01
6.236363670898770e-01
5.533241590267626e+01
9.348447802173182e+01
9.307465939460073e+00
8.329277903926223e+01
6.929784946576592e+01
3.876742759662095e+01
8.088548145298169e+01
1.397466660196645e+01
8.127281362250113e+01
6.385747974918107e+01
4.135294614422738e+01
9.910391182596977e-01
5.572591622161023e+01
4.255906149864153e+01
8.561153900139571e-01
7.689139734808886e+01
6.623256395861161e+01
9.437556983641142e+01
6.140564440815041e+01
7.363582852931499e+01
2.254811302877409e+00
6.839785006288339e+01
1.255489122707159e+01
9.766430589261665e+01
5.520107129365256e+01
5.721083886791526e+01
5.681955048666315e+01
7.557480739223529e+01
9.227872322885260e+01
5.342808079599779e+01
7.619844375932516e+01
8.851789971278883e+01
4.707357704037501e+01
9.176747169893584e+01
1.735199234325066e+01
1.637142645957481e+01
5.587842271471322e+00
2.790586269828764e+01
3.986476461396774e+01
1.376708485827180e+01
7.313443076477127e+01
4.514306832344414e+00
2.370816037231505e+01
3.636384305374876e+01
9.822692042134094e+01
2.456427576232901e+01
7.395175293737638e+01
5.980836533001083e+01
1.893984555217430e+01
3.535739729896066e+01
9.123555831203031e+01
4.087496546137844e+01
4.365134283138967e+01
5.251825035201304e+01
4.747330134151191e+01
9.764141905942998e+01
6.409934994955518e+01
9.326991107932754e+01
1.247711494214698e+01
8.969613760229952e+01
4.942945183693872e+01
6.820769206071631e+01
3.561325014364591e+01
9.650302887731372e+01
4.286416691861309e+01
5.761341213137536e+01
1.287445529032240e+01
6.713750421401929e+01
1.053949413380562e+01
5.681041304804869e+01
8.893954758017303e+00
9.921648777053528e+01
5.317903154212005e+01
9.639181541110939e+01
4.165252896102729e+01
1.402954292205607e+00
2.095609112687227e+01
1.706770286758789e+01
7.888094185799403e+01
1.947320472424533e+01
5.242510016654855e+01
8.265819339205427e+01
6.109059358066441e+01
4.332147861985558e+01
2.599875201750488e+01
8.563894875610197e+00
8.306655356803283e+01
7.612866474135251e+01
7.196974091789208e+01
3.006629819519180e+01
7.341349845445411e+01
7.861680722731018e+01
8.156537375485775e+01
6.082876308859734e+00
4.407487737204641e+01
