4.703643678083850e+01
2.252768805368230e+01
6.538820465346249e+01
4.216507004674760e+01
5.870520912981835e+01
2.224231279559541e+01
5.110210788021894e+01
9.686150806809846e+01
2.359788023102930e+01
9.338445393060542e+01
5.402352360730224e+01
9.942766055438092e+01
5.192950058352645e+01
7.054075154966711e+01
1.160769118536622e+01
1.679170504994304e+01
6.880732209831817e+01
6.577857600794107e+01
5.238349877874530e+00
2.282435895075293e+01
1.048742039617497e+01
5.464078372094817e+01
2.068226072969021e+01
9.472837890252860e+01
6.126513698197209e+01
2.756794748248902e+01
7.708217551795867e+01
6.765677322058788e+01
5.339913529036527e+01
3.329202618137563e+01
2.602362475638447e+01
8.947188900293405e+01
9.524625544214912e+00
5.668999313222710e+01
8.274074349680018e+01
8.577781733394498e+01
4.694802707384714e+01
8.656672820754663e+01
6.716038671655599e+01
2.388124476367665e+01
2.534755022514032e+01
2.118391027729209e+01
6.427685640020149e+00
4.821954357820542e+01
3.544119355987813e+01
2.122066003327289e+01
6.206734062268740e+00
3.662921955652033e-01
1.640036493372189e+01
5.016780637678122e+01
4.006161929111072e+01
7.146165038992727e+01
9.151509319968292e+01
7.868607629960685e+01
6.661443368839772e+01
7.114696729516004e+01
5.051335284975980e+01
1.279571713544229e+01
5.350089075672481e+01
7.294457642032978e+00
9.884709450362581e+01
2.552246294241513e+01
1.867652182405653e+01
5.528208154965289e+01
7.802781550121858e+01
1.417265274290585e+00
8.734476742676681e+01
2.497584252849959e+01
8.067718752691391e+01
7.719521139617787e+01
3.084619670680081e+01
2.821288678246219e+00
8.304220837682588e+01
5.455774755895033e+01
4.027352358227294e+01
9.352682553861608e+01
4.773570739093037e+00
8.567938631664933e+01
1.697276766270994e+00
9.902091361536687e+01
1.643252503892059e+01
4.041096807476644e+01
9.630435355766879e+01
8.874777154473018e+01
1.041788235791860e+01
3.301634077588857e+01
4.039625131543551e+01
3.433336952437338e+01
9.855107143453839e+01
2.695507347907641e+01
9.619659613640820e+01
4.430852734684410e+01
3.914871930105087e+01
1.487311791389860e+01
3.505216596417696e+01
1.717653475570331e+01
7.180257889991746e+01
2.571022288208372e+01
8.387118525983355e+01
2.623287151857879e+01
9.959214478712163e+01
9.870133153102422e+01
6.154378110614781e+01
1.872583786897633e+01
3.520828538351147e+01
4.046139812118439e+01
1.225266336102628e+01
3.998185616917063e+01
2.614078439126759e+01
1.650604983629009e+01
8.641398739368374e+01
3.773068154125041e+01
7.213217270194188e+01
1.134574791013531e+01
1.832293114546823e+01
5.901772517665184e+01
9.497308875200017e+01
6.867552458712622e+00
6.759229990075916e+01
4.133145499105167e+01
1.436899537889706e+01
2.692437047461251e+01
6.466163916730399e+01
5.351771467994793e+01
9.029935211422823e+01
2.063996708981691e+01
7.663450887270015e+01
4.930302367978870e+01
4.303690048076068e+01
1.284662667328800e+01
6.225097759731625e+01
4.262904526788232e+01
3.774235455214156e+01
7.665965411656521e+01
1.934789331599506e+01
2.364890231920821e+00
4.864014109998948e+01
8.291589765945258e+01
1.293249605825753e+01
5.461759607056975e+01
1.081727431659460e+01
1.742014522544115e+01
6.538335302164003e+01
8.481331313253068e+01
3.988247576164197e+01
3.476481206471325e+01
6.834692231768133e+00
3.183853716209463e+01
1.787111475964594e+01
3.059021315099216e+01
9.510458456124393e+01
1.477803337144574e+00
5.751458362560466e+01
3.743193728729707e+01
1.878505852948178e+01
2.236160706838668e+01
4.544462731361605e+01
8.191322166561766e+01
8.691133735091954e+01
8.500136951217492e+01
1.949378634779425e+01
4.608301932275436e+01
6.469333733650545e+01
3.859668063865820e+01
4.524073845019598e+01
4.300617954833721e+01
3.986299589269934e+01
8.788287271181256e+00
7.703536365974479e+01
6.658889416912054e+01
5.844394604603013e+01
8.916972949596575e+01
7.601638155803847e+01
3.348040978120659e+01
1.383720432121177e-01
1.426326097653399e+01
7.189531208569898e+01
4.489547961619472e+01
2.920224286113039e+01
1.370704719503738e+01
3.466197756801824e-01
2.050769255520203e+01
9.654455007824328e+01
6.705813345828007e+01
5.793962984249909e+01
3.044656032251500e+01
7.948267929231872e+01
9.104551779620607e+01
9.470627181916790e+01
7.701843715134004e+01
3.459850760856574e+01
9.375871200755178e+01
3.759067698269649e+01
8.014234159148407e+01
6.067106796459810e+01
5.215502458259231e+01
4.488572191674528e+01
6.148095729829788e+01
6.249361651134380e+01
6.920060486029863e+01
5.332955580825431e+01
8.422111681859062e+01
4.527100643388508e+01
4.762692360562595e+01
6.719377993941016e+01
4.633544774089728e+01
8.110187113336375e+00
2.706367444575936e+01
6.872404546883145e+01
8.797072725741693e+01
1.932418459063591e+01
4.269144211089772e+01
1.383686951074603e+00
3.739769837697860e+01
7.693152561640903e+01
1.438699882216146e+01
7.247587133779929e+01
3.096043129030635e+01
6.592141700252957e+00
2.667738102687401e+01
1.734434930484013e+01
4.669401857382339e+01
8.530200765715075e+01
2.674208964535132e+01
6.110605595684893e+01
1.123985075915225e+01
4.952223023843124e+01
1.309057055650771e+01
7.044188402148052e+01
2.910217178478007e+01
1.340745441308592e+01
3.497078057144339e+01
1.924788002821052e+01
5.770042462167350e+01
9.143533105563155e+01
6.053333797516922e+01
3.371690289756139e+01
4.448788871266316e+01
8.759701242092858e+01
5.158456869031516e+01
2.615196398745848e+01
7.882517798749041e+01
8.201874833648036e+01
6.522093027141919e+01
6.715803373007012e+01
9.108944544153728e+01
4.782713695793745e+01
8.763789994997806e+01
2.303935132130950e+01
4.755857067534633e+01
7.926955939236542e+01
1.458731168629011e+01
5.778441590153817e+01
4.016798787758126e+01
4.217565639045818e+01
6.079234753772261e+01
1.282844469548596e+01
4.065377737425909e+01
7.388291809423031e+01
2.843702576516058e+01
6.775499538879608e+01
6.477522340825537e+00
9.897329360198849e+01
5.183062844529312e+01
6.417794696249904e+01
5.279262780807569e+01
8.291261558556585e+01
4.703847018398273e+01
9.910764219197800e+01
4.160206529386438e+01
6.203955517245436e+01
8.065985705734224e+00
5.747889553079331e+01
4.405830346236858e+01
2.116556084769105e+01
5.293394529862979e+01
4.900797733525186e+01
5.237449754605745e+00
4.057184520204171e+01
8.513488731586136e+01
4.606012713446288e+01
2.711344329971514e+01
8.549011931078979e+01
1.971722441712265e+01
4.679259776454074e+01
2.487630719546057e+01
6.793753531199765e+01
1.908620363990134e+01
3.329815549463879e+01
8.715757754964642e+01
2.327041482705177e+01
3.054104653677952e+00
6.922249685471063e+01
9.470892967409870e+01
2.543338226407458e+01
6.525766386895332e+00
8.296234141241868e+01
8.345997803074306e+00
8.043891400119240e+01
5.074081646778659e+01
7.885562580956874e+01
7.906195287549028e+01
7.294234878986252e+01
7.866636937422044e+01
4.274977401026980e+01
8.624228652857352e+01
8.216936391879310e+01
3.424330173723553e+01
6.697279045682996e+01
7.919905813373582e+01
1.937818900653077e+01
1.373761799826176e-01
3.845731724913107e+01
9.744721054911949e+01
4.120423758458544e+01
7.597245260885566e+01
7.159018287043561e+01
6.681660924424260e+01
7.236962107586191e+01
6.315227717307967e+01
2.005724977704568e+01
3.125678404758535e+01
7.389341521723820e+01
7.615806971497744e+01
7.367490244734795e+01
9.932679748131279e+01
1.556803370619567e+01
1.581683429694587e+00
2.333697370408893e+01
2.768138722874289e+01
2.564167390840206e+01
3.154725419895130e+01
8.452409258322980e+01
9.791974439188826e+01
1.251256885589686e+00
5.743743034891664e+01
8.416203087389563e+01
6.952144348505952e+01
3.239368369448635e+00
3.160088906604838e+01
4.872050157222920e+01
2.227982963541515e+01
8.314087264386046e+01
3.783219328049206e+01
1.007652278527456e+01
8.281479640063587e+00
7.975120911363103e+01
5.440602463409585e+01
6.969659769427804e+01
5.316015731224798e+01
1.051382953790661e+01
8.137320782121887e+01
2.759933929312943e+01
5.395455637665212e+01
9.933786005682211e-01
7.978538655665955e+01
7.796304536888518e+00
4.866529351503835e+01
2.388650501327892e+01
2.661896204884115e+01
4.925091650767760e+01
4.952817892168098e+01
9.912886661436822e+00
8.003468768672770e+00
9.063484780054300e+01
6.812985505355981e+01
4.178947216914477e+01
3.335084995876571e+01
3.678880773335174e+01
6.107084777256048e+01
7.165874590708816e+01
6.719572188667755e+01
7.308706598034457e+00
6.244324648866581e+01
6.566076975579409e+01
8.992022866845141e+01
2.369385725990583e+00
2.395095071939330e+00
1.954083885976153e+01
1.657637470242398e+01
1.788189030153765e+00
1.433606926088038e+01
7.063426015462460e+01
1.405004840998447e+01
5.017959403348137e+01
1.212096522195310e+01
1.075193328352269e+01
7.271732225675012e+01
6.078625878355757e+01
3.463843829680162e+01
3.045129116179947e+01
9.706905470093203e+01
8.416661721848260e+01
5.320731175747109e+01
7.607427238303902e+01
5.182810935742599e+01
1.172852931159014e+01
4.182077801871149e+01
1.338541042682967e-01
7.063019684079578e+01
8.393995174390263e+01
8.826818381821187e+01
7.121457432918929e+01
6.398947954363631e+01
3.931361666848586e+01
5.995562121270021e+01
8.601711401064746e+01
9.662973442889272e+01
4.629652637350211e+01
6.630457242313054e+00
3.550299947871966e+01
3.109124024915101e+00
3.934492400816871e+01
2.819094123700212e+01
4.711281417268925e+01
7.833746898841926e+01
8.231065947670054e+01
7.090189078399068e+01
6.847994218975303e+01
9.429807518343351e+01
8.690981841036576e+01
8.132342532338734e+01
4.016597286805789e+01
5.831087793144903e+01
4.310626277844713e+01
7.265518213280252e+01
4.282425285448518e+01
7.935088778815739e+01
8.201805678290225e+01
5.943369076560889e+01
4.487338417436619e+01
3.869882968193797e+01
9.577460838285023e+01
5.307974850436661e+01
4.675486686022713e+01
2.507663267901010e+01
6.986322587815263e+01
5.543673795435426e+01
1.714081788302437e+01
4.083976347038512e+01
1.142055891054708e+01
1.669625193658110e+01
2.849266958818430e+00
7.716006817163903e+01
7.579356821989342e+01
4.996208113150768e+01
5.826282042929103e+01
9.824878880672566e+01
8.650573384319699e+01
6.701734325243967e+01
4.675895504036870e+01
7.720228907521921e+01
5.063600775349699e+01
5.245949665664672e+01
6.608466821074703e+01
1.906523020894510e+01
9.265677537427133e+01
3.661890795296939e+01
9.053871766223513e+01
7.467483211060745e+01
2.155168402080968e+01
4.759233759138377e+01
7.806225357486971e+01
9.855039794861824e+00
9.545580097262551e+01
1.606197097155357e+01
3.493167252043806e+01
1.370745576625106e+01
2.739395491191836e+01
9.689195030224134e+01
1.344759870015439e+01
7.051194886235145e+01
2.133471929530367e+01
1.629686565897281e+01
3.842099031359935e+01
2.307612873757078e+01
1.210130109083899e+01
9.751307167928344e+01
7.553700864107209e+01
7.425287457846704e+01
1.629204699596951e+01
2.229596363487466e+01
1.555808503905222e+01
1.075476166361699e+01
5.524414798954695e+01
6.762354651821011e+01
1.131624463541258e+01
4.071720616925378e+01
4.242454471179496e+00
3.314300162398396e+00
8.537978319701729e+01
6.856621395264109e+01
9.545862953898433e+01
3.244851037508273e+01
4.862663650355611e+01
8.672110288716904e+01
5.201138814539248e+01
2.273503286891386e+01
6.530678219409045e+01
4.698942343098550e+01
3.632113106377475e+01
1.840336356237687e+01
8.250345572945823e+00
5.083280422297902e+01
9.505124655321764e+01
4.667133588654517e+01
2.980063167857035e+01
2.225182970159307e+01
3.388000723620877e+01
1.068368750190534e+01
6.701439217059611e+01
6.199074888694600e+01
1.541189943226609e+01
1.754079289619848e+01
7.279094484299000e+01
7.113349129032972e+01
4.760708974097254e+01
5.884955146296394e+01
1.805924797340261e+01
5.647112538873736e+01
6.216385162536234e+01
1.078102719540755e+01
6.868479576366245e+01
3.762886814662668e+00
4.322953757049029e+01
7.366397579836844e+01
9.467731727970640e+01
2.443154855837652e+00
3.249765598797130e+01
5.137322174914797e+01
1.888219417020781e+01
6.199574091564666e+01
3.544878695879541e+01
6.522035317738558e+01
8.912868163973498e+01
4.200642339047344e+01
5.247987324953073e+01
1.370519172107111e+01
6.206879488288835e+01
2.322864393853985e+01
8.868436556713858e+01
6.367396137848216e+01
8.521939287205198e+01
3.455936477266223e+01
1.929493281957458e+01
7.694002970910633e+01
7.281895669774103e+01
1.397772310952550e+01
9.836251162847621e+01
3.286713288764801e+01
7.238875570352596e+01
6.666768904154546e+00
7.447730292308950e+01
8.582805538821410e+01
8.554642735307404e+01
2.170748590571223e+01
5.804579875340955e+01
4.059591365074549e+01
2.418283295081129e+01
6.277211763093812e+01
5.762579574139127e+01
8.216429901410093e+01
1.602697713115577e+01
7.450497884978772e+01
4.126228808484147e+01
2.430898757852101e+01
7.599398269131500e+01
4.736246403649564e+01
7.766067426542783e+00
2.239877824783268e+00
8.240796028748525e+01
1.941702776561353e+01
2.507746481573091e+01
2.389492328460092e+01
3.274805798788930e+01
5.898217081976225e+01
8.718211207873287e+00
4.537515744817217e+01
6.508490823446070e+01
8.626258083910801e+01
3.703275804269722e+01
1.198608992248126e+01
4.369760302067623e+01
2.244160977305920e-01
1.351523358072864e+01
3.591298318277718e+01
6.354695109815660e+01
6.735881672583466e+01
7.858729431339879e+01
4.515481653863323e+01
1.603274467216467e+01
3.583751094333712e+01
9.116113134248235e+01
7.791397980317193e+01
8.962314873450582e+01
4.245066872912025e+01
7.631005899808838e+01
5.023755866579598e+01
1.517748200110043e+01
7.078189746047458e+01
3.025998781912960e+01
2.529658294529495e+01
7.653895750480656e+01
6.910134687512245e+01
7.294327200993116e+01
4.091424869416014e-01
3.540655767331205e+01
8.314713820961637e+01
2.135927296306904e+01
5.449592157010731e+01
9.168926551551058e+01
2.436561590263882e+01
8.179182455958419e+01
3.980501226140419e+01
3.332926315876155e+01
7.451467354526496e+01
7.571799544418137e+01
9.790316494084111e+01
8.046635015889366e+01
4.739636930050160e+00
5.465201626282745e+01
5.458923618057242e+01
4.464044386737069e+01
3.224965395976307e+01
3.911029968369300e+00
3.493030464040595e+00
3.807015923693318e+01
1.844881089331993e+01
7.693254052518520e+01
4.284271436875812e+01
9.722460484934253e+01
9.410140905254586e+01
7.804668884633421e+01
4.567521058287248e+01
5.898034710389578e+01
4.087310863699443e+01
7.155807608345434e+01
9.451771811326859e+01
2.008997156288939e+01
1.635864857414674e+01
6.351628539316183e+01
9.028965681339133e+01
5.237050496617822e+00
7.114777694044065e+01
2.167553502213002e+00
1.432775180522713e+01
8.805638290385546e+01
9.915829040070916e+01
6.418710028016339e+01
7.239561265911702e+01
1.659024805603095e+01
1.581613161406300e+00
1.161068832111111e+01
4.494335853724897e+01
8.016285425059631e+01
5.703128825734895e+01
7.999350413679774e+01
8.409917693776040e+01
8.094314284666588e+01
4.617147075299708e+01
1.729017063849148e+01
2.600955633726416e+01
4.809121691998617e+01
9.533685953139181e+01
8.454066840211892e+01
7.450014062901033e+01
3.571366650784093e+01
7.691984096398569e+01
2.245194591695999e+01
8.690861556069396e+01
5.149289018078376e+01
2.074292568524504e+01
9.185502752282424e+01
7.429979284028512e+01
4.221568449503541e+01
8.595406407767631e+01
6.291384602101233e+01
3.944861294676020e+01
7.625651884649717e+01
9.473604266286644e+01
8.473022747073799e+01
3.568219576761229e+01
6.734147284521789e+01
8.530799070620350e+01
8.000448796898336e+01
8.365139704367677e+01
2.083222564348589e+01
8.204373395165602e+00
4.257485719517565e+01
5.592573329616604e+01
4.962210969516174e+01
4.358227953481595e+01
2.778492478084980e+01
1.531683435445504e+01
3.652842842812111e+01
6.989239271259513e+01
6.325853879715248e+01
6.439549991134344e+00
5.088353219948873e+01
1.296878406450561e+01
5.547195377548781e+01
8.967647742930636e+01
4.129388581090322e+01
9.195538363044867e+01
2.312103133793968e+01
1.236145618015968e+01
8.678375328275550e+01
8.603487735895202e+01
3.070787206790776e+01
1.237366069684441e+00
5.149100928171119e+01
1.543809953864575e+01
9.974153181525949e+01
2.151548276725946e+01
4.886216067190382e+00
5.065508589644687e+01
8.749120989231915e+01
4.776150386210601e+01
9.743175147913012e+00
2.528344440519970e+01
4.312258066754908e+01
8.846517148821856e+01
2.097908720419700e+01
9.253319785582516e+01
6.812472407153096e+01
9.170497068749040e+01
9.335630247060037e+01
7.091373250396632e+01
6.897729745552749e+01
8.440389218013915e+01
1.214505835070510e+01
6.382168236366551e+01
2.465087702714413e+01
1.165728564916984e+01
5.577706599411418e+01
5.837227183318338e+01
5.955841637195945e+01
3.368651365567302e+01
6.837414026650328e+01
1.797847241069119e+01
8.785248016372904e+01
1.436346490604964e+00
3.341657194933694e+01
4.677431939485218e+00
8.581961686062610e+01
5.110904129739341e+01
2.893830529830340e+01
5.484635525143070e+01
2.697344530698538e+01
4.218594196354316e+01
5.149879164597895e+01
3.908293691421064e+01
8.310792547795359e+01
4.883275495322084e+01
6.725054446945458e+01
1.535138441964583e+01
2.696648632500623e+01
5.806933113283912e+00
4.563889896759712e+01
6.891698277039313e+01
8.432167642019766e+01
2.557236609308625e+00
1.752768345993370e+01
9.619417884209854e+00
5.473361883998551e+01
8.192611848093854e+01
5.557860986123728e+01
5.617870658458151e+01
4.450969963544500e+01
6.954553125870672e+01
7.415717899527270e+01
5.262995043426284e+01
9.880907628629780e+01
7.817677132700419e+00
4.078521418421772e+01
2.354647173711400e+01
7.340772863170491e+01
8.019366635949987e+01
5.051450945926574e+00
2.643855364361711e+01
7.483642034923491e+01
8.095399177677650e+01
4.779902880443215e+01
5.794434578062238e+01
5.575379592168788e+00
9.471447239383798e+01
1.609139154483163e+01
5.452926892532467e+01
3.793304354787480e+01
5.701542834612327e+01
9.635518453845529e+01
6.545424673960277e+01
2.733623735948291e+01
2.242068123185107e+01
6.063943661779139e+01
3.406217300056581e+01
9.024430317349932e+01
6.684554278238003e+00
6.228641707556621e+01
9.183681923515947e+01
3.932987490637688e+01
3.999522805213706e+01
4.233700993579673e+01
7.915231412237152e+01
3.076189389953478e+01
6.521323726755251e+01
2.270787634081574e+01
9.062566463399011e+01
4.540690358048627e+01
1.122814184577583e+01
6.752174774535081e+01
2.024332388315505e+01
9.568748017572216e+01
7.810658778907107e+01
7.818766966377743e+01
4.154150934961694e+01
6.229413517857628e+01
7.691385879968939e+00
4.946108239212123e+01
6.391238806020114e+01
2.007373078729665e+01
1.800909015257335e+01
2.552869311791318e+01
4.623486271418392e+01
3.549431526823636e+01
3.612984881556120e+01
1.015110137413773e+01
8.726761047135462e+01
1.181769189975117e+01
1.025350466848049e+01
2.714146972966449e+01
3.115842013208122e+01
2.556579435503380e+01
2.416129583686651e+01
6.869717928054612e+01
8.477017250134152e+01
3.089414938860300e+01
2.072647526894066e+01
1.031021536808005e+01
8.064221696958049e+01
4.140192365339115e+00
1.284580915833163e+01
8.210607947879755e+00
2.487560735311154e+01
4.520410361942095e+01
4.954517960992884e+00
4.442383309100933e+01
6.393765521419126e+00
8.997556105720605e+01
6.626257182390549e+01
5.451600516890921e+01
3.664159115247502e+01
2.328808802333106e+01
7.529553271611013e+01
9.597519929333367e+01
8.286056224389959e+01
4.765336851014447e+01
9.928602655384971e+01
2.512029401265098e+01
6.785470799908727e+01
8.838521092589255e+01
4.052925731080084e+01
7.295403428047618e+01
2.649884122726453e+01
6.705987847738893e+01
2.549737516115297e+01
2.608377231568274e+01
6.259844641322197e+00
9.491888643005811e+01
2.053179620789913e+01
5.475199080759287e+01
9.636283330449966e+01
9.382516350309605e+01
9.511266960534857e+01
2.236895776464090e+01
3.028807157198343e+01
3.570456357472789e+01
4.775967283535734e+01
4.704056323833790e+01
6.242445719541258e+00
6.172984156838145e+01
9.680740283653485e+01
4.518892464469603e+01
4.672872999065031e+01
8.317720092980993e+01
6.530070107677052e+01
2.931954382421428e+01
7.506092450351497e+01
9.161737495642964e+01
3.118114030509309e+01
1.780688106911578e+01
8.000258588232221e+01
5.053643642484045e+01
2.669188125370624e+01
4.048118025086875e+01
6.472089768607211e+01
1.695801150843408e+01
1.851576828328695e+01
5.579879770791102e+01
7.897069383364669e+01
3.477654342296373e+01
5.788280398486313e+01
6.473412614536198e+01
4.077025136946247e+01
2.375191781844568e+01
4.943057589672067e+01
6.846567735470165e+01
1.419941667197245e+01
9.719024873207800e+01
7.808336828746059e+01
1.228820952227721e+01
3.234913560205565e+01
5.139186240331822e+01
5.774741790152500e+01
4.313153011870176e+01
8.345768525426168e+01
2.304811893172940e+01
4.704862029619916e+01
9.720298149492731e+01
1.429926693174023e+01
2.527637431643734e+01
7.631550360299437e+01
8.513899635762860e+01
5.673319332149494e+01
5.497962783788314e+01
3.263229510403811e+01
4.175608527928409e+01
4.594389286169032e+01
6.651411022362956e+01
1.935444228321055e+01
4.682632444744293e+01
2.096044329039773e+01
4.067909440057310e+01
5.434061105099535e+01
1.303544869322118e+01
2.614403102833034e+01
3.252115800628492e+01
6.151320611197185e+01
3.514680561383572e+01
6.319208213276791e+00
6.333287966592837e+01
5.629070073193437e+01
4.789686796623136e+01
6.224819871701682e+01
6.216026645254357e+01
6.151597479428909e+01
6.578253818013824e+00
7.987383700901356e+01
9.939527595387551e+01
3.770602323939373e+01
2.311455482762053e+01
3.352101595770615e+01
1.293183784602761e+01
5.023102930292070e+01
5.655623560610983e+01
9.469098942107101e+01
5.353074798059219e+01
2.473625630360853e+01
7.876208498085015e+01
9.230830636448614e+01
1.057797954910341e+01
2.498243419685515e+01
9.040001322999596e+01
5.048777086217319e+01
7.671407348323336e+01
5.209798610401246e+01
4.860263338713098e+01
4.437698309513600e+01
7.799571914505015e+01
1.282243654728981e+01
7.030558100450112e+01
3.570946391472102e+01
9.541226089718391e-01
2.623523074492590e+01
4.753156972468438e+01
6.894868433892199e+01
5.847540561038787e+01
1.135439607843496e+01
9.025159836292806e+01
8.899810439394699e+01
4.913609644823526e+01
9.720019255634407e+00
7.555783110463891e+01
8.271540807686533e+01
4.640483541712391e+01
9.306257832472332e+01
7.673192549344708e+01
2.860264481445898e+01
9.447312564331718e+01
8.508835746212320e+01
7.823644530877306e+01
1.337664365460008e+01
3.344745381430138e+01
4.224533110030244e+01
8.267932091033055e+01
1.769604762908818e+01
7.233776136875980e+01
5.953763726145851e+01
2.123115459514370e+01
3.574218397761797e+01
3.780397690730354e+01
9.153673559964483e+01
1.509943023095812e+01
1.752363951761445e+01
1.473420896322197e+01
5.479932457897780e+01
3.652591073723785e+00
2.226027498126974e+01
5.253094674671579e+01
4.566232894810957e+01
9.585098498307680e+01
9.907775712156564e+01
6.808062171008467e+01
8.766204332358299e+01
6.358362327496690e+01
6.727425976063789e+01
6.666777905387235e+01
6.605388995541907e+01
6.806685028973355e+01
6.150148755940678e+01
8.485553119557702e+01
1.351756789419687e+00
7.487813121400686e+01
8.619938371060387e+01
4.896273917935916e+01
1.547784442802791e+01
9.233191762693781e+01
6.209146467134891e+01
3.948093165619343e+01
6.877944486624536e+01
3.409201318123006e+01
4.886683684255315e+00
7.554136224814754e+01
2.905175463717979e+00
8.695675781320629e+01
8.116496283615238e+01
7.566495015084043e+01
5.540209447750919e+01
2.342067953358436e+01
5.120870128795910e+01
6.289901545406273e+01
9.586204904870226e+01
5.688343544345508e+01
6.570515794013868e+01
4.658387654767552e+01
6.792241552282238e+01
4.074109198560058e+01
3.174225940915861e+01
4.147753303008039e+01
5.456717258997595e+01
1.782722422751934e+01
1.117911376579623e+00
5.591892937939564e+01
5.903167238413900e+01
8.526685996226354e+01
7.732770674737529e+01
6.929058263510959e+01
6.204908744527449e+01
5.221124633783998e+01
2.057121271294132e+01
6.512574947677821e+00
2.970655738828078e+01
2.542990307576484e+00
5.128147050332347e+01
6.448729809582574e+01
7.138042620913146e+00
8.031460050508129e+01
7.771332877581628e+01
7.213606004237015e+01
3.028900941381650e+01
4.852116934420596e+01
9.172155749598591e+01
2.553872993473836e+01
5.404604741094916e+00
9.946246980664435e+01
3.371383558666047e+01
9.662179746507751e+01
7.980466055674695e+01
5.578633982491975e+01
7.338492249761937e+00
4.752097914345608e+01
6.966544458161361e+00
8.444444792552126e+00
2.196455948146273e+01
7.848281780187172e+01
4.489485395368880e+01
9.929226622883802e+01
1.554239271932393e+01
8.083511971907463e+01
4.910326914354380e+01
6.138164273527528e+01
2.309598947088048e+01
3.537182925984814e+01
4.731619346296237e+01
4.707136915394635e+01
8.591340830824963e+01
1.958984649721060e+00
4.051375907869718e+01
3.426485431113506e+01
9.586570965864961e+01
4.775630177359856e+01
8.278602365534103e+01
2.144075381636655e+01
1.671181927281982e+01
8.819062839643593e+01
1.409203168660963e+01
4.864961563080998e+01
9.064102936100262e+01
8.587246788007788e+01
4.968333549317128e+01
9.570282869772187e+01
1.565579628369575e+01
3.833078781065102e+00
6.874339080822813e+01
8.993306923188878e+01
1.388962539559678e+01
4.904212739739666e+01
9.180959332352950e+01
2.706077011630906e+01
3.664476929076238e+01
6.999724952969572e+01
1.479588309991913e+01
1.776187350869266e+01
5.357033184430112e+01
9.829990388746369e+01
7.950603709533161e+01
8.724858196789800e+00
5.596610831840248e+01
6.892006661226977e+00
4.298971250792486e+01
8.223108909196736e+01
4.726912721398712e+01
2.577573611669975e+01
3.922878873498588e+01
9.583664261542104e+01
1.396636451313568e+01
3.527118681709803e+01
3.167976328715671e+01
4.581299328515911e+01
8.180117312902640e+01
2.233624431413423e+01
3.655968603517846e+01
2.242174345181405e+01
5.537180400237991e+01
3.832569408152517e+01
6.908219390040365e+01
6.689018139936505e+01
3.052774957871425e+01
7.490834736959467e+01
9.395095156224023e+01
5.811110216104942e+01
2.927575727425318e-01
6.418816748270214e-01
9.369267620783891e+00
9.666136279546718e+01
4.496941461459241e+01
1.869888530052215e+01
8.977626487136644e+01
3.641403123569397e+01
9.557932787368975e+01
3.276597733272518e+01
6.244693154583076e+01
8.888655462716079e+01
8.176185697399167e+01
8.262879163149222e+01
8.472319719601570e+01
5.270865282635607e+01
9.077902724537022e+01
1.717927442732233e+01
9.118424481301766e+01
9.045923319200948e+00
4.847894154883872e+01
3.873430506267319e+01
2.423816757474009e+01
3.435231923794016e+01
5.637573327700409e+01
1.601655549184259e+00
6.764563874697575e+01
5.105618091814973e+01
6.721518797204605e+01
9.519345219954543e+01
4.826623590116679e+01
2.136282819386703e+01
7.335590714279371e+00
3.852449899470643e+01
8.438304284791603e+01
5.998584728687343e+01
4.929732300774069e+01
8.272922042884362e+00
9.958480154144802e+01
4.487665088143044e+01
2.495647697940305e+01
1.448755088005567e+01
9.073422732331521e+01
7.175683871459069e+01
1.045118007364272e+01
7.935717109560835e+01
1.182037620424311e+01
3.735807525802313e+01
3.793921300114096e+01
9.544641640756578e+01
8.624239656433575e+01
8.641815454997968e+01
4.130280378335286e+01
1.719327593091562e+01
4.933427653710091e+01
1.415930912557957e+01
1.691749064108240e+01
5.057677717440612e+01
5.575694216217704e+01
8.285695658198416e+01
4.577022932738542e+01
6.580979999425345e+01
6.983995832029728e+01
4.208421699799793e+01
9.133748062482918e+01
7.636525858024380e+01
9.974617725226385e+01
5.624801197845862e+01
5.250317214639074e+01
4.256938227571984e+01
1.969703157418270e+01
8.526188926084987e+01
4.571128033367511e+01
4.598260812739963e+01
7.289936015051759e+01
1.957843686434367e+00
8.855704976644230e+01
5.792291749172048e+01
7.386740300518805e-01
4.195769258865979e+01
4.040521566774939e+01
6.322769320720234e+01
2.293000408584718e+01
2.751763068489620e+01
9.114043116156964e+01
3.805955002925337e+01
3.221839192892350e+01
7.799150230269484e+01
7.201319843158741e+00
1.341089266976849e+01
5.257129061621208e+01
2.481805250272996e+01
7.922069271058808e+01
5.000469496008228e+01
9.113167398196256e+01
2.313234802481362e+01
2.527517100110425e+01
8.907661959020263e+01
4.046490930042459e+01
8.052009115019818e+00
7.638220702129519e+01
2.319163290001062e+01
9.151245811558908e+01
1.307908944463315e+01
6.191204160540925e+01
3.790245919390696e+01
5.082845923063739e+01
1.120305019952499e+01
9.129893546518821e+01
1.840874553583970e+00
5.316074278818478e+01
3.742351338147350e+01
5.670626971717284e+01
2.796573127990856e+01
2.328607203591898e+01
2.733317163183036e+01
5.329275753036735e+01
1.723873117810056e+01
5.068036427287402e+01
9.918869524225066e+00
4.297453744475475e+01
3.453897220759604e+00
3.990198100912477e+01
1.971690930412938e+01
2.354665264652420e+01
2.548565935598950e+01
8.873856565390646e+01
6.715396906582359e+01
8.044362286126410e+01
6.833737998657738e+00
7.520597822740952e+01
5.377417549201016e+01
8.078881608358995e+01
7.265915701755283e+01
1.743259733423246e+01
3.897160181727801e+01
5.394121103637908e+01
6.716127873731837e+01
1.831539548855060e+01
3.460516544739025e+01
6.497993425698016e+01
7.309294565259150e+01
8.193324654453119e+01
5.932759291461092e+01
1.058676885933930e+00
8.074315515381430e+01
9.557293480987332e+01
5.435143441630128e+01
2.054338032405050e+01
8.976086512662511e-01
7.781202843310872e+01
7.871689599878941e+01
3.115612763499660e+01
2.580200090343226e+01
2.714960539115109e+01
8.077885940707236e+01
9.992572502229629e+01
9.359743743836761e+01
2.204779746106258e+01
3.951253022044549e+01
1.608085912469814e+01
9.293054202242314e+01
3.038559766969905e+01
8.851792383404351e+01
6.558969903997597e+01
2.088430976536326e+01
1.626425763418165e+01
6.328668643873496e+01
4.180260330522555e+01
1.256813635703555e+01
7.075558624731171e+01
4.458728090142239e+01
7.108188977981075e+01
5.774820496223317e+01
3.914873816033301e+00
4.969469190095304e+01
5.841167781428046e+01
6.376370334241712e+01
9.734830595429442e+01
2.375649522233591e+00
7.021300660921867e+01
7.516033434083701e+01
2.270238097882940e+01
9.825036614120489e+01
1.110162162738928e+01
7.320696756858703e+01
6.627202330449225e+01
6.253573278083267e+01
7.777686676838289e+01
2.016362776987424e+01
3.985342622727781e+01
6.886773266311164e+01
5.824008824221794e+01
3.602533039451825e+01
3.973834809834992e+01
7.297572767034906e+01
4.841659271550206e+01
3.381104172850542e+01
2.041172390822867e+01
6.012130158959017e+00
5.646160289480425e+01
1.096477485772445e+01
6.858900127401063e+01
8.399182398989416e+01
1.335463720064361e+01
7.685104789065711e+01
5.153934832268364e+01
2.934632498274852e+01
6.502043863992228e+01
2.975782669603723e+01
6.637469710147693e+01
8.751334552071680e+01
2.404798857124894e+01
4.222319556503705e+01
1.784804603916036e+00
8.206246471128541e+00
9.698144034341976e+01
9.286382333043210e+00
7.074197925196121e+01
7.934679341472071e+01
2.945001010291745e+01
1.059540543267289e+01
1.506202487045062e+01
6.094899264208460e+00
7.965370536765722e+01
8.838212699088366e+01
2.761665816773505e+01
3.184795753650738e+00
4.912634619936643e+01
2.045712281039782e+01
2.718651607967285e+01
7.914467648563192e+01
1.162443291937207e+01
6.455702547196161e+01
9.899579947767585e+01
4.244422928543958e+01
6.827939239716129e+01
4.148294382797692e+01
6.085599789435789e+01
6.348912383592181e+01
1.294648885398474e+01
3.540576642165229e+01
1.991643804121597e+00
5.854272756657690e+01
3.406308108664261e+01
4.746724062015640e+00
6.674897403770544e+01
2.447499936654931e+01
4.848996556759344e+01
3.749095324310053e+01
1.994752475058079e+01
4.340095759527802e+01
5.504684949063083e+01
4.289682146296688e+01
8.874548514780844e+01
1.089968910017036e+01
1.478838930595126e+01
7.565235322138871e+01
9.993225201029901e+00
1.323945890797277e+01
3.641369516794276e+01
4.127100098006008e+01
9.093019845473124e+01
3.884200055098255e+00
3.704651828717743e+01
6.947136147388787e+01
6.604521310238411e+01
2.336619981721332e+00
9.764973544406227e+01
5.558368137831972e+01
9.351945444639746e+01
7.471576359808248e+01
9.098944779997200e+01
8.182579133744620e+01
7.582978032335164e+01
9.079412063155048e+01
6.816602776207310e+01
4.306111379669100e+01
8.137543065537486e+01
5.750664652209107e+01
8.911444744519630e+01
7.567016183197040e+01
3.266506261782025e+01
9.505007047906986e+00
4.582335606488556e+01
4.540954252956879e-01
9.307465939460073e+00
5.108037397781404e+01
6.929784946576592e+01
1.924094549344897e+01
8.892868402829798e+01
6.274611505807663e+01
7.576018202852465e+01
3.087587604805635e+01
