6.715039618646279e+01
2.613946237887231e+01
6.538820465346249e+01
1.765829185846182e+01
5.870520912981835e+01
6.345485256214386e+01
2.907535127786703e+01
7.974490871641082e+01
5.430371861639605e+01
9.338445393060542e+01
5.776549608342606e+01
9.047133596170291e+01
8.835119492763243e+01
7.962891253625457e+01
1.468862766152650e+01
8.403186224588746e+00
3.215888660967298e+01
9.840547828860836e+01
4.806410421061521e+01
3.213299956737691e+01
7.619844375932516e+01
5.407259024403645e+01
6.244364383744245e+00
1.101104910998188e+01
6.126513698197209e+01
9.677575770615402e+01
4.104039098184574e+01
6.724593060428553e+01
7.342527731015592e+01
6.388792398566749e+00
7.145318308447170e+01
3.873970971384072e+01
6.935811376634898e+01
6.768243250794822e+01
5.639800157230255e+01
6.313569497463093e+01
6.165263110848732e+01
9.817034518260991e+01
1.893984555217430e+01
5.392835664280148e+00
9.459955985406393e+01
2.118391027729209e+01
3.556664629632917e+01
2.163506989443445e+01
9.058633404345546e+00
6.334877785451187e+01
5.480785353798785e+01
4.121752001401853e+01
4.529191928230781e+00
2.238111571519688e-01
5.741259276746428e+01
8.585225189377192e+01
5.429640140118841e+01
9.650302887731372e+01
1.403229796049758e+01
5.374527180276125e+01
8.404290130550177e+01
2.875080165860746e+01
5.406927985794343e+01
8.037382228317384e+00
7.268365503879434e+01
6.563223184348654e+01
3.416209804553636e+01
3.277580348438388e+00
9.254862838077761e+00
9.056009961783890e+01
6.641327532306931e+01
1.706770286758789e+01
7.603345246800848e+01
3.989593672561270e+01
2.701653341158132e+01
9.285538429061667e+01
9.772772979816781e+01
9.211560054315049e+01
2.925496768637326e+01
5.051142720063749e+01
3.851036962052359e+01
3.603490890750425e+01
8.295277412186972e+01
7.959572811592172e+01
3.506677659930045e+01
6.631775869350776e+01
8.004466974178547e+01
8.874777154473018e+01
3.910450261975848e+01
2.034792696142007e+01
7.557112079838809e+01
6.337220187455984e+01
5.321993820984845e+01
1.319967802297309e+01
2.572247219538431e+01
5.662339988938692e+01
5.516286359874665e+01
1.487311791389860e+01
2.113145590812501e+01
7.496942629803411e+01
3.030745560783309e+01
7.492839469338227e+01
7.854743184454153e+01
1.673448105190624e+01
9.485892248100552e+01
4.847009146980480e+01
7.691078250152560e+01
2.753554309137889e+01
9.868889977163118e+01
3.342228598586390e+01
5.446576040911757e+01
4.153192557465840e+00
3.557775408754951e+01
3.807840842664167e+01
3.843505537995838e+01
6.174597770988288e+01
5.556819692979017e+01
5.031374336700595e+01
3.614493721916570e+01
6.065943467461478e+00
2.270386983766400e+01
5.050963333365956e+01
9.876315426023824e+01
8.178712515243662e+01
1.436899537889706e+01
7.331006902889817e+01
8.733613192445418e+01
5.351771467994793e+01
1.398714627790598e+01
5.362076896877064e+01
5.838048605172917e+01
4.596661815697635e+01
2.781749140835250e+01
4.310707843075836e+01
3.176014699589468e+01
2.267641384279188e+01
8.778162486282253e+01
9.743767049975585e+01
6.135488313685864e+01
8.912065010011226e+01
1.951575042657356e+01
7.278784181586832e+01
8.779324972433655e+01
1.779932669261439e+01
7.170632545450066e+01
2.853672785150666e+01
4.930909445942803e+01
8.481331313253068e+01
6.998376565518964e+01
3.003905361054421e+01
6.794985913110425e+01
8.415455323837445e+01
5.610392361697924e+01
1.017478737522605e+01
3.921685905159305e+01
9.429124723854068e+01
9.734168033923100e+01
4.811946328176160e+01
4.350784632540673e+01
8.243776717336745e+01
1.740232203966115e+00
8.191322166561766e+01
8.383204177200425e+01
5.269064225847397e+01
2.502030009637601e+01
1.976143974799730e+01
5.223413750167663e+01
1.280192491263241e+01
1.719911020118702e+01
4.267276350533253e+01
1.606755024570392e+01
7.703829280894170e+00
7.703536365974479e+01
4.747965365996568e+01
2.550315602007469e+01
4.260137776965340e+01
7.037409193365559e+01
1.448291163634644e+01
5.793043764211724e+01
8.519444758314380e+00
3.955524942816945e+01
2.588029677322148e+01
5.660278231678660e+01
1.370704719503738e+01
9.259331011799785e+01
3.993419727307474e+01
3.000631883275058e+00
8.538815471594602e+01
7.004387074617849e+00
2.915794501507559e+01
5.124407124297883e+01
4.274957750120646e+01
4.336004077613356e+01
1.782923723469919e+01
3.821534297345920e+01
6.607758708581216e+01
6.265139647882962e+01
5.234296296366629e+00
1.576552387129773e+01
8.609222089224133e+01
9.298257496812501e+01
5.883964288925735e+01
9.134851330488385e+01
7.991341132666608e+01
6.534175726833836e+01
4.448747767344465e+01
1.336144102428176e+01
3.571584915542782e+01
6.967912319567013e+01
2.516009864637633e+01
3.855493177592518e+01
8.723261081019072e+01
9.235733202302704e+01
8.797072725741693e+01
1.932418459063591e+01
8.495064209445874e+01
4.685565105027317e+01
2.232481652047710e+01
1.716548908369871e+01
5.386003817145715e+01
4.800277689844499e+01
7.738276760903316e+00
6.242042983063517e+01
4.106066238184491e+01
8.914150278509665e+01
9.070004340759481e-01
1.146942554575830e+01
6.920061151925503e+01
9.144348091978742e+01
2.646179037469523e+01
6.235545368974817e+01
6.270827332637658e+01
8.164122480975522e+01
6.948509647952631e+01
9.933747937871958e+01
8.658387166754522e+01
1.284584263937820e+01
9.865174232919316e+01
9.615741167038559e+01
5.241282207538040e+01
6.065737598606263e+01
2.752535656444978e+01
3.402382248734302e+01
8.230442161779126e+01
2.713412150141509e+01
5.334800712454506e+01
5.166908621400087e+01
8.992453044742557e+01
7.567282364502215e+01
9.918423746674519e+01
7.346470517733353e+01
2.367560049690102e+01
5.577152411256522e+00
5.565165544657580e-01
6.582653730447709e+01
7.368636469994037e+01
7.972343092771406e+01
3.472809420653065e+01
1.490656114877507e+01
7.116691184750150e+01
7.974353850807228e+01
5.744067321412296e+01
7.388291809423031e+01
7.116708516663270e+01
2.111084946482948e+00
2.348065051412240e+01
9.897329360198849e+01
5.481853245516239e+00
3.374822020239580e+00
5.279262780807569e+01
2.084800313266367e+01
8.354822321960154e+01
5.489110707067471e+01
5.487182566657282e+01
3.894080223466307e+00
9.581406824095829e+01
8.219832744551745e+00
5.556316643746717e+01
5.446165495294223e+01
5.293394529862979e+01
5.909103907602422e+01
7.437757611012906e+01
7.568256839908780e+00
7.814922462131327e+01
9.601608072222028e+01
7.799328662361637e+01
8.549011931078979e+01
1.128887543980446e+01
5.431281661349946e+01
2.487630719546057e+01
1.135414122201230e+01
7.934841126173195e+01
3.329815549463879e+01
5.967731692813211e+01
5.160031861234471e+01
7.976978024457105e+01
3.921682435982713e+00
1.392874867372622e-01
8.423237413365040e+01
6.525766386895332e+00
4.687295418552726e+01
3.830273404638410e+00
8.494894284985445e+01
1.150258821970904e+01
7.044653662966869e+01
5.657046430584531e+00
5.317632339577020e+01
4.230602110843454e+01
6.121791743730098e+01
9.798009265120146e+01
6.255902571722820e+01
6.748258153325068e+01
8.699413164844462e+01
3.626313704823290e+01
2.530323975966463e+01
2.289760085889026e+01
1.425642362528314e+01
7.847783387567748e+01
8.848039288468678e+01
1.602537846938957e+01
9.914451157634356e+01
9.983453410669907e+01
6.668458034595687e+01
5.310971338912366e+00
8.027556602855938e+01
1.828489891173546e+01
7.389341521723820e+01
8.419724846454210e+01
2.248994723078327e+01
3.102969761520145e+01
9.930749102463363e+01
1.413908564212690e+01
4.660440857829731e+01
7.886704610607916e+01
6.154004603696058e+01
1.705094520796600e+01
2.460446680179074e+01
6.605495841524329e+01
8.844165387025180e+01
3.962401591223851e+01
7.363017456309412e+01
5.827634029941463e+01
2.719733325168366e+01
3.108457090849270e+01
6.874815154296725e+01
2.657805952549822e+01
5.398217176738296e+01
4.139735272219281e+00
5.055893354609560e+00
9.797210064622206e+00
9.578243656818869e+01
6.653127827054415e+01
8.589223650558490e+01
5.678573174252441e+01
4.046361718348395e+01
8.927330220549987e+01
8.161611621343350e+01
4.599691878352171e+01
7.583826318189421e+00
1.403692952079555e+01
5.897563936141117e+01
3.624293340195107e+01
9.206172651241614e+01
2.661896204884115e+01
6.410645789658020e+00
4.451567029790751e+01
1.314738309623086e+01
5.386231939953859e+01
2.328067031841756e+01
6.716897290533826e+01
2.471774654682621e+01
3.267147477374947e+01
4.073359577019401e+01
5.830809150743676e+01
2.215646692652091e+01
1.895626812193369e+01
7.308706598034457e+00
3.708256699008987e+01
3.921765756756890e+01
8.994204443411066e+01
3.977278696362524e+01
5.173519507596976e+01
8.847865187026498e+01
1.843844061644675e+01
8.853672015878219e+01
6.952483661916332e+01
3.701522598835417e+01
5.061587605188409e+01
9.110267622913358e+01
1.967876596361341e+01
4.482597310320752e+01
1.036974555364332e+00
6.630823158952791e+01
1.347654867613528e+01
8.706464901895479e-01
9.706905470093203e+01
9.213213300897372e+00
2.475135225092589e+01
8.899558949703146e+01
7.444243569599578e+01
4.486542965512044e+01
5.632481973447130e+01
8.310773441712732e+01
4.772847622992866e+01
1.463291119534192e+01
3.803503189144425e+00
1.376119834080394e+01
6.143879623219315e+01
1.708804169534149e+01
1.043223185019206e+01
1.815180541861421e+01
1.892662472972955e+01
4.629652637350211e+01
2.415889181390353e+01
4.502270661528348e+01
6.757683622072304e+01
7.766962800066435e+01
7.170178264924408e+01
2.630366605068727e+01
5.789127520187351e+01
7.066012391385628e+01
5.605811698178673e+01
6.767128499582003e+01
3.503209838412334e+01
3.870070941685732e+01
1.506567621373836e+01
4.016597286805789e+01
1.293229251770875e+01
8.265174323816399e+00
7.410257611149110e+01
8.946442189135794e+00
3.764265623765190e+01
9.552428610414466e+01
6.265702017706680e+01
1.974874959315581e+01
6.732448631307319e+01
7.331387012885598e+01
2.622286883472599e+01
6.275714634114743e+01
4.172487554220709e+01
3.665510073148418e+01
5.221825300353498e+01
8.674808078759726e+01
8.295162710498629e+01
5.932665646976169e+01
2.225108021975080e+01
8.991602900899763e+01
8.500232574762884e+01
9.740753769753852e+01
2.001046618447195e+01
2.577657519177374e+01
8.583628464761949e+01
9.970098794424021e+01
6.395225425434869e+01
7.223033740754721e+01
5.346464154006198e+01
5.063600775349699e+01
3.041854762957364e+01
2.286400898493082e+01
5.035600743738748e+01
3.073729715810031e+00
9.117855033426478e+01
3.155555624121594e+00
4.253481446883400e+01
4.873949394036992e+01
5.925144369679105e+01
3.409286897354427e+01
4.451410227665404e+01
5.639123551379481e+01
9.685001536125783e+01
1.233555828795562e+01
9.542124867226055e+01
9.730640034997202e+01
9.908363912211901e+01
3.483888629583591e+01
6.126092218852644e+01
2.133471929530367e+01
6.328255155276626e+01
5.784151980552893e+01
9.067095648062926e+01
1.802988281381776e+01
1.983526368617791e+01
6.947613319823338e+01
8.712291865941273e+01
9.731838940517902e+01
8.849833532632250e+01
5.245676103628089e+01
2.325139754603216e+01
5.271451126444829e+01
5.233574428238708e+01
7.027405736515023e+01
4.071720616925378e+01
2.482529130057678e+01
3.049563431669754e+01
5.438625680021302e+01
1.281622704715292e+00
5.276994498109908e+01
3.244851037508273e+01
3.545123447452264e+01
5.159932638127326e+01
9.046285883079417e+00
2.790593748349042e+01
8.083231564649954e+01
3.268072504209388e+01
7.541587728793540e+01
1.591120451498367e+01
7.944574569326161e+01
2.045721952824724e+01
8.474577953328648e+01
4.619405225207752e+01
4.097068078861138e+00
3.176786472637573e+01
7.702081081318707e+01
7.484140199368885e+01
2.197390944788880e+01
6.203618317937300e+01
8.353176139459562e+01
4.871812115829351e+01
8.351660016156575e+01
8.613213551516279e+01
2.070440306361038e+00
5.884955146296394e+01
5.677823054454208e+01
6.505619029749938e+01
1.164691579139182e+01
1.422876320510579e+01
6.868479576366245e+01
1.237735618482221e-01
1.006102194546770e+01
2.083210182414954e+00
2.756790645772960e+01
1.910730782854711e+01
2.286211835353734e+01
5.137322174914797e+01
5.780956291491611e+01
8.862193514994435e+01
7.283644972966819e+01
5.374908878176896e+01
8.912868163973498e+01
5.758222921638853e+01
6.423960959736240e+01
4.859982521673656e+01
8.695600791226886e+00
2.322864393853985e+01
8.304256716884792e+00
4.540193325160161e+01
2.089993144427423e+01
6.215571605700801e+01
7.844776668513556e+01
6.501651674742648e+01
8.984999455970247e+00
8.549497909168478e+01
4.502775610658701e+01
3.475742746831729e+01
3.987276481458581e+01
5.553462973587896e+01
2.587053478968820e+01
9.224050859559351e+01
2.666817522918255e+01
2.368766466327369e+01
4.908468669703449e+00
8.370276930914390e+01
8.817265671127133e+01
8.754727714115161e+01
7.450310866092477e+01
2.898734143422327e+01
5.980747782616292e+01
4.397059229387464e+01
3.235916501486636e+01
8.934399135845899e+01
7.835675435064209e+01
9.659877461222874e+01
3.794381652862943e+01
8.921966161076895e+01
7.809940514997551e+01
1.941702776561353e+01
2.356965198347794e+01
1.943680728759468e+01
7.740628303839187e+00
5.468355908742340e+01
4.123482473252101e+01
7.018286332962236e+01
7.567189097202936e+01
3.347543433004778e+01
3.703275804269722e+01
2.491793968943783e+01
4.911856695502929e+01
3.506001761884429e+01
4.856778823238229e+00
3.591298318277718e+01
9.205207698608380e-01
8.687882823258583e+01
5.752162055928336e+01
8.996832328381405e+00
5.316447743827686e+01
9.402796779481135e+01
6.519506665188590e+01
4.234958139357603e+01
5.381245322237371e+01
4.245066872912025e+01
5.779509966159011e+01
8.589966124198384e+01
2.011907092301132e+01
1.242834544388035e+01
9.342517461321557e+01
2.824080997530409e+01
7.653895750480656e+01
8.832459956795191e+01
2.248427473124316e+01
7.162796001491508e+01
6.544091606766028e+01
8.220228365725013e+01
7.820559855466969e+00
5.119795010015273e+01
9.389054542122899e+01
8.790783956083834e+01
4.663304129924301e+01
1.042661327422904e+01
8.724111755715735e+01
7.451467354526496e+01
2.042164063100779e+01
5.676000991685316e+01
3.999350845813449e+01
1.969461698070849e+01
9.296773513451578e+01
6.320147526599536e+01
4.543920925140344e+01
3.547389471692680e+01
4.484673051389247e+01
9.845289708974441e+01
5.533317451147977e+01
1.844881089331993e+01
7.748575977864012e+01
4.170049589206488e+01
6.285015794581275e+01
9.917885032444207e+01
3.750979375909539e+01
5.036396125814131e+01
9.134163907325903e+01
3.661243209457604e+01
7.709258165075099e+01
2.090732502793303e+01
7.333451475637709e+01
9.603108963744300e+01
2.225232637592234e+00
9.843749930078047e+01
2.501841663616636e+01
3.840596067644933e+01
2.589102630777798e+01
9.677845099790881e+01
8.805638290385546e+01
9.915829040070916e+01
6.418710028016339e+01
9.235178236493459e+01
1.181487925900839e+01
5.196099628320010e+01
7.089129144833018e+01
2.456024392720323e+01
9.822148089214297e+00
2.001087554730981e+00
8.995859547981927e+01
5.362901964859525e+01
1.146291662541354e+00
3.926077840815335e+01
4.083978158460920e+01
2.249961584922840e+01
9.911273904103449e+01
1.946262075540732e+01
7.615331503383504e+01
5.450610711914771e+01
6.705634923049078e+01
5.609874443900713e+01
3.669859517211960e+01
9.418725128946232e+01
5.460033107297511e+01
9.016471323099206e+01
7.645182887858330e+01
9.817032059569392e+01
5.153320173338670e+01
4.166057568120797e+00
4.932210023949020e+01
1.680938057452877e+01
5.064796742547675e+01
7.120693762377228e+01
3.226161810209119e+01
6.246284668448514e+01
6.734147284521789e+01
2.497772137866249e+01
7.691555427243727e+00
2.229468241440816e+01
6.955082815585230e+01
6.750773343607213e+01
8.820838131392765e+01
5.592573329616604e+01
1.278475174344366e+01
9.025427004799911e+01
3.284652672374925e+01
9.082741937172945e+01
3.652842842812111e+01
6.009130741473814e+01
1.653153962294177e+00
6.439549991134344e+00
8.514808764920947e+01
8.148965187440145e+01
7.963340328057920e+01
6.123872350959048e+01
1.956539043205110e+01
9.072407572098266e+00
2.783778595171766e+01
6.463635687932202e+01
1.735030529897208e+01
3.635276576334274e-01
8.490216610250164e+01
1.215103986307561e+01
3.776894716442048e+01
7.597273312321525e+00
6.556915438993329e+01
7.271059242669054e+01
8.781863366617758e+01
6.616589998182184e+01
5.193510416519600e+01
5.736946177546376e+01
9.743175147913012e+00
5.832896351736456e+01
2.529387661502411e+01
1.563890781981820e+01
7.641648826022470e+01
4.185061652299511e+01
6.812472407153096e+01
4.701215282409086e+01
3.309379989891024e+01
9.703429424997154e+01
7.006266241430428e+01
5.041880018562954e+01
8.129627121672792e+00
6.382168236366551e+01
3.901717711194287e+01
2.769501755372389e+01
9.696949589856411e+01
7.585754263021869e+01
9.233137447961205e+01
3.540068200575219e+01
8.802141094953819e+01
3.283275618815457e+00
1.814951110545057e+01
6.934434565219300e+01
2.012040485633556e+01
1.779132705078988e+01
1.841751854793053e+01
6.583397768709528e+01
2.893830529830340e+01
5.236005929874259e+01
4.819900391073851e+01
9.464275403630117e+01
7.811032406897765e+01
1.160891256835727e+01
2.079818049482916e+01
8.098488477104570e+01
6.580702707441851e+01
5.011321089701411e+01
3.062848650413961e+01
3.685670152160186e+01
5.341755061103848e+01
8.822260726626152e+01
5.622573334547958e+01
7.604065308162973e+01
9.792779674657052e+01
3.192888215739694e+01
6.192760475069639e+01
8.888493920158825e+01
6.197564772422223e+00
3.360444881655483e+01
4.450969963544500e+01
5.112863269221440e+01
7.492507988350702e+01
8.221310706912218e+00
9.880907628629780e+01
7.573750898043509e+00
8.803869308346822e+01
8.795401853879635e+01
9.523201449552178e+01
3.236101140843751e+01
7.142672360475488e+01
1.060189535403712e+01
7.764236842172330e+01
2.485214035252675e+01
3.114504699182932e+01
5.794434578062238e+01
8.102811038541985e+00
3.654240678834840e+00
6.651378146676057e+00
8.367225904188690e+01
4.600524327066040e+01
5.954609422923349e+01
1.142875040482206e+01
9.760671430155948e+01
2.733623735948291e+01
5.736331928398614e+01
4.869895058157805e-01
2.578436556541564e+01
2.533472055817708e+01
5.159947217982238e+01
7.393741634392059e+01
3.629893252453717e+00
6.120775042157981e+01
9.718047533984318e+01
1.644842648713310e+01
2.220416377401174e+01
9.808947141193295e+01
2.453389019916481e+01
8.968218564506721e+01
2.907607482237558e+01
2.748314814059211e+01
7.802968266328317e+01
1.732594939755553e+00
2.024332388315505e+01
9.618587833651615e+01
7.230731121837502e+01
2.884632932434153e+01
4.288689328492009e+00
8.972993390156418e+01
9.732770616995529e+01
7.713808402285823e+00
3.573517712565846e+01
7.033603064265849e+01
1.583379996746490e+01
8.215685448709729e+01
4.740996814677955e+01
4.594151826852072e+01
7.594908647050573e+01
9.834721893926486e+01
4.005867784845581e+01
4.513769747928610e+01
8.950022579613153e+01
9.140990129271984e+01
6.360876954328677e+01
2.556579435503380e+01
6.834428318233428e+01
5.957314765992255e+01
6.207655149608689e+01
7.114260437485883e+01
6.706660546691464e+01
7.778667550430944e+01
4.942682550727708e+01
8.218823935938453e+01
7.951927044406500e+01
3.679283183850014e+01
9.860362526895648e+01
2.905089418825269e+01
1.809345866464705e+01
5.650509235286390e+01
2.257999620520510e+01
9.971712166430294e+01
9.893588414366165e+01
4.976683959819695e+01
1.571801445247513e+00
9.663442992448546e+00
9.667438766764216e+01
2.241666415818812e+01
9.245854848644629e+01
9.201482650452053e+01
5.735706847969306e+01
7.012817271525421e+01
7.607299949790956e+01
3.421645939080811e+00
9.375397530093508e+01
3.176544668700800e+01
9.827103810304358e+01
6.531157668927293e+01
8.617413406547817e+01
1.376308012463296e+01
3.820248285224777e+01
1.157020032944633e+00
6.681825451870368e+01
5.475199080759287e+01
4.877794512956308e+01
4.034715645962728e+01
8.480720971003510e+01
2.236895776464090e+01
8.308930866564125e+01
2.900668328116028e+00
2.525428963138456e+00
8.817887869113072e+01
2.574152323684726e+01
3.272710946981195e+01
6.806115855838227e+00
2.428902924260545e+01
7.352106607217391e+01
3.517704263104919e+01
4.994742434935059e+00
8.660230803610864e+01
5.266178201542319e+01
7.127116763557828e+00
1.161352354642634e+01
7.268164119342418e+01
9.467279398565776e+01
1.826855461963851e+01
2.035029359178166e+01
2.366023423320625e+01
7.014794557827895e+01
6.690309521132292e+01
8.027146201593403e+00
1.217719256513621e+01
7.897069383364669e+01
1.077289288433869e+01
3.275571485644007e+00
7.995701557023311e+01
7.022119335374850e+01
5.299547354364557e+01
4.672547874354081e+01
4.603580722866384e+01
8.895773826584114e+01
9.719024873207800e+01
5.465537079361052e+01
1.541049313517776e+00
1.380616636658374e+01
5.903260431207372e+01
5.869565674043058e+00
1.974562286387459e+01
7.956035415621491e+01
6.766356759130190e+01
5.090514796362498e+01
5.268124963747396e+01
5.093451656910335e+01
9.922629678585861e+01
9.466408290651817e+00
3.336634237010328e+01
6.199602506216431e+01
1.607582174058809e+01
6.024254353728264e+01
7.432950822372433e+01
3.897716106799299e+01
5.963671717775833e+01
8.202698737477277e+01
4.476956987975611e+01
1.056378055855808e+01
6.486083653981837e+01
9.700580704817818e+01
7.208049263436371e+01
3.685812523442233e+01
8.934414074260003e+01
4.351431491948399e+01
7.104681482121666e+00
9.191877385225091e+01
5.085518199524618e+01
4.354060745962924e+01
6.501162898028811e+01
7.513000791665633e+01
2.400643957034053e+01
8.896639146328270e+01
9.913960909430851e+01
4.705455854863606e+01
6.167747865509124e+01
1.196864788046509e+01
6.135382548037629e+01
8.762227389385099e+01
8.680418184343920e+01
1.666195612245330e+01
3.013797962578851e+01
8.246959973241650e+01
7.101327416999884e+01
4.483034952768607e+01
7.876208498085015e+01
1.623128038655560e+01
5.393643418975940e+01
6.431707142121952e+01
9.455846943639148e+01
2.315870277730688e+01
9.357819095886228e+01
4.226270324655935e+01
4.339303567232240e+01
6.374687974515692e+01
5.453502333468526e+01
8.787344744795629e+01
7.030558100450112e+01
8.528337105423370e+01
3.306395273332668e+01
7.223968737397328e+01
5.585381344699013e+01
8.612895160267546e+01
3.672219032269074e+01
1.558308066594558e+01
8.451497130306204e+01
6.509757240540235e+01
8.704774006598058e+01
3.697741056651688e+01
1.278451104312414e+01
9.338972763781889e+01
8.277859705629693e+01
2.147685024956095e+01
7.673192549344708e+01
8.882232703679350e+01
7.259668273506531e+00
5.549401042773109e+01
5.053607423349101e+00
3.918952715545405e+01
4.131724719950801e+01
5.877475913556979e+01
8.102176849777892e+01
8.417589337759460e+01
5.151754741161948e+01
2.607235658265294e+01
8.217408944953888e+01
5.338835620944777e+01
7.600440712459590e+01
3.044851484263712e+01
5.655473617676401e+01
3.944271609161176e+01
7.312454323895487e+01
1.930392473903667e+01
4.842535497081715e+01
6.421165343570135e+01
1.325987722410815e+01
1.394353728459381e+01
1.237276397290303e+01
6.670463837995409e+01
3.137343671702475e+01
3.966941649078830e+01
2.464855505370002e+01
5.323559411486406e+01
4.865294562124319e+01
1.188334450679056e+01
6.748531170537943e+01
1.489476189710887e+01
1.009112853095454e+01
1.791728908099108e+01
4.426729639259507e+01
4.696485448952991e+01
5.584323567144723e+01
4.900140713388166e+01
5.612019792018468e+01
8.584085217949043e+01
5.743030768699493e+01
9.732823544057471e+00
7.472671404235378e+01
3.343471481159083e+01
4.076649571804632e+01
3.128145017255165e+01
9.176682405721715e+01
8.538510328409501e+00
4.368999974973966e+01
3.553332599603260e+01
8.742040213543008e+00
3.173295535693548e+01
6.289901545406273e+01
5.317717918808441e+01
4.577514289215912e+01
3.978111317371070e-01
2.460243134973684e+01
1.419350631264667e+01
9.050911073130979e+01
3.223752497333918e+01
4.147753303008039e+01
5.037114319874492e+01
4.713228687044806e+01
5.998809461481315e+01
6.620647649569739e+01
7.270466437223585e+01
6.200993478391782e+01
8.496439428299870e+01
6.211609996953798e+01
5.244560090473183e+01
7.535387546539022e+01
6.717189339323522e+01
2.687847145222057e+01
4.619262397577643e+01
6.066081582599357e-01
6.164518625552077e+01
8.136203963372951e+01
4.607314572021046e+01
6.495533327802798e+00
2.505203933690304e+01
4.719836895689292e+01
1.585446145192462e+01
4.852116934420596e+01
9.172155749598591e+01
9.983839676707909e+01
8.749871523468696e+01
9.211936862772301e+01
2.444082811681593e+01
3.622938982966793e+01
2.621672462030161e+01
1.781232544119112e+01
9.557318510281536e+01
8.283595255708134e+01
3.576982321020673e+01
5.400291898008572e+01
1.882561520618648e+01
5.522924473287036e+01
1.563379728031987e+01
9.929226622883802e+01
1.298463247389748e+01
1.558075981008856e+01
4.115270434001121e+01
8.015652591369884e+01
4.714146421623484e+01
7.537212999322085e+01
8.076313407195877e+01
5.956213500330324e+01
2.784268186792856e+01
8.747450224471955e+01
4.904672924850450e+01
7.028518294463175e+00
3.213624527311709e+01
3.282216677107949e+01
8.278602365534103e+01
3.266141178675993e+01
7.329503170833691e+01
2.621256561307822e+00
1.356012239752343e+01
5.040748973861685e+01
7.346170026504514e+00
3.977684706439118e+01
4.968333549317128e+01
1.636317945847436e+01
9.279998154044151e+01
3.380151187712397e+01
4.336967921972725e+01
8.993306923188878e+01
4.381458090795883e+00
9.606612077730993e+01
1.068963674394863e+01
1.736609061125950e+01
1.435423135494545e+01
1.263890108682164e+01
3.656303628187768e+01
1.776187350869266e+01
5.924495433422036e+01
5.974546361702748e+01
6.211020227619922e+01
8.141301371222967e+01
2.787707030208645e+01
7.688044257316758e+01
2.158840821198579e+01
5.944635069903283e+01
5.706476376255265e+00
7.391126895039866e+01
6.633859875907126e+01
4.145575102486450e+01
1.396636451313568e+01
3.239442828688512e+01
4.879012664258020e+01
2.075277223286814e+00
7.025717239373232e+01
6.455015198539485e+01
8.506919754905124e+01
5.103229431017875e+01
7.856065373800726e+01
8.255169465325386e+01
6.624818750016772e+01
7.007002144589556e+01
1.969051818348957e+01
9.169640582599510e+01
1.017182316173418e+01
6.220295082880322e+01
9.514626464580478e+01
5.262651785864798e+01
4.936812242929270e+01
5.386308941704365e+01
6.324447903933213e+01
2.642328074501049e+01
3.527610308270720e+01
6.245570344033451e+01
5.502909089207141e+01
3.276597733272518e+01
6.275541524531106e+00
5.938937103347358e+01
8.522120732125883e+01
2.408961408030689e+01
2.700889842911107e+01
4.770157674686125e+01
9.077902724537022e+01
9.288327609788779e+01
4.977685401671420e+01
4.214188146504661e+01
6.537678943266010e+01
3.484605151919930e+01
3.501185338711918e+01
6.487072881537989e+01
5.847044897194507e+01
1.752528469894327e+01
6.706712207154702e+01
7.816096715543465e+01
5.030527159120201e+01
2.237686222529824e+01
3.653575295421097e+00
9.735176768030588e+01
9.583533387437245e+01
4.302378769173463e+01
8.438304284791603e+01
7.295201009742543e+01
7.502004042035902e+01
1.603028272093752e-01
9.958480154144802e+01
3.781493727016027e+01
2.495647697940305e+01
2.406898239816957e+01
2.286815635062203e+01
1.145594781798122e+01
2.522210447360859e+01
4.257444159247654e+01
2.446549154094676e+01
6.365117703734487e+01
7.056835669584962e+01
1.642859471795549e+01
7.576671805035635e+01
1.673244606551362e+01
4.130280378335286e+01
1.451181006362280e+01
2.200923833158297e+01
5.665415895946984e+01
3.203709476256608e+01
1.338876034756599e+01
6.800841818005239e+01
4.276544751728208e+01
4.430975562162220e+01
8.124543967714787e+01
9.793368917793673e+01
8.803194974923132e+01
4.480047204755269e+01
9.964320301061646e+00
1.055798014186229e+01
1.663780050195651e+01
6.444469274228656e+01
6.430652600913612e+00
6.267893382472868e+01
8.857520119686387e+01
2.878839845247026e+01
1.345036794126517e+01
9.136637667723298e+01
3.950406836322698e+01
4.115307007038643e+00
4.185912890446332e+01
7.735391188289687e+01
4.027504052048318e+01
9.820052441125760e+01
7.047942516881946e+00
9.741355008325239e+01
9.362909481564029e+01
7.773950327082514e+01
1.942278836826924e+01
2.754463028514042e+01
9.776598033391219e+00
8.524617519473945e+01
2.262804239179382e+00
1.513165049959517e+00
1.809520084322207e+01
2.506119898756091e+01
7.870291544995408e+01
9.453502231954364e+01
6.366609067826815e+01
4.759129041228038e+01
5.724008966108788e+01
1.631039609960764e+01
4.383042130797655e+01
7.638220702129519e+01
4.675909310894045e+01
7.160015081595636e+00
6.587928001111339e+01
6.191204160540925e+01
4.067485963025823e+01
7.596415620109261e+01
8.676076591329685e+01
6.563112803997059e+01
1.519222558252151e+00
8.866867613451028e+00
7.070586619465885e+01
3.065327900957934e+01
9.519387972317350e-01
8.500425596023177e+01
8.392782233838355e+00
4.963346237765321e+01
2.116979613023335e+00
1.467346810487726e+01
7.273465533402501e+01
9.841232877150752e+01
4.264821803320582e+01
8.170586693180067e+01
9.718477511647380e+01
2.797206376119147e+01
2.406793601069038e+01
4.834624521822960e+00
9.536195280745716e+01
7.739196851728110e+01
6.833737998657738e+00
3.135977495990683e+01
8.010440928866360e+01
1.875044066400753e+01
7.827543382452589e+01
4.570151997995634e+01
1.148987664444832e+01
7.080191423688174e+01
7.930649499376607e+01
2.836601083556470e+01
8.305254098170090e+01
4.378662716773648e+01
4.547427168370889e+01
8.227622275346714e+01
9.920931151099937e+01
5.642995981333310e+01
6.302665074496839e+01
7.602093698271593e+00
2.923931341117216e+01
1.627743542952344e+01
2.166748690496548e+01
9.756708764357822e+01
1.468976415446483e+01
9.648289982997017e+01
2.815515018448008e+01
6.296569428544757e+01
7.352292899672078e+01
8.294706059757017e+01
2.282653810588016e+01
2.528122487723885e+01
9.645982966593458e+01
6.059902569306968e+01
9.293054202242314e+01
7.656423890803207e+01
8.851792383404351e+01
2.690602602758726e+01
9.399683624226452e+01
4.220173984868534e+01
8.601394951623583e+00
6.038512618298881e+00
4.945213540897338e+01
6.943355806611179e+01
7.227859430586854e+01
7.227581188654332e+01
3.605478184113967e+01
9.867231850450501e+01
3.964547996392729e+01
5.314662123711156e+00
1.004935163541201e+01
5.540389700578707e+01
2.159209755323459e+01
9.626619452436744e+01
1.583841201655493e+01
3.628186175426555e+01
9.274909435433759e+01
9.638563892635780e+01
3.271287429738458e+01
6.613461024413565e+00
6.253573278083267e+01
1.547142691699389e+01
2.104241238955521e+01
3.985342622727781e+01
6.670780916079310e+01
8.590242256685274e+01
7.596911614573054e+01
1.619016137728009e+01
6.297403684024422e+01
9.882546523531221e+01
5.324043722508496e+01
6.472903395291839e+01
4.568429922018400e+01
5.646160289480425e+01
3.416259201903017e+01
6.858900127401063e+01
1.031289450373170e+01
6.291720893369857e+01
5.789708190499670e+01
8.364061866125121e+01
6.199864147324051e+01
2.839180237073069e+01
2.975782669603723e+01
3.653096805165102e+01
8.751334552071680e+01
7.827738708736254e+01
9.847010811719584e+01
2.200291679334031e+01
8.206246471128541e+00
4.384439147256519e+01
3.923733683267484e+01
4.383597818381897e+01
1.821312695658446e+01
2.945001010291745e+01
9.468760019852203e+00
1.641116319988443e+01
8.877992946132083e+01
7.965370536765722e+01
4.222229595399568e+01
1.873117965587004e+01
8.785963770368119e+01
9.587808041641399e+01
4.498975944937661e+01
1.918077744505404e+01
5.237934391590736e+01
9.074114393011719e+01
8.349455622187563e+01
5.482781229299857e+01
5.365835286381577e+01
7.208231444101888e+01
8.318866220451363e+01
3.119837959818467e+01
4.741168117495798e-01
4.880169823244293e+01
8.536300202150038e+01
8.890084893857168e+01
2.707908527323933e+01
6.219393194755257e+01
3.648500956431264e+01
6.229202931853571e+01
3.085731478913562e+01
4.848996556759344e+01
4.135602686617339e+01
5.488202150672768e+01
9.077480276616980e+01
5.504684949063083e+01
5.087718109175432e+01
8.161653172300035e+01
1.089968910017036e+01
3.120716820992863e+01
9.226567181398426e+01
9.457226795822953e+01
1.066646972236525e+01
4.780053582405697e+00
4.127100098006008e+01
1.583953668169656e+01
3.800926643331035e+01
2.215903467599258e+01
8.771232249574378e+01
8.907443056305611e+01
2.059233375852570e-02
1.112661739398102e+01
7.080384547393949e+01
4.196281034590807e+01
6.202003781777808e+00
9.098944779997200e+01
8.182579133744620e+01
3.161257674527009e+01
5.222040817710590e+01
6.816602776207310e+01
3.263143907889325e+01
3.185253577858793e+01
9.438434713258610e+01
3.806270651429086e+01
2.664772673819574e+01
6.936303953144841e+01
6.658301598698972e+00
4.582335606488556e+01
7.065000700328964e+01
7.963436994684598e+01
8.043652748709383e+01
7.889350060322019e+01
5.757411842121469e+01
7.127821513976819e+01
1.633139737710887e+01
2.930661692717421e+01
5.836685158236271e+01
