6.715039618646279e+01
8.792734667096629e+01
2.879535175338171e+00
3.208560372334235e+01
9.834614819770033e+01
8.741849921057863e+01
5.110210788021894e+01
7.624791859474401e+01
5.430371861639605e+01
9.338445393060542e+01
8.688053585909332e+00
9.808693989090943e+01
2.591237240746262e+01
7.610567900170837e+01
1.249965094611964e+00
8.204784718437486e+01
7.670932164262483e+01
6.577857600794107e+01
5.238349877874530e+00
2.079718030094969e+01
4.795098572408361e+01
1.570659923167275e+01
2.068226072969021e+01
1.982156025237477e+01
6.126513698197209e+01
9.817621717144559e+01
3.390983242257956e+01
7.926952828619142e+01
3.228698290525329e+01
4.271198783196136e+01
1.903150184966228e+00
8.947188900293405e+01
3.063933445636152e+01
2.470571427825173e+01
8.274074349680018e+01
2.898548265406186e+01
4.694802707384714e+01
2.130980641642111e+01
6.716038671655599e+01
1.595634972488338e+01
9.241128647346575e+01
8.221934613875082e+01
6.427685640020149e+00
8.976376982860442e+01
5.832502514045920e+01
2.122066003327289e+01
7.181161701297928e+01
6.686578899010354e+01
5.256953577165005e+01
6.186107968066869e+01
8.969014798742259e+01
7.146165038992727e+01
9.151509319968292e+01
2.411293151048614e+01
5.955584741176844e+01
9.853390683351732e+01
2.228914863536561e+01
9.346567988091414e+01
7.780343507314261e+01
5.457613154061890e+01
3.617766766630936e+01
3.541017260188710e+01
1.867652182405653e+01
6.681700216923700e+01
2.683139533122601e+01
1.954596155301945e+01
9.580248482329885e+01
4.020364225851542e+01
4.085576796944056e+01
6.933377732957423e+01
5.654895424682132e+01
2.821288678246219e+00
5.155312342175894e+01
5.565890695697577e+01
5.104083225645164e+01
9.878148515652004e+00
6.367997436955570e+01
1.286898316483432e+01
5.072082013390996e+01
1.624951014120574e+01
6.952464173991450e+01
8.756376923414123e+01
8.932710289458143e+01
2.439242132212614e+01
1.342017660542400e+01
1.650907132612032e+01
2.292632810907733e+01
8.229580036471403e+01
6.979155888305584e+01
8.582661812465014e+01
8.854198092061188e+01
5.969226549365198e+00
1.607410750169032e+00
1.487311791389860e+01
3.505216596417696e+01
1.717653475570331e+01
2.910618713549626e+01
2.571022288208372e+01
4.215237728420290e+01
6.996195510493682e+01
9.959214478712163e+01
1.753025297891826e+01
2.125555147475356e+01
1.872583786897633e+01
7.318915998246015e+01
4.046139812118439e+01
1.225266336102628e+01
3.686913430544973e+01
2.614078439126759e+01
3.767613146345882e+01
2.201864506212000e+01
6.798325393720681e+01
8.474667616409560e+01
6.988867608359487e+01
1.832293114546823e+01
3.691660139566129e+01
4.621455513230271e+01
9.030766230556539e+00
9.882492399719773e+01
1.600611396879242e+01
1.436899537889706e+01
2.692437047461251e+01
2.197534051815762e+01
5.351771467994793e+01
9.029935211422823e+01
2.063996708981691e+01
3.980674629090668e+01
3.601810607873747e+01
4.303690048076068e+01
1.284662667328800e+01
6.225097759731625e+01
1.272773417305561e+00
3.774235455214156e+01
3.079791657198123e+01
9.074838766397367e+01
9.916860759219556e+01
7.125931469316562e+01
7.360754649788493e+01
3.603774189764529e+01
2.680316936541496e+01
2.777828179662036e+01
2.853672785150666e+01
6.538335302164003e+01
8.481331313253068e+01
5.904506242789564e+01
3.476481206471325e+01
4.383103830918252e+01
5.259617513632224e+00
8.527444539837281e+01
6.081723457240371e+01
2.126573148242465e+01
9.341091997614639e+01
2.024166622210372e+01
4.324107204714840e+01
1.878505852948178e+01
8.243776717336745e+01
3.800264123734210e+01
4.458560647656471e+01
8.731716782195362e+01
8.848152779437672e+01
2.917000145147089e+01
4.608301932275436e+01
6.344275589261332e+01
3.859668063865820e+01
3.738815707032948e+01
4.300617954833721e+01
3.986299589269934e+01
9.629958672276679e+01
7.703536365974479e+01
4.747965365996568e+01
2.310275604161562e+01
1.625112817448151e+01
7.601638155803847e+01
1.161794215981753e+01
6.427269958158615e+01
1.426326097653399e+01
1.915366492194760e+01
4.489547961619472e+01
2.920224286113039e+01
6.988795700943467e+01
6.583999081786722e+01
2.050769255520203e+01
6.329887693901494e+01
3.166874359905196e+01
5.793962984249909e+01
2.915794501507559e+01
2.449270758055742e+01
9.104551779620607e+01
6.458871055608090e+01
1.180987535594491e+01
7.154403308944033e+01
9.375871200755178e+01
6.717984260394230e+01
7.416973047618276e+01
4.471239333260450e+01
4.678589745740681e+01
5.072594636619367e+01
4.996701467315062e+01
8.665698910442042e+01
5.102005077107812e+01
3.711584775574312e+01
9.423370803437834e+01
4.527100643388508e+01
4.762692360562595e+01
6.719377993941016e+01
4.633544774089728e+01
2.914879099891931e+00
2.911601207643562e+01
8.075475081836561e+01
9.109242744329032e+01
9.900396908587030e+01
9.577946876910491e+01
5.954393942819161e+01
6.230284597831911e+01
1.716548908369871e+01
9.173240735741911e+01
3.038058305642595e+01
5.553856047593921e+01
6.592141700252957e+00
2.667738102687401e+01
6.734843587845025e+01
3.346754956686290e+01
8.742071226584757e+00
3.452827843582643e+01
7.637279996479526e+00
5.345446460575539e+01
7.352798710275813e+01
1.309057055650771e+01
7.044188402148052e+01
5.454418657093504e+01
2.620114615475812e+01
1.346556195684968e+01
8.580469004148836e+01
5.770042462167350e+01
8.259770417706935e+01
6.053333797516922e+01
3.371690289756139e+01
5.687327331717744e+01
5.779914770172869e+01
5.158456869031516e+01
3.558031615595348e+01
5.680311674103285e+01
8.201874833648036e+01
8.701375624491541e+01
8.993727834426672e+01
9.918423746674519e+01
7.874616355576839e+01
8.763789994997806e+01
2.303935132130950e+01
4.755857067534633e+01
9.253047238687540e+01
4.802356741764749e+01
5.778441590153817e+01
4.016798787758126e+01
8.001832858660181e+01
6.079234753772261e+01
6.064285727247729e+01
4.065377737425909e+01
7.388291809423031e+01
2.843702576516058e+01
8.094895434610031e+01
6.477522340825537e+00
9.897329360198849e+01
6.675364434102255e+01
7.163246519473961e+01
9.850067854789117e+01
8.291261558556585e+01
4.703847018398273e+01
5.537395186506862e+01
4.160206529386438e+01
6.203955517245436e+01
8.284376868179244e+01
1.003904431594491e+01
7.399037972744105e+01
6.985752492670785e+01
5.293394529862979e+01
4.324254088254764e+01
4.860368843591012e+01
7.863155276450865e+01
7.473504784271822e+01
5.279602042995209e+01
7.116202515138409e+01
2.022509794692746e+01
5.248231196425963e+01
7.560127371717303e+01
2.434264869631391e-01
4.518510757255606e+01
2.239707467257841e+01
3.329815549463879e+01
8.715757754964642e+01
5.823829931124965e+01
3.054104653677952e+00
8.529746373430707e+01
1.424190672777682e+01
2.543338226407458e+01
6.525766386895332e+00
4.046418324134508e+01
8.345997803074306e+00
4.358537543731992e+01
5.665521400824898e+01
2.302350039734668e+01
7.906195287549028e+01
3.949898269004141e+01
3.306254471329159e+01
8.933944631802825e-03
9.356507570183140e+00
1.453897148116444e+01
3.424330173723553e+01
5.796019600609327e+01
7.919905813373582e+01
7.133741531117698e+01
7.519630606993861e+01
1.200112957134895e+01
9.156251325810445e+01
1.064416245121703e+01
6.471296542543590e+01
9.180593974506759e+01
4.181067330847060e+01
1.159727522712074e+01
7.289635402750986e+01
5.796998262310865e+01
6.983557453837039e+01
7.389341521723820e+01
7.377814463050018e+01
7.367490244734795e+01
4.020753784114846e-01
1.973751467640396e-01
1.413908564212690e+01
9.129077088613565e+01
4.378275058408396e+01
2.564167390840206e+01
9.321314859819280e+01
6.980130484784083e+01
3.998881272971109e+01
2.627569326491826e+01
6.981023879247263e+01
9.062030291679329e+01
8.848324501350673e+01
7.307052275774559e+01
4.941695744610250e+00
4.872050157222920e+01
2.227982963541515e+01
8.460188507316721e+01
3.783219328049206e+01
3.734548861968587e+01
8.281479640063587e+00
9.016728093389762e+01
3.761747551039675e+01
5.107531754815733e+01
6.253690196319339e+01
1.051382953790661e+01
9.045300124699855e+00
7.192027013372643e+00
6.562389096507052e+01
9.933786005682211e-01
7.978538655665955e+01
6.602596639004814e+01
4.866529351503835e+01
5.370560556357056e+01
3.621561454432813e+01
9.629287221296359e+01
4.952817892168098e+01
2.942876314252092e+01
6.609417701423828e+01
5.430985691692209e+01
5.570445640743917e+01
3.590441576014479e+01
3.335084995876571e+01
4.418770137437978e+01
6.107084777256048e+01
7.108630206020842e+01
7.351005080785139e+01
7.308706598034457e+00
1.843054756449095e+01
1.222781413804172e+01
6.937957823713290e+01
5.093423461119377e+01
4.059270706055347e+01
9.049805267271495e+01
2.009552112784959e+00
7.794915958212184e+01
6.526679301879685e+01
1.105485228405094e+01
8.514118664206060e+01
8.488616239507039e+01
6.336759871960040e+01
1.075193328352269e+01
7.271732225675012e+01
6.078625878355757e+01
1.865497735266340e+01
3.045129116179947e+01
9.706905470093203e+01
8.416661721848260e+01
5.320731175747109e+01
8.899558949703146e+01
5.722307411824497e+01
8.306935251833374e+01
4.182077801871149e+01
1.338541042682967e-01
2.725705384614740e+01
8.393995174390263e+01
6.202735764068894e+01
7.671046539987925e-01
5.655325067069067e+01
6.222818119555161e+01
1.560063442010462e+01
2.593282886125744e+01
9.662973442889272e+01
5.619334152722422e+01
1.643088148740627e+01
4.502270661528348e+01
3.414250106277992e+01
5.622938650484634e+00
7.018969420818132e+01
1.928368765827440e+01
4.219609463689667e+01
8.231065947670054e+01
8.423305949393337e+01
3.916613014376077e+00
9.429807518343351e+01
2.888036800030636e+00
1.262108926317705e+01
7.313009522535377e+01
5.831087793144903e+01
5.621976356777352e+01
5.139486466133728e+01
2.509388207695162e+01
7.935088778815739e+01
8.201805678290225e+01
1.038768031186782e+01
1.974874959315581e+01
8.205025702810393e+01
6.365413608199644e+01
4.031115301899200e+01
3.860350765222847e+01
3.370828611483252e+01
5.591178748566274e+01
6.490667227884134e+01
1.714081788302437e+01
1.210512896632083e+01
7.153712952115440e+01
7.301739685843577e+01
2.849266958818430e+00
7.716006817163903e+01
8.688594614476243e+01
4.996208113150768e+01
3.573004456038123e+01
5.246087985693519e+01
8.650573384319699e+01
6.701734325243967e+01
6.077286575956870e+01
7.720228907521921e+01
6.096160554371849e+00
3.390296093835633e+01
6.608466821074703e+01
4.651856191759862e+00
8.529782559969361e+01
2.147799619542342e+01
3.026421695494290e+01
5.086187541059306e+01
4.700658831140333e+01
5.648289907559887e+01
3.291213239213086e+01
9.143612137596874e+01
9.679405214115701e+01
1.606197097155357e+01
2.514440744423513e+01
5.270583958025362e+01
3.605197651127911e+01
1.771232393463716e+01
1.344759870015439e+01
6.691045251996744e+01
3.440857587121827e+01
1.105859852910908e+01
4.448795506939662e+01
2.307612873757078e+01
5.185006216720215e+01
1.415281021695249e+01
5.506481325955355e+01
3.835579596383301e+01
4.116837812642026e+01
1.583767897255611e+01
7.900670747226415e+01
6.316849261669838e+01
4.974063991091244e+01
6.762354651821011e+01
6.782034880845825e+01
4.790092331725216e+01
5.893837169694638e+01
3.314300162398396e+00
5.438625680021302e+01
6.856621395264109e+01
4.124209854809665e+01
3.244851037508273e+01
2.581787296841753e+01
3.803615064268753e+01
9.032811326455703e+01
5.096228041265266e+01
6.530678219409045e+01
2.638008972927001e+01
7.846475326384639e+01
5.555295872294948e+01
4.339928424144131e+01
1.319042407590450e+00
6.661155729862467e+01
8.788723931083793e+01
3.423607318393703e+01
6.131019329713201e+01
2.040049481224292e+00
8.930088649005671e+01
6.955576695946779e+01
8.977432795324098e+01
5.138565416046681e+00
4.556975199169002e+01
5.294282052337324e+01
7.113349129032972e+01
8.602284988668880e+01
5.884955146296394e+01
8.991767083756517e+01
4.496122158363519e+01
5.522368757763118e+00
1.078102719540755e+01
7.934297322265010e+01
4.676446735242590e+01
9.463048493239586e+01
5.160846191067643e+00
5.172309994312148e+01
4.951682875376047e-01
5.612312660372031e+01
7.554260821805457e+01
4.748459171852311e+01
3.458787986756670e+01
3.109556689443792e+01
5.573493729146893e+01
1.357250279447646e+01
9.770712419306260e+01
4.262521138536987e+01
4.780857597841349e+01
3.366229437927822e+01
4.466526091316029e+01
2.680988368895365e+01
1.046436462107318e+01
3.443958881983514e+01
1.267580013381122e+01
9.243713323606045e+00
7.046153930503016e+01
9.712723325804212e+01
4.821983345235690e+01
8.145578628473720e+00
8.704490404904118e+01
9.001091047656298e+01
1.366794743280296e+01
7.447730292308950e+01
6.935388369921310e+01
8.887281370762400e+01
5.749340064706905e+01
7.451472989028073e+01
4.523303273377616e+01
2.418283295081129e+01
3.063785644743492e+01
2.077564090526460e+01
5.379068667711257e+01
1.602697713115577e+01
5.187120784626864e+01
8.528658798210630e+00
7.118604428655749e+00
4.957833199276511e+01
5.115387018358049e+01
2.082379614972686e+01
9.639127095993202e+01
9.581913109674079e+01
6.371627750979562e+01
9.697008561201864e+01
3.825667194940926e+01
5.964305347746381e+00
5.997813337481494e+01
1.764112925978430e+01
3.091538559222379e+00
5.027822221176616e+00
2.578670788825802e+01
3.703275804269722e+01
9.503873274430573e+01
3.945465532106098e+01
5.299935832293674e+01
6.439261639695270e+01
3.591298318277718e+01
1.049275892343966e+01
3.890734624066732e+01
7.858729431339879e+01
4.515481653863323e+01
6.954520268810224e+01
3.583751094333712e+01
6.735444398008028e+00
4.234958139357603e+01
8.962314873450582e+01
1.526410319621866e+01
1.356917806601579e+01
6.596694214547377e+01
6.641797337979915e+01
4.017599315390736e+01
3.025998781912960e+01
6.223710447653993e+01
3.892270663702987e+00
5.878350756074465e+01
6.355325489470422e+01
9.856576011449366e+00
6.810879445081055e+01
8.314713820961637e+01
3.926606696996189e+01
7.683415151053768e+01
4.351666501886987e+01
3.084557225501424e+00
8.179182455958419e+01
7.537831686221917e+01
5.608391554843817e+01
7.451467354526496e+01
7.571799544418137e+01
3.907404944257534e+01
4.716873059383069e+01
9.213906856819012e+00
1.952143219277329e+01
5.458923618057242e+01
8.628123350733948e+01
2.625687659078132e+01
2.378069070343892e+01
4.048185005806473e+00
4.152097978699998e+01
6.334615632116149e+01
5.139808489540503e+01
7.938953166799132e+00
9.722460484934253e+01
2.922568182890568e+01
7.804668884633421e+01
8.408174202036194e+01
2.640892366245804e+01
6.267188198988879e+01
9.393831807837743e+01
6.770830278643794e+00
7.280883559622282e+01
1.635864857414674e+01
5.172506698953224e+01
8.363528274168972e+01
5.237050496617822e+00
4.938848928985581e+01
2.344029495652779e+01
6.605490542298878e+01
2.187887291511468e+01
9.915829040070916e+01
6.418710028016339e+01
5.473745994024791e+01
7.976169054385353e+01
2.833285021052363e+01
3.224907877494073e+01
6.604292400462690e+01
7.840988872498734e+01
7.285512116404954e+01
7.009110905699949e+01
1.993086851198732e+01
1.286859932023501e+01
4.148457760060420e+01
1.729017063849148e+01
7.692079342758321e+01
7.071025942950988e+01
9.804587932212551e+01
8.454066840211892e+01
7.450014062901033e+01
6.071776126544817e+01
7.107813072906720e+01
2.245194591695999e+01
3.352659681510487e+01
3.697017907955226e+01
9.605057253318400e+01
4.225909385935361e+01
4.220722957617009e+01
4.543906177647369e+01
8.595406407767631e+01
6.291384602101233e+01
7.014574951964698e-01
8.574610859423228e+01
8.662203857052235e+01
8.473022747073799e+01
6.550779909151969e+01
2.306889287339006e+01
1.697930619911259e+01
7.691555427243727e+00
8.365139704367677e+01
6.964470467979308e+01
7.097430530515234e-01
3.711580784857078e+01
5.592573329616604e+01
4.962210969516174e+01
7.538902399846774e+01
8.111338544688810e+01
1.383666913669401e+01
3.652842842812111e+01
3.511824795748957e+01
3.153761496373341e+01
6.439549991134344e+00
6.196378639990640e+00
5.398956088069340e+01
5.727586683690355e+01
8.416094201810702e+01
6.197425157854997e+01
9.953496074282330e+01
2.312103133793968e+01
7.953603127018364e+01
8.678375328275550e+01
2.608695380673136e+01
3.070787206790776e+01
1.165097700974484e+01
1.270899233068758e+01
1.543809953864575e+01
7.715877610126454e+01
3.839812848642381e+00
6.956686180530436e+01
5.065508589644687e+01
8.749120989231915e+01
4.776150386210601e+01
9.743175147913012e+00
5.832896351736456e+01
4.312258066754908e+01
5.347774101117520e+01
7.077041974792742e+01
4.451742700511470e+01
6.731441014786922e+01
9.170497068749040e+01
7.963567496260427e+01
3.987052805715731e+01
5.755119857264273e+01
8.397733209839899e+01
1.214505835070510e+01
1.482706536298016e+01
2.465087702714413e+01
1.201389451139322e+01
1.436202605923732e+01
4.208949075177754e+01
9.154992578157686e+01
4.026689452131600e+01
6.817644460507502e+01
4.913432022982013e+01
5.191787153106083e+01
8.088543693576261e+01
3.341657194933694e+01
2.907664763232537e+01
1.841751854793053e+01
8.931916225204205e+01
3.778614678317036e+01
1.038462250045716e+00
3.069002671665048e+01
9.464275403630117e+01
5.149879164597895e+01
9.615340572602740e+01
8.310792547795359e+01
2.376046405348949e+00
6.725054446945458e+01
6.892962919963972e+01
1.139560067625511e+01
4.138212042925047e+01
8.800157210230902e+00
6.891698277039313e+01
8.432167642019766e+01
2.557236609308625e+00
1.752768345993370e+01
9.720716960598116e+01
7.667654658512983e+01
9.813589071768145e+01
3.929666031119258e+01
9.028090252088425e+01
3.840278519243132e+01
7.473104869701483e+00
3.941522270413824e+01
9.032065677005828e+01
8.835854185203023e+01
9.313630619698033e+01
1.939730435581752e+01
2.354647173711400e+01
8.799116014875061e+01
5.718345113898788e+01
2.176648398012225e+01
1.868118686540107e+01
7.483642034923491e+01
8.095399177677650e+01
3.591020532693258e+01
5.794434578062238e+01
5.343187058038631e+01
9.471447239383798e+01
4.981072035143651e+01
1.761472007148653e+01
6.019328784206569e+01
4.022289856347390e+01
8.652580850130217e+01
6.625294520810850e+01
7.138301686913847e+01
7.029967306661405e+01
6.346011476752354e+01
1.945668171134623e+01
6.843556373772937e+01
2.756775032149989e+00
5.569164462186939e+01
6.838348930160677e+00
1.022987994841760e+01
4.809459529262715e+01
9.715900570021896e+01
9.858842180044782e+01
7.872987928741139e+01
1.655631000947036e+01
1.931644348395823e+01
6.672103943616200e+01
4.540690358048627e+01
4.108292746408048e+01
3.275349672546307e+01
7.906069037460755e+01
9.568748017572216e+01
7.810658778907107e+01
7.818766966377743e+01
7.585607244440172e+01
1.896908232894218e+01
6.186261603695462e+01
9.343508169680604e+01
5.800785355177143e+01
3.692446953473821e+01
7.996089015154210e+01
2.426079871331379e+01
8.577507305227921e+01
5.026056321815614e+01
3.612984881556120e+01
1.015110137413773e+01
1.869612690931937e+01
6.937734595005277e+01
4.842045719196110e+01
2.553447583948005e+01
7.075684148387836e-01
4.823057593229719e+01
2.269348149313288e+01
9.929599021528661e+01
2.696045521970860e+01
6.258792000011910e+01
1.861243365267871e+01
1.031021536808005e+01
1.298955265106147e+01
5.969536111675918e+01
7.908372091086756e+01
9.205024302566900e+01
2.936802498501168e+01
4.393143157657769e+01
7.804708158506411e+01
5.224097382847265e+00
6.393765521419126e+00
3.990969757545260e+01
9.865917912621944e+01
4.976683959819695e+01
8.643824825363153e+01
2.328808802333106e+01
1.633886993692204e+00
2.241666415818812e+01
6.399276017397305e+00
4.765336851014447e+01
9.237537681701377e+01
4.757675935867092e+01
7.983248898751684e+01
8.838521092589255e+01
7.311123519815096e+01
8.054005740235563e+01
2.898744029411461e+01
6.705987847738893e+01
2.549737516115297e+01
2.608377231568274e+01
3.505450819388707e+01
6.284350285438984e+01
9.668359723719004e+00
4.804406084494855e+01
5.814384238708013e+01
8.875208063458655e+01
4.009430382405142e+01
8.751186737209180e+01
3.028807157198343e+01
1.814138540911553e+01
9.273596475493906e+01
4.704056323833790e+01
6.242445719541258e+00
9.742859722926683e+01
8.588655618293515e+01
4.288403691858241e+01
7.001521306578779e+01
8.752044317662737e+01
4.883914689945018e+01
2.931954382421428e+01
7.506092450351497e+01
9.161737495642964e+01
1.161352354642634e+01
5.670773259210760e+01
8.201035767887271e+01
1.958383997882895e+01
3.724778994789710e+01
7.185613050677634e+01
6.472089768607211e+01
1.612719097925685e+01
8.702363268799319e+01
5.579879770791102e+01
7.897069383364669e+01
5.441361132749059e+01
5.788280398486313e+01
4.252672709642291e+00
4.077025136946247e+01
2.095611115030763e+00
4.943057589672067e+01
2.303579311027927e+01
5.672281494211536e+01
9.719024873207800e+01
8.310577388997459e+01
4.918601924981271e+01
4.531913704486524e+01
6.899233002634362e+01
5.926322911831701e+01
1.533435006408689e+01
8.700922452239749e+01
8.102376017767179e+00
1.423019548609396e+01
3.338801676099562e+01
1.429926693174023e+01
2.527637431643734e+01
9.009574935310323e+01
4.656443649277298e+01
5.673319332149494e+01
2.981670188243347e+01
2.364024940116343e+00
9.567519696227983e+01
4.442737681997352e+01
6.651411022362956e+01
8.202698737477277e+01
2.491458669533701e+01
8.607965003982170e+01
4.460538748866198e+01
3.363585673907578e+01
1.303544869322118e+01
8.318681706822795e+01
3.252115800628492e+01
4.611602902697214e+01
3.990963196377719e+01
2.971140669179680e+01
2.922180287038060e+01
5.629070073193437e+01
4.789686796623136e+01
6.224819871701682e+01
6.216026645254357e+01
9.401365513634573e+00
5.472690600656295e+01
4.705455854863606e+01
2.363156099972853e+01
8.811492281412470e+01
6.135382548037629e+01
9.982304228461490e+01
2.430725275739434e+01
2.693292080747565e+00
5.655623560610983e+01
5.554211375095980e+00
6.865159630247001e+01
2.855099222089676e+01
4.998158824163563e+01
9.444497469553956e+01
1.057797954910341e+01
9.941283804337161e+00
8.052462468879513e+01
5.048777086217319e+01
4.357714058997908e+01
5.209798610401246e+01
4.446784953794808e+01
3.840102578438866e+01
9.816437666218931e+01
9.586349031695327e+01
7.030558100450112e+01
2.738617948600379e+01
2.879982661865644e+01
8.121591968518493e+01
4.753156972468438e+01
6.894868433892199e+01
9.061728519881949e+01
5.424163036711590e+01
6.053426445486688e+00
1.424884619854803e+01
6.844214115684952e+01
3.616175536818884e+01
9.858320751161463e+01
8.271540807686533e+01
3.885504749550254e+01
9.306257832472332e+01
1.280283327810598e+01
2.860264481445898e+01
2.350040749809724e+01
8.508835746212320e+01
1.361471084580510e+01
1.337664365460008e+01
7.461819847795097e+00
8.645851178395493e+01
8.267932091033055e+01
5.570703724199302e+01
7.233776136875980e+01
1.514138025936735e+01
9.410806307294781e+01
6.464597613767069e+01
8.925767703412923e+01
9.153673559964483e+01
3.554400058255717e-01
1.805750365278567e+01
3.299714812682809e+01
2.710319348941706e+01
6.080408928021978e+01
5.309017209945720e+01
2.408398269865847e+00
5.836060245445026e+01
6.733901829800523e+01
7.085053942671536e+01
6.808062171008467e+01
6.592222580961987e+01
5.082698634398495e+01
2.803167022207364e+01
6.447139436587290e+01
6.971037731026783e+01
5.663431503653261e+01
5.262684233143313e+01
7.189899015794461e+01
8.288631647959646e+01
7.487813121400686e+01
8.619938371060387e+01
1.768280287165325e+00
6.347642562514005e+01
4.035589026303770e+01
2.904529898848631e+01
4.948555619897579e+01
6.877944486624536e+01
4.179327983492672e+01
4.886683684255315e+00
1.510095429378606e+01
2.905175463717979e+00
8.695675781320629e+01
7.757384124098991e+01
6.035532739961302e+01
3.926393377560374e+01
3.066401334044711e+01
4.898385086515166e+01
7.233688573927473e+01
9.800303163845233e+01
5.688343544345508e+01
6.570515794013868e+01
6.727086508985184e+01
6.792241552282238e+01
9.373682816221232e+01
9.305169223484197e+01
4.147753303008039e+01
7.924404110724295e+01
4.567853456627509e+01
8.027041222912744e+01
6.213035758683940e+01
2.822024464990024e+01
4.131233642870203e+01
6.389863787400473e+01
9.169667027504028e+01
1.649179594427896e+01
9.380155340479759e+01
1.877613878751925e+01
5.033578302261223e+01
2.970655738828078e+01
3.818995898505205e+01
6.543673736296442e+01
4.112326383643004e+01
2.412294550990823e+01
4.301057855738819e+01
1.678821394070434e+01
7.213606004237015e+01
7.367459189783530e+01
3.978370988731445e+01
4.319690705425893e+01
2.553872993473836e+01
7.339797498350869e+01
2.930752762095422e+01
3.560288089122757e+01
9.662179746507751e+01
1.201042188890764e+01
2.865457312606954e+01
4.534358770835381e+01
9.125446299615059e+01
4.237907861470202e+01
3.807057283728876e+01
2.196455948146273e+01
7.848281780187172e+01
4.489485395368880e+01
9.929226622883802e+01
1.554239271932393e+01
2.687977050751437e+01
5.665271871567365e+00
7.963016004284385e+01
2.309598947088048e+01
3.227119740670137e+01
4.731619346296237e+01
4.709076110603789e+01
6.798356215841302e+01
1.958984649721060e+00
9.010133966342609e+01
3.426485431113506e+01
9.586570965864961e+01
4.775630177359856e+01
8.278602365534103e+01
3.674830195342577e+01
3.545355505098289e+01
8.819062839643593e+01
1.822968959725913e+01
7.105643594221046e+01
6.365311605094611e+01
8.587246788007788e+01
9.971100906827999e+01
9.570282869772187e+01
6.025627877575172e+01
3.303555964167955e+01
6.874339080822813e+01
7.487939501874121e+01
7.659746900973724e+01
6.189372137277095e+01
9.216285342916979e+01
7.084749153389012e+01
7.074328072869372e+01
1.489484138549065e+01
1.479588309991913e+01
3.803017830384438e+01
5.924495433422036e+01
3.816644779321107e+01
3.636668349447040e+01
8.724858196789800e+00
6.504385092530579e+01
7.688044257316758e+01
5.320643147137315e+01
2.959029680564548e+01
7.583401812046488e+01
2.577573611669975e+01
3.715606920288693e+00
1.128757312488164e+01
1.396636451313568e+01
2.194529651754782e+01
8.234400911365822e+01
8.298524077189398e+01
1.826689612039686e+01
2.233624431413423e+01
3.073332297184194e+01
7.852317489614859e+01
5.609913484943058e+01
3.832569408152517e+01
6.908219390040365e+01
6.689018139936505e+01
3.052774957871425e+01
7.490834736959467e+01
9.395095156224023e+01
5.811110216104942e+01
8.676577228436516e+01
3.895608551751640e+01
7.772268870739392e+00
6.508051099492261e+01
7.712253331072746e+01
1.869888530052215e+01
8.977626487136644e+01
4.216638418946712e+01
4.178710241885255e+01
3.276597733272518e+01
6.244693154583076e+01
5.938937103347358e+01
6.448351529635653e+01
5.838459895848511e+01
2.496450763426931e+01
5.270865282635607e+01
3.060856304625448e+01
1.125270273129116e+01
9.118424481301766e+01
9.045923319200948e+00
4.847894154883872e+01
2.980321665750966e+01
5.647395358256714e+01
3.435231923794016e+01
6.368835948579402e+01
5.033331040774160e+00
8.210345952869554e+01
9.253188124510081e+01
5.030527159120201e+01
9.519345219954543e+01
4.826623590116679e+01
3.252133421251612e+01
9.583533387437245e+01
3.059843770721854e+01
9.760184520743873e+01
1.726173610298975e+00
6.293944896335688e+01
8.272922042884362e+00
4.389255779976610e+01
4.487665088143044e+01
3.547048463275213e+01
4.884021740818406e+01
2.234767187496073e+01
9.995399992910866e+01
7.287214983854076e+01
7.935717109560835e+01
2.252101838706109e+01
6.365117703734487e+01
3.793921300114096e+01
1.149958712584320e+01
7.269710035654580e+01
5.581678909054808e+01
4.186161674645805e+01
1.719327593091562e+01
5.223644760075792e+00
1.415930912557957e+01
1.691749064108240e+01
8.732710428877132e+01
8.723105824889200e+01
4.847713012643025e+01
7.297465911739258e+01
6.580979999425345e+01
6.983995832029728e+01
6.971696977024757e+01
9.640823774803813e+01
7.636525858024380e+01
2.970281701055487e+01
9.812681516545211e+01
9.822499314240413e+01
4.319703082702916e+01
1.354565588456842e+01
3.369547772859013e+01
9.203724823521323e+01
3.589332775952915e+01
3.364947761113265e+01
1.957843686434367e+00
8.714969329868894e+01
5.617049599819374e+01
1.271784706633438e+01
6.288138402760093e+01
4.040521566774939e+01
8.558797002098895e+00
5.475550613121852e+00
6.485676884877346e+01
5.677841001040228e+00
1.069919537319764e+01
3.221839192892350e+01
5.303603497009540e+01
9.802629966196898e+01
1.341089266976849e+01
4.652093567257791e+01
7.100095873279541e+01
7.922069271058808e+01
7.135312337025680e+01
6.857925814975950e+01
5.335882075753008e+00
6.550317838112971e+01
5.724008966108788e+01
2.133449107470666e+01
6.372817147696771e+01
7.638220702129519e+01
2.770064250924654e+01
9.742364920555784e+01
4.301412554598139e+01
6.359397031534182e+01
3.107312677012436e+01
8.912302753381573e+01
5.074366356746465e+01
9.925816748256709e+01
9.031152133378737e+01
4.024250900384155e-01
1.023877482406738e+01
9.887031833588627e+01
5.877975703160267e+00
7.509554367284082e+01
9.764432934934474e+01
1.657717107635791e+01
3.465148947883932e+01
3.161157948505672e+00
1.460347069176076e+01
4.297453744475475e+01
4.968209366764971e+01
5.861910696077119e+01
4.089472002391458e+01
2.354665264652420e+01
5.315412923374871e+01
4.623060209966759e+01
6.715396906582359e+01
2.206741865820597e+01
6.038558872434571e+01
7.520597822740952e+01
3.314818061569155e+01
8.808623123359224e+01
7.265915701755283e+01
9.678830108455769e+01
5.168020150236795e+01
6.462135383143152e+01
8.892493312662697e+01
5.358903717882421e+00
6.269916289611680e+01
7.923645446041434e+01
7.309294565259150e+01
8.193324654453119e+01
7.810677274973446e+01
1.058676885933930e+00
3.719929509665784e+01
1.291585956370265e+01
5.435143441630128e+01
7.185078457549716e+01
1.607701755877445e+01
7.781202843310872e+01
7.871689599878941e+01
3.049728573788763e+01
2.548933700913998e+01
9.418399813314154e+01
7.265233927064219e+01
9.992572502229629e+01
4.041460018624300e+01
4.504874569598993e+01
1.740443148529363e+00
8.001888640225814e-01
9.293054202242314e+01
3.488862376422092e+01
8.888642009761483e+01
6.558969903997597e+01
8.423848873201688e+00
1.626425763418165e+01
8.056423351194907e+00
6.007974769923824e+01
4.299048666981537e+01
3.120788095109532e+01
3.931620211308645e+01
6.747601896872558e+01
2.871792988326304e+01
3.914873816033301e+00
5.452104269271765e+01
3.610915398975329e+01
5.924574735539302e+01
9.734830595429442e+01
5.665253431380379e+01
7.021300660921867e+01
1.968738721669064e+01
2.392033954333530e+01
1.217496316515606e+01
6.261000780510251e+01
6.890885926266613e+01
7.524731674941597e+01
2.484974871615402e+01
9.210876966459153e+01
2.016362776987424e+01
2.659019186468338e+01
9.104977724656918e+01
1.104937163696130e+01
6.147881562890429e+01
7.993619729761788e+01
1.235530055703376e+01
3.263363020151557e+01
5.727873666085244e+01
5.113826554787265e+00
9.271337794731994e+01
5.646160289480425e+01
3.632170750588259e+01
3.202958001384027e+01
9.310082303970159e+00
2.963333988079491e+01
7.685104789065711e+01
6.383112499668781e+01
2.934632498274852e+01
7.979138934975089e+01
2.975782669603723e+01
3.653096805165102e+01
2.620724128848279e+01
6.332099179891916e+01
1.815696936946221e+01
3.838220450020498e+01
8.206246471128541e+00
9.698144034341976e+01
9.286382333043210e+00
7.074197925196121e+01
5.824154590174627e+01
5.308555506779140e+01
5.993765655902106e+01
4.929132310174933e+01
7.612453665403859e+01
2.141647218792535e+01
2.955176356693346e+01
8.990584895476040e+01
5.405010238944092e+01
4.973033925040175e+01
2.045712281039782e+01
4.676348029019473e+01
1.322364477125166e+01
1.162443291937207e+01
6.455702547196161e+01
2.253372707522182e+01
4.244422928543958e+01
2.824561518069618e+01
8.318866220451363e+01
6.085599789435789e+01
4.108148824473912e+01
2.999845665413815e+01
7.036382387628385e+01
1.991643804121597e+00
9.331944849962342e+01
1.781938831220353e+00
4.664565112751241e+00
6.674897403770544e+01
1.651550336578651e+01
5.766083335395010e+01
3.749095324310053e+01
1.994752475058079e+01
4.340095759527802e+01
5.613148610858781e+01
7.730676544704789e+01
1.305643893454989e+01
1.089968910017036e+01
6.456131318796487e+01
5.162414221634349e+01
7.056886030853208e+01
7.745356684432065e+01
9.798196339885796e+01
1.733234055216067e+01
2.983291076022801e+01
3.800926643331035e+01
3.704651828717743e+01
9.202199694329035e+01
8.045349571874993e+01
2.437101608345798e+01
9.764973544406227e+01
1.141705937283908e+01
5.354925480370841e+00
7.471576359808248e+01
9.504202888116336e+01
6.665226638626879e+01
1.704754075829291e+00
9.682396775894983e+01
1.201113439724368e+01
1.201749411971192e+01
8.137543065537486e+01
3.511467386740943e+01
3.868654772578112e+01
9.461330645466843e+01
8.403618614377277e+01
9.505007047906986e+00
7.192007185515020e+01
9.709262512488878e+01
4.758089322018479e+01
5.108037397781404e+01
3.159055031444437e+01
5.757411842121469e+01
8.892868402829798e+01
6.274611505807663e+01
7.576018202852465e+01
4.207252480186174e+00
