1.369807543870903e+01
7.669295602324091e+01
2.025849680428323e+01
4.259978483552104e+01
3.651872567670360e+01
2.961679232754596e+01
2.314962522273400e+01
6.987300215748743e+01
6.109371504797307e+00
6.362635617313271e+01
1.265263674438588e+01
2.874823451449547e+01
9.894562670911924e+01
3.358204561918138e+01
6.876618246024762e+01
9.613425172685378e+01
7.681549544297880e+01
7.002920344007630e+01
3.648432681173288e+01
4.301069040922945e+01
8.770619131983545e+01
2.830119120343644e+01
3.711303087748263e+01
2.616594644550511e+01
8.261733911122072e+01
4.928514009773971e+01
2.663129927899283e+01
9.249373799771710e+01
1.345562376708520e+00
7.492038452761265e+01
6.703753707326834e+01
1.504363786198368e+01
5.161334050428743e+01
8.729603387755157e+01
5.764342269750471e+01
8.813206622755717e+01
1.691282615853140e+01
8.079304792023872e+01
5.800506833847848e+01
2.302219766332870e+01
4.441940404680530e+01
7.065770512943050e+01
5.177043217782417e+01
4.336503070935841e+01
4.239750702045742e+00
2.053661459150566e+01
3.949928238964606e+01
8.105524614502454e+01
9.056581803158197e+01
7.598360924794507e+01
2.406593650768787e+01
7.827200930485130e+01
4.284800404815376e+00
6.117896738517050e+01
4.437955703790279e+00
8.690213951603609e+01
1.046410743634408e+01
3.106925498278311e+01
7.939587746718706e+01
1.180966985961873e+01
5.989639463829640e+00
4.643341449388927e+01
2.685330772160241e+01
5.760298001468320e+01
3.372944832487472e+01
8.449673041910712e+01
4.573504619567424e+01
5.064227448340611e+01
6.528977829277972e+01
3.740114487586596e+00
7.366447214673482e+01
9.709182339585006e+00
7.439781961701709e+01
2.543490427799285e+01
5.307421304894342e+01
7.863757031906283e+01
4.597151886949852e+01
9.257349548515560e+01
5.969281641752124e+01
3.653733690108049e+01
6.855710468653454e+01
8.375875297177525e+01
1.480934615936565e+01
7.284190509134993e+01
4.493772031037962e+01
1.924730190972206e+01
5.974404456081989e+01
5.540182779328983e+01
5.031655689250517e+01
3.913992198144082e+01
6.721149765290856e+01
5.630619640290094e+01
8.557333652189622e+01
9.406480537451097e+01
1.390917637101802e+01
1.930278480020482e+01
7.856153574705196e+01
5.964422256669226e+01
6.994505933017705e+01
4.385131399326553e+01
6.338433705427886e+01
4.360953143034575e+01
5.356049633285054e+01
3.778215667129594e+01
6.904443575490473e+01
6.634709381793956e+00
1.641972694379265e+01
1.501595457783712e+01
9.920820486694957e+01
7.611254340788001e+01
5.155329147891761e+01
6.776530950691799e+01
5.987129633308914e+01
6.636263768484939e+01
4.060721455170177e+01
4.809016596902635e+00
8.560993959457144e+01
3.512590659555323e-01
6.021084439019246e+01
3.592649644051050e+01
3.949118104739635e+01
2.742234199653489e+01
9.223269284341144e+01
2.506451752272645e+01
2.148714732447972e+01
6.141869167863331e+00
4.436730236949739e+01
4.868302496554471e-02
6.578609173455560e+01
1.431236165310832e+01
4.389999706479720e+01
2.917042878883445e+01
5.792189308345406e+01
9.746049339764774e+01
6.695258546013039e+01
2.696632879179266e+01
4.095202732875572e+00
8.337231240392305e+01
4.198228341619591e+01
3.303407553259007e+00
5.948485576523694e+01
9.353557489511350e+01
7.106871706017699e+01
1.935615205175995e+01
5.989821253339677e+01
1.167593156531264e+01
2.416516869522872e+01
4.550815208140209e+01
1.202719063126817e+01
8.437601308542118e+01
8.143464856847872e+01
5.151837172523065e+01
1.179835508195607e+01
7.366734136532402e+01
7.658288924795710e+01
3.328550240643578e+01
7.980921057975348e+01
2.095019157088836e+01
3.333418547796746e+01
4.559530226774295e+01
3.526255322399668e+01
7.723418254276466e+01
7.476573105657739e+01
9.318444635401687e+01
7.469467589384628e+01
4.171831647014167e+01
2.015077509924340e+01
7.878987867328799e+01
2.509062887406472e+01
6.213305851543930e+01
8.209328622654699e+01
8.457548463930166e+01
5.566863341055281e+01
5.316200328672398e+01
3.931636691061611e+00
1.556684589738345e+01
6.483793485203661e+01
2.809680538629033e+01
6.107499802535167e+01
7.686512552987091e+01
1.247281842514538e+01
4.250964654726425e+01
2.838349720853543e+01
2.427117350710145e+01
1.617698786602215e+01
4.966386409926408e+00
5.755667596010336e+01
9.598619844577564e+01
2.591657802738090e+01
9.089086143807083e+01
4.158150071351859e+01
6.117913125137758e+01
6.812504393426936e+01
1.634723172352986e+01
5.436357755882833e+01
4.281971978154952e+01
5.806554824023766e+01
7.451435270463784e+01
2.160959840827137e+01
8.315617711430238e+01
3.664741117351102e+01
3.702884634818362e+00
6.773166170703790e+01
9.231604458406383e+01
5.686488792154234e+01
7.166329839809951e+01
7.882890481447284e+00
2.170282272701283e+01
9.976010378438984e+01
6.895788850679895e+01
9.856794825688374e+01
1.223292220953523e+01
1.146753500749708e+01
2.695144541885306e+01
3.650409571663667e+01
2.764452287351923e+01
3.191783187534559e+01
9.406077167674005e+01
2.363072131929487e+01
5.783440990272649e+01
8.495163306824473e+01
6.521222203281346e+01
1.901354110753794e+01
5.307667695594797e+01
8.155945375634332e+01
7.337711871293239e+01
9.589639678406361e+01
3.962500195001485e+01
4.789147137100412e+01
1.750599514576886e+01
2.278117901775110e+01
8.453888254451513e+01
2.120887978058722e+01
9.051284077135513e+01
7.685492712857896e+01
7.807376770212956e+01
6.217613912288851e+01
8.473781761002626e+01
9.977659047570853e+01
6.193624290727835e+01
5.369570607025908e+01
9.834453868602614e+01
7.416916511681357e+01
6.516324107775615e+01
2.529598410487919e+01
1.067326078688412e+01
9.280776395127539e+01
5.721381598022478e+01
4.734032463624157e+00
1.643848522400413e+01
1.504822583638515e+01
8.968566553186889e+01
8.165070725681758e+01
3.406176694392309e+01
4.276234248781686e+01
6.321016101316091e+01
7.438885610289353e+00
3.865873922531434e+01
2.835162916609628e+00
5.533035698129346e+01
5.616473437108320e+01
2.561634198092685e+01
3.986923952580860e+01
7.737361419823655e+01
1.612918270571585e+01
1.672416660782144e+01
5.544738185379998e+01
7.830532182860436e+01
1.461984171281561e+00
5.522397228294237e+01
4.024156468931658e+01
5.515769024154064e+01
5.356851096896851e+01
1.441072975956403e+01
2.032093127273066e+01
7.886449507384771e+01
2.508399059301428e+01
1.312869517743992e+01
3.607831100750636e+01
2.981802305663844e+01
2.956718044801018e+01
5.112653684389150e+01
1.950368854194120e+01
1.121788765826164e+01
8.518830378781459e+01
6.226603102975806e+01
7.442804867142256e+01
9.262718944467008e+01
9.247702085062722e-01
7.726321163459831e+01
4.795754637939741e+01
5.708950462615559e+01
2.879553568959028e+00
8.782678590520601e+01
3.446311877782602e+01
1.900873627467488e+01
4.550952466461320e+00
8.991050063162601e+01
9.731405810327924e+01
6.012936637742881e+00
4.513447291456837e+01
3.755562279259582e+01
6.117062687928352e+01
9.870298388353687e+01
5.196635255215985e+01
8.149155815201419e+01
7.756747891081845e+01
7.705034314517414e+01
9.462025337602023e+01
1.364578987175868e+01
6.868366155246443e+00
2.418743377746429e+01
6.477232671565018e+01
2.637205474375377e+01
5.211503185205004e+01
4.996063045689866e+01
8.863808577351183e+01
9.833370107148481e+00
4.258781985500260e+01
8.956285602858422e+01
8.709658174174677e+01
9.054536628096615e+01
4.665236060817370e+01
8.997613531070581e+01
7.837215213960602e+01
8.111547938599972e+01
8.984871538814563e+00
8.292310465263347e+01
7.102597997105960e+01
6.298929595527672e+00
8.893604129037635e+01
1.616045283906183e+01
4.385455238812349e+01
5.010666816965988e+01
1.486343667603258e+01
9.582090498684947e+01
3.159822627510793e+01
9.243091558685104e+01
7.287124808545748e+01
2.621847960456203e+01
6.076705412043587e+00
7.973961428727006e+01
5.040591338202633e+01
7.084903212769377e+01
6.111668984457697e+00
8.581123486431838e+01
2.080966258459243e+01
9.474975475796953e+01
9.564460497146686e+01
6.339748243959503e+01
8.431261073998762e+01
8.274118666664752e+01
5.394284867399504e+01
3.096497130159520e+01
7.271732193078722e+01
3.231500081360107e+01
1.208045064102879e+01
8.170219346960177e+01
1.523810541966842e+01
8.310643065865450e+01
8.800112306512945e+01
4.174146663478644e+00
9.926688349771634e+01
3.185567545325294e+01
5.428081483313851e+01
1.413032017374892e+01
2.767658039353629e+01
8.587904115481257e+01
6.561235714033821e+00
5.478284324276393e-01
1.209752071280848e+01
1.263794117264354e+01
8.028744271969769e+01
6.250343414140094e+01
8.348697330033731e+01
8.639911170415539e+01
4.831466895915320e+01
4.296635838363616e+00
8.114886646212491e+01
4.395927388405394e+01
6.769411832452478e+01
6.546147715554640e+01
2.670046050413533e+01
2.163696695195370e+01
9.642644850370775e+01
9.941778243492254e+01
5.395196776555478e+01
8.506899098170409e+00
8.111997585795818e+01
6.919007318522318e+01
9.161332975682492e+01
6.912109887652150e+01
7.336421989526795e+01
9.088021325454125e+01
9.767742832083136e-01
2.764503468184035e+01
5.010533381724047e+00
2.865335467674460e+01
1.352407579008680e+01
1.157176909575787e+01
2.920118315573837e+01
2.562159654946140e+01
2.420971026840141e+01
9.488625828869933e+00
8.812503069086235e+01
7.696683568738719e+00
9.588773757959144e+01
3.643969960344941e+01
1.199331940710234e+01
7.703660399515023e+01
8.039897348750334e+01
7.968743773162711e+01
4.249808110413052e+01
7.099433945072551e+00
1.324404683580811e+00
3.892452956127214e+01
6.517216333428964e+00
5.527637244913558e+01
4.743142870600867e+01
8.763719219138714e+01
2.446644563435877e+01
3.904475841626747e+01
5.675829102134252e+01
9.783066552962674e+01
2.992497162424260e+01
5.773506535111697e+01
2.547570016490096e+01
3.493550500596665e+01
8.638842002786157e+01
3.899977600155388e+01
4.650727414829064e+01
1.558960313703381e+01
6.462137255101528e+01
7.071698441669204e+01
2.507822901246987e+01
5.274640319531150e+01
7.841366798543076e+01
2.096596654549519e+01
8.918610279876091e+01
9.040698743909923e+01
9.800257054064542e+01
6.958507623969814e+01
7.009442512416021e+01
4.050065159820982e+01
7.668451018477069e+01
7.141882980774102e+01
7.942518120604809e+01
8.320172651819965e+01
2.669520225687661e+01
2.685660986549063e+01
7.083891866302068e+01
5.116164789123538e+01
6.590136828175810e+01
2.759720963779707e+01
4.899231337429597e+01
9.582633995256683e+01
8.533227498891404e+01
7.446801353919693e+01
3.076184491196733e+01
7.172069501677561e+01
1.346778949418468e+01
7.726911906025798e+01
8.731029815380941e+01
7.808916204519997e+01
4.798610347695001e+01
1.238852711971315e+01
3.083556519394534e+01
2.639977141581465e+01
3.335449366520834e+01
2.002166794614013e+01
1.680675880834775e+01
3.135706415928763e+01
8.960674418583827e+01
8.690118397907409e+01
7.185771580406359e+01
6.629125432404282e+01
5.832001374024899e+01
5.128289696354555e+01
4.949298079567635e+01
8.501521599712559e+01
7.813950682903616e+01
2.033189941213089e+01
3.617686384179483e+01
4.404087506422813e+01
4.792910909649409e+01
8.516917721609080e+01
3.986721497022883e+01
3.326138403884200e+01
5.963719075528774e+01
7.062905992876229e+01
4.982079009051472e+00
7.310498024947242e+01
4.789817894245413e+01
9.229237720942702e+01
5.119414229467238e+01
9.588428241940414e+01
4.680904282574032e+00
8.202970748861772e+01
2.228405383521880e+01
3.803539799434850e+01
2.051375434757851e+00
3.909081264356654e+01
6.939246215363613e+01
9.165811962059611e+01
2.599199657607451e+01
4.125017791113359e+01
5.794937394463894e+01
8.431201036288962e+01
9.253307487467912e+01
7.442354693749154e+00
6.932722631344909e+01
7.067258165714917e+01
2.777425415244617e+01
5.504090155243915e+00
1.471345672137731e+01
7.570336324894026e+01
9.067326737133472e+01
5.458067169160613e+01
8.964747241216129e+00
5.031045808005634e+01
2.520973157380230e+01
1.394682629683373e+01
2.341543832952876e+01
7.310791056282255e+01
6.239203459694611e+00
7.460958062420114e+01
6.899219293566057e+01
1.092010774226864e+01
5.663928806625273e+01
9.127624677087937e+01
4.895550573661714e+01
5.869066350101059e+01
3.036705941444592e+01
1.834796789025328e+01
5.034878312160670e+01
5.635905599052042e+01
5.959814580138686e+01
8.298157019679508e+00
4.067106630684392e+01
5.213122067606599e+01
1.574051171342866e+01
9.998292620293000e+00
2.280380228664903e+01
4.351476586587484e+01
1.550238277553692e+01
3.751725900802634e+01
1.921812906824897e+01
6.175650100305514e+00
9.209793074619860e+01
2.818287635603122e+01
5.648610822692797e+01
1.730766227343477e+01
4.212970265286495e+01
7.990154655645674e+01
9.041557283625733e+01
4.836890611255956e+01
5.451112713409174e+01
5.940776577191789e+01
5.928901385482820e+01
1.115041515377835e+01
5.068401249623113e+01
8.244519591445346e+00
6.984107870135506e+01
8.105107191067704e+01
2.659248748169862e+01
2.018986177639564e+01
3.741012790119747e+01
8.619063328308549e+01
2.848801879607514e+01
7.808119420804140e+01
3.832185391258535e+01
4.422853050950381e+01
8.444464987093146e+01
6.112565624580051e+01
8.774329642194478e+01
3.581869557305178e+00
9.864291525382684e+01
6.961425443627604e+00
9.757519704176820e+00
9.074084595345931e+01
3.514430179965883e+01
6.624362793110480e+01
8.048508226894079e+00
7.727400445252378e+01
4.614517444099540e+01
9.846408106315140e+01
2.564291051851721e+01
6.563015285210225e-01
5.787184678850316e+01
8.493192441991154e+01
1.180671668229937e+01
8.555859284734288e+00
9.317644401135688e+01
8.164779538365444e+01
8.960693119541133e+01
1.976893144648938e+01
1.837657113483947e+00
2.701705905004268e+01
5.959564683008736e+00
3.032567590955909e+01
5.098253258084065e+00
4.428141864216021e+01
7.455420646562902e+01
9.317774008641845e+01
5.407074841394590e+00
6.229750284100767e+01
9.675960969028976e+01
4.049990048655304e+00
6.925892828463527e+01
6.517129347900455e+00
9.479083604868075e+01
4.403230084294095e+00
7.276075727900525e+01
2.839344229008697e+00
8.167723453681788e+01
1.890593167343453e+01
1.303425245593966e+00
7.320145055335082e+00
1.956223320195555e+01
5.917527208066326e+01
9.225206947524663e+01
3.136894988425493e+01
6.773113136539754e+01
8.542851344003739e+01
1.301674526790937e+01
5.733806251424275e+01
5.197444839960637e+00
1.485440238139331e+01
8.435512161085154e+01
1.115700952296937e+01
4.518007833751854e+01
8.945337486893561e+01
5.543842816512958e+01
1.973428475658143e+01
8.263111490878794e+01
6.084550300652417e+01
8.203178759758910e+01
7.939072455251157e+01
6.489549310174560e+01
5.129071583565824e+01
8.590785390041204e+01
5.968632910386022e+01
5.569394591995233e+01
5.866861113285115e+01
6.252567333286893e+01
3.737118045677020e+01
7.757454280628568e+01
6.382909857846288e+01
4.469132551210529e+01
9.713677600824124e+01
2.300437061256001e+01
3.694339494078579e+01
2.850572589249617e+01
9.073550197795755e+01
2.237190833425704e+01
4.152247116040553e+01
4.807356449220030e+01
2.756935317421767e+01
5.637687354179884e+01
3.242868605648572e+01
3.872636269718705e+01
1.556951832751255e+00
2.188206087885521e+01
9.416479090888276e+01
2.129123658933269e+01
4.513175741077017e+00
5.501029386884081e+01
3.323024140355654e+00
8.390390034015472e+01
1.990578692402029e+01
5.461374002258002e+01
6.981175419400061e+01
7.959211602788051e+01
1.030768589596622e+01
2.848036532685177e+01
4.211778931418331e+01
4.767886635273642e+01
6.054908086571334e+00
5.946887892646197e+00
9.237019186484171e+01
3.191684094812574e+00
2.895125850520621e+01
2.931358675906136e+01
3.169740998730874e+01
1.968676048316376e+01
5.168549509331840e+01
7.321988114771428e+01
6.776032497536406e+01
7.925484826753608e+01
2.959675464294700e+01
1.890109852836518e-01
1.798121096472313e+01
3.115370652226438e+01
2.207107186413885e+01
1.214600182703976e+01
5.244494311159706e+01
2.658424760521587e+01
6.715629569588056e+01
5.576796729851885e+01
1.048814789880447e+01
8.706208266646698e+01
1.038170727453274e+01
8.029990213937121e+01
6.665419864778137e+01
2.068939317049896e+01
8.780267419656864e+00
8.771987961964676e+00
6.836825956980151e+01
1.483517550622820e+01
1.471887585461088e+01
6.073845138807709e+01
1.802685960104077e+01
4.367013435981708e+01
9.005203819370458e+01
4.972426958834951e+01
6.335689484298085e+01
4.173753324045685e+01
2.294415068949766e+01
3.111721977177878e+01
2.099238150799292e+01
5.254090537901078e+01
3.130623075706243e+01
3.897359247271604e+01
8.369461190127517e+01
5.337730262120128e+01
5.111959429975580e+01
3.613955496630611e+01
7.996155027298329e+01
1.827588994907024e+01
9.190752226482496e+01
9.044969817178774e+01
5.337972568971092e+00
2.289229492791570e+00
7.074960026459284e+01
7.199217126331860e+01
2.297862270985666e+01
7.952986768424969e+01
8.076415922528327e+01
9.134688227965817e+01
9.436504323704403e+01
9.548303507989414e+01
5.208533362116913e+01
1.239190279151867e+01
3.915316939314509e+01
4.213737176830758e+01
6.211617242643431e+01
2.510064236125939e+00
8.387490505533054e+01
8.506032311593198e+01
3.362728400790472e+01
4.867286516757350e+00
3.760122844837663e+01
6.493351481153327e+01
4.384087898947339e+01
2.129584030308567e+01
1.831081738616843e+01
9.496047328922920e+01
5.743539531595790e+01
9.827236765915173e+01
1.323636319173331e+01
4.934291753421674e+01
8.872206583093948e+01
1.857433580727053e+01
5.163214707357443e+01
5.947166604896618e+01
9.056650707058913e+01
7.461076978343110e+01
3.900153373321590e+01
7.133066624930625e+01
6.595765201652313e+01
3.336657692369380e+01
6.681370128263427e+01
1.804298559112613e+01
4.575847971521247e+01
5.966870629213225e+00
6.018035740599984e+01
7.874652095080657e+00
8.476934865339162e+00
4.405526241476426e+01
9.293497525757876e+01
4.210421891981001e+01
4.892254893152162e+01
3.053620365938926e+01
7.037733684777159e+00
9.276342792099501e+01
5.183204400904106e+01
2.534855107094560e+01
8.772390116365808e+01
9.267439278432839e+00
2.362091873009732e+01
9.602643088252584e-01
5.861035681264958e+01
1.234298451447067e+01
1.953460011609578e+01
1.024250383965788e+01
7.181465056343687e+01
1.010110714011877e+01
8.485327362308897e+01
1.081618425008663e+01
8.143177338942502e+01
5.081092559304597e+01
4.418276117378043e+01
4.824547462549316e+01
6.885391123073823e+01
8.994124093555904e+01
5.421234530127251e+01
2.903426859017195e+01
9.781589303063969e+01
6.268928016661167e+01
7.308953100493622e+01
9.075086824165231e+01
4.793499039855552e+00
2.201207988989171e+01
2.128707190104158e+01
1.183123272463271e+01
1.477550776432059e+01
7.311911591008264e+01
3.717978384214443e+01
2.499408881412544e+00
8.238655518851549e+01
6.080070257224175e+01
3.459673190237802e+00
4.099691195459892e+01
7.314368708671243e+01
2.299427335289971e+01
5.123941584082294e+01
4.495833760358316e+01
3.309538049301849e+01
3.609268941734577e+01
5.577452190023592e+01
1.452715388244351e+01
8.690361505695788e+01
9.995728307401635e+01
6.277262850793667e+01
5.575752624112997e+01
8.989852396300925e+01
1.698497376264305e+01
8.479179483130193e+01
8.771441699364894e+01
7.967425397582085e+01
5.788132578967201e+01
7.846528518873514e+01
8.446775301567639e+01
7.989340567956371e+01
9.975235708977671e+01
9.629898578687524e+01
9.466891344388431e+01
7.287147295329322e+01
3.347876958245354e+01
9.716832232529686e+01
5.525802809524259e+01
9.427947215469530e+01
6.279954689685234e-01
9.625494009640764e+01
6.742315919484159e+01
2.362226882186824e+01
4.749435589066444e+01
1.238149675185862e+01
5.671764936145286e+01
8.358704530801020e+01
6.815601865209455e+01
7.124480324389637e+01
7.049066031840195e+01
6.811330172611089e+01
3.401743170526690e+01
2.624818651296579e+01
5.801182564255400e+01
5.100240551447608e+01
1.103998129770159e+01
4.572624258963682e+01
3.067665944373080e+01
6.892130708737359e+01
2.419152777837195e+01
1.514441241284107e+01
4.881471272037118e+01
2.394388482158253e+01
1.144339815315017e+01
4.348362611768936e+01
9.681535782144188e+01
4.492216773560372e+01
4.065194839642008e+01
5.207338587011834e+01
3.920163984373288e+01
4.127994391195474e+01
4.832832591995984e+01
6.624798992008343e+00
6.490221273382298e+01
9.582268181062429e+01
1.900629579043309e+01
2.161986204870970e+01
7.940972711863449e+01
8.716231444252762e+01
9.286466529260606e+01
4.990038739047031e+01
5.527561612207238e+01
2.688209699787297e+01
7.614857395000224e+01
1.328744176462639e+01
7.788450251234906e+01
8.718855524770383e+01
5.901368435426321e+01
8.561161909513716e+00
5.610986233507742e+01
8.320521213263517e+01
2.370557432235478e+01
4.924575008882477e+00
7.149096954217692e+00
3.514897252207108e+01
4.840820117313797e+01
3.964454729093451e+00
8.007114025767480e+01
8.906014956955805e+01
5.603784059921178e+01
1.927278010140768e+01
3.034009343494666e+01
4.366166519171636e+00
2.589757909341602e+01
9.524230621533576e+01
1.888482832297907e-01
4.490387488384911e+01
1.686216821747933e+01
7.959857540186428e+01
3.206618932637674e+01
9.726833510085397e+00
2.949896279233459e+01
8.734180544844912e+01
3.660893050795837e+01
5.647536695770704e+00
6.292471665093895e-01
1.449343297374129e+01
9.283609194347453e+01
5.964293156733873e+01
2.305459488325501e+01
4.894595423198582e+01
4.284814365340776e+01
4.676016920560978e+01
5.387052928743443e+01
4.999724060762546e+01
8.190914172768086e+01
2.278730414006268e+00
5.396169533671890e+01
6.198028198535567e+01
9.133887998356431e+01
9.999535935930691e+00
8.125306208676335e+01
2.167897341851097e+01
1.436570245510233e+01
7.150641133613251e+00
1.692127958728060e+01
1.455455073833212e+01
5.205451606402850e+01
3.378344780475993e+01
9.415312618676252e+01
8.412070539040523e+01
4.351028131484533e+01
2.365208893253100e+01
7.146251079228824e+01
8.011921182280369e+01
2.929962562830170e+01
7.209175800536374e+01
9.461264479654498e+01
2.213571752521010e+01
3.173468952613636e+01
1.766723963323386e+01
7.108167180376205e+01
7.458283317954411e+01
6.442740888540978e+01
2.495220104463035e+01
2.458007378716956e+01
4.633655056652452e+01
2.723093145863662e+01
7.854176912388847e+01
8.316832505314068e+00
1.856981139563481e+01
8.854130505981915e+01
8.956989459207743e+01
4.024878481414579e+01
2.907007468355357e+00
9.672053577225680e+01
5.717006440142638e+01
1.746155825325360e+01
4.877505178971917e+01
9.095351225275245e+01
1.161468439345001e+01
3.289575713355828e+01
3.446379352103165e+01
3.526677332598100e+01
4.358267879280387e+00
1.458300534383534e+01
6.456639895428270e+01
7.645002588464413e+01
9.195650093814194e+00
8.670211647949280e+01
8.184715364214366e+00
2.686288977361419e+01
5.778378823668873e+01
8.276754859032461e+01
9.129029865902397e+01
8.273598928131908e+01
7.347622330928045e+00
3.762684917898236e+01
9.966920693389570e+00
8.588939145481650e+01
4.594368173086256e+01
2.853673213559051e+01
7.443069651463567e+01
3.551357627637385e+01
6.878551694973629e+01
7.733770398299103e+01
3.223411200206453e+01
2.595558135116267e+01
9.479926223624463e+01
8.100916379178371e+01
1.690909355734899e+01
6.413946583128509e+00
1.390492087877585e+01
5.137288707838062e+01
4.168071990910951e+01
1.826318880462236e+01
6.595589242221597e+01
6.247118816826082e+00
9.471321468926649e+01
7.515154256259629e+01
9.294923534288500e+01
2.897930053480868e+00
2.014432289644346e+00
5.073302353300760e+01
8.566547864380549e+01
9.330473094866831e+01
3.346901281432668e+01
9.301310097473352e+01
3.093158008108455e+01
4.343593350771625e+01
7.890249238298391e+01
7.687526181194710e+01
7.197266564330675e+01
5.333318885105345e+01
1.238883808832096e+01
4.075818259304305e+01
3.067089283404448e+01
4.462295009038548e+01
6.671376394420572e+01
2.547015502372298e+01
2.563211388216918e+01
8.362285750155471e+01
3.188410165341762e+01
3.953703476094503e+01
3.499574453336920e+01
7.356482156252713e+01
5.780022356556739e+01
9.516369555851617e-01
7.981194042591933e+01
5.251343825483389e+01
7.610317951818145e+01
7.276117572223822e+01
5.541136830831476e+01
7.811761180782580e+01
2.349419920867970e+01
4.107684690555411e+01
7.142234270992797e+01
5.696321202300638e+01
3.408994783372150e+01
2.353922744446398e+00
3.991455307226374e-01
1.299244017013928e+01
7.922918460295963e+01
7.237181117402940e+01
6.632562906775887e+01
9.161802269128059e+01
1.312999372050631e+01
9.699652190180333e+01
3.624097273509994e+01
7.984375766471203e+01
2.246667687896019e+01
6.187308661726912e+01
6.346661511970061e+01
5.435077853237781e+01
1.410121378214155e+00
9.846235969963594e+01
2.791560009490493e+01
5.921034494378154e+01
9.941399665522110e+01
7.727540474258149e+00
1.172378315204931e+01
7.551717612683642e+01
8.048871619649637e+01
6.713515146036406e+01
5.363478788809608e+01
3.982915358609946e+00
8.211998319352045e+00
2.505713055145793e+01
6.094612742818246e+01
4.230194615307354e+01
2.741105329590433e+01
6.134527295890509e+01
5.529438636977896e+01
6.640237852297834e+00
3.371708408636837e+01
2.162001539097168e+01
9.825826054357843e+01
4.684707785344081e+01
1.861653724620889e+01
3.449923327867837e+01
2.669083547158672e+01
4.108321412516908e+01
9.637231989594750e+01
9.015745063785346e+01
9.543399270411301e+01
9.778244127416166e+01
8.861981029092325e+01
2.334959275245182e+01
5.699278621794321e+01
8.803380689957821e+01
3.107713322670997e+01
6.871656936999251e+01
6.355098297984851e+01
1.156584937664021e+01
3.585172083035657e+01
1.718577082137846e+01
1.554876473525016e+01
4.406371914970862e+01
4.224290137283639e+01
7.649489216343261e+01
8.636566534934829e+01
6.965395466874072e+01
3.784016507577159e+01
4.166005167256112e+01
7.629419256760468e+01
7.155724920870608e+01
6.328006706353280e+01
7.455245306461698e+01
1.840432701558076e+01
8.189660430974169e+01
9.051686296729224e+00
4.509516248716747e+01
2.297981838834464e+01
7.890290961164474e+00
3.525261307845480e+01
1.841381104589152e+01
3.206447420272253e+00
2.387242332281192e+01
4.176340379834333e+01
6.019923363821545e+01
1.190623017582401e+01
7.284053702505331e+01
2.891580300820796e+01
7.545721315567252e+01
8.440638640169351e+01
6.476752383856453e+01
9.264298397705097e+01
9.995515118350980e+01
8.831242941707020e+00
3.488588530332124e+01
7.645004330037629e+01
9.519690829105531e+01
4.539839972061962e+00
1.429020837614788e+01
3.685695991705030e+01
8.083403253966665e+01
8.584745758485396e+01
1.370269340169741e-01
5.538648555771750e+01
4.251784553868595e+00
8.203363124375866e+01
6.443817190101285e+01
4.934694704103607e+01
5.013449632103298e+00
6.986217809368958e+01
8.459956016605700e+01
2.342726067799482e+01
7.306862551396182e+01
8.471983442302786e+00
6.519066452290429e+01
3.326785915217728e+01
2.037821366469293e+01
3.803120150139145e+01
6.218366216038525e+01
9.583542682036544e+01
2.243758790308497e+01
2.695118595238364e+01
8.847841079741643e+01
2.239273904002865e+01
3.578242889409067e+01
2.336429605417154e+01
9.884278234040494e+01
3.097933718514598e+01
2.790413602623350e+01
1.313299066998669e+01
6.783629710219628e+01
8.738168519334016e+00
9.898044825484065e+01
6.797332408277938e+01
6.412465412361765e+01
3.232232762143124e+00
5.000695527997192e+01
2.856282597806437e+01
5.257917984974533e+01
5.502040491207521e+01
9.842500407175395e+01
3.717873996923619e+01
7.844766563663616e+01
7.149362953914964e+01
4.565072341153898e+01
4.363833011297431e+01
4.761488644760795e+00
6.602893707623190e+01
8.166953161436577e+01
6.694515080514604e+01
6.186436389659734e+01
4.107119470884613e+00
9.389633675752968e+01
5.034277464744764e+01
2.649985851091326e+01
2.967876565162035e+01
7.370707070161919e+01
2.534264085131820e+01
6.065810283676633e+01
1.611206727852675e+00
3.847563152130490e+01
2.849439989239648e+01
1.034937524718669e+01
3.745607977614556e+01
9.646772397517587e+01
7.447402937080433e+01
4.068831253828868e+01
4.647467925514778e+01
3.036855302302565e+00
9.326749238803400e+01
1.495084120656869e+00
1.461859327490376e+00
3.044623231070406e+01
7.994274975729303e+01
7.295548891320614e+01
7.609695576880917e+01
2.358107982370122e+01
7.771697755796694e+01
4.212589279847494e+01
5.250611438066984e+00
4.466212836311298e+01
3.990256648506158e+00
9.357730908951597e+00
3.855846507407653e+01
5.433303129595380e+01
3.585758946643099e+01
6.823723072569689e+01
2.804010199757298e+01
6.120023031774920e+01
2.889533351589708e+01
2.965130872542565e+01
9.967586183905409e+01
5.738973345485969e+01
4.000068397261234e+01
3.713194156863351e+01
5.385745738346942e+01
1.447471334341667e+01
7.782025415348832e+01
3.321365920510779e-01
1.751156864571924e+01
7.108774649495619e+01
1.827220759274075e+00
1.897342801977574e+01
1.533978805660260e+00
8.176997051656710e+01
9.192891693298189e+01
7.763093457446942e+01
5.351050340268318e+00
6.964589444438271e+01
1.975682732637824e+01
1.060166177833530e+01
1.430802276092955e+01
2.374708402145053e+01
1.995939268728690e+01
5.286648788157221e+01
7.808011531740432e+01
5.581698215371789e+01
2.110371856070297e+01
6.120217268411171e+00
1.701721242490095e+01
4.999905212316618e+01
3.577152599383682e+01
1.669307426395504e+01
7.388785531459742e+00
7.577221001301530e+01
5.382501583258856e+01
6.124624291492917e+01
9.024692335643196e+01
3.164526993951074e+01
6.157837955354637e+01
7.758491955585075e+00
2.733016434466940e+00
6.340560031282045e+01
2.673191997536082e+01
4.266995240127200e+00
4.517557078282143e+01
1.866083686177658e+01
8.189792981459662e+01
5.052662112308974e+01
8.830673135272541e+01
1.654757094408738e+00
6.112828290142505e+01
2.614754067088829e+00
2.540184111585926e+01
8.108767563527807e+01
5.548124194866104e+01
3.481956433263587e+00
3.690465774242983e+01
7.658496055593014e+01
9.602173701674758e+00
5.392187021389690e+01
2.658401263253019e+01
4.537369974207771e+01
7.061494447785194e+01
3.397279816398993e+01
2.114590970852688e+01
2.443996026387437e+01
9.521904107891910e+01
1.139283301839271e+01
5.608523024995124e+01
5.679742058589934e+01
1.915132497397779e+01
5.881824668441817e+01
2.020302085215366e+01
4.588324499590474e+01
6.308524192454538e+01
6.537859168154122e+01
6.454408185768131e+01
4.498317169257587e+01
1.590521275806483e+01
5.285081316384059e+01
4.663792878698461e+01
7.703349570605602e+01
5.546556727749555e+01
7.203976994941000e+01
5.812117129476796e+01
1.094680917959046e+01
7.552172638267359e+01
9.502582903719778e+01
8.753176973552060e+01
8.512390008434835e+01
4.894769920452857e+01
1.411578232148466e+01
3.049759977985993e+01
1.956264363581438e+01
4.808858048547459e+01
5.164350948838680e+01
4.400260394625487e+01
4.330762156439369e+01
6.303634250677952e+01
8.783414963997628e-02
1.050421037269021e-01
8.218766752732344e+01
5.890608083405815e+01
2.030806300244670e+01
2.807091247666204e+01
2.199132271203740e+01
8.568665468398791e+01
9.261499433434335e+01
6.697449440461327e+01
1.591867395486621e+00
4.546580749818394e+01
1.361242314503176e+01
7.862536310154263e+01
9.313747291133622e-01
8.565219309444176e+01
3.674653434974446e+01
1.187818390870382e+01
6.117391943054922e+01
3.177236338694224e+01
9.940995369079056e+01
4.629781951489757e+01
8.072006259147081e+01
1.352573596570908e+01
7.679541929475749e+01
2.827062272851850e-01
6.161431649774980e+01
2.843892878314430e+01
4.428531017354005e+01
4.921938015577354e+00
9.147527128992382e+01
4.437314432318003e+01
5.026980119304256e+00
7.366293877068114e+01
3.279225110672054e+00
2.533504312175095e+01
1.733851200777037e+00
2.527054782270945e+01
1.102169775917274e+01
9.434884558168652e+01
9.224504222732271e+01
1.261356520122549e+01
3.981465303330433e+01
5.857465325788345e+00
9.123892830276812e+01
4.074602776241770e+01
9.150965846679622e+01
2.798546265251258e+01
5.262421167112151e+01
5.268357785077932e+01
5.975782603945482e+01
5.203416531534594e+01
9.898139736567690e+01
4.047788858435950e+01
6.555990132762115e+01
7.577681666043439e+01
4.076059481164469e+01
2.717421777880482e+01
4.215745397012562e+00
8.504590498518473e+01
3.209615579438217e+01
9.569101668693638e+01
2.941904926179864e+01
3.712313591368643e+01
6.935395545761752e+01
3.269827437247069e+01
6.245817908200350e+01
7.108780665839454e+01
5.796882219518015e+01
7.347987684117624e+01
6.543665219351493e+01
5.021386437593674e+01
8.609344204240173e+01
5.251305180253137e+00
5.607132974829121e+01
7.733237034516985e+01
4.599733294267083e+01
4.758098816852132e+01
5.317832951116298e+00
9.862154466035847e+01
2.645659727345063e-01
6.507565899057111e+01
5.065570992913828e+01
9.924596338497751e+01
5.553547528364486e+00
1.621561121019330e+01
7.502277999884578e+01
4.631414238657530e+01
4.338982898899812e+01
7.923852539585835e+01
3.136004732519390e+01
7.548598478338029e+01
7.492954203622860e+01
6.077909663355867e+01
1.260912069706671e+01
4.428349744727998e+01
9.347737100602936e+01
