9.243713323606045e+00
7.046153930503016e+01
1.328232950218130e+01
2.243701183350618e+01
2.931109072142797e+01
6.967709994394197e+01
3.987276481458581e+01
9.147494234679031e+01
8.045812713934953e+01
8.557560531682130e+00
6.408738906685607e+00
2.368766466327369e+01
3.834643887278924e+01
8.063638400316069e+00
2.418283295081129e+01
6.417107226521293e+01
9.186088940681000e+01
7.166742471590052e+01
2.631683667484523e+01
9.406150392911466e+01
2.740236196080333e+01
1.544551826801408e+01
3.606792731958811e+01
2.980863513881743e+01
5.463324578229023e+01
6.973022169886633e+01
5.303727912392341e+01
1.941702776561353e+01
3.340418303078236e+01
3.825667194940926e+01
3.209282789942475e+01
4.264789640095453e+01
8.718211207873287e+00
4.537515744817217e+01
6.508490823446070e+01
3.802930192930125e+01
1.505225734554802e+01
4.957673049046505e+00
2.950424422952544e+01
9.551038448489754e+01
1.351523358072864e+01
3.591298318277718e+01
1.919804910160510e+01
5.186167245351787e+01
4.397662158309325e+01
4.338088205241639e+01
1.603274467216467e+01
3.583751094333712e+01
1.504830672175079e+01
4.234958139357603e+01
2.989901482588565e+01
4.245066872912025e+01
5.779509966159011e+01
6.596694214547377e+01
7.225930386793767e+01
1.242834544388035e+01
3.569716384434009e+01
2.529658294529495e+01
3.184537320949388e+01
6.910134687512245e+01
6.355325489470422e+01
6.393820115548476e+01
1.174924322951084e+01
7.227146610257749e+01
9.313358557090796e+00
7.683415151053768e+01
1.030076798531262e+01
2.436561590263882e+01
8.179182455958419e+01
3.980501226140419e+01
1.987600034097024e+01
9.530705814031282e+01
7.571799544418137e+01
3.907404944257534e+01
4.716873059383069e+01
1.969461698070849e+01
8.245493149499173e+01
6.320147526599536e+01
5.553212792404560e+01
9.750323826330865e+01
5.551056613005258e+00
8.543114274993127e+01
3.995390694586277e+01
6.334615632116149e+01
5.139808489540503e+01
1.221321076723431e+01
7.577450176504185e+01
8.709524873974513e+01
3.750979375909539e+01
7.619874927969591e+00
5.619659556830143e+01
1.063048607233469e+00
7.155807608345434e+01
6.794583884437840e+01
7.333451475637709e+01
8.087143464054513e+01
4.477999030834995e+01
8.363528274168972e+01
5.237050496617822e+00
2.657181482136799e+01
2.344029495652779e+01
2.511305083758805e+01
2.187887291511468e+01
9.915829040070916e+01
6.418710028016339e+01
6.904760350894537e+01
1.885290733485152e+01
4.664203177515512e+01
3.224907877494073e+01
7.438503525889713e+01
4.414526999189764e+01
3.780013538794599e+01
5.981617800882839e+01
8.409917693776040e+01
1.146291662541354e+00
1.121426285766729e+01
9.631238770499471e+01
7.692079342758321e+01
9.830951159741241e+01
3.382218141752396e+01
8.454066840211892e+01
5.450610711914771e+01
3.488523007132356e+01
5.609874443900713e+01
2.245194591695999e+01
8.219744781134532e+00
3.697017907955226e+01
6.723193622530994e+01
9.185502752282424e+01
4.220722957617009e+01
9.380375104667793e+01
1.529532247935204e+01
6.732028046032427e+01
1.568262396179262e+01
1.445361283349507e+01
3.150738069392153e+01
8.473022747073799e+01
3.330652021491272e+01
7.814941246907665e+01
1.697930619911259e+01
7.691555427243727e+00
2.229468241440816e+01
5.477944163362469e+01
6.750773343607213e+01
6.393859305602432e+00
5.592573329616604e+01
7.872199629373941e+01
2.706247010597143e+00
3.284652672374925e+01
7.703150784458570e+01
3.652842842812111e+01
1.738719507930204e+01
3.153761496373341e+01
7.141365849944468e+01
7.348593951830918e+01
5.398956088069340e+01
7.963340328057920e+01
1.045611855129531e+01
2.122149710600334e+01
7.148843080340346e+01
5.266334817403152e+01
1.502524810611515e+01
8.678375328275550e+01
1.998362858778966e+01
3.070787206790776e+01
1.237366069684441e+00
5.149100928171119e+01
1.543809953864575e+01
3.454388628459716e+01
2.964042175078784e+01
3.241740573775834e+01
4.223544175840702e+01
5.193510416519600e+01
8.719684737138303e+01
9.743175147913012e+00
5.832896351736456e+01
4.312258066754908e+01
8.846517148821856e+01
6.103521052796170e+01
7.596910739129832e+01
6.549667928623812e+01
9.756363895608283e+01
9.335630247060037e+01
9.703429424997154e+01
6.897729745552749e+01
6.684224194234342e+01
5.102385513066494e+01
4.861070068954057e+01
7.729836054020484e+01
7.224535223666828e+01
2.009913144637790e+01
2.996170866767024e+01
8.727060034278342e+01
6.882884682567271e+00
4.994533725545990e+01
1.797847241069119e+01
8.120250798817841e+00
1.436346490604964e+00
3.341657194933694e+01
4.266413708341501e+01
3.107676824139281e+01
6.583397768709528e+01
8.489957884182202e+01
8.301187245315494e+01
5.303082505847831e+01
9.464275403630117e+01
4.134083592395337e+01
9.615340572602740e+01
8.310792547795359e+01
2.376046405348949e+00
7.212251307075960e+01
4.860460471762559e+01
9.993968536143176e+01
6.547881549479385e+01
4.563889896759712e+01
6.891698277039313e+01
3.232105739057113e+01
9.666275409826206e+01
1.752768345993370e+01
9.619417884209854e+00
6.890810628836419e+01
3.762681490631160e+01
3.958112655188010e+01
5.617870658458151e+01
4.450969963544500e+01
8.952646380733999e+01
7.415717899527270e+01
5.262995043426284e+01
9.096281034451110e+01
7.573750898043509e+00
9.529408751767785e+01
2.203957853933777e+01
7.340772863170491e+01
8.019366635949987e+01
5.051450945926574e+00
2.643855364361711e+01
7.483642034923491e+01
4.639228686987995e+01
2.259195932307837e+01
5.794434578062238e+01
4.876833327522889e+01
9.471447239383798e+01
6.548950451681833e+00
4.870801863666066e+01
6.019328784206569e+01
5.218784941927895e+01
1.762500136048766e+01
9.251434523263683e+01
4.885060347097488e+01
3.515268482042136e+01
2.133763116846682e+00
1.775870971277296e+01
7.277949977329908e+01
4.171488966872678e+01
7.393741634392059e+01
1.728919936217796e+01
3.124135347606677e+01
4.809459529262715e+01
6.991914979644081e+01
2.220416377401174e+01
5.566834623723680e+01
6.521323726755251e+01
4.424374231334950e+01
2.907607482237558e+01
4.540690358048627e+01
4.929519330584220e+01
5.551462846599269e+01
2.024332388315505e+01
9.568748017572216e+01
7.810658778907107e+01
7.818766966377743e+01
4.445581345095104e+01
7.282106013634292e+01
8.473662016202537e+01
9.316383208761169e+01
3.301434793184248e+01
3.692446953473821e+01
1.078883340153323e+01
2.552869311791318e+01
8.577507305227921e+01
4.594151826852072e+01
2.766245623475986e+01
3.533782718486051e+00
1.872101799525368e+01
6.937734595005277e+01
7.747119906240665e+01
3.601021735743164e+01
6.186993795534127e-01
2.556579435503380e+01
5.929367107306312e+00
2.282286315356514e+01
8.123414059227059e+01
7.114260437485883e+01
6.706660546691464e+01
1.031021536808005e+01
1.654950795534510e+01
1.636179872619072e+01
6.582484383407274e+01
3.679283183850014e+01
1.204927890191287e+01
4.393143157657769e+01
1.498050150227756e+01
5.650509235286390e+01
1.675249166635447e+01
9.971712166430294e+01
4.966892439390948e+01
4.976683959819695e+01
3.664159115247502e+01
6.045775779544271e+01
7.529553271611013e+01
2.241666415818812e+01
6.399276017397305e+00
2.957988950869995e+00
2.595044692324030e+01
2.512029401265098e+01
7.233533490092276e+01
3.421645939080811e+00
6.113051137008262e+01
7.295403428047618e+01
2.898744029411461e+01
6.705987847738893e+01
9.577689743404132e+01
1.022158083981908e+01
3.820248285224777e+01
6.284350285438984e+01
2.053179620789913e+01
5.475199080759287e+01
7.920530162714668e+01
8.635664004197187e+01
9.154482264609301e+01
9.125458052905955e+01
3.028807157198343e+01
6.525324101804440e+00
4.775967283535734e+01
4.704056323833790e+01
6.242445719541258e+00
9.742859722926683e+01
9.680740283653485e+01
4.288403691858241e+01
5.788635497814341e+01
7.210293555264498e+01
6.530070107677052e+01
6.428563104210684e+01
7.506092450351497e+01
9.125114800001083e+01
8.940592505475782e+01
4.739625935787161e+01
9.467279398565776e+01
5.053643642484045e+01
2.035029359178166e+01
2.366023423320625e+01
1.759631485566325e+01
1.612719097925685e+01
3.388181511959146e+01
5.579879770791102e+01
7.897069383364669e+01
5.441361132749059e+01
1.055078846893776e+01
5.817599541422724e+01
4.077025136946247e+01
2.095611115030763e+00
4.943057589672067e+01
7.105832294144589e+01
8.620935216835205e+00
9.719024873207800e+01
1.809888617978379e+01
1.486338098294259e+01
9.461884591477869e+01
1.490628896975251e+01
5.774741790152500e+01
5.250520089292210e+01
8.700922452239749e+01
2.304811893172940e+01
1.679083188846280e+01
6.207014897934634e+01
1.429926693174023e+01
6.196756896654496e+00
9.466408290651817e+00
8.972060870831861e+00
5.673319332149494e+01
2.981670188243347e+01
3.263229510403811e+01
7.432950822372433e+01
4.594389286169032e+01
6.651411022362956e+01
3.012830588506921e+01
2.491458669533701e+01
2.092772155112015e+01
4.067909440057310e+01
8.309058210956425e+01
6.169797292058262e+01
4.277470551560386e+01
3.252115800628492e+01
3.275629581546238e+01
5.139564073243906e+01
2.971140669179680e+01
5.085518199524618e+01
6.625902171538166e+01
2.433025260657550e+01
6.576147101156482e+01
2.400643957034053e+01
7.683545349949759e+01
5.277069548739618e+01
4.705455854863606e+01
9.362628538796039e+01
1.484084446674252e+01
6.135382548037629e+01
9.982304228461490e+01
2.430725275739434e+01
7.032588635120814e+01
5.655623560610983e+01
5.412395468639394e+01
2.958181408680129e+00
3.088574378326803e+01
6.784750151813379e-02
6.947229167887582e+01
6.101404966833724e+01
2.498243419685515e+01
9.040001322999596e+01
1.693144022344213e+00
8.073016306419399e+00
5.209798610401246e+01
4.446784953794808e+01
4.059417431270433e+01
8.485428191947484e+01
9.586349031695327e+01
7.030558100450112e+01
3.570946391472102e+01
6.212251198576880e+01
9.463583361107662e+01
1.470934879719715e+00
8.612895160267546e+01
7.147128706400808e+01
5.424163036711590e+01
3.318351010474540e+01
6.509757240540235e+01
6.908247483385843e+01
9.453733558512168e+01
6.492061469001725e+01
9.338972763781889e+01
6.486322188976371e+01
2.147685024956095e+01
4.751368227764670e+01
6.782140329844384e+01
5.236259403282897e+01
4.758152977916483e+01
3.729369493075353e+01
1.337664365460008e+01
7.256396402258611e+01
2.769370811418337e+01
1.506978772351043e+01
8.063698032900550e+01
7.979169421819583e+01
5.953763726145851e+01
2.123115459514370e+01
6.464597613767069e+01
5.540112753184565e+01
9.153673559964483e+01
3.554400058255717e-01
1.752363951761445e+01
8.617256921072145e+01
1.826374885545287e+00
3.652591073723785e+00
5.764385622816340e+01
5.606800525266119e+01
3.683610117846919e+01
2.274142863356575e+01
2.515048008651960e+01
3.137343671702475e+01
8.766204332358299e+01
1.854020767777237e+01
9.623665860678845e+01
9.138893526577807e+00
6.605388995541907e+01
6.405806185866616e+01
6.150148755940678e+01
1.363541968801777e+01
1.351756789419687e+00
7.487813121400686e+01
8.619938371060387e+01
2.904546490360306e+01
8.994791893751729e+01
6.683636399304325e+01
8.837159121798893e+00
4.948555619897579e+01
8.806751858818694e+01
7.348313525946956e+01
4.886683684255315e+00
7.960425418783177e+01
7.383857526529513e+01
2.241032320186977e+01
6.577682335198709e+01
7.566495015084043e+01
2.606291427559355e+01
2.342067953358436e+01
3.173295535693548e+01
6.289901545406273e+01
4.616210816715011e+01
5.688343544345508e+01
9.427245217108748e+01
3.382415144416697e+01
7.542364312122746e+01
9.050911073130979e+01
4.296304497074478e+01
4.147753303008039e+01
5.456717258997595e+01
4.464532483585427e+00
5.511295276466429e+01
5.591892937939564e+01
7.934266374415843e+01
4.131233642870203e+01
8.496439428299870e+01
6.929058263510959e+01
8.148700421745284e+00
9.380155340479759e+01
1.877613878751925e+01
9.621621900993223e+01
6.728468861770102e+01
2.366282251834070e+01
7.582047315119787e+01
4.112326383643004e+01
4.607314572021046e+01
4.159729645661884e+01
1.678821394070434e+01
7.213606004237015e+01
6.501797603676933e+01
4.852116934420596e+01
3.503507544986675e+01
1.118008415735331e+01
5.404604741094916e+00
2.930752762095422e+01
4.500423564808641e+01
8.082824790888850e+01
1.981663830569789e+01
8.796728061883118e+01
2.230578089240276e+01
7.438381089567385e+01
9.243181314898273e+01
7.741873365706705e+01
3.030274022850336e+01
7.177447684657503e+01
1.873107008576909e+01
1.526713451150206e+01
4.106505943511848e+01
2.687977050751437e+01
9.068687869733520e+00
5.984119826920386e+01
2.309598947088048e+01
7.635337653400069e+01
8.350402078754455e+01
9.891646266864448e+01
1.747664032386459e+01
2.957716646118889e+01
4.051375907869718e+01
3.426485431113506e+01
1.713226456992899e+00
5.531735068900388e+00
8.278602365534103e+01
3.674830195342577e+01
1.671181927281982e+01
8.819062839643593e+01
6.605582957437998e+01
6.171605492090622e+01
6.901887625875830e+01
8.587246788007788e+01
4.968333549317128e+01
9.132465719772721e+01
6.025627877575172e+01
4.211514859558789e+01
6.874339080822813e+01
9.055901900425508e+01
1.388962539559678e+01
8.747446089399720e+01
5.826153469191004e+00
5.495468487728140e+01
1.435423135494545e+01
1.489484138549065e+01
1.479588309991913e+01
3.745022087239205e+01
9.124821791949134e+01
9.829990388746369e+01
3.636668349447040e+01
8.724858196789800e+00
2.787707030208645e+01
7.688044257316758e+01
4.298971250792486e+01
2.959029680564548e+01
8.241217768863410e+01
2.577573611669975e+01
6.633859875907126e+01
9.912399696145393e+01
1.396636451313568e+01
3.239442828688512e+01
6.084005183579403e+01
8.298524077189398e+01
1.826689612039686e+01
1.052338728239918e+01
7.430989792305506e+01
7.852317489614859e+01
5.263853592455319e+01
4.305328873128318e+01
6.908219390040365e+01
6.652816132014998e+01
3.052774957871425e+01
7.490834736959467e+01
2.148284615086524e+01
4.488198098022583e+01
8.980318875508532e+01
3.627872925078437e+01
8.233220185261789e+01
8.105140662801051e+01
3.457863309168193e+01
1.869888530052215e+01
8.977626487136644e+01
6.245570344033451e+01
9.557932787368975e+01
3.276597733272518e+01
9.204600024597998e+01
7.799150551575772e+01
5.854171349599105e+01
5.838459895848511e+01
7.711550243064552e+01
7.250807800912675e+01
9.077902724537022e+01
3.795555421987341e+01
5.549331873445460e+01
9.045923319200948e+00
4.847894154883872e+01
2.980321665750966e+01
8.756909826191566e+01
1.117477426825779e+00
7.285650538879284e+01
5.665129211575318e+01
6.764563874697575e+01
3.384254920940965e+00
3.155963943878172e+01
8.912848494440712e+01
4.826623590116679e+01
2.136282819386703e+01
2.540721414862537e+01
3.059843770721854e+01
2.414234775311423e+00
5.998584728687343e+01
4.929732300774069e+01
9.219049964667786e+01
2.244155068064181e+01
4.487665088143044e+01
2.495647697940305e+01
1.448755088005567e+01
2.286815635062203e+01
8.349819047539411e+01
7.287214983854076e+01
9.998365882783368e+01
5.600626843795472e+01
6.365117703734487e+01
3.793921300114096e+01
1.149958712584320e+01
7.269710035654580e+01
8.641815454997968e+01
4.130280378335286e+01
6.026619857189534e+01
8.753563197680546e+01
1.415930912557957e+01
1.691749064108240e+01
5.518127072378120e+01
1.754356409308667e+01
4.847713012643025e+01
4.430975562162220e+01
6.580979999425345e+01
6.983995832029728e+01
6.971696977024757e+01
9.640823774803813e+01
7.225419309560871e+01
2.970281701055487e+01
4.570556070921270e+01
6.444469274228656e+01
5.214436769119667e+01
9.058221159064314e+01
8.940116972168963e+01
6.663191857125234e+01
1.345036794126517e+01
7.289936015051759e+01
3.950406836322698e+01
1.343402672253271e+01
2.890562854190619e+01
3.155245354005715e+00
5.137323972367367e+01
4.040521566774939e+01
7.585234575711766e+01
3.779139427365335e+01
8.170801949766839e+01
3.611854428244687e+01
2.532702620389267e+01
9.586732862324794e+01
5.303603497009540e+01
8.050829692767388e+01
1.341089266976849e+01
1.513165049959517e+00
2.481805250272996e+01
7.922069271058808e+01
7.135312337025680e+01
9.453502231954364e+01
7.562893041206009e+01
4.360731641929937e+01
2.423783928353239e+01
2.133449107470666e+01
8.052009115019818e+00
7.638220702129519e+01
1.191670266534980e+01
9.745317883670944e+01
4.301412554598139e+01
2.536707060661496e+01
7.035253894066091e+01
8.251819395577451e+01
3.880109732914767e+01
9.925816748256709e+01
8.567343930978022e+01
9.017433705282134e+01
3.966338315031649e+01
6.152578502033175e+01
2.796573127990856e+01
2.137140260141874e+01
9.764432934934474e+01
5.329275753036735e+01
1.723873117810056e+01
5.068036427287402e+01
3.380105441147511e+01
3.064962389443518e+01
5.219352932283353e+01
5.861910696077119e+01
9.870316558457128e+00
2.354665264652420e+01
5.315412923374871e+01
8.549924697051721e+01
6.715396906582359e+01
7.739196851728110e+01
6.833737998657738e+00
7.520597822740952e+01
5.377417549201016e+01
1.875044066400753e+01
7.265915701755283e+01
9.678830108455769e+01
4.411751127062249e+01
4.301169595821374e+01
7.930649499376607e+01
8.291860859977017e+01
4.226986339421471e+01
6.497993425698016e+01
7.309294565259150e+01
8.193324654453119e+01
2.650571927731192e+01
1.058676885933930e+00
3.304649099383805e+00
2.415004858009054e+01
5.435143441630128e+01
2.054338032405050e+01
7.483041285296456e+01
8.815248887434251e+01
5.119300421848567e+01
2.702394212923197e+01
4.677159578854758e+01
6.106332077694280e+01
5.057059477575616e+01
9.992572502229629e+01
4.656256770089388e+01
1.772456379501362e+01
7.731769349301126e+01
5.339630569955162e+01
9.293054202242314e+01
3.109186898502142e+01
7.214674641012529e+01
6.558969903997597e+01
2.788017002301298e+01
1.626425763418165e+01
8.601394951623583e+00
7.186664970212926e+00
9.918286628051794e+01
5.087125834583829e+01
7.216659922719309e+01
7.227581188654332e+01
3.280450489036949e+01
9.867231850450501e+01
7.333448877247724e+01
3.610915398975329e+01
2.282236703802942e+01
2.768592318877854e+01
5.665253431380379e+01
9.765277989099397e+01
1.583841201655493e+01
7.845538485723333e+00
2.467672197365981e+01
6.261000780510251e+01
6.890885926266613e+01
7.524731674941597e+01
6.253573278083267e+01
1.547142691699389e+01
9.297188059099571e+01
3.985342622727781e+01
6.886773266311164e+01
8.590242256685274e+01
7.094529521229923e+01
4.101447902667079e+01
5.149212156026258e+01
9.882546523531221e+01
5.727873666085244e+01
6.009351651188616e+01
6.012130158959017e+00
5.646160289480425e+01
1.096477485772445e+01
7.817872943271824e+01
2.873741473478145e+01
4.376927974809393e+01
7.685104789065711e+01
2.071903507258698e+00
7.987843373784722e+01
9.967341497525265e+01
2.975782669603723e+01
3.653096805165102e+01
9.732619481968050e+01
4.559623871259216e+01
4.437650653737435e+01
2.200291679334031e+01
8.206246471128541e+00
1.328536580004048e+01
9.725023354275628e+01
7.074197925196121e+01
2.875679271703437e+01
9.022211408718587e+01
1.059540543267289e+01
9.762452538014600e+01
7.612453665403859e+01
8.154070069153826e+01
3.863900436025067e+01
2.761665816773505e+01
8.036616588028434e+01
9.591774106766924e+01
8.771017472618733e+01
8.637829608580950e+01
5.237934391590736e+01
9.867494958391177e+01
6.455702547196161e+01
8.111675869725494e+01
4.244422928543958e+01
4.140807331605259e+01
8.318866220451363e+01
2.232266297672068e+01
4.108148824473912e+01
1.294648885398474e+01
5.885363102837169e+01
3.840768306441963e+01
5.854272756657690e+01
3.230137565746036e+00
6.041059985775994e+01
6.674897403770544e+01
1.651550336578651e+01
5.766083335395010e+01
3.749095324310053e+01
4.527229608282088e+01
4.788294744113598e+01
4.808635867577343e+01
4.289682146296688e+01
2.400748404860845e+01
2.962705932074555e+01
8.153582582321755e+01
5.162414221634349e+01
9.993225201029901e+00
7.745356684432065e+01
3.933431689596470e+01
9.637152128683940e+01
2.983291076022801e+01
3.800926643331035e+01
6.092854671223486e+01
1.094966941091682e+01
8.045349571874993e+01
2.336619981721332e+00
9.413833161543046e+01
2.776158695470615e+00
4.341810827302658e+01
7.084820422849068e+00
6.162978972384231e+01
8.182579133744620e+01
6.562754798942598e+01
6.485992728958834e+01
4.223639114864002e+01
3.237652198056529e+01
8.137543065537486e+01
9.989722450259012e+01
6.986747522366581e+01
2.664772673819574e+01
4.778017189715997e+01
1.795383385287311e+01
6.954454820116263e+01
7.178765594576842e+01
4.758089322018479e+01
5.108037397781404e+01
2.341179816211192e+01
5.757411842121469e+01
2.853394082213470e+01
6.274611505807663e+01
5.394563966148795e+01
5.836685158236271e+01
7.553814913869750e-01
1.487418632715670e+01
6.931652099327954e+01
8.120887721013690e+01
1.721080630887803e+01
6.345485256214386e+01
8.398503590560753e+01
6.062891458190462e+01
7.053967298499293e+01
4.561482562944983e+01
4.245470587278470e+01
3.616722092785277e+01
1.047475287247205e+01
8.469109702142472e+01
6.854374290841805e+01
9.185018357441304e+01
8.458832152401484e+01
3.841121808551775e+01
1.849791026604264e+01
3.236849337460869e+01
5.636505193839086e+01
8.804245846720526e+01
4.156149320377107e+00
3.945945112009507e+00
3.912283239845318e+01
2.756794748248902e+01
6.152006353322419e+01
6.765677322058788e+01
9.031406254056564e+01
1.546570314814602e+01
2.602362475638447e+01
9.106944403195261e+01
3.033988947530272e+01
9.534014574966400e+01
7.227832124208953e+01
4.755069583074688e+01
5.879499826524174e+01
5.626335710113093e+01
8.179610366085363e+00
2.933467120366855e+01
1.878182684014636e+00
5.063431628543619e+01
6.550189213152132e+01
1.235293560305281e+01
3.532541326029478e+01
3.404563499337325e+01
4.203119130899720e+00
1.991373473774350e+01
7.245685307889099e+01
2.270102939694237e+01
5.228222815891832e+01
2.882190501728184e+01
1.074348781758150e+01
5.643837747929542e+01
3.276785012929134e+01
4.986632021603469e+01
8.400632496178446e+01
9.428791370908168e+01
1.752309343662257e+01
7.432038745578396e+01
9.753616810661562e+00
4.354671819300703e+01
6.538983148773659e+01
4.009350633253041e+01
3.888686394267104e+01
3.766815268325999e+01
8.764420216327728e+01
9.768186220791277e+01
9.393150978439093e+01
9.582381252936266e+01
2.701653341158132e+01
9.580969251497169e+01
4.645812876823271e+01
9.251842554310264e+01
8.162628071458371e+00
8.178354207509362e+01
2.656406053647588e+01
1.236574720235809e+01
1.697276766270994e+00
9.902091361536687e+01
3.506677659930045e+01
5.397950492518932e+01
2.784281858608258e+01
4.581026441688196e+01
1.041788235791860e+01
6.061066876194005e+01
9.567658463291664e+01
9.442420731970304e+01
5.489858242445559e+01
1.319967802297309e+01
6.874459477548702e+01
6.465219923511715e+01
5.674639626254625e+01
3.413442621665747e+01
4.745705521081437e+00
9.563326020521730e+01
7.180257889991746e+01
9.238990768435873e+01
9.331512236656394e+01
6.573408863774226e+01
8.821372021372139e+01
2.033165573157913e+01
6.154378110614781e+01
3.467184893538796e+01
1.285008127468176e+01
6.970640917760619e+01
1.645539096391545e+01
3.941414181115764e+01
8.207215637996428e+01
1.815266777675257e+01
3.843505537995838e+01
1.713893293269860e+01
7.213217270194188e+01
6.627787401260710e+01
6.294919734958057e+01
8.255005510642661e+01
2.688854272798101e+01
5.862578198249722e+01
7.697426237956354e+01
8.178712515243662e+01
7.182546000547030e+01
4.571885710848442e+01
4.643932434098764e+01
2.857185622145042e+01
7.985328332514189e+01
5.118502990863520e+01
2.420511638010159e+01
5.165586217849323e+01
4.357493754642780e+01
1.752023874666553e+01
1.738995081623548e+01
3.178865771358305e+01
3.785189447824466e+01
7.893373192238330e+01
6.646050669553713e+01
5.070197575292642e+01
4.864014109998948e+01
8.291589765945258e+01
9.011611756408406e+01
3.071229743338763e+01
1.068565389639030e+00
2.855117294404245e+01
4.785123041265236e+01
7.320073813814703e+01
9.482904695664955e+01
1.080042771566679e+01
5.575079319800753e+01
2.171758963806442e+01
6.942620969816400e+01
3.272505553100494e+01
3.504714743934904e+00
4.125166970363431e+01
7.844391268605548e+01
4.994403908492254e+01
6.982352592508472e+01
5.829719596463126e+01
1.129068946991614e+00
9.402864235175244e+01
9.953058143124476e+00
4.470400653998554e+01
1.154888105185185e+01
2.734300895935996e+01
7.649266425356859e+01
4.940077553009650e+01
6.276740835177126e+00
4.295317090253959e+01
1.027512830229249e-01
5.491688193516661e+01
2.586906856199218e+01
9.021886884710699e+01
8.562917941512036e+01
2.693763395163121e+01
1.877004174458331e+01
3.348040978120659e+01
1.383720432121177e-01
1.359908865466671e+01
4.428083749687338e+01
5.588916524121964e+01
3.531667829273114e+01
1.370704719503738e+01
7.941123624477557e+01
3.882139303666604e+01
5.495871689867169e+01
6.705813345828007e+01
8.876543216815472e+01
2.478224277719028e+01
2.535532937634519e+01
8.989450111514633e+01
1.881088508237660e+01
3.530838751946966e+01
3.459850760856574e+01
3.035976613422845e+01
6.265139647882962e+01
1.109117186213432e+01
7.976054171089109e+01
6.892813736057289e+01
5.404434276467391e+01
7.986329299391400e+01
2.384501924917335e+01
7.991341132666608e+01
7.008216179445486e+01
9.474198617727589e+00
6.851045278297292e+00
8.885220358560430e+01
4.295460839893418e+01
6.989417321509410e+00
2.451292193704886e+00
8.723544594237369e+01
6.287858260929519e+01
3.776797053300216e+01
9.424930908449428e-01
5.149280338151977e+01
7.658936356966819e+01
5.590120998951663e+01
1.855093679323371e+01
6.535479569125678e+01
8.068345276670691e+01
4.390626616957889e+01
5.524929680640310e+01
9.949433789564964e+01
7.921465373561468e+01
8.984780441496885e+01
2.985410398331197e+01
4.186605016787819e+01
9.389762305370422e-01
9.614645647636916e+00
1.079418748188493e+01
5.498331904177709e+01
8.947793864155092e+01
3.463920677762442e+01
3.489673032187704e+01
5.956010043600579e+01
4.411340539535200e+01
4.174777560017434e+01
4.841230397504395e+01
8.706801384085232e+01
4.873719296824988e+01
5.086359616874885e+01
7.430345973665987e+01
1.161577553097893e+01
8.863156670175100e+01
7.524595282750481e+01
6.310857891249870e+01
6.522093027141919e+01
3.114716277045531e+01
8.165951570573240e+01
3.057572591610985e+01
1.183061549059610e+01
2.556578182874517e+01
8.582502272251295e+01
1.132495333967961e+01
4.780435517793724e+00
7.567282713748180e+01
4.117905736955770e+01
4.664648573223803e+01
7.661180336801885e+01
5.079370301719462e+01
5.744067321412296e+01
3.159512236322981e+01
4.027164165874554e+01
9.207987999174738e+01
6.649185273167298e+01
9.983174209475133e+01
3.619328538709939e+01
8.239628285281187e+00
4.824404602322916e+01
2.326129918138557e+01
5.697682125353106e+01
9.910764219197800e+01
9.756475891804544e+01
6.859259678450999e+01
8.773920889372900e+01
7.281071169898414e+01
3.170117565044256e+01
5.296013911858207e+01
3.957874422873312e+00
1.336069130960884e+01
8.353586503469192e+01
1.578848991346941e+01
3.892647318492013e+01
6.936088775720488e+01
2.711344329971514e+01
4.370690870271386e+01
4.503371484812057e+01
6.829250066927285e+01
9.035339443495189e+01
2.164551816957328e+01
1.908620363990134e+01
4.779406764907486e+01
5.324064057936921e+01
5.935784529864687e+01
3.987394759425612e+01
1.973249326447607e+01
5.918958734683207e+01
7.606723298135550e+01
2.797212154975725e+01
7.433633323495105e+00
9.932853216274108e+01
8.494894284985445e+01
6.541275515473110e+00
9.689329103422038e+01
5.354153958779831e+01
9.428048440920212e+01
6.970400268663839e+01
8.524271528480702e+01
4.724062348121807e+01
7.366187710951169e+01
9.860340659441586e+01
3.077648846934386e+01
8.945036706954723e+01
3.752987973276986e+01
1.373761799826176e-01
1.656381032269626e+01
8.123678848204985e+01
4.517109102810318e+01
8.485631099196911e+01
7.159018287043561e+01
6.681660924424260e+01
3.942514585304314e+00
1.938425047294435e+01
2.005724977704568e+01
6.330035993051732e+01
5.925819811376659e+01
3.978974304152175e+01
2.248994723078327e+01
3.532543104855597e+01
6.776186459127901e+01
2.992358060084450e+01
3.465396321129704e+01
5.271080739456733e+01
3.646485611631761e+01
3.154725419895130e+01
6.252346982365636e+00
3.074534047895360e+01
1.251256885589686e+00
9.149506226717264e+01
7.798596396017166e+01
7.491313399510139e+01
9.009846881502237e+01
8.762452382949391e+00
6.436350101808249e+01
2.762834854779222e+01
8.899828609498138e+00
8.092731134077874e+01
8.865136983275942e+00
5.407091963760132e+01
6.578362228618172e+01
8.045531985371156e+01
2.088752883527778e+01
6.972613691805216e+01
9.983957037322203e+01
4.094477861232347e+01
3.302649680200335e+01
5.909776844042249e+01
8.073452165384522e+01
5.551644403278662e+01
9.442319948897845e+01
4.849638624512422e+01
8.544002463363111e+01
2.907716265370937e+01
1.207193593125415e+00
2.190488070338260e+01
6.062441689922679e+01
7.459540575491050e+00
5.265022118233620e+01
6.187567378481648e+01
9.895460284266370e+01
3.063618509594173e+01
3.678880773335174e+01
8.905307165768606e+01
3.939863752545725e+01
1.152308751434231e+00
1.668142015891216e+01
4.829846613495539e+01
8.207962009221298e+01
2.554655714218810e+01
2.369385725990583e+00
4.786324237839470e+01
6.001876949333528e+00
2.325691460783450e+01
1.758937924988073e+01
5.841447275989432e+00
6.420169322015796e+01
5.061587605188409e+01
6.493921571641192e+01
4.493621487400318e+01
6.132320038104579e+00
5.936241520539038e+01
9.343260111912740e+01
9.157234471830184e+01
8.843957785909976e+01
9.463979471225282e+01
1.347722537511830e+01
4.906399471176043e+01
2.099335287743870e+00
6.612744660402063e+01
1.093966845001079e+01
1.053938083841437e+00
9.676363169996237e+01
4.772847622992866e+01
9.010700974152751e+01
3.616226917885349e+01
4.888078498136289e+01
6.788429853873527e+00
8.446073531380888e+01
3.096040502700973e+01
3.233498699606162e+01
8.683012108636559e+01
7.882364740540443e+01
3.833686399196129e+01
1.008703564763397e+01
9.641302665528517e+01
4.417831126795072e+01
7.428872886779193e+01
4.702890266060312e+01
9.117526984362643e+00
1.922494369522899e+01
5.316122274527383e+01
6.847994218975303e+01
1.265754476779026e+01
4.473356741700953e+01
5.691952000228666e+01
7.297339480043082e+00
5.821079279212784e+01
5.983514714047087e+00
9.396674767786951e+00
2.433823934958235e+01
1.692318316405787e+01
1.045061285162839e+01
2.110187104954471e+01
6.465165939398652e+01
5.576225931558864e-01
5.726414022839820e+01
1.353244432878328e+01
7.346052447029414e+00
4.172487554220709e+01
4.449284940235916e+01
3.968103948965717e+01
2.855499658200657e+01
2.331649676119746e+01
7.801790348161846e+01
3.864203222964054e+01
1.972952341648262e+01
2.219621470300304e+01
1.293076105086634e+01
6.675842607708574e+01
3.131374168736569e+01
3.215570479266145e+01
1.991964877579345e+01
9.979368387711871e+01
4.481324956045172e+01
6.465321619280297e+01
5.671320387940537e+01
5.211058904049480e+01
2.286400898493082e+01
6.269671859345246e+01
6.150726380828176e+01
4.720224833451316e+01
7.961990175751033e+01
7.195787670647627e+01
6.830411938405787e+01
4.427156115149686e+01
7.251549929963215e+01
2.556825961245609e+01
5.780400548028015e+01
7.986155174666156e+01
6.729313515466319e+01
2.296854836073171e+00
1.954259118975261e+01
9.584813173666976e+01
2.561335164383676e+01
9.756049467137106e+01
3.449016391974416e+01
4.534287506031938e+01
1.975670937437411e+01
4.742092497061050e+01
1.210130109083899e+01
5.107045106173980e+01
7.957662976327195e+01
3.202094991319857e+01
5.086413493885851e+01
2.438987932372367e+01
9.667416610600155e+01
7.577338771697757e+00
7.650046836421846e+01
1.953817504436624e+01
7.027405736515023e+01
3.800773217250022e+01
6.674042342544553e+01
4.989395907609443e+01
9.965608832410354e+00
3.504454276293728e+01
9.416552022759129e+01
8.248110813204251e+01
6.061280237539336e+01
5.196952570787143e+01
6.234265983213795e+01
2.790593748349042e+01
5.426638054394461e+01
8.188525106845668e+01
2.375406917359404e+01
7.987973218778136e+01
7.944574569326161e+01
5.824423309333820e+01
2.522260720153461e+01
9.920245506763573e+01
5.665158063948693e+00
3.732390833893972e+01
5.027290612937553e+01
8.524178782722065e+01
6.934485825213829e+01
1.137041021667906e+00
9.631667104378188e+00
6.601902431157373e+01
8.714379793365664e+00
8.613213551516279e+01
8.555719940250609e+01
7.898843715851588e+01
2.413986764109687e+01
5.229762278138549e+01
2.888239618804417e+01
3.410547647350723e+01
8.734216554432277e+01
2.304791641563546e+01
1.658658455898361e+01
4.795496791971613e+01
7.501744212350690e+01
7.892924439112154e+01
7.586090540320654e+01
2.928382262088536e+01
6.081449541301210e+01
9.961497462336672e+01
9.163554808666722e+00
4.026024110627372e+01
5.785920767013878e+01
3.438616201020132e+01
3.946269612734331e+01
6.352436573408747e+01
7.171007034914105e+01
8.973560225671883e+01
4.876615356130812e+01
4.105492855471323e+01
9.087264327838675e+01
5.839782066568630e+01
