4.703643678083850e+01
3.433419304636037e+01
6.931652099327954e+01
2.685454316756434e+01
5.870520912981835e+01
3.169050455637765e+01
2.907535127786703e+01
7.127728283930443e+01
8.300140406144848e+01
2.411738011246425e+01
9.712724047579209e+01
6.639007491357162e+01
2.094134782484795e+01
4.656399532526918e+01
9.902151399246488e+01
9.185018357441304e+01
3.852046990698225e+01
3.802778745909584e+01
8.215251843545236e+01
1.104122186593768e+01
7.766535523238841e+01
8.254083855195942e+00
5.970904704169791e+01
5.045642859789376e+01
3.252694789903562e+01
2.756794748248902e+01
6.152006353322419e+01
6.724593060428553e+01
9.031406254056564e+01
1.546570314814602e+01
2.602362475638447e+01
7.763105937169449e+01
9.524625544214912e+00
9.534014574966400e+01
4.735202782198415e+01
6.313569497463093e+01
5.879499826524174e+01
8.656672820754663e+01
5.424892467178820e+01
9.869219581535654e+01
1.878182684014636e+00
6.490044205677717e+01
6.550189213152132e+01
9.641376924534039e+01
9.177495599341344e+01
9.823416969656674e+01
4.203119130899720e+00
3.662921955652033e-01
7.245685307889099e+01
6.929486467004514e+01
7.998093342407650e+01
7.701129651489262e+01
5.429640140118841e+01
9.076564763242642e+00
2.746772511278639e+01
3.936892917350350e+01
8.404290130550177e+01
9.428791370908168e+01
1.752309343662257e+01
9.542238837826177e+01
1.158463908898860e+01
4.354671819300703e+01
3.416209804553636e+01
3.277580348438388e+00
3.992784914557257e+01
9.056009961783890e+01
7.596732819265097e+00
3.550342625728968e+01
9.393150978439093e+01
3.585617059648790e+00
2.701653341158132e+01
2.558732527568346e+01
6.848605911642596e+01
2.884291481638463e+01
8.162628071458371e+00
9.266636962660884e+01
9.859247412467025e+01
4.713766041544157e+01
4.293544871869285e+00
9.902091361536687e+01
3.506677659930045e+01
5.397950492518932e+01
8.004466974178547e+01
3.304135824229631e+01
1.106565739543441e+01
8.608564161047603e+01
4.039625131543551e+01
9.442420731970304e+01
5.489858242445559e+01
1.319967802297309e+01
6.026057953027104e+01
7.082545057443225e+01
3.272576124068618e+01
3.413442621665747e+01
4.745705521081437e+00
1.677877670935298e+01
2.978260793247382e+01
9.238990768435873e+01
8.387118525983355e+01
2.478636425211391e+01
9.485892248100552e+01
2.033165573157913e+01
6.972030115766465e+01
2.753554309137889e+01
1.548400051681511e+01
9.306704867308356e+01
6.927079719923009e+01
8.452762439126505e+01
8.435647496225148e+01
2.094298145777685e+01
3.843505537995838e+01
6.174597770988288e+01
9.258893816386767e+01
6.828622658191539e+01
5.049374920804694e+01
6.142166422746222e+01
3.111754545528327e+01
2.606487000643503e+01
7.697426237956354e+01
2.966861684325552e+01
3.565593857115877e+00
8.929410124630392e+01
7.398128065931671e+01
1.086813421494706e+01
4.655857460878723e+01
5.362076896877064e+01
5.923589321749093e+01
5.165586217849323e+01
1.421826077355922e+01
4.310707843075836e+01
2.052688799823024e+01
4.970243747797908e+01
3.647416696719554e+01
7.893373192238330e+01
5.021195698073691e+01
5.070197575292642e+01
9.050471912627329e+01
8.291589765945258e+01
8.779324972433655e+01
3.071229743338763e+01
7.170632545450066e+01
1.742014522544115e+01
1.412642640719490e+01
4.541302800430591e+01
9.630363583392632e+01
3.003905361054421e+01
6.669319675615671e+01
6.095068653158410e+01
7.886759004502910e+01
7.867309622404775e+01
2.282141476069643e+00
2.128790590040754e+01
5.600711459108029e+01
4.811946328176160e+01
6.982352592508472e+01
3.395573642754729e+01
9.295279183096848e+01
8.191322166561766e+01
9.953058143124476e+00
7.776229739084947e+01
6.529524534255977e+01
3.575067922275079e+01
4.345575507891166e+01
4.857838016402832e+00
1.719911020118702e+01
1.463232455525190e+01
1.606755024570392e+01
1.769629992437376e+01
2.586906856199218e+01
5.897436060894950e+01
2.550315602007469e+01
1.122731813752433e+01
7.639450583439064e+01
5.048460422571963e+00
5.664034618839637e+01
9.565209583176863e+01
2.983771359074754e+01
7.863746931712957e+01
2.381065488970403e+00
4.152233267273863e+01
4.214813459764613e+01
5.888492383942238e+01
3.000631883275058e+00
5.292021425111230e+01
6.311131513822419e+01
9.863026444736416e+00
3.378952342727665e+00
5.606410692262654e+01
1.881088508237660e+01
3.530838751946966e+01
8.654194608635359e+00
3.261148209339542e+01
6.265139647882962e+01
9.053648048571146e+01
7.976054171089109e+01
5.215502458259231e+01
9.298257496812501e+01
7.986329299391400e+01
2.384501924917335e+01
6.920060486029863e+01
6.534175726833836e+01
2.918422325941930e+01
8.042792299782295e+01
2.731759516863040e+01
2.643548419067426e+00
5.314969879256082e+00
2.451292193704886e+00
1.253105844954544e+01
5.433075132515782e-01
3.776797053300216e+01
9.424930908449428e-01
5.149280338151977e+01
3.761662176699220e+01
6.103317237507234e+01
1.855093679323371e+01
7.279368586502675e-01
7.247587133779929e+01
5.214575224190286e+01
3.803982396518803e+01
7.667436184206716e+01
7.732918480286803e+01
4.669401857382339e+01
8.820544103542596e+01
7.565666459298537e+00
9.389762305370422e-01
9.614645647636916e+00
6.235545368974817e+01
5.615224417119857e+01
5.316960888596699e+01
1.937355474539732e+01
7.728391703091744e+01
6.044156251495777e+01
4.411340539535200e+01
1.517477026915866e+01
4.841230397504395e+01
8.706801384085232e+01
7.596958427502288e+01
8.291529737548684e+01
7.430345973665987e+01
1.161577553097893e+01
1.549608382186670e+01
6.307045797029066e+01
9.547778907952727e+01
6.235173487213986e+01
7.544530754696825e+01
8.522015297097161e+01
3.057572591610985e+01
2.367560049690102e+01
3.837958864792231e+00
7.881643049363812e+01
7.926955939236542e+01
5.029221486779498e+00
9.042152440660704e+00
4.968595236990878e+01
1.490656114877507e+01
7.661180336801885e+01
1.093848376112919e+00
9.910588338929503e+01
1.376655335247822e+01
9.619365366929846e+01
2.111084946482948e+00
9.438790087326798e+01
9.983174209475133e+01
9.598791235871050e+01
8.239628285281187e+00
8.898216890589435e+01
2.084800313266367e+01
5.697682125353106e+01
8.031798441909159e+01
5.509116633566617e+01
6.871755727041399e+01
5.260055631054591e+01
8.219832744551745e+00
6.419534630337513e+01
2.896057536311475e+00
3.957874422873312e+00
1.336069130960884e+01
8.353586503469192e+01
6.800796639547123e+01
3.892647318492013e+01
6.936088775720488e+01
2.711344329971514e+01
8.549011931078979e+01
4.503371484812057e+01
7.594936833528307e+01
5.140881475592442e+00
6.793753531199765e+01
1.908620363990134e+01
4.779406764907486e+01
8.170408866447588e+01
5.160031861234471e+01
1.911081556189378e+01
1.973249326447607e+01
3.463133719499751e+01
8.058455888209146e+01
3.118268155082254e+01
2.361350610089186e+01
1.557471096309587e+01
8.494894284985445e+01
4.134614697720210e+01
9.689329103422038e+01
7.855442770689467e+01
9.203886342795514e+01
9.965355070291719e+01
4.274977401026980e+01
9.493492101083272e+01
7.078019272106708e+01
9.803456570861609e+01
6.970359430168924e+01
3.959001826103312e+01
3.752987973276986e+01
4.320110527016273e+01
6.585343422640740e+01
7.847783387567748e+01
5.581503834380537e+01
4.180280251512434e+01
7.159018287043561e+01
9.154592891761378e+01
6.668458034595687e+01
6.315227717307967e+01
2.173208725719344e+00
3.125678404758535e+01
5.746323455006966e+01
3.418446846035517e+01
2.596571372168405e+01
7.865215767112196e+01
6.776186459127901e+01
2.992358060084450e+01
3.465396321129704e+01
5.271080739456733e+01
8.685201885497757e+01
3.154725419895130e+01
4.469668438876825e+01
3.305885397505893e+01
1.251256885589686e+00
1.875185497047000e+01
2.799377493932553e+01
5.827634029941463e+01
3.359034496061054e+01
9.050725358096288e+01
6.400947494619035e+01
2.657805952549822e+01
6.863287643931474e+01
2.986290912603164e+01
3.989797860379237e+01
7.585319875546415e+01
7.975120911363103e+01
8.393040768985189e+01
9.632231886327375e+01
6.972613691805216e+01
8.950025401520556e+01
9.849552763555923e+01
1.899436238174995e+01
4.696348851870908e+01
3.088622560300223e+01
4.496007610343401e+01
9.442319948897845e+01
3.506452694305430e+01
9.568514618821682e+01
2.029803377590051e+01
8.324987333419261e+01
8.756175012679851e+01
6.062441689922679e+01
5.965891529790075e+00
2.062060405529132e+01
6.187567378481648e+01
2.471774654682621e+01
5.201582436078034e+01
5.234246763975474e+01
2.091289508198988e+01
3.939863752545725e+01
6.719572188667755e+01
1.668142015891216e+01
4.829846613495539e+01
4.621485166541061e+01
8.994204443411066e+01
4.687977705471207e+01
1.788056326000046e+01
6.001876949333528e+00
2.325691460783450e+01
8.653655321641665e+01
1.433606926088038e+01
6.409515629713198e-01
3.977801354591642e+01
9.110267622913358e+01
9.045395925196537e+01
1.223628153662955e+01
6.942806368201416e+01
6.437197447026706e+01
4.364575522190228e+01
5.329969392777406e+01
2.413788252702816e+01
3.120750530213467e+01
6.400984449498813e+01
3.160707318764509e+01
6.375089290726506e+00
1.093966845001079e+01
8.794328136739475e+01
9.676363169996237e+01
4.427532308934038e+01
9.010700974152751e+01
1.899622218636620e+01
6.062726567528549e+01
5.698729695611973e+01
5.665555068135986e+01
1.043223185019206e+01
8.601711401064746e+01
8.683012108636559e+01
4.629652637350211e+01
6.333355873978397e+01
1.008703564763397e+01
9.641302665528517e+01
1.545078191694374e+01
4.135267638664352e+01
4.702890266060312e+01
9.117526984362643e+00
7.066012391385628e+01
6.327352885309305e+01
4.635477459354082e+01
9.322048662845999e+01
9.079839214254096e+01
5.691952000228666e+01
9.623251003037790e+01
6.711066554631603e+01
4.572233112795387e+01
9.564992929606229e+00
2.683894523737903e+01
3.764265623765190e+01
1.800034694280491e+01
7.680871541463245e+01
5.500829455210282e+01
6.323808411287054e+01
5.894538399714296e+01
2.622286883472599e+01
7.253454847844995e+01
5.246048828235850e+01
6.630008754613813e+01
2.886021632182422e+01
1.256563841019088e+00
2.849095856234942e+01
1.555181174331895e+01
2.225108021975080e+01
1.972952341648262e+01
2.219621470300304e+01
8.421600879366324e+01
5.474733130761764e+01
5.384214699912916e+01
3.426388052025059e+01
1.991964877579345e+01
7.178984590423751e+01
6.929597890437394e+01
6.465321619280297e+01
5.063600775349699e+01
3.270401327531040e+01
2.286400898493082e+01
6.269671859345246e+01
8.741506342190088e+01
8.792916633557955e+01
9.053871766223513e+01
5.580127102127358e+00
6.830411938405787e+01
8.900928967120558e+01
7.581660467005177e+01
6.859572048699284e+00
9.545580097262551e+01
2.020991222011387e+00
1.723630303388289e+01
5.188725923741574e+01
7.721136947032593e+01
6.954219414365581e+01
3.483888629583591e+01
6.462008006154564e+01
3.449016391974416e+01
5.708541858805596e+01
5.325905762298920e+01
4.742092497061050e+01
1.802988281381776e+01
4.450220113829812e+01
8.571743079727396e+01
7.847497466880594e+01
5.086413493885851e+01
3.519131170361830e+01
5.791340091168573e+01
4.357591971921544e+01
2.868244258159886e+01
8.865755176574808e+01
7.027405736515023e+01
7.095144878651548e+01
5.859922178024390e+01
4.989395907609443e+01
3.122080193423703e+01
7.356478524094670e+01
9.545862953898433e+01
7.037406557722672e+00
1.807888751760073e+01
5.196952570787143e+01
5.538855970622439e+01
8.118530529606403e+01
5.267031893724125e+01
3.259992912998420e+01
1.344902581230226e+00
2.146322798052022e+01
7.944574569326161e+01
9.550222027837401e+01
8.474577953328648e+01
9.920245506763573e+01
3.577128012467701e+01
3.732390833893972e+01
6.930381286391236e+01
1.068368750190534e+01
6.934485825213829e+01
1.137041021667906e+00
4.587499920552364e+01
4.871812115829351e+01
8.351660016156575e+01
4.260254341298833e+01
8.561424616985687e+01
8.001123935916054e+01
1.805924797340261e+01
1.043953742386752e+01
8.304257322244466e+00
3.439031170419898e+00
8.734216554432277e+01
3.001179761719508e+01
5.989362325514370e+01
8.759056031126089e+01
9.467731727970640e+01
2.408498619873309e+00
1.939326874883532e+01
1.616095761589751e+01
3.980068948110598e+01
9.961497462336672e+01
7.283644972966819e+01
5.019486604733153e+01
1.282854509205955e+01
3.760035687014477e+01
6.423960959736240e+01
7.800067806523326e+01
6.035789151692664e+01
8.973560225671883e+01
8.868436556713858e+01
5.116261176353441e+01
9.678016612156301e+01
3.455936477266223e+01
1.929493281957458e+01
9.958702307175240e+01
1.694192794009201e+01
8.549497909168478e+01
7.715274755710398e+01
9.087820467114365e+01
9.593451651555230e+01
5.553462973587896e+01
2.775300202320935e+00
8.582805538821410e+01
1.042965571881722e+01
2.708291491823407e+01
9.998773881233657e+01
5.106972998523607e+00
8.817265671127133e+01
5.608681382429172e+01
9.938970995107186e+01
8.216429901410093e+01
4.011917889123745e+01
4.397059229387464e+01
9.936586567171190e+01
8.934399135845899e+01
7.835675435064209e+01
4.857042918380836e+01
3.794381652862943e+01
9.244509953653677e+01
2.856416400920794e+01
2.705894127816844e+01
8.243361631521657e+01
1.943680728759468e+01
1.398325805272127e+00
1.728549088225024e+00
4.790917404364291e+01
2.877929212002982e+01
9.082685834301024e+01
9.759929054304925e+01
9.189482829156091e+00
4.173890573053570e+01
3.619122241446340e+01
2.410688811173052e+01
9.820936699314478e+01
4.662087817984674e+01
4.761612324398762e+00
4.825248222251073e+01
5.172785117837034e+01
8.547347834588656e+01
1.757811327352101e+01
4.182460300709335e+00
9.116113134248235e+01
3.541745489249818e+01
5.381245322237371e+01
7.922557610051035e+01
7.360208042599358e+01
7.056491587802996e+01
2.779600523775257e+01
7.294891177348276e+01
7.834476073195448e+01
1.483746232224510e+01
7.555793657692054e+01
3.940909646423957e+01
1.066731196393599e+00
6.078829349055341e+01
6.544091606766028e+01
8.220228365725013e+01
4.237896904460106e+00
9.442433928811194e+01
7.403782684078340e+01
4.201897161175449e+01
1.934227893098364e+01
8.471129619735819e+01
8.796905092334796e+01
7.334299612480355e+01
6.248260236460836e+01
9.273066324774672e+01
8.046635015889366e+01
4.739636930050160e+00
4.902859406966185e+00
1.247641947701407e+01
8.922097277325623e+00
9.261530427849632e+01
4.484673051389247e+01
5.726471145509962e+01
7.184088033244055e+01
2.617545054581736e+01
5.548523005819192e+01
9.321430530083100e+01
4.506641353716442e+01
6.269731897055046e+01
9.319706828947973e+01
4.567521058287248e+01
3.421583084120221e+01
1.344046090424082e-01
1.487490079127015e+01
7.459871250884548e+01
4.323970477247597e+01
1.911279774229638e+01
9.218133152098456e+00
1.727753156669323e+01
1.969946172074390e+01
3.405499376079766e+01
9.668056443179053e+01
7.028890860746098e+01
4.898595532820837e+00
4.969235023003647e+01
5.428680984968637e+01
9.913426884409705e+01
5.443198716008663e+01
5.918966925665256e+01
6.055812386821869e+01
6.335408443741225e+01
2.365037175996712e+01
1.573802191565652e+01
2.359205778855461e+01
2.122416669559859e+01
5.964945794998178e+01
9.616937655777176e+01
1.750245411764013e+01
2.600955633726416e+01
8.284986111468163e+01
2.670364269367589e+01
4.899829651648099e+01
2.518774686622794e+01
6.705634923049078e+01
5.546180058990689e+01
1.957465159686965e+01
9.418725128946232e+01
5.460033107297511e+01
1.603613631615235e+01
4.537817199964923e+01
9.252066695714400e+01
4.507096644727093e+01
4.166057568120797e+00
7.105600464672595e+00
7.974182003165680e+01
7.074112117790669e+01
6.139241031435895e+01
3.226161810209119e+01
9.966752040184453e+01
5.071412341236795e+01
1.200658460706779e+01
1.891816981086422e+01
6.698421461832906e+01
6.777581747983388e+01
3.327134951635792e+01
1.460438031451980e+01
5.522851927915053e+00
6.866421232403452e+01
4.823654813144195e+01
2.802246777714345e+01
4.974275703995617e+01
1.951073860726819e+01
6.826023946900864e+01
4.050458122068299e+01
8.632938260507275e+01
3.701114837872383e+01
6.007923281755263e+01
6.133625212187705e+01
5.036840329429526e+01
1.956539043205110e+01
2.997085849287494e+01
2.261657497036111e+01
8.984130732242079e+01
2.507296480474666e+01
8.914150655695308e+01
8.490216610250164e+01
4.788629400911103e+01
9.111458574939267e+01
3.013409433426992e+01
9.139290437632840e+01
6.632200375493709e+01
4.541635100981982e+01
6.616589998182184e+01
3.389918097942098e+01
6.297290458482360e+01
4.697469554234981e+01
7.065909033206249e+01
8.782493355117037e+01
2.456053454641278e+01
8.061039581923298e+01
9.253319785582516e+01
6.715298121196822e+01
1.211343799350478e-01
6.079343727826767e+01
4.469858545097456e+01
8.974346233985548e+01
5.041880018562954e+01
4.046118289253729e+01
4.985824229654774e+01
1.837925935088622e+01
2.769501755372389e+01
6.744798313241823e+01
7.941551836180293e+00
3.915650082712830e+01
3.336462766554422e+01
2.886577543284082e+01
4.205409951603697e+00
1.814951110545057e+01
1.998036118223349e+01
8.968362356055696e+00
6.539724127640820e+01
6.364457382058938e+01
4.399862943403360e+01
1.510797162312454e+01
1.724274829832965e+01
5.827756661841532e+01
7.591300084065320e+01
8.012979965663040e+01
6.202776262631070e+01
7.547401556534415e+01
5.665521885112637e+00
9.239928135294434e+01
9.275961350312438e+01
4.895388933315589e+01
5.806933113283912e+00
9.573333454119663e+01
6.074016348493293e+01
1.656074608515983e+01
3.619451743373392e+01
9.509292132923981e+01
9.825601298280806e+01
5.473361883998551e+01
3.265065207735200e+01
9.221159414956887e+01
3.372854554733659e+00
2.108289805291355e+01
6.979252773793067e+00
2.052713139938523e+01
2.198378565813591e+01
4.301822886011481e+00
1.910940977703287e+01
7.279106228276670e+01
1.658036835332418e+01
6.310803921106645e+01
1.729367534503978e+00
4.367548722944943e+01
1.823371374897366e+01
7.764236842172330e+01
1.940720622400157e+00
9.385438319009467e+01
1.372013753918937e+00
8.102811038541985e+00
8.615077784571368e+01
4.740070227878201e+01
1.166125168635568e+01
4.600524327066040e+01
4.313403677341250e+01
1.083845710886571e+01
6.545424673960277e+01
2.733623735948291e+01
2.143686289034638e+01
4.869895058157805e-01
2.569837352526299e+01
2.349296949035161e+01
1.169202998824978e+01
1.639188412408898e+01
4.142290774799087e+00
7.485049123636004e+01
9.236302235739447e+01
9.307734723811846e+01
7.915231412237152e+01
4.805336107874911e+01
6.586840947431904e+01
9.656564830642456e+01
5.531269118902864e+01
7.852472098475542e+01
1.122814184577583e+01
1.732594939755553e+00
4.524014538398019e+01
4.218185611170803e+01
9.057943583027433e+01
7.637156950140911e+01
7.354614612345870e+01
2.597934451232634e+01
9.428873196909611e-01
1.594994101484769e+01
3.573517712565846e+01
2.007373078729665e+01
1.804240705354252e+01
6.151910231519449e+01
4.623486271418392e+01
3.035686585603136e+00
1.246028687453842e+01
6.310045689488783e+01
9.327998975910245e+01
4.513769747928610e+01
2.790860223020827e+01
1.873641652927567e+01
4.025630338129415e+01
6.790383028234534e+01
1.944485400777536e+01
5.957314765992255e+01
1.044360395075921e+01
7.768217319514703e+01
3.277577922343080e+01
7.778667550430944e+01
5.478548996838997e+01
9.667024426007190e+01
9.640823523346718e+01
4.882047388182043e+01
6.464101074479566e+01
6.696091539550615e+01
6.559347862638229e+01
3.818715682168825e+01
1.878082804325075e+01
1.734597851398679e+01
6.626257182390549e+01
6.295119540903308e+01
1.571801445247513e+00
4.642122553029155e+01
5.483607987632793e+01
5.832888048995700e+01
2.566901642161841e+00
1.061452413472092e+00
7.356428977733678e+01
2.946649893627805e+01
7.607299949790956e+01
9.145655794602658e+01
3.769230285551972e+00
7.696528778270132e+01
5.384680081803669e+01
6.531157668927293e+01
3.859703160757061e+01
8.786747184948412e+01
3.598951838723827e+01
5.148975176340424e+01
2.896142286665804e+01
8.515461785027507e+01
6.904914303172805e+01
5.433759840872958e+01
5.195432112177569e+00
7.618828950272328e+01
2.347288374950778e+01
2.159852330647340e+01
2.486597747768554e-01
1.599494680575791e+01
2.507031388816904e+01
9.407830284632664e+01
5.623049012209778e+01
8.134237275521382e+01
3.741745792209052e+00
7.778071662307751e+01
4.994742434935059e+00
3.330885206037613e+01
1.790739503591666e+00
6.665325144615642e+01
1.389619028842831e+01
4.218534410101611e+01
6.863275830104611e+01
1.766542057398028e+01
4.837221295962679e+01
5.598220054804450e+01
8.358013135547756e+01
6.270995943933257e+01
4.384967239752862e+01
3.249174921423744e+01
7.403346066085317e+01
3.477654342296373e+01
1.338092508417597e+01
6.473412614536198e+01
5.112004934396597e+01
1.005663481077954e+01
2.325973334874014e+00
2.051809994527981e+01
1.919657365381558e+01
2.110206560283064e+01
7.808336828746059e+01
4.674071704351377e+01
7.921135033444099e+01
1.489935746178932e+01
3.271125752139429e+01
4.313153011870176e+01
8.345768525426168e+01
3.492583513023603e+01
5.852170584654515e+01
8.947056838752263e+01
4.170736299907200e+00
7.241789618153959e+01
9.486659373849005e+01
9.333874722632521e+01
1.168431980148159e+01
7.362145621963845e+01
6.024254353728264e+01
1.021776861055650e+00
3.633141561240490e+01
2.885032777155299e+01
1.907729679675647e+01
7.061151790926769e+00
5.382401680286230e+01
3.245822188093244e+01
2.669942943691249e+01
6.189669536514985e+01
1.829893026421728e+01
8.837619400041932e+01
9.259859257964351e+01
5.821891359901936e+01
9.815720990214368e+01
1.744359993256796e+01
3.790101741342853e+01
7.736856019001853e+01
2.312056856375214e+01
6.009288284000609e+01
7.068432479663022e+01
6.578253818013824e+00
1.207207618843395e+01
4.657395321250611e+01
9.755990649459879e+01
9.059331384049418e+01
3.352101595770615e+01
8.680418184343920e+01
6.232009267542515e+01
3.471349470071192e+01
2.880003584027292e+00
6.043729980496564e+00
1.018988029574504e+01
5.011971995705725e+01
1.623128038655560e+01
2.926717709250151e+01
8.582323681834303e+01
7.783249881017605e+01
7.314440844261293e+01
7.194887444933359e+01
9.272216264750909e+00
1.769939713072935e+01
6.218554487553683e+01
2.884114711957106e+01
4.247392646152243e+01
5.385524269838596e+01
3.166379920750102e+00
2.290177197330714e+01
9.222125890302530e+01
5.585381344699013e+01
5.675852087175405e+01
2.789498452464817e+01
9.056068635106119e+00
8.451497130306204e+01
8.899810439394699e+01
6.041005284544548e+01
2.333904803886034e+00
2.251912030508701e+01
2.393852175396798e+00
9.068299438370531e+01
6.722220641897164e+01
7.673192549344708e+01
8.882232703679350e+01
9.447312564331718e+01
5.896014708977199e+01
6.743064851846110e+01
4.773311570646852e+01
2.678647270742174e+01
5.877475913556979e+01
4.730590942655965e+01
1.769604762908818e+01
6.968199213486258e+01
2.498154036001374e+01
7.501309461659430e+01
9.274253658612378e+01
3.780397690730354e+01
4.249452163581481e+01
1.509943023095812e+01
3.004010656384756e+01
1.473420896322197e+01
5.479932457897780e+01
2.270495557352200e+01
4.766963005423063e+00
7.518701538219444e+00
1.394353728459381e+01
2.368528471499927e+01
1.089544557542328e+01
4.717832861802463e+01
3.966941649078830e+01
1.328929775082008e+01
3.369954486084150e+01
1.645092853179710e+00
4.515028891393463e+01
8.771410425552824e+01
9.206024254302505e+01
3.775653244823056e+01
2.757547932098409e+01
6.817193504803438e+01
3.981377949929507e+01
8.166313976126870e+01
5.070991332210131e+01
5.750982712838325e+01
6.097830429718750e+01
5.743030768699493e+01
3.829144683586966e+01
4.986827115056490e+01
2.312471099343370e+01
7.559924226980621e+01
8.274270933249160e+01
2.170255385418541e+01
3.287025603133731e+01
4.368999974973966e+01
4.440750942770742e+01
4.080441521518138e+01
5.212379170214933e+01
2.229097137334336e+01
9.947710921963542e+01
4.577514289215912e+01
1.351278331759981e+01
3.389999565384350e+01
1.419350631264667e+01
3.794644821339587e+00
1.387062390049483e+01
5.422324922598118e+01
9.150874912343396e+01
2.639904894232706e+01
4.545308046296848e+01
8.599867438245504e+01
5.903167238413900e+01
8.526685996226354e+01
8.796396883575430e+01
8.011182797146581e+01
6.108903678184796e+01
3.673398123901989e+00
7.434102970843252e+01
3.769061283100891e+01
5.008058946117786e+01
3.516035663669945e+01
5.344714208200907e+01
9.015412162530893e+01
5.686291049088486e+01
8.010802240115964e+01
2.505203933690304e+01
4.274070050695013e+01
7.005704309328321e+01
6.316138532159915e+01
1.738313902978932e+01
7.714806603134986e+01
8.749871523468696e+01
9.211936862772301e+01
3.419066217457441e+01
5.311524302378076e+01
6.190470101400497e+01
4.806128612163537e+01
7.338492249761937e+00
6.544907561757093e+01
3.698208324470654e+01
5.279157271273041e+01
6.703065976827902e+01
9.091215082021064e+01
6.655778198808329e+01
8.911844994366098e+01
4.934599709200952e+01
8.083511971907463e+01
5.549922215542720e+00
8.015652591369884e+01
6.114992921294175e+00
4.648064228076517e+01
5.810970056714010e+01
5.679837798550650e+01
8.591340830824963e+01
8.747450224471955e+01
9.925431897829023e+01
3.081161153074894e+01
5.467532973488576e+01
5.978600739491452e+01
6.064873200871457e+01
2.228020435305322e+01
3.191460153642791e+01
8.990460503376303e+01
9.336078404139764e+00
6.610526375756845e+01
2.987287618679594e+01
6.530256334939159e+01
1.416654983263768e+01
6.535229425195246e+01
3.075163892039640e+01
1.138411323138704e+00
5.077109432349498e+01
8.993397457056398e+01
6.784720261015333e+01
6.571736189802986e-01
6.582849070701212e+01
1.736609061125950e+01
1.164688054083236e+01
3.592926651981159e+01
6.695670758697983e+01
5.533129472999428e+01
5.357033184430112e+01
5.841942134239684e+00
8.285714480227658e+01
1.340195947019475e+01
9.144461666766769e+01
3.945337349523481e+01
3.430773487049515e+01
9.547944911545116e+01
9.923938089014933e+01
1.764617758693461e+01
7.686305375623658e+01
9.583664261542104e+01
1.465454204690388e+01
3.048032532934115e+01
6.901298326859854e+00
7.096606240187123e+01
7.025717239373232e+01
1.872763047866879e+01
1.332320855619535e+01
5.703381633247893e+01
7.758537273741577e+01
4.742260028022463e+01
1.739497688477625e+01
7.007002144589556e+01
1.969051818348957e+01
9.320306805577272e+01
2.381066234028463e+00
7.638376628811646e+01
2.927575727425318e-01
6.933777382100828e+01
3.171506101811075e+01
8.934047249580756e+01
6.324447903933213e+01
2.642328074501049e+01
2.912293240852791e+01
1.768051228377992e+00
3.746372891471895e+01
7.375840995170103e+01
8.641232423782922e+01
2.774613831552963e+01
7.819880646569599e+01
3.321395434123182e+01
2.700889842911107e+01
7.022691842644797e+01
7.188470911788042e+01
4.807518178041800e+01
2.174618980928612e+00
5.997330307027945e+01
2.680605623256697e+01
3.484605151919930e+01
8.645360883625858e+01
8.685302533528443e+01
3.074566872359518e+01
1.805321607648079e+01
5.978050560680241e+01
7.816096715543465e+01
5.965943637288149e+01
2.421318312371763e+01
3.653575295421097e+00
3.693824272460222e+01
7.703036795231996e+01
5.859763811277116e+01
4.966781826208710e+01
7.058006975361150e+01
8.502091885778165e+01
9.131732284618417e+01
1.169142327815826e+01
5.268238412806875e+01
8.275855168828673e+01
2.406898239816957e+01
2.670445531918875e+01
1.145594781798122e+01
1.045118007364272e+01
4.257444159247654e+01
4.266450449017086e+01
3.735807525802313e+01
5.650192352780230e+01
4.483912347109948e+01
8.624239656433575e+01
9.240882848035955e+01
5.483322444131282e+01
1.451181006362280e+01
6.082378284112727e+00
6.237414468190360e+01
2.551204814832288e+01
6.432238578066341e+01
7.174707379739129e+01
8.285695658198416e+01
4.942380127004525e+01
6.420746322917168e+01
5.544924226377590e+00
5.560056690853116e+01
9.932970600171467e+01
7.364158917853683e+01
3.087795899756158e+01
1.916667382194040e+01
3.246469368807259e+01
4.256938227571984e+01
6.267893382472868e+01
8.857520119686387e+01
1.510776333283063e+01
5.661623922950413e+01
7.405922509453224e+01
7.310377586311837e+01
8.231869651112645e+01
5.522502765768442e+01
8.372773653069872e+01
4.027504052048318e+01
4.212873510184173e+01
6.322769320720234e+01
1.261700387700321e+01
4.442178413477809e+00
3.419049067152221e+01
4.036813627014315e+01
6.714730116871526e+01
7.799150230269484e+01
4.690522004240435e+00
1.671086536567233e+01
8.649127063643712e+01
9.333380162405493e+01
9.215504587262639e+01
6.408932170089768e+01
2.271615714892566e+01
6.902165634977709e+01
6.567778399478541e+01
3.314437709429505e+01
3.506026921563794e+01
4.383042130797655e+01
5.643189300616825e+01
5.587364102521614e+01
1.336572305921732e+01
3.732818809213498e+01
4.779404054758793e+01
6.347640038629826e+01
8.369784936481055e+01
8.799926386587288e+01
4.653256980075155e+01
6.002256854438343e+01
3.279712392613158e+01
7.759863095246192e+00
3.065327900957934e+01
2.818990919189058e+00
4.186569179495130e+01
3.656254510235160e+01
5.228347519984631e+00
5.071311534881271e+01
5.324673887959063e+00
9.918869524225066e+00
2.570395773542298e+01
8.275635460519993e+01
6.956079670673273e+01
1.785900356148323e+01
7.479254942144851e+01
2.548565935598950e+01
9.343755389258151e+00
9.536195280745716e+01
2.542133094995345e+01
7.443151952439524e+01
2.503880030710194e+01
7.391098103202459e+01
8.078881608358995e+01
5.197853415830924e+01
1.743259733423246e+01
6.330568174054180e+01
8.981252130577924e+01
5.151092491648669e+01
1.206407645347718e+01
4.485270937199365e+01
6.855603250142002e+01
1.288531069312492e+00
5.544017406899490e+01
9.023831574723046e+01
8.000916111283431e+01
2.414191450185232e+01
9.557293480987332e+01
4.769775408678584e+01
6.857745189619132e+01
2.577147401206730e+01
8.129595940992979e+01
1.468976415446483e+01
9.648289982997017e+01
5.213514005399082e+01
3.692510581432148e+01
8.077885940707236e+01
7.278731338343924e+01
9.962215838004935e+00
2.528122487723885e+01
8.863089642889373e+01
9.608206031661577e+01
5.894018619271935e+00
2.734529377303333e+01
2.289859811910363e+01
9.970756419920714e+01
8.386182910011235e+01
1.581832986130301e+01
1.754997112674171e+00
9.608769453879805e+01
6.979335871049825e+01
6.128782437242932e+01
6.368331534959530e+01
8.209252840936767e+01
4.487198211479559e+01
7.419227155586344e+01
9.106570006863480e+01
3.379819762604227e+01
1.714879461431354e+01
6.451000741892961e+00
4.809064988423635e+01
9.626619452436744e+01
4.766626155360893e+01
9.991175918835764e+01
9.274909435433759e+01
1.110162162738928e+01
2.830053429505813e+01
6.627202330449225e+01
8.557257800622497e+01
9.603350572103332e+01
3.158140742759286e+01
5.540600281926152e+01
7.385892708499865e+01
7.930890018088226e+01
5.611687808116753e+00
5.415992767278102e+00
1.221043444807196e+01
2.631700878325710e+01
8.434200528279972e+01
9.494050107660726e+01
6.811961208848265e+01
4.614328637073901e+01
9.137521432311051e+01
2.145570876144604e+01
2.488737195957795e+01
7.903457413382576e+01
4.303156865901853e+01
8.364061866125121e+01
8.408730937358332e+01
6.018036327333206e+01
9.009161940314416e+01
6.637469710147693e+01
7.822676658547798e+01
6.908559951422997e+01
7.025708750367960e+01
1.740709120286959e+01
7.466302596715420e+01
9.536312813654688e+01
9.137250114761875e+00
7.774128861620152e+01
1.146366876152515e+01
9.834373146218421e+01
5.600768269785106e+01
2.514490411856440e+01
6.585168329340019e+00
6.161937050596782e+01
4.222229595399568e+01
5.175396625499891e+01
5.109288741419692e+01
9.587808041641399e+01
2.478755611217933e+01
3.665409881465794e+01
9.119484112187980e-01
5.641659049150375e+01
2.817990953483615e+01
4.968350909169927e+01
2.968016631420710e+01
7.121147819385467e+01
1.819057265212320e+01
3.119837959818467e+01
1.387503371288769e+00
8.318700244798652e+01
6.337633885600433e+01
8.890084893857168e+01
2.707908527323933e+01
3.074813654215454e+01
6.197794911543744e+01
7.216723061733285e+01
2.611126463213529e+01
7.737093008000913e+01
4.990851918696823e+01
6.539713338268788e+01
7.571466154219334e+01
2.231558315563741e+01
5.691968116765827e+01
8.235140213852348e+01
6.753557239078710e+01
1.478838930595126e+01
6.208509754486619e+01
1.862845975841790e+01
2.159771580323470e+01
8.687265370361165e+01
3.589214870514914e+01
2.986999728245195e+01
5.939426420228288e+01
2.316733497342436e+01
8.771232249574378e+01
4.071849828619440e+01
7.932334033740840e+01
9.952061828203527e+01
5.098252587531811e+01
4.947091455081055e-01
3.810242518694253e+00
2.307456947074950e+01
6.924272955825680e+01
2.685391196368910e+01
8.526850141830207e+01
8.501914091641974e+01
4.306111379669100e+01
3.705493581344138e+01
6.239007099642887e+01
5.332299044976150e-01
9.381767748567168e+01
3.810473249205609e+01
3.325637794717046e+01
3.305927684207413e+01
8.662782878923593e+01
3.996900820171880e+01
8.043652748709383e+01
7.889350060322019e+01
1.924094549344897e+01
9.798357142041604e+01
8.764217257855562e+01
4.829432147009965e+01
3.986398854286596e+01
