1.185259488963177e+01
7.623259940940542e+01
2.307850915150647e+01
2.685454316756434e+01
7.625319178973008e+01
9.100432684226163e+01
9.561393414419793e+00
9.732328238772381e+01
3.550074707507191e+01
6.228926985631197e+01
7.538768708491125e+01
6.639007491357162e+01
6.803931471334738e+01
7.054075154966711e+01
7.510836090664769e+01
4.426411615883192e+01
5.547358684962317e+01
6.433622122944158e+01
1.640273584816732e+00
3.171016463623856e+00
5.063779840741204e+00
2.084252709562077e+01
5.970904704169791e+01
5.045642859789376e+01
6.886582927259887e+01
7.656255125839382e+01
9.979575020251598e+01
9.324462194612465e+01
3.412710550899017e+01
2.797261966763652e+01
8.000803295523302e+01
8.292642737875060e+01
6.935811376634898e+01
9.895985671270632e+00
4.735202782198415e+01
8.577781733394498e+01
7.570424819165107e+00
8.656672820754663e+01
6.252571826918317e+01
2.388124476367665e+01
6.546646876515190e+01
6.490044205677717e+01
4.503783292371678e+01
9.641376924534039e+01
9.177495599341344e+01
2.844930879233839e+01
9.992937734347274e+01
3.662921955652033e-01
8.459582793740361e+01
6.929486467004514e+01
1.140751410806902e+01
6.036207967454664e+01
7.754894852524109e+01
5.866978804518924e+01
8.216152516294342e+01
3.618727449150164e+01
9.974041702213717e+01
1.246542977749623e+01
9.468382438397212e+01
3.386752248456121e+01
4.575745595887185e+01
4.134133078220362e+01
6.108500033667544e+01
5.528208154965289e+01
2.325684820453490e+01
1.870665620952223e+01
4.105989883703175e+01
1.163734584657352e+01
9.784217495370757e+01
3.585617059648790e+00
3.551859061025017e+01
4.385975433693256e+01
9.772772979816781e+01
1.259862809097331e+01
4.027352358227294e+01
3.927252676304082e+00
1.508274391064548e+01
4.713766041544157e+01
3.420512254080042e+01
8.160662002936314e+01
1.643252503892059e+01
5.425734694779727e+01
3.995780774390223e+01
2.960566432662572e+01
4.826246753719750e+01
2.034792696142007e+01
4.039625131543551e+01
9.707439415951930e+00
8.626813175448595e+01
2.695507347907641e+01
6.026057953027104e+01
7.082545057443225e+01
3.272576124068618e+01
2.134557982038035e+01
5.204107149133509e+01
1.677877670935298e+01
2.978260793247382e+01
9.212478859914690e+00
5.208422790844190e+01
2.478636425211391e+01
1.248121769748685e+01
6.393471321274280e+01
3.624682069581320e+01
6.665329037544005e+01
8.972462350024125e+01
5.051987136272707e+01
4.492030448509394e+01
4.807367364320609e+00
5.605730258676098e+01
3.441199866794609e+01
6.987169909750655e+01
7.248982762568157e+01
3.338277397369163e+01
7.629512719637487e+00
6.647130114327710e+01
6.142166422746222e+01
3.110806691977571e+00
6.867552458712622e+00
7.183840399227962e+01
3.071273203506728e+01
3.382262593778904e+01
8.400857699290317e+01
7.398128065931671e+01
2.734455444260712e+01
5.344456329636488e+01
3.963456770388157e+01
5.838048605172917e+01
2.883098345661116e+01
1.421826077355922e+01
7.253945380101887e+01
5.747614710474207e+01
4.970243747797908e+01
3.647416696719554e+01
2.364447499795094e+01
1.166844955257534e+01
8.143982262417666e+01
7.634215018541653e+01
8.782600610881393e+01
3.100615783175740e+01
4.163659882807946e+01
8.768987520024641e+00
1.742014522544115e+01
3.319853550437769e+01
4.541302800430591e+01
6.245204911681454e+01
8.059772755047202e+01
7.855598762564175e+01
8.061810805491085e+01
8.746528000918462e+01
7.555109699049551e+01
1.133084008997811e+01
2.128790590040754e+01
1.077207965346616e+01
9.866697201443230e+01
5.134028552628136e+01
3.395573642754729e+01
9.964993023297281e+01
9.720771578010531e+00
4.700732838688760e+01
7.776229739084947e+01
6.190709074116643e+00
3.575067922275079e+01
4.345575507891166e+01
8.390709961946453e+01
3.211700368305529e+01
1.463232455525190e+01
2.796820273062596e+01
1.769629992437376e+01
2.458330617499692e+00
2.538244748738708e+01
5.933289875245323e+01
1.122731813752433e+01
8.065816391290079e+00
4.075083836948073e+01
2.378082043667362e+00
3.884655490463905e+01
3.726784667804272e+01
4.282703713645554e+01
2.381065488970403e+00
4.152233267273863e+01
7.633731494487138e+01
4.742880922156797e+01
1.717324877026176e+01
3.075392820441812e+01
5.067880854507852e+01
6.851353434310926e+01
3.378952342727665e+00
2.477561329713818e+01
4.198490504267854e+00
7.748653603600643e+00
8.654194608635359e+00
6.949373584682762e+01
2.003802089953703e+01
3.108104119593326e+01
7.126314811001679e+01
8.609222089224133e+01
6.674227424279893e+01
8.315888749582642e+01
9.134851330488385e+01
3.030226036454656e+01
8.541334936647365e+00
2.918422325941930e+01
2.655586829714285e+01
1.064403281111458e+01
2.643548419067426e+00
3.706826913965320e+01
9.055133624493672e+01
5.670060112918755e+01
5.433075132515782e-01
5.862921525660400e+00
9.919004300571514e+01
4.269144211089772e+01
6.151728241775059e+01
6.103317237507234e+01
9.561165636201001e+01
7.279368586502675e-01
7.247587133779929e+01
1.274851346982108e+01
3.803982396518803e+01
6.749573301872971e+01
7.732918480286803e+01
4.669401857382339e+01
4.616809764232864e+01
9.570878068716674e+01
9.880396826137043e+01
7.966647747888531e+01
7.338392798480761e+01
5.615224417119857e+01
4.847674260310677e+01
1.937355474539732e+01
3.474684727133571e+01
5.291268041027369e+01
4.855777805138276e+01
1.517477026915866e+01
4.194602386185249e+01
5.120132647045018e+01
8.973027984133469e+01
8.291529737548684e+01
4.183409588496857e+01
5.278634696862956e+01
2.713412150141509e+01
6.124861308431654e+00
1.585428659611116e+01
3.638311635534424e+01
7.544530754696825e+01
9.108944544153728e+01
6.468250014105928e+01
3.963390502130329e+01
3.837958864792231e+00
1.842370434590788e+01
1.139630964556537e+01
3.539035564073844e-01
4.941634268007071e+01
6.247636450569908e+01
7.853434932349917e+01
6.095173971771809e+01
7.923810751141892e+01
2.805657956193042e+01
1.376655335247822e+01
9.657020685103265e+01
4.743013430732774e+01
7.819479153407495e+01
2.407976557690639e+01
9.598791235871050e+01
6.504251522246865e+01
8.898216890589435e+01
4.718923878259456e+01
1.593121030178443e+01
1.297824448578909e+01
5.509116633566617e+01
4.817184896588878e+01
4.011236603377031e+01
9.568133456431391e+01
6.419534630337513e+01
5.446165495294223e+01
5.965921420588122e+01
5.528479169834628e+01
8.050360320159402e+01
3.559790832716874e+00
5.912275060970465e+01
7.030088178361808e+01
8.431623325884166e+01
5.817456187595360e+01
9.369654198814953e+01
5.797996560948899e+01
1.882424355429795e+01
6.793753531199765e+01
2.670020797601911e+01
4.688082311622836e+01
8.170408866447588e+01
8.759519219752178e+01
9.431095742355610e+01
3.021748928828979e+01
3.463133719499751e+01
9.029886978226661e+01
9.536107601381887e+01
2.393682455827334e+01
3.748810851829504e+01
5.400818491075569e+01
3.691506904406243e+01
9.257927490052734e+01
4.534676114346216e+00
9.203886342795514e+01
5.379530254462516e+01
4.274977401026980e+01
9.493492101083272e+01
1.687569237168677e+01
6.748258153325068e+01
5.854671576924003e+01
5.017733026769820e+01
2.530323975966463e+01
3.194182106849822e+01
3.449356352653986e+01
2.338712738053274e+01
3.689764721174615e+01
9.337154938530715e+01
6.487344348098778e+00
2.046912010780960e+01
7.472632759005126e+01
6.315227717307967e+01
2.173208725719344e+00
2.587925085140357e+01
5.746323455006966e+01
3.910251839044621e+01
2.596571372168405e+01
8.045773626326478e+01
2.159018769002994e+01
9.018068536658804e+01
1.740008863499392e+01
8.847177926845465e+01
2.709575436408434e+01
5.983604931264932e+01
1.468765633864685e+01
3.305885397505893e+01
3.607862132418836e+01
3.962401591223851e+01
2.799377493932553e+01
1.379415407487850e+01
5.547199601096659e+01
9.050725358096288e+01
6.874815154296725e+01
7.032884176370167e+01
2.332161395965219e+01
4.139735272219281e+00
7.697072130486869e+01
7.585319875546415e+01
7.975120911363103e+01
8.345806565296746e+01
9.632231886327375e+01
8.773757838073074e+01
8.950025401520556e+01
9.849552763555923e+01
1.899436238174995e+01
4.599691878352171e+01
3.088622560300223e+01
4.496007610343401e+01
9.472559285104535e+01
2.917401405478549e+01
4.654175953312859e+01
2.029803377590051e+01
9.331581247659206e+01
8.756175012679851e+01
5.780529331313693e+01
8.003468768672770e+00
2.062060405529132e+01
8.943008351578847e+01
4.975276098109445e+01
4.359468088652691e+01
4.658440647022072e+01
2.091289508198988e+01
9.811440813267343e+00
6.719572188667755e+01
2.420370598519393e+01
6.244324648866581e+01
1.947229328540726e+01
4.361873014998563e+01
4.318985214605455e+01
1.788056326000046e+01
6.996670699211150e+01
1.843844061644675e+01
3.314955715702360e+01
5.946696096075092e+01
3.311429164983066e+01
5.214391958533970e+01
6.430449479459995e+00
9.045395925196537e+01
1.223628153662955e+01
6.942806368201416e+01
2.118310105110663e+01
5.206560122411028e+01
5.356648510953713e+01
2.413788252702816e+01
3.120750530213467e+01
3.893714120562055e+01
2.250238224980532e+01
5.182810935742599e+01
2.836722467484289e+01
8.794328136739475e+01
4.424883054767215e-01
3.159146221894373e+01
5.360427501313588e+00
3.956412083449034e+01
9.878718410562128e+01
2.956413353307365e+01
5.587989597389470e+01
4.173091330646114e+01
8.601711401064746e+01
4.030381256728611e+01
9.859932637708230e+00
7.559232510421069e+00
4.011170744901137e+01
1.125923377054708e+01
8.445795615411268e+01
8.036868277954342e+00
9.515340938007152e+01
2.188123139640373e+01
8.306488771134283e+00
9.363990956621240e+01
4.635477459354082e+01
9.322048662845999e+01
4.570551074375655e+01
4.169121572826580e+00
7.063723954867443e+01
6.711066554631603e+01
9.071645331136717e-02
3.022178235939787e+01
1.143234517026336e+01
3.112057309184250e+01
9.036510944849118e+01
1.938126316265262e+01
3.064949625667627e+00
9.572553699637089e+01
9.316913773918949e+01
9.692616071408902e+01
6.941962399027292e+01
2.979288577558141e+00
2.564266059810419e+01
8.743134210232242e+01
1.710016234642834e+00
2.849095856234942e+01
1.142055891054708e+01
7.617914051570889e+01
1.916950993201207e+01
5.601292916387922e+01
6.902006057511086e+01
9.078743964936000e+01
2.577657519177374e+01
8.583628464761949e+01
6.580324334362672e+00
7.178984590423751e+01
4.947388090634433e+01
4.248348457854404e+01
7.595896747706409e+01
5.042286843546799e+01
9.987898324610617e+01
3.636851005087072e+01
8.741506342190088e+01
9.216216178245944e+01
9.053871766223513e+01
9.641277184542864e+01
4.791418809812245e+01
9.360366728790275e+01
9.213830879523340e+01
6.859572048699284e+00
1.877657236474407e+01
2.020991222011387e+00
6.781232341556452e+01
6.175588847219753e+01
5.745772922293177e+01
6.954219414365581e+01
6.526142883359522e+01
6.887828813347886e+01
6.195979270244008e+01
5.708541858805596e+01
1.264598589048068e+01
2.946403647282349e+01
7.189576652454946e+01
4.450220113829812e+01
3.808646175921264e+01
6.720477848649247e+01
1.629204699596951e+01
3.519131170361830e+01
2.333433522066769e+01
4.357591971921544e+01
2.868244258159886e+01
3.006629684477407e+01
7.994442981665229e+01
7.979965609488993e+01
5.859922178024390e+01
4.453351364682126e+01
8.537978319701729e+01
6.513409831800224e+00
9.545862953898433e+01
7.037406557722672e+00
3.545123447452264e+01
4.665744558286734e+01
5.538855970622439e+01
1.166609302706369e+00
8.083231564649954e+01
7.202806997673031e+01
5.025419255264764e+01
9.058622754671902e+01
3.920221842788263e+01
9.550222027837401e+01
4.767164608820884e+01
4.208778792158132e+01
4.097068078861138e+00
3.176786472637573e+01
8.658998905987943e+01
9.714103550517048e+01
3.517046898378547e+00
2.882036009282822e+00
4.587499920552364e+01
1.754079289619848e+01
4.382839367903229e+01
3.825959192507881e+01
4.760708974097254e+01
1.222884748700487e-01
5.505604206354173e+01
1.482547466402197e+01
3.542549411553214e+01
3.439031170419898e+00
7.132588870419464e+01
3.762886814662668e+00
3.277617638594293e+01
7.265664710321307e+01
9.467731727970640e+01
4.142232329650890e+01
6.584008953806017e+01
1.040491462238362e+00
6.687574957817594e+01
4.125596677942945e+01
4.713423589576698e+01
5.374908878176896e+01
4.177416113287870e+01
8.560550980530935e+01
7.854843236438391e+01
1.092301118696249e+01
1.532445089673831e+01
9.389813011228020e+01
1.944443048883436e+01
4.971093495828608e+01
9.678016612156301e+01
6.215571605700801e+01
1.929493281957458e+01
9.191321655731332e+01
7.281895669774103e+01
6.690202256054711e+01
7.715274755710398e+01
9.087820467114365e+01
7.310833408176356e+01
6.666768904154546e+00
9.982393649398531e+01
8.582805538821410e+01
2.666817522918255e+01
9.422747213124646e+01
2.824396185029482e+01
9.997277143410071e+01
4.569797056992444e+01
8.288408940792274e+01
7.450310866092477e+01
1.257372010153426e+01
5.980747782616292e+01
2.875217806024113e+01
4.126228808484147e+01
2.976538940787566e+01
4.302577355086141e+01
4.358938943761838e+00
7.766067426542783e+00
2.636217862663892e+01
8.454555318902506e+01
4.923447782603767e+00
7.271684942427877e+00
3.924872537108545e+01
1.621400938193035e+00
6.960876699053159e+01
1.504630000099833e+01
3.828754417518506e+00
6.863057169533828e+01
2.952445351030885e+01
9.470695908866216e+01
4.173890573053570e+01
2.736760709777829e+01
8.902419493022570e+01
4.744445497516750e+01
4.662087817984674e+01
2.329076706585044e+01
4.618904942003500e+01
5.172785117837034e+01
8.224350064166053e+01
6.105629432064309e+01
4.182460300709335e+00
5.919221144131953e+01
3.541745489249818e+01
9.457093323328110e+01
7.922557610051035e+01
6.518284434693999e+01
5.768318155672549e+01
5.515122937744075e+01
7.294891177348276e+01
8.080539092459036e+01
9.307523355496826e+00
7.555793657692054e+01
1.008317634001522e+01
9.513289811794316e+00
7.695626238219266e+01
3.540655767331205e+01
8.962111621611804e+01
4.237896904460106e+00
4.037129322084193e+00
7.403782684078340e+01
6.042226318289631e+01
4.663304129924301e+01
1.042661327422904e+01
8.796905092334796e+01
8.729419595901584e+01
6.248260236460836e+01
9.273066324774672e+01
3.999350845813449e+01
8.751099076471803e+01
5.465201626282745e+01
7.151720257080962e+01
8.922097277325623e+00
4.012517753994334e+01
3.765400514828693e+01
5.305216557022751e+00
6.951192927989733e+01
8.595450561770913e+01
4.893039583644382e+01
9.963688557019313e+01
4.506641353716442e+01
2.530233856537488e+01
6.990145001090198e+01
1.446575830432855e+01
2.551114052790736e+01
7.941473986926243e+01
5.210251968917555e+00
7.459871250884548e+01
4.323970477247597e+01
1.911279774229638e+01
9.842403409929203e+01
6.064254527941465e+01
6.661785075749171e+01
4.420006910534579e+01
1.893251636947157e+01
6.026704612200477e+00
1.754306523014934e+01
4.969235023003647e+01
5.428680984968637e+01
9.014275897766592e+01
5.443198716008663e+01
5.196099628320010e+01
1.890983573110301e+00
6.335408443741225e+01
7.068063517598465e+01
8.825641036418100e+00
6.684711490145284e+01
1.786556859401314e+01
8.094314284666588e+01
4.090506119695728e+01
6.485572302008779e+01
2.600955633726416e+01
9.911273904103449e+01
2.670364269367589e+01
7.615331503383504e+01
4.547534237870730e+01
6.681864399780456e+01
5.046803795288691e+01
1.957465159686965e+01
8.690861556069396e+01
7.446301322172536e+01
9.016471323099206e+01
7.719827232751915e+01
9.252066695714400e+01
6.608128606624962e+01
9.538434524805487e+01
7.105600464672595e+00
7.516603948323338e+01
2.706656326868877e+00
7.120693762377228e+01
8.379468339672064e+01
7.800317410286664e+01
4.571376198237471e+01
2.497772137866249e+01
1.203952869961016e+00
4.423245133097863e+01
6.886258622112804e+01
8.204373395165602e+00
9.351430791128162e+01
1.775368443585638e+00
5.536159111902192e+01
2.501428351971055e+01
2.778492478084980e+01
1.531683435445504e+01
1.951073860726819e+01
5.732290263163061e+00
4.050458122068299e+01
2.373840395535268e+01
8.514808764920947e+01
6.007923281755263e+01
7.323799811920057e+01
5.585549215593166e+00
7.807791851371429e+01
5.043627040015360e+01
2.261657497036111e+01
4.027667331522176e+01
9.344620690375855e+01
8.914150655695308e+01
7.799777601752326e+01
1.215103986307561e+01
5.471401757314523e+01
3.013409433426992e+01
2.588946806541153e+01
5.969558533266912e+01
3.257499473755015e+01
6.724672655912430e+01
3.389918097942098e+01
6.297290458482360e+01
5.285272437746298e+01
4.850356134050692e+01
6.474827302840923e+01
2.456053454641278e+01
8.061039581923298e+01
2.004166292959902e+01
5.913886174519494e+01
1.211343799350478e-01
4.115346700006792e+01
8.038195012155079e+01
8.974346233985548e+01
8.440389218013915e+01
7.186131010384361e+01
7.856752964601272e+01
8.247736025716986e+01
8.713698856864916e+01
9.267898774364916e+01
3.553738116078888e+01
5.881577472147335e+01
3.443989247756074e+01
8.287175399385008e+01
7.883426802178577e+01
8.232618648667177e+01
3.758577152042918e+01
8.968362356055696e+00
9.846549541617999e+01
8.842223574799590e+01
5.110904129739341e+01
1.510797162312454e+01
5.238791613485101e+01
1.408194588221700e+01
5.091348101893136e+01
6.822235918055398e+01
7.883021891062624e+01
4.021698201085300e+01
4.883275495322084e+01
7.136341671988528e+01
5.011321089701411e+01
4.895388933315589e+01
3.215685395158680e+01
9.573333454119663e+01
3.540440627159756e+01
1.656074608515983e+01
2.065977720574465e+01
9.509292132923981e+01
9.903810634232968e+01
8.922428548765568e+00
5.217706693903406e+00
6.746626331818581e+01
7.817212030206441e-01
3.965759917146415e+01
3.367172090041997e+00
9.238366153667852e+01
2.198378565813591e+01
9.495850321602006e+01
1.486218129976754e+01
3.019944016365309e+01
6.880146771147916e+01
6.310803921106645e+01
3.236101140843751e+01
7.372777498035123e+01
6.654301107234461e+01
5.657530229379204e+01
6.172155116764900e+01
4.305965893113039e+01
1.487878044828716e+01
7.910159252542145e+01
1.673664665629000e+01
6.651378146676057e+00
5.452926892532467e+01
4.034743273646917e+01
5.422145354292424e+01
9.935707785159214e+01
6.545424673960277e+01
7.932855420714642e+01
8.502659647959592e+01
6.449235303536632e+01
3.406217300056581e+01
9.024430317349932e+01
3.660195457590834e+01
4.761156651545855e+01
9.973754324006734e+01
7.092455782504965e+01
3.999522805213706e+01
1.644842648713310e+01
4.049630413786336e+01
4.517683612423802e+01
8.208512816675247e+01
2.270787634081574e+01
9.380831708843276e+01
7.852472098475542e+01
7.802968266328317e+01
6.035132811421124e+01
2.144946578026259e+00
1.471953159883597e+01
5.724558050615973e+00
7.780905681560237e+01
7.354614612345870e+01
2.246120470690597e+01
9.428873196909611e-01
7.713808402285823e+00
7.135470531478278e+01
6.690630850703749e+01
7.515986150836565e+01
3.050327637721937e+01
4.623486271418392e+01
3.035686585603136e+00
1.301305043185737e+00
3.442391973660510e+01
4.005867784845581e+01
6.300637357076927e+01
2.790860223020827e+01
2.318189201093367e+01
8.827817397577602e+00
7.085269450715403e+01
7.506758001403306e+01
7.715332572215857e+01
3.335383885230582e+01
4.503516687314733e+01
8.544210241429606e+01
1.948866994096370e+01
5.478548996838997e+01
5.255337746467133e+01
9.640823523346718e+01
8.922190917153931e+01
8.935269773441958e+01
9.819050379944522e+01
9.168698871121136e+01
3.818715682168825e+01
8.398513611591660e+01
8.936575036000728e+01
6.626257182390549e+01
6.295119540903308e+01
6.990781681142180e+01
3.462663750845316e+01
9.976014741685249e+01
2.506921488096435e+00
6.601046056766549e+01
1.061452413472092e+00
8.280395724941229e+01
8.058733827461830e+01
3.743834730118436e+01
9.730989020192526e+01
1.829097472051669e+01
4.779252947670991e+01
6.261482558334936e+00
7.883681029958501e+01
8.617413406547817e+01
8.786747184948412e+01
3.598951838723827e+01
1.157020032944633e+00
2.896142286665804e+01
8.088917586993854e+01
6.099950334103755e+01
5.089716704138423e+01
5.195432112177569e+00
8.456104164224166e+01
5.708670148490309e+01
3.570456357472789e+01
9.546726974447597e+01
3.521125308946299e+01
2.507031388816904e+01
6.086212399455818e+01
5.051577405562428e+01
8.134237275521382e+01
4.600150349829416e+01
1.832173774872056e+01
8.236399622744136e+00
3.330885206037613e+01
7.884216908311572e+01
6.665325144615642e+01
9.457455626436257e+00
1.780688106911578e+01
7.736581087921085e+01
8.209306717947734e+01
4.837221295962679e+01
4.944344551742238e+01
9.650223087356530e+01
7.612616609601591e+01
4.384967239752862e+01
8.642826396339957e+01
7.209502401393605e+01
7.766519765260871e+01
2.482065629438528e+01
6.473412614536198e+01
7.022119335374850e+01
8.349201007908769e+01
2.201423902158357e+01
7.765003548825628e+01
1.919657365381558e+01
8.626794446551610e+00
2.765639942495916e+01
4.344537921410305e+01
7.921135033444099e+01
5.676968631184179e+00
2.560926025063230e+01
2.521285378616901e+01
8.345768525426168e+01
3.492583513023603e+01
5.090514796362498e+01
6.229985429081128e+01
7.552776568360989e+01
7.241789618153959e+01
8.010673540649319e+01
5.347761681930982e+01
1.168431980148159e+01
4.570614590575273e+01
3.283806160690173e+01
8.658554762908516e+01
2.183231195520252e+01
5.963671717775833e+01
1.907729679675647e+01
9.392733596913858e+01
3.104871633977104e+01
5.054278683408293e+01
5.866146211450057e+01
7.720017497297384e+01
3.685812523442233e+01
8.067570113608413e+01
8.978720055417493e+01
6.730135747571539e+01
9.815720990214368e+01
1.744359993256796e+01
3.790101741342853e+01
7.736856019001853e+01
2.312056856375214e+01
3.437632575369269e+01
3.395255470366802e+00
9.503612778849720e+01
1.207207618843395e+01
6.110311982273270e+01
6.887810810882510e+01
9.059331384049418e+01
3.352101595770615e+01
5.345752777227085e+01
4.407093061323787e+01
3.471349470071192e+01
9.469098942107101e+01
2.671828755490402e+01
1.018988029574504e+01
5.011971995705725e+01
2.400848200731375e+01
2.926717709250151e+01
6.431707142121952e+01
9.492627084018955e+01
6.172539902000008e+01
7.856565251879657e+01
8.952119894769098e+01
7.767563098002022e+01
7.627774750640512e+01
2.884114711957106e+01
1.282243654728981e+01
4.794501040500822e+01
7.935724629990628e+01
9.223612970311015e+01
9.222125890302530e+01
1.644347161820320e+01
4.801303150505434e-02
2.789498452464817e+01
9.778457241961014e+01
3.841039675213881e+01
1.820287067359447e+01
6.985486935351737e+01
4.352833537549169e+01
2.251912030508701e+01
2.393852175396798e+00
9.068299438370531e+01
9.655938315976383e+01
6.837665078620270e+01
8.584114866603220e+01
3.809731869869741e+01
7.682891193629658e+01
4.336747715406468e+01
8.525635455048473e+01
5.838875740691496e+01
3.785555057127753e+01
4.730590942655965e+01
1.769604762908818e+01
9.661940797074671e+01
2.498154036001374e+01
7.586646837921182e+01
3.574218397761797e+01
6.378763358285075e+00
1.542885849039483e+01
1.692759279018622e+01
3.944271609161176e+01
4.074242908542158e+01
7.424055644042816e+01
6.712424576614249e+01
1.860111067937739e+00
1.746060984090930e+01
3.691838771892637e+01
2.006298174153221e+01
4.567490473653883e+00
9.437035605980566e+01
8.015463830910373e+01
1.328929775082008e+01
8.777852090437828e+01
2.627809128085062e+01
1.174718514631837e+01
2.031925656847621e+01
9.747402588719224e+01
1.773770945972656e+00
9.398101032431285e+01
6.817193504803438e+01
4.696485448952991e+01
8.166313976126870e+01
1.547784442802791e+01
5.750982712838325e+01
7.002055480611537e+01
4.045938478804165e+01
2.499367521376986e+01
2.553112098273408e+01
8.846157979614174e+00
4.042253375073081e+01
9.556605913469851e+01
7.592239071425162e+01
5.128296513635804e+00
3.843941406274188e+01
3.560265788603697e+01
9.756293445712092e+01
3.270270644347310e+01
7.464243856940533e+01
9.947710921963542e+01
6.964021826611841e+01
2.989820806770502e+01
3.389999565384350e+01
7.729134647049538e+01
6.925449919386510e+01
1.387062390049483e+01
5.795154504382589e+01
2.094054884321082e+01
9.646204854196965e+01
9.094846192325859e+01
8.599867438245504e+01
7.270466437223585e+01
6.200993478391782e+01
8.219069153172461e+01
8.847081600151529e+01
7.741176103121218e+01
5.221124633783998e+01
7.434102970843252e+01
6.777036230441665e+01
8.917737183588434e+01
8.674026857444098e+01
8.192896008581341e+00
7.883615408969864e+01
7.138042620913146e+00
9.899395606433691e+01
1.727556810587438e+01
2.561250223108218e+01
4.559389205909981e+01
8.234829589833892e+01
1.738313902978932e+01
7.714806603134986e+01
5.198851411789121e+01
5.212072611419518e+00
4.644777953924974e+00
9.708634177087170e+01
3.719390786122247e+01
4.806128612163537e+01
1.013646298560149e+01
9.485365212655331e+01
4.452333461703888e+01
5.279157271273041e+01
8.324603879975436e+01
9.091215082021064e+01
3.805843267499397e+01
9.689202285226995e+01
8.926914613194258e+01
3.130947636967035e+01
4.115270434001121e+01
2.179683126592861e+01
5.771223127735416e+01
3.992834721688570e+01
1.340784216924004e+01
5.679837798550650e+01
8.591340830824963e+01
1.721927892287228e+01
1.839120081550963e+00
3.188976367557876e+00
1.265669465654376e+01
8.531647202806383e+01
2.319803523048667e+01
7.593681541082302e+01
3.191460153642791e+01
1.374805407307486e+01
9.336078404139764e+00
5.040748973861685e+01
4.414004853188062e+01
1.234005615689794e+01
1.416654983263768e+01
8.355166231447443e+01
7.555555965544450e+01
4.312100719805854e+01
4.395688103696186e+01
1.060342230396505e+01
6.784720261015333e+01
8.882952699848894e+01
6.582849070701212e+01
2.941153255729542e+01
6.966464667099744e+01
3.592926651981159e+01
5.120836382322403e+01
4.182467741976710e+01
4.300652073836257e+01
1.610573931415833e+01
7.506850663342910e+01
1.385967154701225e+00
9.144461666766769e+01
2.122474341710319e+01
3.210890536760395e+01
5.944635069903283e+01
9.923938089014933e+01
7.391126895039866e+01
2.593510836639214e+01
3.617345422328145e+01
1.809803816401308e+01
3.527118681709803e+01
4.561080646031108e+00
4.581299328515911e+01
8.180117312902640e+01
9.466038327415491e+01
9.902210836253226e+01
5.703381633247893e+01
7.741751497491147e+01
8.792267836999274e+00
1.739497688477625e+01
6.679346187356555e+01
8.339313612477535e+01
2.103875182617397e+01
2.381066234028463e+00
7.638376628811646e+01
6.972305479912229e+01
6.933777382100828e+01
7.132791144369538e+01
1.272957553748487e+01
8.776562967699283e+01
2.881354080923532e+01
5.749943030881669e+01
1.582211368522705e+01
9.600449451059312e+00
2.740194216715263e+01
7.939431382314969e+01
2.774613831552963e+01
9.140458753863562e+01
1.234743255765523e+01
1.261819378129123e+01
4.869457490215757e+01
4.761861937475327e+01
4.807518178041800e+01
1.819783273069087e+01
5.997330307027945e+01
1.593807172772385e+01
3.152104133345236e+01
4.025846218702312e+01
8.685302533528443e+01
8.779224356999261e+01
2.379412661483238e+01
1.912823986221489e+01
2.702341546631577e+01
5.290224088956707e+01
6.225699096091883e-01
6.719658759757718e+01
7.461801165464242e+01
5.324908781482331e+01
3.512224277254298e+01
7.657307706613703e+01
4.573043382062131e+01
4.353102154262877e+01
2.088483098004239e+00
9.587267245905132e+01
5.064582952793959e+01
8.275855168828673e+01
9.810374751598748e+01
2.670445531918875e+01
5.648032024338856e+01
1.045118007364272e+01
7.631151619195543e+01
6.579353556306732e+01
7.014170972171320e+01
5.650192352780230e+01
9.544641640756578e+01
8.748959195217564e+01
9.240882848035955e+01
3.162847595830843e+01
1.972916834975088e+01
2.678816319759384e+01
6.237414468190360e+01
4.352329496458326e+01
6.432238578066341e+01
7.624553040426481e+01
4.398915914073081e+01
4.610139524848265e+01
6.420746322917168e+01
1.151803103811947e+01
5.560056690853116e+01
4.480047204755269e+01
6.118584934677271e+01
3.087795899756158e+01
1.663780050195651e+01
5.250317214639074e+01
6.430652600913612e+00
3.044869700933280e+01
1.757890485114367e+01
1.410899172262707e+00
2.591391630746141e+01
6.893912063396495e+01
8.855046820293668e+01
8.572413599385142e+01
7.711609680071292e+01
8.907555532133000e+01
4.222605947508759e+01
9.820052441125760e+01
7.047942516881946e+00
1.261700387700321e+01
4.190989073454863e+00
9.989482886153033e+01
4.036813627014315e+01
2.754463028514042e+01
4.341812377954746e+01
4.690522004240435e+00
5.309543914771426e+01
2.431951138392068e+00
9.624212765891204e+01
9.215504587262639e+01
6.408932170089768e+01
8.147289104828280e+01
6.902165634977709e+01
2.527517100110425e+01
8.193163484424895e+01
3.617660945103346e+01
9.790024440637801e+01
5.903101962014614e+01
5.587364102521614e+01
9.535724799863866e+01
9.970414941185346e+01
4.779404054758793e+01
6.347640038629826e+01
5.082845923063739e+01
8.799926386587288e+01
4.653256980075155e+01
1.519222558252151e+00
8.866867613451028e+00
9.723863880952757e+01
8.544087600216311e+01
6.486021124984147e+01
6.433496101029914e+01
2.263473077799880e+01
5.228347519984631e+00
4.118486975374858e+01
2.499783561797712e+01
2.815732840828473e+01
3.292928903034390e+01
8.275635460519993e+01
5.161013722029055e+01
8.954014833529487e+01
9.951236224710586e+01
2.548565935598950e+01
7.544016445774592e+01
4.726045720617308e+01
1.830643528062219e+01
2.491517505837380e+01
2.503880030710194e+01
9.783162739958224e-01
8.078881608358995e+01
5.197853415830924e+01
5.651653532707902e+01
8.306394395561141e+01
7.080191423688174e+01
5.151092491648669e+01
4.930163833745831e+01
4.330725602028298e+01
1.153349341430398e+01
3.196372186390856e+01
5.544017406899490e+01
6.823976317804295e+01
3.665711662576400e+01
7.872624610491388e+01
9.557293480987332e+01
7.137708983913859e+01
1.953295293242342e+01
8.976086512662511e-01
8.129595940992979e+01
1.506740879969085e+00
6.593063365012902e+01
2.815515018448008e+01
2.122365018409847e+01
8.077885940707236e+01
4.668359972847793e+01
9.962215838004935e+00
9.245073715804645e+01
8.863089642889373e+01
3.487739089637873e+01
5.969799326718691e+01
8.960921270288956e+01
5.251264812076122e+01
3.996758849358540e+01
3.849017398361590e+01
9.873015093558010e+01
2.713146187697140e+01
9.608769453879805e+01
6.979335871049825e+01
6.128782437242932e+01
5.333609671952952e+01
7.108188977981075e+01
6.808988091912582e+01
5.191428142223241e+01
9.106570006863480e+01
3.183982876680783e+01
1.714879461431354e+01
6.842457324658734e+01
2.375649522233591e+00
8.911599544301443e+01
8.990368130146697e+01
3.030113653759525e+01
7.683997651414944e+01
1.110162162738928e+01
2.895838112056180e+01
5.761883592122180e+01
2.844481581283958e+01
3.506825647087221e+01
3.678342329188410e-02
4.641611773819482e+01
3.146674182799959e+01
3.873626936168236e+01
1.332039740556869e+01
8.561185434721962e+01
1.221043444807196e+01
6.717601240015402e+01
8.434200528279972e+01
4.235561422182042e+01
6.811961208848265e+01
5.413536394673184e+01
7.512889838550653e+01
2.145570876144604e+01
6.407190201062332e+01
6.452225384513021e+01
4.303156865901853e+01
2.227495732823152e+01
1.096021794293086e+01
6.018036327333206e+01
7.105560762391221e+01
6.637469710147693e+01
7.822676658547798e+01
4.928784773186214e+00
7.214469754702631e+01
5.506674309962744e+01
5.306351327014319e+00
9.946518707995544e+01
9.137250114761875e+00
8.763745007460818e+01
3.043138456085296e+01
9.834373146218421e+01
5.481784071531978e+01
1.641116319988443e+01
3.337596982409058e+01
8.329576686178137e+01
8.598888627532352e+01
9.416140811245954e+01
7.194864599590592e+01
6.781398433624487e+01
3.651702233427997e+01
6.724200773390103e+00
9.119484112187980e-01
3.197986862248735e+01
2.817990953483615e+01
4.968350909169927e+01
9.747164910541458e+01
7.121147819385467e+01
1.213139482407430e+01
9.411635198356414e+01
3.139184146718674e+01
8.318700244798652e+01
8.536300202150038e+01
4.942092944375283e+01
5.698567799152140e+01
3.579725494412578e+01
6.468535110572601e+01
6.229202931853571e+01
1.896643481169196e+01
7.737093008000913e+01
4.605333364850532e+01
5.654264923955438e+01
7.571466154219334e+01
7.491959779286739e+01
5.691968116765827e+01
1.279466227292766e+01
2.406488001535874e+01
8.678173957708373e+01
6.208509754486619e+01
4.371513474905637e+00
4.578210653075115e+01
8.687265370361165e+01
3.971513148383942e+01
6.391793701980168e+01
8.678910820129751e+01
9.683284549826423e+01
8.738922345796098e+01
1.690641255905219e+01
7.808724347412922e+01
9.952061828203527e+01
5.114787349065201e+01
1.071518175802900e+01
8.270762068345566e+01
7.709836483797913e+01
6.924272955825680e+01
2.685391196368910e+01
7.858919137091804e+01
8.501914091641974e+01
4.306111379669100e+01
7.118684298879786e+01
6.239007099642887e+01
1.637230907397918e+01
8.456352468792512e+01
5.677139277419606e+01
8.362392656673860e+01
4.183554511602760e+01
5.089939476498374e+01
7.398500418010401e+01
8.348552914498632e+01
5.815819406796162e+01
1.924094549344897e+01
9.798357142041604e+01
4.175891473039934e+01
9.917289814873268e+01
3.568928574011162e+01
