1.569751352802735e+01
9.347847015293244e+00
2.307850915150647e+01
5.759634829945692e+01
3.727489432193101e+01
9.100432684226163e+01
4.151526374812949e+01
9.732328238772381e+01
6.982651304911194e+01
9.386519617115390e+01
1.765707215185141e+01
3.693403179614527e+01
8.835119492763243e+01
7.610567900170837e+01
7.510836090664769e+01
8.403186224588746e+00
6.492509868225321e+01
9.944193391103387e+01
5.238349877874530e+00
4.355120227837526e+01
7.749316127854081e+01
2.084252709562077e+01
1.552851778246859e+00
5.307319576529469e+00
4.119075212683098e+01
9.817621717144559e+01
7.248983372584443e+01
6.565024106095090e+01
3.228698290525329e+01
3.329202618137563e+01
6.189278832724914e+01
9.981392691834547e+01
2.973370315960315e+01
3.658528394838110e+01
9.852771689115451e+01
8.741547804671129e+01
2.758961074407660e+01
9.817034518260991e+01
8.759049479271775e+01
5.392835664280148e+00
6.546646876515190e+01
6.297818183106286e+01
6.771102271401837e+00
4.821954357820542e+01
8.128227669805396e-01
4.186568359931264e+01
5.662272980279416e+01
4.010598703292477e+01
4.130761746378039e+01
5.224350656021549e+00
4.924140048643639e+01
6.130711411186825e+01
9.151509319968292e+01
8.194470884368974e+01
8.689119810559377e+01
9.853390683351732e+01
1.268868656488540e+01
1.246542977749623e+01
5.785594976407287e+00
2.267445950893427e+01
4.575745595887185e+01
7.441730227992744e+01
6.108500033667544e+01
5.702342645126555e+01
2.701527440315824e+00
1.417265274290585e+00
9.482540194635530e-02
2.079607686996277e+00
1.575535042945079e+01
7.719521139617787e+01
4.888780468557393e+01
8.520607286375299e+01
2.553534089845389e+01
3.970957381637281e+01
5.104083225645164e+01
5.051142720063749e+01
9.499990022508423e+01
6.098420371347303e+01
3.420512254080042e+01
2.288287487946585e+01
9.785437728178426e+00
8.756376923414123e+01
4.989463768428873e+01
1.371215196033574e+01
2.615496726993237e+01
2.034792696142007e+01
9.450596589339244e+01
8.229580036471403e+01
8.626813175448595e+01
9.788708048774259e+01
9.619659613640820e+01
5.969226549365198e+00
7.914005689282905e+00
6.337498163961571e+01
6.635818619577130e+01
3.805424647315137e+00
5.479438083935268e+01
6.466911293783649e+01
4.215237728420290e+01
4.143103614516139e+01
9.959214478712163e+01
8.397934179938368e+01
2.125555147475356e+01
8.947561420010199e+01
8.504799263786896e+01
8.919642171319406e+00
9.935376276232012e+01
4.153192557465840e+00
6.509042180380338e+01
3.767613146345882e+01
4.930615087473120e+01
3.129897612673183e+01
8.474667616409560e+01
1.134574791013531e+01
1.832293114546823e+01
4.899222485208522e+01
9.497308875200017e+01
5.050963333365956e+01
3.902793388768468e+01
9.210851443563985e+01
8.046711472816165e+01
5.942443164970000e+01
8.733613192445418e+01
2.580726008201356e+01
1.146092042860618e+01
9.829582185405111e-01
5.838048605172917e+01
8.322717122883870e+01
6.178883773358019e+01
1.284662667328800e+01
3.176014699589468e+01
3.713835256040951e+01
2.514979984851079e+01
7.988169536920343e+01
7.956342370229001e+01
7.732979905667240e+01
8.398791345953379e+01
9.762067817972072e+00
1.742198686926718e+01
5.915868471337421e+01
4.784047624461375e+01
7.244014375491075e+01
1.644188091924502e+01
2.956376277355652e+01
6.998376565518964e+01
7.461962428624724e+01
1.540686395736731e+01
1.493898188459639e+01
5.909024628768221e+01
6.081723457240371e+01
3.921685905159305e+01
8.999013164545882e+01
6.676864715608239e+01
2.835158199460785e+01
5.095488920386643e+01
8.243776717336745e+01
4.544462731361605e+01
5.663962599664909e+01
8.383204177200425e+01
1.307327137937456e+01
2.917000145147089e+01
7.156121287101936e+01
9.820652198894253e+01
6.690397070110961e+00
6.117159675861318e+01
7.678412961623823e+01
9.776879921451621e+01
4.515951017158083e+01
9.857311560705915e+01
4.698155445371827e+01
2.310275604161562e+01
4.258473103055019e+01
3.661639794549737e+01
8.438885290380048e+01
6.427269958158615e+01
5.547986107667901e+01
3.726784667804272e+01
7.885086740313604e+01
4.432894212395369e+01
5.305832575683404e+01
7.633731494487138e+01
2.232722655047068e+01
5.905913610898850e+00
3.166874359905196e+01
5.556678676771316e+01
2.469097214038063e+01
8.110222419775195e+01
2.477561329713818e+01
1.576516358915957e+01
2.558709300383325e+01
1.278033415450730e+01
9.375871200755178e+01
6.876994393242986e+00
5.826049021364212e+01
1.576552387129773e+01
8.609222089224133e+01
5.198451459965879e+01
5.406663136280451e+01
1.320810132343699e+01
5.102005077107812e+01
5.332955580825431e+01
7.445946711788860e+00
2.655586829714285e+01
4.986422655631985e+01
7.910009523811754e+00
2.654726739346388e+01
6.189018458215993e+01
8.723261081019072e+01
7.489334595151867e+01
3.673556309041361e+01
3.149178471951363e+01
9.967701090484718e+01
5.951152935601376e+01
6.230284597831911e+01
7.382024921189075e+00
3.125367366301532e+01
3.339695256827257e+01
8.650260608946095e+00
3.240066735651375e+01
5.385202954236978e+01
1.407134207620813e+01
1.567390790007725e+01
2.975369409180884e+01
9.570878068716674e+01
7.681408830770016e+01
7.966647747888531e+01
8.899692771443955e+01
1.443174971008289e+01
7.634971420110655e+01
8.655101400173783e+01
9.301053369092315e+01
6.564102650882724e+01
8.580469004148836e+01
2.970468328786301e+01
1.620513569386915e+01
9.171207914674285e+01
8.286052326804982e+01
5.687327331717744e+01
5.779914770172869e+01
5.158456869031516e+01
5.732151430906799e+01
9.992680517021884e-01
9.155720094757024e+01
3.228108153319037e+01
1.910596267278584e+01
2.260305379638590e+01
4.400817046128594e+01
8.417024271756888e+01
8.804017598183835e+01
7.640883781779969e+01
1.464135884989116e+01
2.111518011480346e+00
2.745107981723318e+01
3.472809420653065e+01
8.001832858660181e+01
2.813921045890972e+01
9.802976502013847e+01
2.640476772859914e+01
9.512758799601700e+01
8.821549000601074e+01
1.426181123324754e+01
2.812945750920542e+01
4.454228433060566e+01
6.675364434102255e+01
2.560812222101173e+01
4.032489575460781e+01
9.543677996631563e+01
4.486729695688341e+01
6.382233740939868e+01
2.235901487169741e+01
9.862303887429789e+01
2.607371533572381e+01
8.959842514693663e+01
2.226682171331105e+01
2.116556084769105e+01
9.153108256474653e+00
2.426165939507152e+01
6.899269780562850e+01
3.559790832716874e+00
5.912275060970465e+01
8.927336846910107e+01
8.458379650701946e+01
1.441335334182407e+01
1.128887543980446e+01
5.797996560948899e+01
9.264437816694583e+01
2.120158831644877e+01
8.067030817301493e+01
3.329815549463879e+01
8.199150351900212e+00
5.040299480334064e+01
3.054104653677952e+00
4.102589285048930e+00
2.780583641855318e+00
2.237500125652878e+01
5.692992888248056e+01
2.393682455827334e+01
3.329454363942824e+00
4.361749130469630e+01
1.150258821970904e+01
7.885562580956874e+01
4.534676114346216e+00
7.054471041566912e+01
9.180819987869272e+01
4.661756052943764e+01
9.356507570183140e+00
8.438458437304226e+01
5.607723098065576e+01
2.086120635311175e+01
7.890224371985637e+01
5.715731627175460e+01
7.519630606993861e+01
3.891081839749162e+01
2.338712738053274e+01
2.514060704276925e+01
6.788966784621108e+01
7.797177218737629e+01
4.464914288588295e+01
1.159727522712074e+01
7.083931056356025e+01
8.278910381849349e+01
6.983557453837039e+01
2.605128252229247e+01
7.377814463050018e+01
5.595917885934896e+01
2.129200725876354e+01
3.446359435769897e+01
9.018068536658804e+01
1.740008863499392e+01
4.378275058408396e+01
3.055263433165505e+01
5.983604931264932e+01
6.667945527782638e+01
4.123189441917087e+00
8.844165387025180e+01
6.981023879247263e+01
7.940812459187960e+01
7.301835323358810e+01
5.624224415805296e+01
5.396928622106523e+01
2.734537512406025e+01
2.462131042248630e+01
8.460188507316721e+01
3.783219328049206e+01
2.931253473708059e+01
6.273020341188190e+00
2.545158705927971e+00
2.767935759745508e+01
9.068342851972368e+01
6.527960722580533e+00
1.051382953790661e+01
7.226959023264683e+01
2.759933929312943e+01
3.106239420876949e+01
8.276978921274180e+01
8.491297424068347e+01
5.235440151409917e+01
7.238408479484920e+01
2.388650501327892e+01
2.661896204884115e+01
4.197528531866860e+01
5.505812799327919e+01
9.037815597391602e+01
5.386231939953859e+01
6.857004769545516e+01
7.901192483446184e+01
4.975276098109445e+01
3.371798146223555e+01
4.129225250393723e+01
7.062011210742412e+01
7.821853900245323e+01
6.719572188667755e+01
9.776181029051627e+01
5.568818708680951e+01
1.483352976610583e+01
1.174427290062619e+00
3.977278696362524e+01
2.674915205070244e+01
8.463249294303009e+01
1.256555854928007e+01
1.640435080807859e+01
2.349138028150954e+01
1.209493964542399e+01
8.514118664206060e+01
8.488616239507039e+01
6.336759871960040e+01
2.378907661130143e+01
6.992243662007267e+01
6.078625878355757e+01
1.347654867613528e+01
3.045129116179947e+01
8.254396979815512e+01
2.913217201322884e+00
5.320731175747109e+01
3.640628919769372e+01
6.678300419206870e+01
5.656750377107761e+01
2.286910397134214e+01
9.627386452456651e+01
2.725705384614740e+01
5.668077294560185e+01
9.305916540001479e+01
5.689519818727635e+01
6.729062910531212e+01
1.708804169534149e+01
1.292353077462107e+00
1.864463222149975e+01
6.864977933869221e+01
1.692809854491060e+01
7.189531441400541e+01
9.918268858417062e+01
8.264144760679521e+01
3.886243404767589e+01
1.540192599194214e+01
3.363603485451826e+01
3.647494597196344e-01
3.095639414664190e+01
8.126039071067255e+01
7.028718612635842e+01
7.461472040722832e+01
9.094238942067250e+01
1.262108926317705e+01
6.893802255808284e+01
7.486317245050481e+01
2.921764204707818e+01
5.344311709210422e+00
8.899269042955370e+01
8.890417203721785e+01
1.932417341476501e+01
1.099723391746973e-01
6.819431347222734e+01
8.205025702810393e+01
2.193560000599157e+01
2.916863096373557e+00
4.850054702186051e+01
2.507663267901010e+01
6.147009076619059e+01
8.743134210232242e+01
1.710016234642834e+00
4.664409558598143e+01
1.864470938157509e+01
5.728411630600883e+00
2.506717705403789e+01
1.026171902672468e+01
7.626873384056088e+01
2.355206381694975e+01
4.369578326293071e+01
8.583628464761949e+01
8.650573384319699e+01
8.248047110740117e+01
7.223033740754721e+01
7.773790279297992e+00
5.051853593928671e+01
5.245949665664672e+01
5.845366807582494e+01
4.651856191759862e+00
9.265677537427133e+01
9.117855033426478e+01
1.693885071060567e+01
9.641277184542864e+01
2.092451659074263e+01
4.759233759138377e+01
8.222630106947678e+01
9.143612137596874e+01
3.395115790606996e+01
6.803339816072648e+00
5.507108301626103e+01
2.214188455703756e+01
2.739395491191836e+01
4.041386411544581e+01
3.626101209607954e+01
1.701919446560517e+01
8.487782631296563e+00
2.140244525922576e+01
4.448795506939662e+01
2.129452201598069e+01
7.189576652454946e+01
2.327020881849817e+01
5.506481325955355e+01
2.635429344435888e+01
4.658601109245140e+00
2.229596363487466e+01
7.511212670947990e+01
1.075476166361699e+01
8.287483057141063e+01
3.746037550152297e+01
8.685230295492910e+01
7.979965609488993e+01
5.893837169694638e+01
4.453351364682126e+01
2.257575542785961e+01
5.422343595615749e+01
5.092724028552288e+01
5.105686562650691e+01
5.904335126236238e+01
8.672110288716904e+01
8.178371367127808e+01
6.665343221586824e+01
4.259414400094848e+01
5.377789184161364e+01
7.541587728793540e+01
7.875438089424482e+01
8.250345572945823e+00
1.319042407590450e+00
6.002452604473779e+01
2.479934358261495e+01
4.097068078861138e+00
3.192029252272113e+01
7.702081081318707e+01
3.861740983026912e+01
4.802013721690520e+01
3.520071480199728e+01
8.559071034453378e+01
4.332982084868933e+01
4.382839367903229e+01
7.113349129032972e+01
4.311197951580955e+00
3.175876719493361e+01
9.912708108272733e+01
9.291938244966761e+01
8.466179565743627e+01
3.867911470061127e+01
4.346093686458698e+01
4.662612269009749e+00
2.087890506762960e+01
7.366397579836844e+01
2.493877584344650e+01
4.951682875376047e-01
2.286211835353734e+01
9.273587599989767e+01
2.508153171515163e+01
6.214576445619844e+01
4.713423589576698e+01
6.550913693639875e+01
1.959841731917039e+01
1.427359549062028e+01
1.925973888452152e+01
7.800067806523326e+01
8.327876491624805e+01
6.550412367354339e+01
4.954042101723162e+01
5.671573800813208e+01
3.443958881983514e+01
3.455936477266223e+01
3.557988774756895e+01
9.369087628726422e+01
3.081438109782263e+01
2.288887702063139e+01
1.355485618745669e+00
2.878689948878572e+01
1.212637792906090e+01
6.203186552134895e+01
9.860893897647455e+01
3.526255154761604e+01
2.666817522918255e+01
2.368766466327369e+01
3.392273841142782e+00
4.059591365074549e+01
2.215046268987956e+01
6.256120361506995e+01
4.391728250492237e+00
4.468822341630618e+00
6.660454201819587e+01
2.875217806024113e+01
2.610512395673670e+01
1.581638912475500e+00
4.302577355086141e+01
5.115387018358049e+01
2.082379614972686e+01
7.492164879800829e+01
4.011794749652871e+01
6.896193002767951e+01
9.697008561201864e+01
3.825667194940926e+01
1.621400938193035e+00
4.264789640095453e+01
3.116194188183264e+01
3.855500940166181e+01
6.508490823446070e+01
2.578670788825802e+01
1.505225734554802e+01
6.742200286473241e+01
4.911856695502929e+01
7.259286123914312e+01
8.518624123427376e+00
3.799138066265331e+01
9.205207698608380e-01
2.256575814567774e+01
4.355180316770068e+01
4.661849133978527e+01
5.316447743827686e+01
4.182460300709335e+00
3.573900039109355e+01
5.050188687187708e+01
8.657963899270614e+01
4.245066872912025e+01
7.631005899808838e+01
2.415660863004467e+00
3.461766440170708e+01
6.989827923006298e+01
1.882507410777038e+01
2.824080997530409e+01
4.563015398831580e+01
6.910134687512245e+01
5.721420713570631e+01
3.510044181491268e+01
6.810879445081055e+01
4.364829577675475e+01
3.926606696996189e+01
5.119795010015273e+01
9.465762562801019e+01
9.529586634379619e+01
7.736773373436543e+01
7.537831686221917e+01
6.185793846932144e+01
8.322081225142853e+01
9.159353118929711e+01
5.135583707660243e+01
4.832200396262202e+01
9.213906856819012e+00
5.465201626282745e+01
4.370345731438299e+01
4.247321684028638e+01
9.290059101437245e+01
3.765400514828693e+01
5.305216557022751e+00
4.152097978699998e+01
4.001347820275159e+01
3.050275246170477e+01
7.083371461873581e+01
9.264785330400237e+01
2.922568182890568e+01
7.804668884633421e+01
7.550410678400850e+01
2.551114052790736e+01
4.037680702301525e+01
8.480644290559295e+01
6.794583884437840e+01
6.598491965140445e+01
8.087143464054513e+01
3.056029343538000e+01
6.064254527941465e+01
2.501841663616636e+01
7.579276905199175e+01
2.882857119144340e+01
6.930298077375767e+01
7.723660267760819e+01
5.464755122300588e+01
2.927241354681198e+01
9.235178236493459e+01
1.885290733485152e+01
3.473014199860866e+00
8.331998455492779e+01
4.494335853724897e+01
7.068063517598465e+01
5.990836949083413e+01
7.999350413679774e+01
9.093384611929480e+01
2.013517525984681e+01
2.991534109689078e+01
6.485572302008779e+01
7.011337399953668e+01
7.762555129715500e+00
8.674833680817315e+01
2.159314887672344e+01
4.547534237870730e+01
3.571366650784093e+01
7.107813072906720e+01
7.821414320646512e+01
5.923761174047255e+01
7.126871872286719e+01
7.663917857065758e+01
7.705977110986588e+01
8.244748640919452e+01
6.608128606624962e+01
9.538434524805487e+01
5.399045862908962e+01
7.337735005346003e+01
6.053589352431516e+01
3.150738069392153e+01
6.572913237182848e+01
6.941629120587199e+01
7.319238715488109e+01
1.261341642244412e+01
7.691555427243727e+00
9.384856903639090e+01
4.085658697451306e+01
9.530661739190417e+01
6.049983844184309e+01
1.775368443585638e+00
5.386746765760121e+01
6.498562952735723e+01
4.592096910156355e+01
2.991665482051515e+00
6.303150880291663e+01
1.594223604348592e+01
5.347651338832291e+01
8.632938260507275e+01
8.514808764920947e+01
5.398956088069340e+01
6.567716173160689e+01
4.067354497531128e+01
2.122149710600334e+01
9.953496074282330e+01
2.921090728100897e+01
7.953603127018364e+01
2.590486846207868e+01
6.965786668921722e+01
7.787407072161979e+01
9.615286323062743e+01
5.471401757314523e+01
2.317302437646921e+01
7.425004796788565e+01
7.271059242669054e+01
7.811679922887906e+01
8.709499150844989e+00
8.213561912166682e+01
4.776150386210601e+01
1.035133125742494e+01
7.484817648066588e+00
4.312258066754908e+01
9.067265246560456e+01
6.062014357215732e+01
4.451742700511470e+01
3.987736890086781e+01
3.616295221083003e+01
4.115346700006792e+01
7.091373250396632e+01
5.755119857264273e+01
8.397733209839899e+01
5.102385513066494e+01
4.706690043540062e+01
7.483598504906334e+01
8.713698856864916e+01
9.267898774364916e+01
4.208949075177754e+01
2.182453070852185e+01
6.882884682567271e+00
3.380678572403583e+01
4.913432022982013e+01
8.785248016372904e+01
4.865924760171178e+01
1.333656637619090e+01
1.779132705078988e+01
1.584351529173717e+01
5.044158564435391e+01
6.358120402487982e+01
7.062550642091105e+01
2.261089981655167e+01
9.464275403630117e+01
2.955167774555817e+01
1.160891256835727e+01
4.021698201085300e+01
5.517448487466876e+00
8.189091076231139e+01
4.336171650484284e+01
3.062848650413961e+01
3.443443217986936e-01
7.019826693935239e+01
7.141842240068057e+01
9.007037681996374e+01
2.155985651610413e+01
8.960238834358863e+01
9.619417884209854e+00
7.667654658512983e+01
7.178822856945369e+01
6.746626331818581e+01
9.028090252088425e+01
4.450969963544500e+01
9.055124753646146e+01
1.013022014411642e+01
3.465112207208346e+00
5.128953189183470e+00
9.313630619698033e+01
8.803869308346822e+01
2.354647173711400e+01
9.451649710280657e+01
5.718345113898788e+01
2.945520013079755e+01
4.241338257790235e+01
3.468374504460196e+01
7.094481315973439e+01
3.114504699182932e+01
8.438114360178875e+01
7.646226164720127e+01
1.781986603411839e+01
2.593443865232842e+01
1.814266229893205e+01
4.766319880618862e+01
8.466593464122431e+01
6.067815025368619e+01
2.538070055906693e+01
4.457940703471164e+01
5.028053855070870e+01
2.133763116846682e+00
1.945668171134623e+01
1.022141157194106e+01
4.877862741648156e+01
7.393741634392059e+01
3.629893252453717e+00
4.304966937892589e+01
6.132518512258548e+01
1.644842648713310e+01
5.955724094973749e+01
7.872987928741139e+01
1.655631000947036e+01
1.931644348395823e+01
2.907607482237558e+01
2.748314814059211e+01
9.111338536772568e+01
8.540222630156308e+01
4.071475031818950e+01
7.841449174024839e+01
5.724558050615973e+00
5.788066557509855e+01
6.317040746247881e+01
7.282106013634292e+01
5.283875402660983e+01
9.343508169680604e+01
6.988686093589610e+01
4.652855063161280e+01
7.996089015154210e+01
4.409568321150527e+01
9.069441966279150e+01
3.549431526823636e+01
5.146184025866065e+01
8.029703571474973e+01
1.304744152028460e+01
1.024417160555915e+01
6.584274599600711e+01
2.714146972966449e+01
2.423835113841964e+01
3.468333745127699e+00
2.269348149313288e+01
6.869717928054612e+01
1.689442112897263e+01
2.729530023750630e+01
9.263713000930713e+01
1.031021536808005e+01
3.332630551109384e+01
5.969536111675918e+01
1.906642793634274e+01
3.679283183850014e+01
2.018132103615502e+01
6.913528538734433e+01
9.168698871121136e+01
5.224097382847265e+00
2.257999620520510e+01
5.197570377587141e+01
9.865917912621944e+01
3.874375104845676e+01
2.169694389295622e+01
1.566451858527237e+01
3.869298395639890e+01
1.722341632341194e+01
2.482864243203245e+01
4.765336851014447e+01
8.711686967272165e+00
4.757675935867092e+01
7.233533490092276e+01
3.369304134216767e+01
9.375397530093508e+01
2.740021093161786e+01
2.898744029411461e+01
2.651802521502507e+01
2.549737516115297e+01
2.608377231568274e+01
3.664470540203374e+01
7.881126402821917e+01
3.183073905847536e+01
8.690206165746882e+01
7.920530162714668e+01
3.497785378013638e+01
3.741750611803378e+01
8.456104164224166e+01
5.989486400964431e+01
8.918344093914304e+01
1.744176420264028e+01
3.521125308946299e+01
9.512472031411004e+01
1.489112927340489e+01
6.281383380424875e+01
4.448933119163352e+01
7.053714057921299e+01
1.832173774872056e+01
6.725289880635817e+01
2.931954382421428e+01
7.506092450351497e+01
9.161737495642964e+01
8.833909187854225e+01
5.670773259210760e+01
8.000258588232221e+01
2.104897299830288e+01
3.724778994789710e+01
1.936042095504721e+01
1.538855667011279e+01
1.708383751897320e+01
3.388181511959146e+01
5.579879770791102e+01
7.889839451708756e+00
7.147126503822918e+01
2.798970105498550e+01
6.713862534013512e+00
5.014565035241919e+01
7.200176784396254e+01
3.149031988880147e+00
1.258702558120108e+01
1.515078433563504e+01
4.042493018341480e+01
1.072284230530394e+01
1.027550460317894e+01
6.648334193345315e+01
5.683578688503979e+01
5.774741790152500e+01
4.579913264410530e+01
5.651277315640486e+01
6.510495974919989e+01
6.209029548898819e+01
7.897059148129570e+01
2.573775464004732e+01
6.072977043722280e+01
9.009574935310323e+01
9.812355199741364e+01
9.008331675551986e+01
9.650811366574285e+01
6.216089705105913e+01
9.567519696227983e+01
3.897716106799299e+01
5.559414371642942e+01
5.310601804084425e+01
5.785299449127772e+01
4.169366054315756e+01
4.067909440057310e+01
8.309058210956425e+01
2.525804993941358e+01
8.318681706822795e+01
8.828071117786723e+01
4.351431491948399e+01
4.835867464931620e+01
9.815720990214368e+01
2.742618654269082e+01
7.852377583204013e+01
6.339084755787200e+01
6.224819871701682e+01
4.623385721176577e+01
3.395255470366802e+00
4.410264782798600e+00
8.860193173801616e+01
3.118090007043485e+01
7.207029693390722e+01
5.989122319030167e+01
3.272183990698394e+01
1.234477530808410e+01
6.998738775494853e+01
1.750474722008442e+01
7.652447869839355e+01
1.930105952513453e+01
4.483034952768607e+01
7.228552413745109e+01
6.947229167887582e+01
6.101404966833724e+01
1.045063729884598e+01
2.661875571432465e+01
9.770182268587025e+01
4.357714058997908e+01
8.639778033196824e+01
4.339303567232240e+01
4.424766122561305e+01
9.816437666218931e+01
7.619957042681034e+01
7.833836282526066e+01
8.727267109196292e+01
6.370313394055847e+01
2.714471678582240e+01
1.644347161820320e+01
4.197546296844979e+01
9.230258031389796e+01
1.558308066594558e+01
9.756074519714375e+01
8.484037573674711e+01
6.844214115684952e+01
4.352833537549169e+01
1.635314403863304e+01
9.338972763781889e+01
5.995104855855510e+01
2.147685024956095e+01
4.488597952056955e+00
9.050266830739689e+01
3.809731869869741e+01
2.188612847676786e+00
1.123679485695287e+01
3.219155004815736e+01
7.461819847795097e+00
3.792594654389003e+01
1.506978772351043e+01
8.063698032900550e+01
5.528729141470384e+01
4.224469281837562e+00
3.896937493186881e+01
9.793169801027128e+00
9.584531718671569e+01
8.937960233976115e+01
9.648086763754527e+01
4.127818287409757e+01
9.469935963614815e+01
7.424055644042816e+01
5.915936797818140e+01
4.894158292978144e+00
1.325987722410815e+01
8.973676268464736e+01
2.837763863074483e+01
2.515048008651960e+01
6.176156530238761e+01
4.473078266937788e+01
3.148651068633725e+01
3.671108718808325e+01
2.766693366117167e+01
1.188334450679056e+01
5.663431503653261e+01
8.259142464147480e+01
2.132396792123279e+01
3.155605142542908e+01
4.426729639259507e+01
7.150502441055376e+01
1.768280287165325e+00
4.900140713388166e+01
3.386635521141177e+01
2.904529898848631e+01
4.877939310333663e+00
9.732823544057471e+00
9.992243819866444e+01
8.245298833700502e+01
4.076649571804632e+01
9.556605913469851e+01
2.976184223301794e+01
8.538510328409501e+00
1.524209655599766e+01
6.308881373288521e+01
3.066401334044711e+01
3.270270644347310e+01
7.233688573927473e+01
2.880502195507522e+01
1.709542917883742e+01
9.437755746505110e+01
9.649299569264660e+01
6.792241552282238e+01
6.925449919386510e+01
2.415992930725214e+01
1.939677978837713e+01
2.094054884321082e+01
9.643334876579854e+01
5.511295276466429e+01
8.599867438245504e+01
7.270466437223585e+01
6.197942954580273e+01
1.756483587322982e+01
9.169667027504028e+01
8.977563292243315e+01
9.074201136396360e+01
6.136413387086435e+00
4.558574424385360e+01
2.970655738828078e+01
5.577835894924512e+01
7.582047315119787e+01
5.888538796402764e+01
2.412294550990823e+01
3.068412273688434e+01
7.701998426440171e+01
7.086002136155032e+01
4.559389205909981e+01
3.978370988731445e+01
1.605537581073836e+01
5.830910059544682e+00
4.232202760983353e+01
5.212072611419518e+00
4.644777953924974e+00
5.592603159878684e+01
2.402132638917366e+01
2.455185438718268e+01
2.802062254772551e+01
8.748239003470279e+01
2.620519032990802e+01
8.444444792552126e+00
5.338482053642386e+01
9.890985470214386e+01
1.601285371743741e+01
7.562415645254038e+01
6.600756606366838e+01
7.074277529993223e+01
9.528911746818997e+01
9.840358844883907e+00
4.860548197692516e+01
5.703061728599975e+01
8.537099793803458e+00
9.891646266864448e+01
4.893585427149006e+01
3.933452281138604e+01
9.827807363973841e+00
7.330701270760363e+00
9.586570965864961e+01
4.775630177359856e+01
3.195728041788437e+01
2.811749043321120e+01
7.329503170833691e+01
1.374805407307486e+01
1.822968959725913e+01
8.213898627187078e+01
8.290315074050014e+01
1.234005615689794e+01
9.065648107354365e+01
9.132465719772721e+01
9.695102753907024e+01
3.154000501685776e+01
4.395688103696186e+01
2.345230766732819e+01
7.659746900973724e+01
1.842579088100502e+01
1.820785315623873e+01
6.410178638254376e+01
7.733593004631621e+01
8.267644005020914e+01
2.173126960253868e+01
4.182467741976710e+01
2.247324908267392e+01
5.974546361702748e+01
4.245310283380239e+01
2.722851644606726e+01
6.504385092530579e+01
1.755952891780041e+01
4.298971250792486e+01
5.944635069903283e+01
7.583401812046488e+01
3.979722971087193e-02
3.922878873498588e+01
3.509886075514316e+01
1.836113683803060e+01
5.679782552495497e+01
6.084005183579403e+01
5.733340869533522e+01
4.232130299430401e+01
6.212058736110133e+01
3.417842063781732e+01
9.624414280813380e+01
7.765975016060274e+01
9.185320436575134e+01
4.855937750477315e+01
7.620738804163756e+01
3.969432094120156e+01
5.566525717995374e+01
2.476174967585213e+01
8.386055137210550e+01
2.110788902319404e+01
5.262651785864798e+01
9.227325641190319e+01
4.358113810586796e+01
5.701676195348462e+01
8.991731204554313e+01
9.233110402353624e+01
1.061511356877867e+01
6.762116144766154e+01
6.049953375966266e+01
3.553107568786064e+01
4.121916449685542e+01
1.313211070985166e+00
1.675720234250520e+00
3.038227368629644e+01
2.294249945457210e+01
2.500491706887489e+01
9.288327609788779e+01
2.420678703310284e+01
4.261591785709184e+01
8.599767362978201e+01
3.639484789985924e+01
5.647395358256714e+01
2.933859826500462e+00
3.074566872359518e+01
4.986406795208531e+01
5.586565400281253e+01
5.678734106793411e+01
8.800645362958612e+01
8.062740372523078e+01
2.543816423296843e+01
9.114342606214034e+00
9.583533387437245e+01
5.308563544092962e+00
4.966781826208710e+01
5.998584728687343e+01
4.678466219770939e+01
8.993294918440886e+01
9.101221239707070e+01
5.426150316105294e+01
8.999498178716514e+01
2.354638423935808e+01
5.328204345576560e+01
7.175683871459069e+01
8.248478513326720e+01
7.631151619195543e+01
2.252101838706109e+01
3.520452102422924e+01
3.793921300114096e+01
9.544641640756578e+01
8.748959195217564e+01
1.673244606551362e+01
4.969549679648853e+01
1.972916834975088e+01
7.575150363880745e+01
8.322081402094142e+01
5.395526408867690e+01
6.906004346397707e+01
8.186254095372863e+01
4.260535679878917e+00
4.430975562162220e+01
2.327118526365198e+01
1.069019875055654e+01
7.577494167526017e+01
8.013853546238437e+01
7.225419309560871e+01
9.208990227994039e+01
1.663780050195651e+01
8.258745804549542e+01
4.319703082702916e+01
8.118470082114669e+01
4.415745779134215e+01
7.643469850366688e+01
3.589332775952915e+01
6.893912063396495e+01
8.855046820293668e+01
5.812810783187305e+01
7.085549266583077e+01
6.949542559194165e-01
5.666557655514477e+00
8.650522897322905e+01
8.848456511669073e+01
3.779139427365335e+01
2.469430399345900e+00
5.677841001040228e+00
2.532702620389267e+01
2.754463028514042e+01
9.457803037696426e+01
2.145711403407953e+01
9.901946815616427e+01
4.382241090937629e+01
2.354462422595575e+01
3.667649069646210e+01
7.208257549073667e+01
6.515018738114749e+01
2.429188835634472e+00
3.224111508216761e+01
4.440607789177731e+01
2.935238649572823e+01
6.372817147696771e+01
7.638220702129519e+01
2.770064250924654e+01
9.151245811558908e+01
3.212480979604870e+01
7.216687089398823e+01
4.067485963025823e+01
8.912302753381573e+01
3.131939285961883e+00
4.007926985625144e+01
3.095497448507462e+01
8.866867613451028e+00
9.526318083296678e+01
6.152578502033175e+01
2.847429580449792e+01
6.433496101029914e+01
2.263473077799880e+01
4.636305605357655e+01
5.499920340022035e+01
3.161157948505672e+00
2.815732840828473e+01
9.133782954483192e+01
2.742978675636919e+01
5.161013722029055e+01
4.089472002391458e+01
2.797206376119147e+01
2.320353320017622e+01
2.639660147316596e-01
7.239640642534773e+01
1.830643528062219e+01
7.832877197225055e+01
3.135977495990683e+01
5.377417549201016e+01
8.808623123359224e+01
6.067467334711676e+01
4.144313630715158e+01
1.656692010190660e+01
5.394121103637908e+01
9.374366067058577e+01
7.106320777491815e+01
4.226986339421471e+01
5.553231651686706e+01
9.708770750886188e+01
8.906451696020761e+01
5.932759291461092e+01
4.508888551271003e+01
2.524679593054894e+01
6.010603460488191e+01
9.734918707858267e+01
3.574235855403466e+01
3.204905760104258e+01
3.988490763114994e+01
1.506740879969085e+00
2.549660574900760e+01
6.034242061914058e+01
7.515035256517602e+01
3.481663164441317e+01
4.957126614152047e+01
9.096735892396764e+01
6.876035997120681e+01
6.787770146870878e+01
5.030671043801433e+00
3.807646047234370e+01
2.714705086645999e+01
9.387785740842943e+01
2.690602602758726e+01
7.115481461917740e+01
8.138650086772931e+01
8.056423351194907e+00
7.558512765708618e+01
1.044374760726641e+01
7.192076643552667e+01
4.458728090142239e+01
1.571830004254277e+01
2.871792988326304e+01
8.312377030175355e+01
1.331152762906232e+01
9.461084990511221e+00
1.839118186309523e+01
6.294319688479565e+00
4.520344354454588e+01
8.911599544301443e+01
1.798265581856606e+01
6.827369684738744e+01
7.102923005401587e-01
3.397923709544317e+01
7.169969392553888e+01
3.798770943562859e+01
2.484974871615402e+01
5.056585541487013e+01
7.345467967607765e+01
6.718039068727772e+01
3.146674182799959e+01
5.824008824221794e+01
2.760927259345040e+01
6.609855925948293e+01
8.986494042438685e-01
4.841659271550206e+01
2.050281885103454e+01
2.142972118287800e+01
6.811961208848265e+01
9.708280018394943e+01
9.643237297257053e+01
3.202958001384027e+01
9.310082303970159e+00
4.376927974809393e+01
5.122666459122052e+01
6.383112499668781e+01
1.096021794293086e+01
4.487249816063442e+00
7.105560762391221e+01
7.454976857386053e+01
1.011737157130492e+01
4.928784773186214e+00
4.437650653737435e+01
2.672921308629644e+00
5.506392803744596e+00
9.946518707995544e+01
9.286382333043210e+00
5.168313023246970e+00
4.555776624267817e+00
5.308555506779140e+01
1.996853613293196e+01
7.434997804199810e+00
4.673189639427322e+01
4.914528226905748e+01
9.156878431866355e+01
4.539890216914886e-02
5.610834353422203e+01
9.591774106766924e+01
4.157574420868221e+01
7.013748258824343e+01
3.079259536731644e+00
8.923828494233931e+01
4.519754235874747e+01
3.794769548715450e+01
4.962319249735362e+01
6.941909746705512e+01
2.817837392360827e+01
9.276601238770691e+01
3.578086017434525e+01
1.294648885398474e+01
5.510531726996663e+01
1.794258203261652e+01
5.698567799152140e+01
2.385198703215084e+01
3.275381635537083e+00
1.817164431240952e+00
3.085731478913562e+01
9.583595725513806e+01
4.013547801418951e+01
2.801544229873244e+01
4.340095759527802e+01
7.491959779286739e+01
3.500954962103141e+01
1.305643893454989e+01
1.651875787252503e+01
3.120716820992863e+01
2.596647852378268e+01
4.371513474905637e+00
1.452840166842956e+01
9.341161283357610e+01
4.127100098006008e+01
2.983291076022801e+01
6.321801057235245e+01
9.612540090276181e+01
2.972985842718271e+01
8.045349571874993e+01
2.874776079726767e+01
7.838684901519997e+01
5.558368137831972e+01
4.196281034590807e+01
7.946950540853176e+01
6.634593241212234e+01
6.414224373369582e+01
7.582978032335164e+01
9.682396775894983e+01
6.191926596775617e+01
4.306111379669100e+01
1.490827287310188e+01
6.239007099642887e+01
5.337352098588531e+01
8.456352468792512e+01
6.936303953144841e+01
9.505007047906986e+00
2.693880834939834e+01
5.089939476498374e+01
1.108434019195118e+01
7.524102464096669e+01
3.159055031444437e+01
3.448918104846458e+01
3.471898270524991e+01
3.411076573380770e+01
2.930661692717421e+01
4.380468425518120e+01
