5.531193737653640e+01
8.671801075652149e-01
6.538820465346249e+01
6.065643781826665e+01
7.165124345182033e+01
3.455880751579944e+01
8.522179773320528e+01
6.387180749507240e+01
9.356818394435950e+01
8.424094076465859e+01
8.217596173387764e+01
7.341728502577975e+00
5.192950058352645e+01
4.409522765506768e+01
3.188654167199812e+01
1.790409163474296e+00
7.670932164262483e+01
4.386333201260461e+01
7.264082253567913e+01
1.964379708266063e+01
3.328434873059594e+01
7.853169742903286e+01
8.135391766268476e+01
2.005809448662125e+01
6.326935326832782e+01
4.659563854643871e+01
4.618128349361070e+01
6.236005516832697e+01
9.529029330950711e+01
2.163228025735928e+01
1.903150184966228e+00
8.947188900293405e+01
3.690632727784399e+01
3.651004458615093e+01
4.706823725582484e+01
8.557570683098199e+00
6.165263110848732e+01
8.861344716912761e+01
5.419078704630527e+00
1.595634972488338e+01
1.154781319738730e-01
3.341080026394259e+01
4.065049124911916e+01
4.821954357820542e+01
2.337401622132120e+01
7.253703292111729e+01
1.789180418378292e+01
1.398813892807259e+01
1.640036493372189e+01
6.507069052433162e+01
4.274527856276617e+01
4.968471366431784e+01
5.007907797120469e+00
9.435873515641258e+01
6.974280815093908e+01
6.827726111201441e+01
6.187833615666178e+00
5.059553447672890e+01
3.350702241692088e+01
1.338768564788051e+00
7.222781473408817e+01
7.472364747651092e+00
3.527553511563480e+01
7.374224200553365e+01
3.052532907134170e+01
4.488899640035303e+01
2.504487974804122e+01
8.372298813598370e+01
8.051411755406956e+01
7.627971832467230e+01
1.703175083595875e+01
2.821288678246219e+00
4.975371027819519e+01
5.768224208507792e+01
6.344722833644936e+01
9.352682553861608e+01
3.021927495962907e+01
1.728261621542397e+01
6.130106116705624e+01
4.661963989335096e+01
2.182938490148139e+01
2.786473316506703e+01
4.989463768428873e+01
6.101777002262779e+01
2.814553586214107e+01
1.650907132612032e+01
1.704399553921260e+01
3.433336952437338e+01
2.930478846156262e+01
8.510122983022650e+01
5.264913982369431e+01
4.913129631855120e+01
9.406139426588146e+01
5.340846211342535e+00
3.505216596417696e+01
3.805424647315137e+00
5.022984261169556e+01
5.062480329099335e+01
1.123602456005105e+01
1.030399129274487e+01
6.106942080011098e+01
4.529372176401957e+01
2.905416019682501e+01
1.082313107830618e+01
3.520828538351147e+01
8.009499245327663e+01
6.708916889833714e+01
3.998185616917063e+01
8.775855451252245e+01
4.525191874487881e+01
7.331969946311773e+01
5.728319625243693e+01
8.474667616409560e+01
7.846401742587985e+01
4.617426942390123e+01
1.652912363248371e+01
3.567121463626214e+01
6.321826496311382e+01
9.882492399719773e+01
2.556854506282534e+01
4.980729443477806e+01
5.340499102762202e+01
5.676420221885861e+01
4.386868865409339e+01
7.895569628055938e+01
1.997143077662747e+01
6.774804865370879e+01
3.601810607873747e+01
4.303690048076068e+01
3.679283849745655e+00
6.225097759731625e+01
4.262904526788232e+01
4.247782637480545e+01
4.341115762638448e+01
6.965881985130665e+01
7.917904536201574e+01
7.140013020085178e+01
7.360754649788493e+01
1.293249605825753e+01
3.971837667735218e+01
3.048948945034737e+01
8.518558083343579e+01
3.083349286151747e+01
2.098982069687444e+01
8.602422852349664e+00
7.700776228541871e+01
3.176528920036056e+01
4.427363748861180e+01
9.940474168369768e+01
1.021077884836624e+01
6.951450755331410e+01
2.576078363962508e+01
6.361576987598826e+01
2.480466017723300e+01
7.550164362206201e+00
4.781393569326677e+01
6.385810462006280e+01
1.581450245148246e+01
3.015386873397691e-01
8.848152779437672e+01
1.949378634779425e+01
1.829580777245378e+00
6.611999350884929e+01
6.197161272259970e+01
4.524073845019598e+01
9.246545615255155e+01
9.302236609767301e-01
8.733460315844724e+01
3.504842288561558e+01
5.279549199752299e+01
5.844394604603013e+01
9.656249210078384e+01
5.567264047249809e+00
8.927743895411372e+01
1.179865762209457e+01
1.416968689959947e+01
1.915366492194760e+01
2.616342079181383e+01
5.844332443477741e+01
6.511228394932686e+00
3.637419964018008e+01
2.795783194152537e+01
5.905913610898850e+00
3.166874359905196e+01
7.184450578496070e+01
3.044656032251500e+01
2.235157653798888e+01
3.570261040502349e+01
4.626106282056359e+01
1.080952995028790e+01
5.103900258012069e+01
6.575484916835784e+01
9.397740340511193e+00
5.826049021364212e+01
6.067106796459810e+01
3.707493782838571e+01
4.488572191674528e+01
5.340638107313140e-01
2.440954094026682e+01
9.062904216844078e+00
9.524557967448867e+01
5.146252077606624e+01
8.667412991014967e+01
8.128436751723493e-01
7.349855572613821e+01
1.440393566824679e+01
1.498253062133795e+01
5.689460321184928e-01
4.056735646006063e+01
7.342585505611537e+01
3.149178471951363e+01
4.287820539571261e+01
5.951152935601376e+01
4.283953539228045e+01
7.693152561640903e+01
5.273529149253633e+01
7.328609571479545e+01
9.928310220096405e+01
3.256161363449023e+01
1.954715848879291e+01
5.297196561143359e+01
7.908775218719978e+01
8.530200765715075e+01
2.674208964535132e+01
6.195904322059781e+01
9.079032847228940e+01
7.352798710275813e+01
3.729571445719139e+01
4.168515500691028e+01
3.502676325618604e+01
4.018456132159780e+01
3.693073468139895e+01
5.262332845135747e+01
5.770042462167350e+01
3.774357835657130e+01
6.053333797516922e+01
8.286052326804982e+01
5.272610897790925e+01
3.253019267345321e+01
5.158456869031516e+01
3.558031615595348e+01
1.908879714044221e+01
5.877153946029560e+01
2.753565093853308e+01
1.482829075065827e+01
3.570306503013850e+01
4.782713695793745e+01
3.356772555670130e+01
2.303935132130950e+01
9.694646769061055e+00
4.525254706165406e+01
8.910547913476150e+01
8.878239895626083e+01
9.979997524050994e+01
9.644854264168467e+01
3.459850416267221e+01
4.679580100197149e+01
4.065377737425909e+01
6.439751017112168e+01
5.451359970239624e+01
9.278732654302722e+01
6.477522340825537e+00
9.144433438379519e+01
7.410846970701054e+01
3.144076267790085e+01
8.775049293774669e+01
5.271921411748939e+01
4.703847018398273e+01
9.049339922633646e+01
3.120123936384974e+01
5.453337289138388e+01
8.065985705734224e+00
6.407458477843301e+01
9.308581296032565e+01
3.560163664426731e+01
8.573929811163772e+01
4.317082457392049e+01
6.899269780562850e+01
6.202997866181190e+01
8.399414456635441e+01
8.223515613108647e+00
9.912633621093182e+00
2.551858789544487e+01
2.436388909088629e+01
7.560127371717303e+01
6.840081991087683e+01
3.898961964947619e+01
7.816494585860751e+00
5.599717090651261e+01
8.880396261289900e+01
6.233009428825700e+01
4.878449744953983e+01
7.969201313317381e+00
1.424190672777682e+01
7.479663168769173e+01
3.940996399121823e+01
8.296234141241868e+01
2.751584575861499e+01
5.766367169919595e+01
5.074081646778659e+01
5.646458796992179e+01
7.906195287549028e+01
7.294234878986252e+01
7.683983732799061e+01
7.995163871904445e+01
8.543985434129828e+00
6.257913539306220e+01
2.895961605429632e+01
4.490946575296552e+01
7.919905813373582e+01
1.295376057408459e+01
4.714317733754552e+01
3.845731724913107e+01
8.490603788984289e+01
7.150706642843181e+01
6.471296542543590e+01
5.330685780071973e+01
4.181067330847060e+01
4.126186172536661e+01
9.780201478758921e+01
6.818886840166005e+01
3.591955967057476e+00
4.222966606832559e+01
7.615806971497744e+01
4.101100510033360e+01
1.702629770945120e+01
1.556803370619567e+01
2.834922765770426e+01
9.474282790661921e+01
8.761750244890223e+01
7.580383577188655e+01
5.730739601762378e+01
2.801948167757107e+01
7.617070161559187e+01
3.414723329904826e+01
5.151282532676720e+01
4.582489358532470e+01
9.672636873867660e+01
1.817699345675157e+01
4.941695744610250e+00
3.999561124481056e+01
1.619312894353323e+01
8.013800186111499e+01
7.845292849394163e+01
1.099166833376124e+00
4.838260083849663e+01
1.189829558688137e+01
5.440602463409585e+01
4.831069686837061e+01
5.316015731224798e+01
4.572595415903533e+01
8.137320782121887e+01
5.675211327930545e+01
2.404150339962985e+01
5.753127753619630e+01
1.411849791841512e+01
4.106780110908105e+01
9.253952661181778e+01
9.221885101507364e+01
2.661896204884115e+01
7.806984245687251e-01
5.965231301246784e+01
4.291734059477101e+01
3.992683931250443e+01
1.267407257700063e+01
7.706457394038540e+01
4.178947216914477e+01
5.849896616232533e+01
2.285673326014389e+01
7.262793284497593e+01
5.609206322398599e+01
3.314284888708166e+00
8.882106183507528e+01
1.843054756449095e+01
2.034183769502762e+01
8.992022866845141e+01
3.977278696362524e+01
6.017373230316384e+01
4.432625325598114e+01
2.925699671230139e+00
1.640435080807859e+01
2.613809058728539e+01
7.063426015462460e+01
1.405004840998447e+01
5.017959403348137e+01
1.064820001397664e+01
2.816854632839959e+01
9.124739514256241e+01
5.223328194219307e+01
9.447890468615986e+01
7.685733971970963e+01
9.706905470093203e+01
4.226808326424476e+01
1.977468031448064e+01
4.812279248057063e+01
4.365634827113540e+01
9.683925425486605e+01
4.646158816593773e+01
4.559008313603238e+00
4.937982780364334e+01
9.013928975450773e+01
8.087159873958286e+01
8.441675067153608e+01
7.896035154301690e+01
3.931361666848586e+01
7.665623294965188e+01
1.802151921113092e+01
6.635876268444525e+01
8.636075732594392e+01
2.818451362111816e+01
4.514775846393209e+01
3.109124024915101e+00
2.342495314005062e+01
2.819094123700212e+01
4.711281417268925e+01
5.221482573645881e+01
3.560879134368561e+01
3.165894799477372e+01
8.077191313764635e+01
5.955819387899628e+01
6.292631098205518e+01
5.762925285735599e+01
5.389160218364169e+01
5.194394199733806e+00
7.740393317183663e+01
4.019727871762462e+01
8.526222840196557e+01
7.424318738013655e+01
5.537511392281164e+01
8.982123671556880e+01
4.487338417436619e+01
1.145336013820645e+01
8.380338972611511e+01
2.929013479933615e+01
2.688309179008151e+00
8.978592492164388e+01
5.946367702421903e+00
1.618654500515505e+01
5.614468755952301e+01
8.674037851707097e+01
2.939337842603837e+01
1.669625193658110e+01
2.849266958818430e+00
3.296780420139795e+01
8.688594614476243e+01
7.697431877114546e+01
1.130527314325109e+01
9.824878880672566e+01
2.086397186893224e+01
9.347507129119479e+01
5.780698268572194e+01
4.114780278929872e+01
6.096160554371849e+00
2.104974944193370e+01
2.540556463664657e+01
7.992342188019464e+01
9.265677537427133e+01
1.066779299204601e+01
4.802045661398231e+01
9.280447200536935e+00
4.890296610486832e-01
1.864839383338037e+01
1.337366174597929e+01
5.096133786764058e+01
2.247462576370436e+01
2.493202538459191e+01
4.074726274271833e+01
2.842099346612627e+01
3.175885054830408e+01
9.689195030224134e+01
1.516137193663110e+01
6.691045251996744e+01
8.696809131045271e+01
7.227399832209292e+01
3.925025124999241e+01
5.054876271195187e+01
6.625894679048049e+01
1.118352981805034e+01
4.879755147211139e+01
7.425287457846704e+01
3.654780515308855e+01
7.524070580268312e+01
9.446404501537981e+01
6.423703081171821e+01
7.698369104274721e+01
1.986960960546024e+01
7.279710987247393e+00
2.625373039685829e+01
3.053740259750625e+01
5.559081787038167e+01
2.257575542785961e+01
3.102643225855494e+01
5.092724028552288e+01
9.496432239886575e+01
8.198777012619551e+01
5.950821426674175e+00
1.364840893710424e+01
2.273503286891386e+01
9.967092811114664e+01
6.101491817320460e+01
1.962698312458907e+01
1.483230004777773e+01
6.454977531197936e+01
9.952617171198416e+01
5.482599640024174e+01
9.450090955686797e+01
7.924710092099714e+01
1.843406284155048e+01
8.747548790996684e+01
7.859818319724788e+01
4.604688610231825e+01
6.203618317937300e+01
1.588934330078277e+01
4.051093107113192e+01
7.279094484299000e+01
7.113349129032972e+01
6.038054067659216e+01
6.860944590000877e+01
1.903441460758188e+01
9.091794327409842e+01
4.919653327632534e+01
8.758248481321264e+01
2.194437548608723e+01
1.237735618482221e-01
5.090538926930418e+00
7.366397579836844e+01
2.094555884643717e+01
2.443154855837652e+00
2.130194917381832e+01
2.061648691101768e+01
6.345807307560838e+01
4.629416160578567e+01
7.183803313963023e+01
2.869598261485620e+01
3.338620119420169e+01
9.083550949154213e+01
6.576205830358064e+01
1.263330211519883e+01
6.206879488288835e+01
5.886374826490123e+01
2.680988368895365e+01
8.115680938640461e+00
7.088434243150257e+01
1.914756271017136e+01
4.862661200977239e+01
7.694002970910633e+01
1.383271828006614e+01
9.007152639798425e+00
6.394278153960723e+01
5.157819402011958e+01
9.992509591389684e+01
8.874904014577579e+01
3.215368372954134e+00
4.970767444451697e+00
7.288546686660753e+01
2.170748590571223e+01
2.580161696570070e+01
9.383102571304470e+01
2.415064076154988e+01
2.625439224124625e+01
5.762579574139127e+01
8.760871383715826e+01
1.602697713115577e+01
4.989629958285778e+01
4.587629784172228e+01
2.143866080857751e+01
4.424556817125788e+01
4.308393734650870e+01
7.965564987606166e+01
1.479253061804573e+01
6.226212254830735e+00
4.763367983868051e+01
1.035555876342373e+01
2.129820344098760e+01
9.033290687498307e+01
5.898217081976225e+01
9.823823315009392e+01
1.408202904932295e+01
8.909855451858535e+01
8.391677694577574e+01
2.447109665929857e+01
2.775096410315063e+01
4.369760302067623e+01
4.820901809642511e+00
8.978389072687546e+01
1.658306984071763e+01
2.652838771535474e+01
1.558550764601003e+01
7.892598294602986e+01
5.067902847690463e+01
6.805430309290732e+01
2.486160817782470e+01
3.828774231406290e+01
6.919145456943264e+01
7.475790776068247e+01
8.161529823281583e+01
9.112624763097905e+01
3.386871690576370e+01
6.923710832802445e+01
7.078189746047458e+01
1.716886852736067e+01
7.095559005204383e+01
4.476753498649575e+01
2.752442729078439e+01
6.233011822324718e+01
1.713045072608183e+01
9.460774953225989e+01
1.557024517821625e+01
3.926606696996189e+01
5.449592157010731e+01
9.948702212399199e+01
9.687270284484732e+01
7.620774450535315e+01
8.136935629014362e+00
1.693604607923704e+00
1.219423157730803e+01
5.196993837690444e+01
2.822199232327844e+01
2.777973926988418e+01
9.213906856819012e+00
7.890102080018308e+01
9.583404236279151e+01
2.621785342982870e+01
1.718876306767984e+01
6.265130236868342e+01
8.743435660723334e+01
1.386495214601278e+01
5.377754999966247e+01
7.693254052518520e+01
4.284271436875812e+01
9.722460484934253e+01
9.410140905254586e+01
7.804668884633421e+01
8.941840151763447e+00
4.274574645922787e+01
3.189560809726623e+01
7.709258165075099e+01
8.132434407310763e+00
3.077113210725185e+00
5.728477065325005e+01
6.262835597741807e+01
6.704061020493536e+01
5.415747345153125e+01
2.721929132343237e+00
3.015324721585645e+01
5.585107805945495e+01
7.723660267760819e+01
8.212318559276088e+01
8.407307038273339e+01
2.501266772160897e+01
3.614673811762908e+00
6.297409113635034e+01
2.084671003783434e+01
3.175286153878684e+01
8.016285425059631e+01
8.349801240651774e+01
1.726688384882495e+01
7.068556922985501e+01
5.712203795887625e+01
2.762911581789568e+01
2.554028100592097e+01
6.183500981975114e+01
6.479036093912570e+01
5.896787953514973e+01
7.077684997151459e+01
7.450014062901033e+01
1.638822519052226e+01
4.691511492566909e+01
5.581099617099902e+01
1.946533844781357e+01
4.508888947083097e+01
2.074292568524504e+01
1.524099172802688e+01
7.966706095247858e+01
4.221568449503541e+01
1.365039456340037e+01
7.833609430973236e+01
3.944861294676020e+01
2.650814998266667e+01
9.473604266286644e+01
6.446128066836916e+01
7.577288047213708e+01
2.306889287339006e+01
8.530799070620350e+01
2.768230998315025e+00
1.818257338282772e+01
1.950441441475619e+00
7.097430530515234e-01
9.585492037974992e+00
6.081565425769223e+00
3.542642110745722e+00
7.538902399846774e+01
6.791657524552038e+01
7.925439592416137e+01
1.961839013715200e+01
3.869342517046883e+01
1.842015237473890e+01
3.600661532767425e+01
3.554256597326257e+01
4.123132589330493e+01
5.547195377548781e+01
4.067354497531128e+01
7.014577173169040e+01
9.195538363044867e+01
7.623936132352770e+01
1.236145618015968e+01
7.790944770812497e+01
6.211032516421299e+01
5.181006917348601e+01
4.042738314737910e+01
1.032585837427800e+01
1.627134979528904e+01
1.161215473507166e+01
7.062490925687594e+01
7.811679922887906e+01
1.438038573338668e+01
8.880748263970366e+01
7.038534361421380e+01
1.090502809309635e+01
7.767562520582025e+01
7.646690903998302e+01
7.344309197433437e+00
5.757922639957593e+01
4.438348428550339e+01
1.012257747823493e+01
9.170497068749040e+01
8.307690945597221e+01
2.854272989953995e+01
3.444567939007919e+01
1.861947542923478e+01
1.214505835070510e+01
6.867618563988999e+01
8.295952811975010e+00
3.297765824616777e+01
5.577706599411418e+01
3.553768249020804e+00
3.176111631643079e+01
5.246849192887009e+01
5.812922388228085e+01
7.582881100281553e+01
8.785248016372904e+01
1.457770569928815e+01
9.210016084467068e+01
4.677431939485218e+00
6.041795074027868e+01
8.931916225204205e+01
1.905781771943803e+01
1.308344272574570e+01
7.243460606431337e+00
2.996284581253438e+01
5.149879164597895e+01
1.160891256835727e+01
2.079818049482916e+01
9.311612252756773e+01
1.273060450923192e+01
1.949844575463722e+01
6.418284949110023e+01
6.799214764870337e+01
9.041217825860353e+01
8.351797092869784e+01
8.661162307793816e+01
8.825828954030681e+01
5.219415652202171e+01
9.490757588991316e+01
7.667654658512983e+01
9.057401311144885e+01
5.359958198554794e+01
3.623496291052316e+01
4.304250499375281e+01
9.055124753646146e+01
6.490366121982395e+01
3.610778219816637e+01
4.824552989948798e+01
6.348124941041752e+01
4.078521418421772e+01
6.193979809151021e+01
8.245546840245625e+01
5.984303190365575e+01
2.945520013079755e+01
4.960763498656807e+01
4.040969523620312e+01
3.806628996416288e+01
9.013938889379585e+01
9.788734591467649e+01
1.086004563181663e+01
9.839559150785003e+01
1.609139154483163e+01
6.051121170656346e+01
6.542012322015135e+01
5.678987361341243e+01
4.402918258869517e+01
2.965839772003628e+01
5.109645661483354e+01
3.814785179595829e+01
2.456597356338332e+01
7.983457612797366e+01
6.160695220418598e+01
2.573736455558677e+01
7.494634872998407e+01
3.629893252453717e+00
3.932987490637688e+01
3.762558774912058e+01
6.171570730475509e+01
4.445882809556035e+01
3.076189389953478e+01
4.803424344772205e+01
6.698737683100038e+01
5.211555555095689e+01
6.657588545539225e+01
5.353389096145234e+01
1.723190490958835e+00
2.756839102486539e+01
7.841449174024839e+01
9.186257943132081e+01
7.660763840033097e+01
4.081271376498636e+01
6.691720647128169e+01
7.691385879968939e+00
1.323925424983690e+00
5.619514829301981e+00
4.791428449000897e+01
2.940317258676662e+01
9.377104481392124e+01
8.481075269394124e+01
4.157644707782960e+01
6.418835239679942e+01
3.530715593849642e+01
2.061373103438585e+01
8.992571695238618e+01
6.584274599600711e+01
5.821365646934773e+01
2.729104544375606e+01
8.496298137352009e+01
2.416129583686651e+01
2.873703834076274e+01
7.675451896002261e+01
5.301745806495541e+01
9.932600106081273e+01
4.744758994665350e+01
8.064221696958049e+01
7.426036627695913e+01
5.374492893635525e+00
5.385179792244536e+01
9.369750749026309e+01
9.723707232495633e+01
8.120906915571963e+00
6.568832111809790e+01
6.415427874967189e+01
6.522732617576948e+01
6.701224654308159e+01
7.411825986305170e+01
1.168007506601516e+01
2.544577202081949e+01
1.152351969458327e+01
1.239136355574772e+01
5.878240329156742e+01
4.558113545439259e+00
3.128235523183008e+01
8.231560088801925e+01
2.832342755437057e+01
8.838521092589255e+01
4.833378929101573e+01
5.306332067263467e+01
6.068570164995533e+01
5.331700390824908e+01
8.795309722793898e+01
3.744022056341181e+01
9.558470253627036e+01
2.526834282338076e+00
8.168589048166103e+01
9.305473733369948e+01
7.678720055929720e+01
8.706038337529655e+01
4.690653520957871e+01
1.662807865842622e+00
9.683405528628923e+01
5.502744212515067e+01
6.735112898394053e+01
4.225844705582523e+00
3.350884957868087e+01
3.436337548045599e+01
4.885190122241708e+01
4.518892464469603e+01
4.672872999065031e+01
8.317720092980993e+01
4.116412389146356e+01
2.931954382421428e+01
1.423962382331473e+01
7.244647912329366e+01
8.298613246669348e+01
8.209433182240200e+01
1.636266848834356e+01
2.104897299830288e+01
3.515765249503667e+01
4.048118025086875e+01
8.820594287859552e+01
9.789073769836256e+01
1.448859070171071e+01
8.379064536829975e+01
1.948484579077216e+01
2.016587183818495e-01
7.684538265543310e+01
9.627204639663549e+01
8.726204209367839e+01
5.299547354364557e+01
9.793485426247813e+01
2.303579311027927e+01
1.419941667197245e+01
6.528598324641864e+01
4.279322398025227e+01
6.271977860607196e+01
1.380616636658374e+01
4.258122618430351e+01
5.747713416697324e+01
8.434330694579674e+01
8.209251998089837e+01
9.864125805843680e+01
4.704862029619916e+01
9.313148287736415e+01
7.108773718173045e+01
3.003475271632651e+01
7.522581465320000e+01
9.403458945175382e+01
4.632534731474023e+01
1.038346710167055e+01
7.108295959005270e+01
2.074798332562111e+01
2.734147861010464e+01
1.636046977544225e+01
2.554673060101770e+01
4.682632444744293e+01
8.783173486023756e+01
2.392113209884666e+00
4.309837079751230e+01
1.303544869322118e+01
6.002363793553022e+01
4.471817461062138e+01
4.634916798507290e+01
8.721459754147315e+01
3.409070159964762e+01
2.310145521680892e+01
1.721160049420390e+01
5.968566940151419e+00
6.568268140111243e+01
7.468873466117715e+01
3.224017486546197e+01
4.457454040859572e+01
7.332999271961394e+01
9.939527595387551e+01
3.770602323939373e+01
4.441772985477826e+01
2.943002862363590e+01
1.293183784602761e+01
3.133638563162479e+01
8.298017107089059e+01
2.331530499426430e+01
6.865159630247001e+01
7.313603319839390e+01
5.065678360436894e+01
9.910608706954220e+01
6.523875988332497e-01
9.748310805181187e+01
7.284380089158368e+01
5.267510011451091e+01
5.369904490825675e+01
7.490549593926663e+01
6.381019673487647e+01
8.161470386274844e+01
2.195049138830532e+01
8.374252216133407e+01
7.833836282526066e+01
8.528337105423370e+01
9.591703307624768e-01
9.390247901617664e+01
6.677985571640536e+01
4.735682711347790e+01
1.897810707752505e+01
1.135439607843496e+01
4.897284998976292e+01
4.378431199294716e+00
4.906041931782868e+01
9.339057984454119e+01
7.507443915823215e+01
6.199225721042243e+01
2.287838576495572e+01
5.805461018255661e+01
8.530756220468672e+01
2.860264481445898e+01
2.161357049905396e+01
8.940127612529382e+01
1.361471084580510e+01
3.219155004815736e+01
6.764904645627785e+00
2.039830559883188e+01
8.267932091033055e+01
7.402893261705941e+01
9.530380153809851e+01
6.456808460157741e+01
5.564363643324172e+01
7.329952063658253e+01
7.657007378366313e+01
4.357754850926695e+01
7.957162381129881e+01
4.926472932531718e+01
3.748002747887747e+01
2.710319348941706e+01
5.230717600896357e+01
4.312444801587819e+01
5.617877443143110e+01
1.002960964573063e+01
9.585098498307680e+01
5.853615745833896e+01
6.727101638320416e+01
3.090825114907150e+01
5.082698634398495e+01
9.014940219472601e+01
9.322519036625754e+01
4.889118543308749e+01
5.663431503653261e+01
4.529348846771451e+01
4.871817708421414e+01
4.509038545428328e+01
1.827651491308422e+01
1.830298496331227e+01
6.548869105311516e+01
6.411629527067592e+01
4.035589026303770e+01
6.079249254464754e+01
2.702819235950158e+01
6.877944486624536e+01
3.409201318123006e+01
7.699498654203256e+01
5.085176683536348e+01
8.488708086539390e+00
2.625971582078362e+01
7.499810777371661e+01
5.121100770831620e+01
2.183345417577469e+01
1.812255574302867e+01
7.389782093181172e+00
3.186306382150532e+01
4.213586474868276e+01
3.787571566080475e+00
8.618117211674394e+01
6.727086508985184e+01
6.737119484104738e+01
1.612416455341697e+01
9.086498529224889e+00
1.626238022756874e+01
5.053500782257645e+01
5.437998699693940e+01
3.401013521198655e+01
9.562539327685973e+01
3.274732876231304e+01
3.645040916113668e+01
6.111408428340874e+01
9.686362403298897e+01
1.175281396682971e+01
2.190657682805628e+01
6.408776732351993e+01
5.972836798044311e+01
1.365847592878085e+01
6.768603346668465e+01
2.112710644543502e+01
3.261173289856488e+01
5.164505674114687e+01
2.966561682041064e+01
1.415255685064595e+01
7.347851096348768e+01
9.307689261300345e+01
1.160395271685158e+01
5.017747592654893e+00
3.521275731512008e+01
2.013633391826243e+01
5.723641908598896e+01
9.253070200445629e+01
8.750752875930981e+01
7.980466055674695e+01
5.576606097433998e+01
3.769908940312410e+00
3.033966837932340e+01
4.237907861470202e+01
8.444444792552126e+00
2.596506160961700e+01
4.376627087768459e+00
2.430871670335006e+01
8.707914593959187e+01
7.487407218426189e+01
4.282467702535199e+01
8.985722721082029e+00
3.549915605015082e+01
6.728689762171679e+01
2.788524209888896e+01
4.731619346296237e+01
4.707136915394635e+01
2.947161077962798e+01
3.176777247887467e+01
1.807962084099633e+01
3.527091407928193e+01
9.347723354281729e+01
2.128349073290988e+01
5.997292998245588e+01
8.739697085106604e+01
4.380402408717388e+01
8.010926390071830e+01
1.409203168660963e+01
3.747225335681450e+01
6.761679261346198e+01
9.389669224335658e+01
9.210078706597015e+01
7.138670155377439e+01
2.423636057611386e+01
3.978036974546517e+01
7.379387271301535e+01
5.020142223229698e+01
5.162895328906782e+01
5.832385740164847e-01
3.728056812532273e+01
2.650302542676359e+01
8.121782056112671e+01
2.760291124116765e+01
2.692510137656941e+01
3.243466794138526e+01
1.125060353020700e+01
1.375893173448692e+01
7.950603709533161e+01
6.146072762155008e+01
3.375765431381652e+01
6.892006661226977e+00
8.434638198667503e+01
2.723488781006769e+01
9.520586356297407e+01
4.431931192256478e+01
9.015124993871490e+01
3.900988760358183e+01
7.094679589893053e+01
8.386217867204090e+01
3.167976328715671e+01
3.847559198666159e+01
1.438371767959731e+01
2.233624431413423e+01
6.343206999051947e+01
2.237633439822883e+01
2.247663257758908e+01
3.251510389731969e+01
7.257775663052581e+01
7.410558586665690e+01
7.090824738652829e+01
1.714542304032735e+01
6.128887718603428e+01
7.693459972596476e+01
5.612461555568716e+01
6.694143082338452e+00
9.369267620783891e+00
6.737521908589417e+01
5.742388035050774e+01
5.167224879920121e+01
6.169721528966782e+01
5.421072917720803e+01
2.559462158269930e+01
8.172205974428080e+01
9.247754173934345e+01
2.312218017090213e+01
3.676312725840283e+01
1.675720234250520e+00
5.981037270268909e+01
5.270865282635607e+01
8.687207321025062e+01
5.664427096799215e+01
5.323707147186486e+01
3.827828193934554e+01
7.551353763580020e+01
1.666914141581820e+01
8.240876406543364e+01
9.799017021338929e+01
5.637573327700409e+01
7.996613796798798e+01
7.209575603348006e+01
6.168725810092281e+00
3.323464981896554e+00
2.249780205194736e+01
7.360016343817122e+01
8.772168009901497e+01
2.380799037581682e-01
8.296943110552124e+01
4.830828693150929e+01
5.766196025426591e+01
2.789402637998296e+01
1.000550217461097e+01
7.674378071760003e+01
6.761204715241308e+01
1.386554591072050e+01
6.922132241037737e+01
5.439266341477291e+01
5.062867316912332e+01
2.522210447360859e+01
9.688689582836204e+01
6.593720385149922e+01
1.076000337990001e+01
3.600144201703437e+01
6.505744772267408e+01
7.576671805035635e+01
6.954264634733211e+01
8.172658913849229e+01
3.112261548224958e+01
7.936880391993039e+01
3.810232241549637e+01
1.108875345023757e+01
6.914176986047150e+01
3.476788612770284e+01
4.260535679878917e+00
6.307553079122470e+01
8.368049519307935e+00
4.686229431389938e+01
4.208421699799793e+01
9.133748062482918e+01
6.018659153961884e+01
9.974617725226385e+01
6.318221639989978e+01
8.463818066969429e+01
7.648995796986388e+01
3.079426350574673e+01
1.703743963364392e+00
3.106961126023420e+01
3.507537307919719e+01
4.610254124091125e+01
9.756139437554468e+01
1.841538661085785e+01
6.319484168812393e+01
3.628358148796650e+01
6.288138402760093e+01
8.650522897322905e+01
9.553905944132202e+01
7.786334128019556e+01
4.706954259754603e+00
3.292134885346580e+01
3.805955002925337e+01
4.280927667525097e+01
2.229184565241069e+00
7.201319843158741e+00
7.757716280295381e+01
8.336547672905283e+01
4.904745693739851e+01
8.594521236882787e+01
5.000469496008228e+01
9.113167398196256e+01
8.673702109918790e+01
1.019128649970111e+01
9.087785118766028e+01
2.125916314369960e+01
1.687929570529577e+01
1.042944458798945e+01
6.175755195401494e+01
8.727347673255646e+01
1.307908944463315e+01
6.191204160540925e+01
3.337601797346771e+01
1.064048377361171e+01
8.879198361597582e+01
9.129893546518821e+01
4.692406526157822e+01
5.316074278818478e+01
9.526318083296678e+01
5.736232700634856e+01
2.953670887720618e+01
2.278081147129685e+01
9.028367585981437e+01
3.223382901970010e+01
6.179553156802222e+01
5.563638571446593e+01
3.943514886285884e+01
3.937269432440991e+01
3.453897220759604e+00
8.848260580025735e+01
5.822256713091515e+01
5.345859222740800e+01
7.961427973565380e+01
2.600599593762588e+00
6.364987872710911e+01
9.241475895625295e+01
4.361866719257956e+01
2.452629372688303e+01
3.785993998770599e+01
1.432468170035849e+01
4.272296407386798e+01
5.093902943233915e+01
1.656692010190660e+01
7.609898204733571e+01
6.157951320595085e+01
1.831539548855060e+01
6.739791746595778e+01
3.920103485658813e+01
6.340519094998258e+01
8.167721805240829e+01
1.544545936186121e+01
6.565041726718211e+01
7.847198395918682e+01
8.684703767618493e+01
9.788424628688220e+01
3.574235855403466e+01
1.383926794577356e+01
5.467606766832809e+01
1.831698744479426e+00
3.049728573788763e+01
3.586537420557131e+01
7.459099272945477e+01
5.903168677307278e+00
5.416280592519921e+00
9.339723367867862e+00
3.440163607448415e+01
1.218408030093838e+01
7.281571392566697e+01
7.123192077094314e+00
3.038559766969905e+01
8.714039562602545e+01
8.572476035250572e+00
8.423848873201688e+00
9.425274091505106e+01
8.673069490433237e+00
7.558512765708618e+01
1.256813635703555e+01
7.607098695639101e+01
3.479047260935906e+01
6.747601896872558e+01
5.774820496223317e+01
3.914873816033301e+00
4.969469190095304e+01
5.841167781428046e+01
6.376370334241712e+01
4.757893814126912e+01
4.520344354454588e+01
6.063830007828693e+01
7.516033434083701e+01
9.151668133750404e+01
9.489613645472383e+01
1.102570854640832e+01
4.985198636998049e+01
7.657665846709938e+01
7.009461595215583e+01
6.523653988970283e+01
2.016362776987424e+01
9.202502630279633e+01
1.819493045015025e+01
5.931842516144664e+00
7.374768428213321e+00
3.955830086002047e+01
2.247474078204238e+01
7.050075869564934e+01
3.381104172850542e+01
3.114781027247562e+01
3.882594515514837e+01
4.637917808554096e+01
9.116731015554038e+01
3.157812540027226e+01
3.042345267274577e+01
1.301022256399050e+01
7.250387509004393e+01
8.011814457369883e+01
2.934632498274852e+01
3.174962239887082e+01
2.769708271496793e+01
3.539669156791489e+01
2.318073190896806e+01
1.259541595941196e+01
6.695174317199353e+01
1.807686836369190e+01
3.507369711765726e+01
8.281018938068775e+01
8.372476221235691e+01
3.941236484768445e+01
9.640592089686818e+01
2.945001010291745e+01
3.143739110391466e+01
4.882382613086320e+01
7.367494542788478e+01
5.476820303814868e+01
8.838212699088366e+01
4.539890216914886e-02
7.303037828441261e+01
2.219316867282296e+01
6.882932384909564e+01
4.519180350247389e+00
6.857234675836393e+01
3.451629366470328e+01
3.609730579708577e+01
9.899579947767585e+01
9.948329585580309e+01
1.691809595419005e+01
7.911394400480852e+01
6.085599789435789e+01
2.901479603211153e-02
7.706602820058635e+01
6.711133796121523e+01
1.991643804121597e+00
1.114016725269154e+00
4.864203992702162e+01
4.746724062015640e+00
4.270219273991054e+01
5.086681058205050e+01
8.847148627437255e+01
8.211455763416112e+01
4.727273147891869e+01
3.280897798613132e+01
1.355194869150964e+01
9.609655760978188e+01
4.592072374463115e+01
1.479918841030411e+01
8.447868460066556e+01
7.927970666404801e+01
5.851424516109481e+01
6.671853226922384e+00
6.936790639039498e+01
6.303342551134220e+01
9.283233587296323e+01
7.139320511901434e+01
3.704651828717743e+01
6.947136147388787e+01
7.687602288875543e+00
1.704209443044015e+01
5.335394342120455e+01
2.622947163238631e+01
5.354925480370841e+00
7.471576359808248e+01
1.574824485729832e+01
5.431493402193995e+01
7.957141277360330e+01
2.740389063367801e+01
6.582983749258790e+01
2.227360551351384e+01
7.827070121572851e+01
2.596208188960426e+01
4.388163101108820e+00
2.554343264808107e+01
3.266506261782025e+01
1.794011179261846e+01
1.067971140643568e+01
7.858578636245140e+01
9.202279820666779e+01
7.524102464096669e+01
4.946832063117452e+01
7.985236490138450e+01
1.279052803888476e+01
9.002410266083857e+01
7.576018202852465e+01
8.176101985469508e+01
