1.369807543870903e+01
8.393185775910124e+00
3.034544844662093e+01
4.259978483552104e+01
3.651872567670360e+01
7.735004093374593e+00
2.314962522273400e+01
4.352381678462206e+01
3.718245133626389e+01
6.362635617313271e+01
1.265263674438588e+01
2.874823451449547e+01
4.775277839403263e+01
3.358204561918138e+01
6.876618246024762e+01
9.613425172685378e+01
3.524839553760756e+00
5.282698741779988e+01
3.648432681173288e+01
4.919568893927880e+01
8.770619131983545e+01
6.770229086638535e+01
8.257434819013548e+01
2.616594644550511e+01
2.719433215781783e+01
7.987477610813211e+01
2.329366967235397e+01
9.249373799771710e+01
1.345562376708520e+00
7.492038452761265e+01
6.703753707326834e+01
1.504363786198368e+01
6.759622128102752e+01
4.524503315111856e+01
5.764342269750471e+01
3.938166072563345e+01
1.691282615853140e+01
8.079304792023872e+01
8.290547751025552e+01
9.016248862732319e+01
4.441940404680530e+01
4.002743667924192e+01
6.203628315685143e+01
4.840545349214480e+01
5.798297261725318e+01
2.150753644365237e+01
3.949928238964606e+01
8.105524614502454e+01
9.056581803158197e+01
7.598360924794507e+01
1.070350111029274e+01
7.827200930485130e+01
2.223900175757660e+01
9.327784930042823e+01
4.437955703790279e+00
8.690213951603609e+01
1.046410743634408e+01
3.106925498278311e+01
7.939587746718706e+01
1.180966985961873e+01
5.989639463829640e+00
4.643341449388927e+01
2.685330772160241e+01
7.041074022204184e+01
7.290915836249906e+01
8.449673041910712e+01
4.573504619567424e+01
2.588919560699220e+01
6.528977829277972e+01
9.269787841136468e+01
7.366447214673482e+01
5.665988365964027e+01
7.439781961701709e+01
7.808796734460070e+01
5.307421304894342e+01
7.863757031906283e+01
9.959550383481918e+01
9.257349548515560e+01
5.969281641752124e+01
7.393002764970531e+01
6.855710468653454e+01
8.375875297177525e+01
1.480934615936565e+01
8.177947210230840e+00
5.619745024302856e+01
1.924730190972206e+01
5.974404456081989e+01
2.935007555845663e+01
5.031655689250517e+01
3.913992198144082e+01
3.095190838489304e+01
5.630619640290094e+01
9.803994684388859e+01
3.072081302791872e+01
8.796288761681080e+01
1.930278480020482e+01
9.114727261063982e+01
5.964422256669226e+01
6.994505933017705e+01
4.715448112560179e+01
9.045316692928466e+01
4.360953143034575e+01
5.356049633285054e+01
3.778215667129594e+01
6.904443575490473e+01
8.879701890461009e+00
1.641972694379265e+01
9.057345608741672e+01
4.028193645192400e+01
7.611254340788001e+01
5.155329147891761e+01
6.776530950691799e+01
5.987129633308914e+01
6.636263768484939e+01
3.439882911480909e+01
8.521992065255527e+01
8.643795991616228e+01
9.201011024043436e+01
6.021084439019246e+01
1.175588323350804e+00
3.949118104739635e+01
4.552190454933881e+01
9.223269284341144e+01
6.042587862369878e+01
2.148714732447972e+01
6.690623288364440e+00
3.137498378352028e+01
6.738999018789734e+01
4.445911806284409e+00
2.821328450376787e+01
1.454447131349913e+01
9.489907878213519e+01
5.792189308345406e+01
1.835883605217507e+01
1.807756070889419e+01
2.696632879179266e+01
4.095202732875572e+00
3.196433034351297e+01
2.265467775177894e+01
3.303407553259007e+00
9.806719981043935e+01
8.715816144233483e+01
7.106871706017699e+01
1.935615205175995e+01
5.989821253339677e+01
2.814018536738129e+01
1.230959077938906e+01
8.890793621023555e+01
2.015029560781564e+01
8.437601308542118e+01
8.143464856847872e+01
8.253622743419196e+01
7.240149153973977e+01
7.366734136532402e+01
7.658288924795710e+01
3.328550240643578e+01
7.980921057975348e+01
7.433708984141103e+01
1.603419930489463e+01
1.994779534635497e+01
2.550374298612761e+00
7.723418254276466e+01
7.476573105657739e+01
4.365364375694359e+01
7.469467589384628e+01
3.292443479081822e+01
7.573486546787194e+01
7.878987867328799e+01
2.509062887406472e+01
6.213305851543930e+01
8.209328622654699e+01
8.457548463930166e+01
8.554770466198572e+01
5.316200328672398e+01
3.931636691061611e+00
8.801768095605898e+01
6.483793485203661e+01
2.355225897559536e+00
6.107499802535167e+01
8.572835628210025e+01
2.923481288796049e+01
6.700914165331476e+01
2.838349720853543e+01
1.636304381134130e+00
7.582040190502089e+01
4.966386409926408e+00
5.028051354469756e+01
9.132228544509144e+01
8.556377956902784e+01
9.089086143807083e+01
1.127008074488029e+01
6.117913125137758e+01
9.689338346798596e+01
2.611695487337045e+01
3.176779762458419e+01
4.583089009198867e+01
5.904138966418867e+01
7.451435270463784e+01
2.200693470519359e+01
2.393015479851987e+01
3.664741117351102e+01
3.702884634818362e+00
8.688611974329041e+01
9.231604458406383e+01
5.686488792154234e+01
7.693175481489476e+01
7.945759183701946e+01
2.170282272701283e+01
7.928698071245429e+01
6.895788850679895e+01
5.444774597624678e+01
1.223292220953523e+01
2.339235061006264e+01
2.271232964597285e+01
1.015809798154891e+01
2.764452287351923e+01
3.393901937358967e+01
9.406077167674005e+01
2.363072131929487e+01
1.950279889605138e+01
2.675332432927253e+01
1.805118611923008e+00
7.616952717125860e+00
5.307667695594797e+01
8.155945375634332e+01
3.938475034171005e+01
6.947759784268104e+01
8.696346319604827e+01
4.688741343416618e+01
1.750599514576886e+01
1.089361794800200e+01
8.453888254451513e+01
2.120887978058722e+01
9.051284077135513e+01
7.685492712857896e+01
6.032931532726126e+01
6.217613912288851e+01
2.367712237112090e+01
2.904870497484166e+01
5.399847317207534e+01
8.006033137443491e+01
8.349645095108843e+01
6.252026672592399e+01
6.516324107775615e+01
2.529598410487919e+01
7.267836470747291e+01
2.665434406448824e+00
5.721381598022478e+01
3.311697618715324e+01
9.320047232005767e+01
5.965059882013620e+01
8.968566553186889e+01
8.165070725681758e+01
3.406176694392309e+01
4.276234248781686e+01
6.321016101316091e+01
6.652301878972120e+00
5.299460610979917e+01
2.835162916609628e+00
5.353971531313830e+01
5.616473437108320e+01
2.078474551475828e+01
6.319334966279257e+00
7.737361419823655e+01
1.856448315948457e+01
5.053886554694682e+01
6.199644024576826e+01
9.327597561910561e+01
1.461984171281561e+00
9.104514522060991e+01
4.024156468931658e+01
5.515769024154064e+01
5.356851096896851e+01
1.441072975956403e+01
2.032093127273066e+01
7.886449507384771e+01
8.247308017801171e+01
6.039443563688287e+01
3.607831100750636e+01
2.981802305663844e+01
2.956718044801018e+01
8.054877546641454e+01
7.546035688159073e+01
1.121788765826164e+01
8.518830378781459e+01
5.897736514870886e+01
7.152816321306311e+01
5.446862892921484e+01
1.197197121194190e+01
8.141929077981939e+01
4.795754637939741e+01
5.645110986961569e+01
2.879553568959028e+00
1.432767920863241e+01
5.811823478812269e+01
2.076851940749610e+01
4.550952466461320e+00
2.011467498732483e+01
1.404449502660171e+01
3.908253267364694e+01
4.513447291456837e+01
6.131894377121652e+01
9.335885196614957e+01
9.870298388353687e+01
7.111365924175533e+01
5.108785315001749e+01
7.756747891081845e+01
7.705034314517414e+01
1.148228874033424e+01
8.734996970153878e+01
6.917679578493200e+01
6.507719665070864e+01
6.477232671565018e+01
2.637205474375377e+01
3.540532143572593e+01
4.996063045689866e+01
3.614517722099329e+00
8.520585865956073e+01
4.258781985500260e+01
8.956285602858422e+01
8.709658174174677e+01
9.054536628096615e+01
7.203759880365692e+01
8.997613531070581e+01
7.837215213960602e+01
3.015583354521349e+01
8.959770514145387e+01
8.292310465263347e+01
7.102597997105960e+01
6.298929595527672e+00
9.646880188792423e+01
1.616045283906183e+01
4.385455238812349e+01
5.010666816965988e+01
1.486343667603258e+01
3.607480313446131e+01
3.159822627510793e+01
9.243091558685104e+01
7.287124808545748e+01
5.239779574442552e+01
9.335076906408686e-01
5.883833829259423e+01
5.040591338202633e+01
7.084903212769377e+01
3.475490865984694e+00
8.581123486431838e+01
2.080966258459243e+01
9.474975475796953e+01
1.635854645462639e+01
6.339748243959503e+01
2.267649756869138e+01
8.298369589400649e+01
3.292307119486996e+01
3.096497130159520e+01
5.181288153483201e+01
2.544279565356802e+01
2.486992991756179e+01
4.141058662971975e+01
8.282906486784530e+01
7.514043849666623e+01
4.505278675120920e+01
7.929786670920340e+01
3.657076719057316e+01
1.001393064391517e+01
6.912552051671106e+01
8.370251221754705e+01
4.608873377837647e+01
1.004102747423622e+01
6.561235714033821e+00
3.575027628603870e+01
1.209752071280848e+01
9.821955799042227e+01
8.028744271969769e+01
7.991381556722979e+01
6.705181080245032e+01
9.806410544461762e+01
1.106650336229545e+01
4.296635838363616e+00
5.154114032701642e+00
2.742504981692184e+01
6.769411832452478e+01
6.546147715554640e+01
2.670046050413533e+01
3.925323292578256e+01
2.254470802030745e+01
9.941778243492254e+01
5.395196776555478e+01
8.506899098170409e+00
3.632213828913967e+00
6.919007318522318e+01
9.161332975682492e+01
6.912109887652150e+01
2.682296006326701e+01
5.912584357854251e+01
9.767742832083136e-01
2.764503468184035e+01
4.282835579608956e+01
4.787664955848673e+00
1.352407579008680e+01
4.011440604930483e+01
2.920118315573837e+01
2.562159654946140e+01
2.420971026840141e+01
9.488625828869933e+00
4.834214679353970e+01
7.696683568738719e+00
3.319066121857178e+01
5.940865015583515e+01
1.199331940710234e+01
7.703660399515023e+01
8.039897348750334e+01
7.968743773162711e+01
6.617538689923258e+01
7.099433945072551e+00
1.324404683580811e+00
3.892452956127214e+01
6.517216333428964e+00
5.527637244913558e+01
4.743142870600867e+01
6.309628666522740e+01
2.446644563435877e+01
3.904475841626747e+01
5.675829102134252e+01
4.161238714196364e+01
2.992497162424260e+01
5.773506535111697e+01
2.547570016490096e+01
6.064400862001069e+01
7.526788342523756e+01
3.899977600155388e+01
4.650727414829064e+01
1.580582466712493e+01
6.462137255101528e+01
7.071698441669204e+01
5.093238044107910e+01
5.274640319531150e+01
7.841366798543076e+01
2.096596654549519e+01
1.972950395184080e+01
9.040698743909923e+01
9.800257054064542e+01
6.563203924597802e+00
6.477813621274109e+01
8.864320381015688e+01
3.805649515150883e+00
6.734644135802353e+01
7.736329872969692e+01
8.320172651819965e+01
3.461077503609042e+01
2.685660986549063e+01
2.636600897012558e+01
5.116164789123538e+01
6.590136828175810e+01
3.814729621547614e+01
9.101258925675070e+01
9.582633995256683e+01
8.627514638298898e+00
2.857345697869242e+01
5.064750218328437e+01
7.172069501677561e+01
7.212383275484845e+01
5.140591680603377e+01
9.970122273066137e+01
7.808916204519997e+01
4.798610347695001e+01
1.238852711971315e+01
3.083556519394534e+01
2.639977141581465e+01
3.335449366520834e+01
6.415289755172697e+01
3.643951278014086e+01
5.722446169574953e+01
8.960674418583827e+01
8.690118397907409e+01
7.185771580406359e+01
7.452175103804178e+01
6.856409030433935e+01
5.128289696354555e+01
3.779147334293997e+01
8.501521599712559e+01
7.813950682903616e+01
6.415748235963167e+01
3.617686384179483e+01
4.404087506422813e+01
4.792910909649409e+01
8.516917721609080e+01
9.892033012533575e+01
3.326138403884200e+01
7.216111364409379e+01
7.062905992876229e+01
4.982079009051472e+00
4.428494635237612e+01
4.789817894245413e+01
9.229237720942702e+01
2.838748610969050e+01
9.588428241940414e+01
4.680904282574032e+00
7.281087970957667e+01
2.228405383521880e+01
7.991916187103799e+01
2.051375434757851e+00
6.288800615020469e+01
6.939246215363613e+01
9.165811962059611e+01
6.410565509652051e+01
4.125017791113359e+01
8.220162972910406e+01
8.431201036288962e+01
9.253307487467912e+01
1.999310307204402e+01
3.584461069472349e+01
7.067258165714917e+01
2.777425415244617e+01
8.841967814994030e+01
5.188808541367207e+01
7.570336324894026e+01
3.200733476877554e+01
5.458067169160613e+01
8.964747241216129e+00
4.168448366303205e+00
2.520973157380230e+01
9.221534831086888e+01
2.341543832952876e+01
7.310791056282255e+01
8.674426222534117e+01
7.684088087493595e+01
6.899219293566057e+01
3.190677926498781e+01
5.663928806625273e+01
1.927053463611311e+01
4.895550573661714e+01
5.869066350101059e+01
3.036705941444592e+01
1.834796789025328e+01
5.034878312160670e+01
5.635905599052042e+01
3.198085372894111e+01
7.649704621941645e+01
4.067106630684392e+01
3.822310694410611e+01
1.574051171342866e+01
1.477855193185553e+01
2.280380228664903e+01
4.351476586587484e+01
3.198230035229694e+00
3.308244125595430e+01
6.709609859022130e+01
6.175650100305514e+00
8.389085679496213e+01
6.448375567071315e+01
3.937401317030844e+01
8.426710454945784e+01
4.212970265286495e+01
8.782740793555388e+01
9.041557283625733e+01
4.344336616035708e+01
5.451112713409174e+01
5.940776577191789e+01
7.535014547191101e+01
1.115041515377835e+01
9.770967732076984e+01
8.717608660793681e+01
6.984107870135506e+01
8.105107191067704e+01
2.659248748169862e+01
2.018986177639564e+01
3.741012790119747e+01
6.812650499312511e+01
2.848801879607514e+01
7.808119420804140e+01
3.832185391258535e+01
4.422853050950381e+01
8.807948682833438e+01
6.112565624580051e+01
4.885893368574741e+01
2.304313719414321e+01
2.062640898890161e+01
6.961425443627604e+00
5.824870199814845e+01
9.074084595345931e+01
8.043878794668186e+01
9.762271521502301e+01
8.048508226894079e+00
7.727400445252378e+01
4.614517444099540e+01
9.846408106315140e+01
8.058125808862097e+01
5.011841182136835e+01
5.787184678850316e+01
8.493192441991154e+01
6.443846107667241e+01
8.555859284734288e+00
9.317644401135688e+01
8.164779538365444e+01
8.960693119541133e+01
1.976893144648938e+01
1.837657113483947e+00
2.701705905004268e+01
4.737964628607950e+01
3.032567590955909e+01
5.098253258084065e+00
5.372925817674457e+01
5.513004495535514e-01
9.317774008641845e+01
5.407074841394590e+00
6.229750284100767e+01
4.505323015388718e+00
6.189963489859348e+01
6.925892828463527e+01
6.275402506010329e+01
9.479083604868075e+01
4.580405435795154e+01
7.276075727900525e+01
2.839344229008697e+00
8.294194623964928e+01
1.890593167343453e+01
1.303425245593966e+00
6.352320428170412e+01
9.594527510737315e+01
5.917527208066326e+01
1.945460774910385e+01
6.038373613747942e+01
6.773113136539754e+01
6.256209782444039e+01
2.575778426870601e+01
5.733806251424275e+01
4.181523911739477e+01
8.636283594479917e+01
8.435512161085154e+01
1.115700952296937e+01
4.518007833751854e+01
8.158036022520641e+01
5.543842816512958e+01
1.924723778816277e+01
6.304254609301805e+01
6.084550300652417e+01
6.865747197002986e+01
6.754786910840677e+01
4.609700434193807e+01
3.402273833473340e+01
8.590785390041204e+01
1.251390497782915e+01
5.569394591995233e+01
5.866861113285115e+01
6.771517590047567e+01
3.737118045677020e+01
7.757454280628568e+01
9.731791843535281e+01
2.629194316747223e+01
9.713677600824124e+01
2.300437061256001e+01
3.694339494078579e+01
9.283450883479534e+01
9.073550197795755e+01
2.237190833425704e+01
4.152247116040553e+01
7.616708147161039e+01
5.012388790497737e+01
4.955128955168244e+00
9.613016294135254e+01
3.872636269718705e+01
2.365106634034359e+01
2.188206087885521e+01
9.416479090888276e+01
2.129123658933269e+01
4.513175741077017e+00
5.501029386884081e+01
1.155577605197009e+01
8.300938274851505e+00
1.253729053425476e+01
5.461374002258002e+01
3.860283244336156e+01
2.505119551208392e+01
2.540530707938844e+01
2.928146674729952e+01
4.211778931418331e+01
8.817404601172268e+01
6.578696438380841e+01
5.946887892646197e+00
9.237019186484171e+01
9.823773703455819e+01
2.895125850520621e+01
2.931358675906136e+01
3.169740998730874e+01
1.968676048316376e+01
5.168549509331840e+01
7.321988114771428e+01
5.876756997721623e+01
7.925484826753608e+01
2.959675464294700e+01
5.489773287200263e+01
1.798121096472313e+01
3.827073417523444e+01
3.260825599199546e+01
1.214600182703976e+01
5.244494311159706e+01
7.336132520500632e+01
6.715629569588056e+01
9.272481440227703e+01
1.048814789880447e+01
1.918434361889229e+01
1.038170727453274e+01
2.026509592321939e+01
6.665419864778137e+01
6.370863586836897e+01
8.780267419656864e+00
3.700191054353579e+01
6.836825956980151e+01
1.483517550622820e+01
2.708620039144819e+01
6.073845138807709e+01
1.357126404231939e+01
9.693176541334566e+01
9.005203819370458e+01
4.972426958834951e+01
7.953225391895150e+01
9.508240003841109e+01
2.294415068949766e+01
3.829982384960159e+01
1.372747678017592e+01
5.254090537901078e+01
3.130623075706243e+01
7.169132683039238e+01
8.369461190127517e+01
2.580581271359967e+01
1.189809362958097e+01
3.613955496630611e+01
9.916713796517213e+01
1.854514666765236e+01
4.109230332127414e+01
8.082940144502996e+01
5.337972568971092e+00
7.939563211025467e+01
1.094497321683214e+00
8.196502946408700e+01
2.297862270985666e+01
5.064105999220212e+01
8.076415922528327e+01
9.134688227965817e+01
6.597458704652944e+01
4.605314035250485e+01
5.208533362116913e+01
7.954585108884883e+01
3.915316939314509e+01
8.789683202649319e+01
8.418936090738949e+01
2.251715963823589e+01
8.387490505533054e+01
9.849740960565275e+01
3.362728400790472e+01
9.670670879851407e+01
3.760122844837663e+01
6.493351481153327e+01
4.384087898947339e+01
2.129584030308567e+01
1.831081738616843e+01
8.029612921192131e+01
5.743539531595790e+01
7.898749088821350e+01
1.323636319173331e+01
8.408336908746668e+01
8.872206583093948e+01
1.857433580727053e+01
6.347900119772134e+01
6.091138960836054e+01
1.853579558363920e+01
6.583269129778850e+00
1.155244960056266e+01
3.750273559126199e+01
6.595765201652313e+01
3.336657692369380e+01
6.681370128263427e+01
1.804298559112613e+01
5.707288768937480e+01
5.966870629213225e+00
5.080267179329072e+01
7.874652095080657e+00
8.476934865339162e+00
3.378190376506275e+01
9.293497525757876e+01
4.210421891981001e+01
4.892254893152162e+01
3.053620365938926e+01
6.388946509169855e+01
9.276342792099501e+01
5.183204400904106e+01
4.370981801473992e+01
7.918277735783848e+01
9.267439278432839e+00
2.362091873009732e+01
7.802405323741215e+01
8.888279585581404e+01
1.234298451447067e+01
1.953460011609578e+01
1.024250383965788e+01
7.181465056343687e+01
3.313061498716968e+01
8.485327362308897e+01
5.497804039855396e+01
7.063335057843166e+01
5.081092559304597e+01
3.250507699907993e+01
5.418922647563239e+01
6.885391123073823e+01
8.957796468845474e+01
5.421234530127251e+01
2.903426859017195e+01
3.084021319208677e+01
6.268928016661167e+01
8.005700403827102e+00
7.059987134793766e+01
4.793499039855552e+00
2.201207988989171e+01
3.778465559602932e+01
3.552339367360035e+00
1.477550776432059e+01
9.959301664475026e+01
3.717978384214443e+01
2.499408881412544e+00
4.392443366531489e+00
6.080070257224175e+01
9.458779161543949e+01
9.327523922234552e+01
5.247366747468415e+01
9.182610972403833e+00
4.563703622931477e+01
9.589925827267545e+01
4.231322595957351e+01
4.582102319496731e+00
5.577452190023592e+01
1.452715388244351e+01
6.509738744473894e+01
8.338237562374321e+01
6.713580296707144e+01
5.575752624112997e+01
8.989852396300925e+01
4.786581110575507e+01
8.479179483130193e+01
8.771441699364894e+01
7.765376059229196e+01
7.074800933280402e+01
7.440042480565627e+01
8.446775301567639e+01
9.242322253641824e+00
1.218508035511946e+01
2.086897423531347e+01
9.466891344388431e+01
7.287147295329322e+01
3.347876958245354e+01
9.716832232529686e+01
5.525802809524259e+01
9.427947215469530e+01
5.777481331386362e+01
9.445779495614479e+00
9.056426537715097e+01
6.695742428626745e+01
4.749435589066444e+01
1.238149675185862e+01
5.671764936145286e+01
8.358704530801020e+01
6.815601865209455e+01
7.124480324389637e+01
2.476230548916492e+01
6.811330172611089e+01
8.935302970435146e+01
1.328081773281135e+01
5.801182564255400e+01
3.721884076354040e+01
7.602312666178827e+01
4.572624258963682e+01
3.067665944373080e+01
4.677113594802615e+01
2.419152777837195e+01
1.514441241284107e+01
4.881471272037118e+01
8.406959659609458e+01
1.144339815315017e+01
4.348362611768936e+01
9.584769354939820e+01
4.492216773560372e+01
4.065194839642008e+01
1.201823382266715e+01
3.920163984373288e+01
4.127994391195474e+01
4.832832591995984e+01
6.624798992008343e+00
9.055600086718611e+01
7.654682908977701e+01
1.900629579043309e+01
9.982665106646095e+01
3.621174713420297e+01
7.364855118731435e+01
2.204387775717484e+01
4.990038739047031e+01
9.437174894584889e+01
2.688209699787297e+01
7.614857395000224e+01
8.805528697001527e+01
4.861574817850057e+01
5.027799701796751e+01
5.901368435426321e+01
8.561161909513716e+00
5.610986233507742e+01
8.320521213263517e+01
2.370557432235478e+01
5.306259116766163e+01
4.149349114927160e+01
3.514897252207108e+01
5.569933268972641e+01
3.964454729093451e+00
8.007114025767480e+01
8.906014956955805e+01
5.603784059921178e+01
2.920507836584239e+01
3.034009343494666e+01
4.366166519171636e+00
7.904928376853898e+01
3.567767326518785e+01
4.737026083626331e+01
1.535701272792975e+01
1.686216821747933e+01
7.959857540186428e+01
3.206618932637674e+01
5.754820208882364e+01
4.455606054726805e+01
8.337731281452687e+01
6.894510950378380e+01
1.881093090344730e+01
7.143259973797602e+01
1.756085763571824e+01
9.283609194347453e+01
5.697197809674404e+01
8.104920721661728e+01
6.613806084084234e+01
1.439587264992105e+01
7.672679297473599e+01
5.387052928743443e+01
4.999724060762546e+01
8.190914172768086e+01
7.489998465166427e+01
5.396169533671890e+01
6.198028198535567e+01
9.642308056187959e+01
9.999535935930691e+00
2.459280589809306e+01
4.154475300644746e+01
1.341339867255343e+01
7.150641133613251e+00
1.692127958728060e+01
1.455455073833212e+01
5.205451606402850e+01
3.378344780475993e+01
4.436566747928302e+01
8.412070539040523e+01
7.027495264554162e+01
2.365208893253100e+01
7.146251079228824e+01
3.922006210275929e+01
7.732658883432234e+00
6.281457881574266e+01
9.461264479654498e+01
7.682158680484704e+01
3.173468952613636e+01
3.783012695509480e+01
7.108167180376205e+01
3.418242956240775e+01
6.442740888540978e+01
2.495220104463035e+01
9.007179336160040e+01
4.633655056652452e+01
2.723093145863662e+01
8.330234181289670e+01
3.540723660746926e+01
3.348336477460496e+01
8.854130505981915e+01
8.956989459207743e+01
7.502811778105242e+01
3.930570731838500e+01
6.364213217219437e+01
5.225054405268773e+01
8.936682720173468e-02
8.264123456675617e+01
9.095351225275245e+01
1.161468439345001e+01
9.064590082999594e+01
3.525224725494731e+01
3.526677332598100e+01
8.202787990776258e+01
1.458300534383534e+01
4.110942121646806e+01
7.645002588464413e+01
9.195650093814194e+00
1.793100797474897e+01
8.184715364214366e+00
6.908335605127893e+01
6.089065562043835e+01
9.881144510526742e+01
9.129029865902397e+01
8.273598928131908e+01
7.347622330928045e+00
3.762684917898236e+01
9.966920693389570e+00
8.588939145481650e+01
5.906702157066530e+01
9.359460426196205e+01
7.443069651463567e+01
3.551357627637385e+01
6.878551694973629e+01
3.738359619741495e+01
8.270919624842200e+01
2.595558135116267e+01
9.479926223624463e+01
8.100916379178371e+01
1.690909355734899e+01
8.192799733110144e+01
5.599633159860797e+01
2.110280786692296e+01
1.530475957100501e+01
3.802421145980443e+01
6.595589242221597e+01
5.641418078747306e+01
8.286667013674354e+01
7.515154256259629e+01
9.294923534288500e+01
2.897930053480868e+00
2.014432289644346e+00
3.523584438266039e+01
4.630713073830452e+01
9.330473094866831e+01
5.828679961072598e+01
9.301310097473352e+01
3.093158008108455e+01
1.839803905151693e+01
7.890249238298391e+01
7.687526181194710e+01
1.199264331347898e+01
5.333318885105345e+01
1.238883808832096e+01
8.061536535649344e+01
4.283743442168340e+01
6.405504516514718e+01
1.488631359063383e+00
8.031039744630009e+01
2.940547593375923e+01
8.733919201760514e+01
3.188410165341762e+01
3.953703476094503e+01
8.441999884528109e+00
7.356482156252713e+01
2.342601899217163e+01
4.017117109157666e+00
3.395733508931349e+01
6.292689082349040e+00
3.084546342997135e+01
8.302523851535527e+00
5.378837476195226e+01
2.675716580206397e+01
2.349419920867970e+01
4.107684690555411e+01
6.309144108700167e+00
5.696321202300638e+01
3.408994783372150e+01
2.353922744446398e+00
2.022320689643882e+01
1.299244017013928e+01
7.922918460295963e+01
7.237181117402940e+01
6.632562906775887e+01
9.161802269128059e+01
1.312999372050631e+01
9.095309669661945e+01
1.720058625433622e+01
1.431984687890850e+01
7.126349409635341e+01
7.430748542604123e+01
1.659038896513655e+00
3.350188878062269e+01
1.410121378214155e+00
9.846235969963594e+01
1.104504303589698e+01
5.921034494378154e+01
1.411815589019943e+01
7.727540474258149e+00
6.172657779498331e+01
7.551717612683642e+01
5.330490197674600e+01
6.713515146036406e+01
5.363478788809608e+01
3.982915358609946e+00
8.211998319352045e+00
7.802992927750103e+01
6.094612742818246e+01
5.089633271605537e+01
8.755083665603345e+01
1.889164495230263e+01
9.355815676672299e+01
5.935052882849730e+01
3.371708408636837e+01
2.162001539097168e+01
1.249606991768632e+01
4.684707785344081e+01
3.262691564514624e+01
3.449923327867837e+01
7.825855765410633e+01
4.108321412516908e+01
9.637231989594750e+01
9.015745063785346e+01
9.543399270411301e+01
8.310588034014492e+00
8.861981029092325e+01
4.843734151145320e+01
6.374447670008264e+01
4.136791175295036e+00
3.107713322670997e+01
6.871656936999251e+01
6.355098297984851e+01
4.674462161340966e+01
3.585172083035657e+01
1.718577082137846e+01
4.358789182435157e+01
4.406371914970862e+01
9.885112489520159e+01
4.225632988021538e+01
7.492797685550897e+00
8.640196150466892e+01
6.114797487908415e+01
1.050954405707752e+00
7.629419256760468e+01
1.225547004130458e+01
4.272477340080066e+01
7.455245306461698e+01
7.619418076993627e+01
8.189660430974169e+01
9.051686296729224e+00
4.509516248716747e+01
7.924209874088042e+01
6.424793478299303e+01
3.437033488153030e+01
1.663439716987051e+01
3.206447420272253e+00
2.438897016662591e+01
4.176340379834333e+01
3.630299951709015e+01
2.852576134192094e+01
7.284053702505331e+01
6.177405396558999e+01
7.762617188395289e+01
8.440638640169351e+01
2.760060924459277e+00
9.844736750165343e+01
4.884397180231473e+01
5.935652598708706e+01
3.488588530332124e+01
9.110030168253012e+01
6.684932367263796e+01
8.370045385495780e+01
1.429020837614788e+01
3.685695991705030e+01
8.083403253966665e+01
6.450374655635271e+01
1.062505147914638e+01
5.538648555771750e+01
4.251784553868595e+00
8.597674057165941e+01
6.443817190101285e+01
4.934694704103607e+01
5.013449632103298e+00
3.989465559827846e+01
2.952100058529573e+01
8.185323648241034e+01
1.245317841528597e+01
5.390997075192163e+01
6.519066452290429e+01
3.326785915217728e+01
2.037821366469293e+01
3.803120150139145e+01
1.053023185139998e+01
6.006190397779546e+01
2.243758790308497e+01
2.695118595238364e+01
8.847841079741643e+01
2.239273904002865e+01
3.578242889409067e+01
2.336429605417154e+01
5.063678689796328e+01
3.949614243558429e+01
2.790413602623350e+01
2.885063366445277e+00
7.396420513929995e+00
8.738168519334016e+00
9.898044825484065e+01
6.797332408277938e+01
6.412465412361765e+01
3.232232762143124e+00
3.998212564735772e+00
2.856282597806437e+01
5.257917984974533e+01
5.502040491207521e+01
9.842500407175395e+01
3.717873996923619e+01
5.107028826655367e+01
8.465722104751376e+01
8.666837429006974e+01
9.799526343028772e+01
4.761488644760795e+00
6.910410638391231e+01
8.166953161436577e+01
4.394363078472374e+01
6.186436389659734e+01
4.107119470884613e+00
9.389633675752968e+01
5.034277464744764e+01
2.649985851091326e+01
2.967876565162035e+01
7.370707070161919e+01
2.429748239195789e+01
6.937688485224585e+01
1.611206727852675e+00
3.847563152130490e+01
2.849439989239648e+01
1.034937524718669e+01
3.745607977614556e+01
9.646772397517587e+01
7.447402937080433e+01
4.068831253828868e+01
9.879298997055412e+01
4.092447806192771e+01
5.895495883140478e+00
6.801004180126360e+01
1.312852064758936e+01
3.865389942128859e+01
1.908033002125115e+01
7.295548891320614e+01
7.609695576880917e+01
2.358107982370122e+01
7.771697755796694e+01
9.442638004870450e+01
5.250611438066984e+00
4.466212836311298e+01
2.359239031728003e+01
3.463150064210943e+01
3.855846507407653e+01
1.126767201873831e+01
8.292196182670162e+00
6.823723072569689e+01
5.475071754993439e+01
3.258967857462805e+01
3.163432219607491e+01
2.965130872542565e+01
5.977222437959734e+01
8.407627515684640e+00
4.000068397261234e+01
3.713194156863351e+01
3.202404921502995e+00
9.830949669625120e+01
7.782025415348832e+01
3.321365920510779e-01
1.751156864571924e+01
6.289716901392543e+01
1.827220759274075e+00
5.236249540576827e+01
1.533978805660260e+00
8.908576671457186e+01
5.014823705430527e+01
7.763093457446942e+01
6.161360119544603e+00
6.964589444438271e+01
2.129972205557847e+01
1.060166177833530e+01
1.430802276092955e+01
2.374708402145053e+01
6.130015112520203e+01
5.286648788157221e+01
5.615978439159682e+01
5.581698215371789e+01
2.110371856070297e+01
1.091050194153120e+01
2.182025835934107e+00
8.275860356295416e+01
4.865248261422500e+01
6.195425026209757e+01
7.388785531459742e+00
3.834688818936557e+01
1.629783032289605e+01
9.436863604670792e+01
9.024692335643196e+01
7.329950345368101e+01
9.636403089219891e+01
7.758491955585075e+00
3.619667242104033e+01
6.636946753895351e+01
2.825285495643171e+01
3.774774080968822e+01
4.517557078282143e+01
7.840109201073697e+01
8.189792981459662e+01
5.052662112308974e+01
5.974846964690297e+01
8.592080491870679e+01
6.112828290142505e+01
1.623861864965345e+01
2.540184111585926e+01
4.958539584166621e+01
5.105462672703649e+00
8.697270163659599e+01
1.917774310297228e+01
5.622974403958290e+01
9.602173701674758e+00
2.135976898547251e+01
2.658401263253019e+01
4.653568619235217e+01
7.061494447785194e+01
3.397279816398993e+01
8.488257438171775e+01
9.961184957046613e+01
2.452321468131766e+01
2.153895922076840e+01
5.608523024995124e+01
5.679742058589934e+01
1.915132497397779e+01
9.108025352055218e+00
2.020302085215366e+01
2.568217372786355e+01
4.685576616174345e+01
6.537859168154122e+01
6.454408185768131e+01
1.147684897830563e+01
1.590521275806483e+01
6.383173538550350e+01
4.663792878698461e+01
7.703349570605602e+01
5.546556727749555e+01
7.203976994941000e+01
4.219918211093135e+01
8.517581670786059e+01
7.552172638267359e+01
6.137692526046975e+01
8.753176973552060e+01
8.512390008434835e+01
4.894769920452857e+01
1.411578232148466e+01
3.049759977985993e+01
1.956264363581438e+01
4.808858048547459e+01
4.448473683767241e+01
6.566256297084622e+01
3.507170166590796e+01
6.303634250677952e+01
3.857391594842724e+01
1.050421037269021e-01
8.218766752732344e+01
4.768194130048246e+01
2.030806300244670e+01
2.807091247666204e+01
2.199132271203740e+01
8.568665468398791e+01
9.261499433434335e+01
6.014556440531535e+00
9.025614903786040e+01
4.546580749818394e+01
3.412210337543958e+00
8.286993530712553e+01
9.313747291133622e-01
8.565219309444176e+01
2.506911737149074e+01
1.187818390870382e+01
6.117391943054922e+01
3.177236338694224e+01
9.940995369079056e+01
4.629781951489757e+01
8.072006259147081e+01
4.409582933601729e+01
7.679541929475749e+01
2.827062272851850e-01
5.464431632060759e+01
6.395942972226042e+01
8.960132025629344e-01
8.971601798651555e+01
9.147527128992382e+01
4.437314432318003e+01
4.567496517937396e+01
7.366293877068114e+01
8.715187045147263e+01
8.889062543813634e+01
1.733851200777037e+00
8.168957791369854e+01
7.481823287662968e+01
7.578978332494842e+01
9.224504222732271e+01
1.261356520122549e+01
3.283997286709025e+01
5.857465325788345e+00
9.123892830276812e+01
6.996051649095514e+01
9.150965846679622e+01
7.301343454654022e+01
9.225687682268064e+01
5.268357785077932e+01
5.945947713193459e+01
5.203416531534594e+01
9.898139736567690e+01
2.864221396327122e+01
5.462714473466722e-02
4.889240364958178e+01
6.387566419498793e+01
2.717421777880482e+01
4.215745397012562e+00
8.504590498518473e+01
4.441496145185780e+01
9.569101668693638e+01
2.941904926179864e+01
3.712313591368643e+01
3.627109966998505e+01
3.269827437247069e+01
7.898055202280196e+01
1.884242869859674e+01
7.308305486714609e+01
5.379878485286552e+01
6.543665219351493e+01
5.021386437593674e+01
1.887316672078947e+01
2.747218489063540e+01
5.607132974829121e+01
6.681748384927282e+01
9.743270138159055e+01
4.758098816852132e+01
5.317832951116298e+00
9.862154466035847e+01
2.645659727345063e-01
9.929039552774765e+01
5.065570992913828e+01
9.924596338497751e+01
5.553547528364486e+00
4.570300311115710e+01
2.249795474228354e+01
9.180827363944066e+01
4.338982898899812e+01
7.923852539585835e+01
5.657995103699152e+01
4.481690798179103e+01
7.492954203622860e+01
6.077909663355867e+01
1.260912069706671e+01
1.445584689008810e+01
9.347737100602936e+01
