7.837791232316657e+00
7.324507235234840e+01
1.688763374317793e+01
8.301572240098180e+01
9.486167789197604e+01
6.967709994394197e+01
3.987276481458581e+01
7.315618888156311e+01
8.045812713934953e+01
3.179320866791215e+01
3.524168493935917e+01
2.368766466327369e+01
3.834643887278924e+01
8.063638400316069e+00
2.418283295081129e+01
6.417107226521293e+01
7.595187433806801e+01
8.336547672905283e+01
8.636961485555842e+01
6.640567144677307e+01
2.740236196080333e+01
1.544551826801408e+01
9.294546772397378e+01
9.447610154490737e+01
2.054958665769063e+01
4.031630388475783e+01
1.126500820334303e+01
9.526263260993298e+01
7.354803917629087e+01
2.851640331955459e+01
3.209282789942475e+01
4.264789640095453e+01
6.491872592126892e+01
2.125773356354690e+01
9.132987302324264e+01
3.802930192930125e+01
6.182326756502654e+01
4.957673049046505e+00
5.016675221275852e+01
6.222312229789008e+01
9.167131152547491e+01
3.591298318277718e+01
4.403742525914564e+01
8.356438269073348e+01
3.948029393306015e+01
8.687687906756851e+01
1.603274467216467e+01
3.583751094333712e+01
5.345947395705593e+01
9.322808151749339e+01
2.989901482588565e+01
8.845190521723214e+01
6.806052199940221e+01
4.528166723683555e+01
7.003686026206094e+01
5.991771829310698e+01
3.569716384434009e+01
2.529658294529495e+01
3.184537320949388e+01
7.930221836050144e+01
6.355325489470422e+01
6.393820115548476e+01
5.055074829168187e+01
8.412119675619584e+01
1.935542319871272e+01
4.188062126835837e+01
4.980041712978874e+01
2.436561590263882e+01
2.932941458622432e+01
3.980501226140419e+01
1.359164375513403e+01
9.530705814031282e+01
7.571799544418137e+01
5.161887400393321e+01
4.716873059383069e+01
6.411937589948968e+01
8.245493149499173e+01
6.320147526599536e+01
5.553212792404560e+01
9.223665063839250e+01
3.648574209608405e+01
8.543114274993127e+01
4.434997795352245e+01
1.976932139125156e+01
5.726615533105385e+01
1.221321076723431e+01
7.577450176504185e+01
9.008367405742578e+01
3.750979375909539e+01
7.619874927969591e+00
6.938589237136109e+01
1.063048607233469e+00
7.155807608345434e+01
6.794583884437840e+01
8.491418887158584e+00
4.414471985965256e+00
5.779972083764137e+01
8.363528274168972e+01
9.773589069849619e+01
2.657181482136799e+01
2.344029495652779e+01
2.511305083758805e+01
2.893864085382718e+01
7.682379455157732e+01
2.702590628854274e+01
1.688259933930012e+00
1.885290733485152e+01
4.664203177515512e+01
5.660054667694519e+01
7.438503525889713e+01
5.992504421618071e+01
3.780013538794599e+01
5.981617800882839e+01
8.409917693776040e+01
8.166025540868763e+01
9.969698572517233e+01
9.631238770499471e+01
3.645809746182435e+01
1.819493045015025e+01
5.931842516144664e+00
5.309694840251326e+01
5.450610711914771e+01
6.151292131352840e+01
3.197183522021949e+01
2.245194591695999e+01
7.000434024725311e+01
3.697017907955226e+01
6.723193622530994e+01
5.445485084990731e+01
5.278835210613364e+01
9.380375104667793e+01
1.529532247935204e+01
6.732028046032427e+01
7.482300562543003e+00
5.882869775352473e+01
9.852913571453146e+01
8.473022747073799e+01
7.994414636862657e+00
2.524654121382466e+01
9.711354509792921e+00
7.691555427243727e+00
7.976956324641107e+01
5.477944163362469e+01
6.750773343607213e+01
1.124271206149958e+01
5.591427830788972e+01
7.872199629373941e+01
2.706247010597143e+00
1.693029553486514e+01
2.659498188951751e+01
9.151232037298024e+01
1.738719507930204e+01
1.134161041646339e+01
7.141365849944468e+01
7.348593951830918e+01
7.351876412216515e+01
6.555388125849603e+01
1.045611855129531e+01
9.669441827418954e+00
2.328417465243683e+01
5.266334817403152e+01
1.502524810611515e+01
2.079388961232914e+01
1.998362858778966e+01
2.215029160592253e+01
1.237366069684441e+00
2.312313328642544e+01
1.543809953864575e+01
2.172866706816883e+01
4.836967450025011e+01
4.259651435660036e+00
9.966103821045768e+01
5.193510416519600e+01
5.015010752256499e+01
9.743175147913012e+00
6.781800839482714e+00
5.625569855619953e+01
8.846517148821856e+01
3.966780493020444e+01
7.596910739129832e+01
4.574061825207463e+01
9.756363895608283e+01
9.335630247060037e+01
9.703429424997154e+01
9.644540604038416e+01
6.684224194234342e+01
6.835631200501524e+01
4.861070068954057e+01
9.968589008771157e+01
7.145772458587668e+01
7.143723651368042e+01
6.050069381506214e+01
6.604633660337251e+01
6.882884682567271e+00
8.509469143352224e+01
1.797847241069119e+01
8.120250798817841e+00
1.436346490604964e+00
3.341657194933694e+01
4.266413708341501e+01
4.046259184389496e+01
6.583397768709528e+01
8.331354753268582e+01
5.024588073149597e+01
8.328405813466946e+01
4.567199868414178e+01
8.858745297816930e+01
9.615340572602740e+01
7.042484854833448e+01
2.376046405348949e+00
7.212251307075960e+01
4.860460471762559e+01
7.018861401369266e+01
9.202279820666779e+01
4.563889896759712e+01
6.891698277039313e+01
7.985236490138450e+01
9.666275409826206e+01
1.752768345993370e+01
9.619417884209854e+00
6.886828279535672e+01
3.762681490631160e+01
4.027450645355252e+01
5.617870658458151e+01
4.450969963544500e+01
8.952646380733999e+01
7.415717899527270e+01
2.167164255942760e+00
4.711751795705293e+01
7.641197553668729e+01
8.581967367130316e+01
2.203957853933777e+01
2.026848630992160e+01
8.019366635949987e+01
5.051450945926574e+00
2.643855364361711e+01
7.483642034923491e+01
7.994029171762071e+01
2.518300899545802e-01
8.523006838989913e+01
9.428103458801332e-01
5.581805187082759e+01
6.548950451681833e+00
4.870801863666066e+01
6.019328784206569e+01
5.218784941927895e+01
1.762500136048766e+01
9.251434523263683e+01
4.885060347097488e+01
9.252706919448778e+00
2.133763116846682e+00
2.029926326139796e+01
7.822326308964904e+01
4.171488966872678e+01
3.927228764596967e+01
4.371892742054487e+01
3.124135347606677e+01
4.809459529262715e+01
6.991914979644081e+01
7.289441398945377e+00
2.965138388315746e+00
9.239345211181484e+01
4.424374231334950e+01
2.907607482237558e+01
4.540690358048627e+01
4.929519330584220e+01
5.551462846599269e+01
2.024332388315505e+01
9.903498790181940e+00
8.967474991906190e+00
6.156196145413535e+01
4.445581345095104e+01
8.644291492479059e+01
9.414478661219813e+01
8.043244931866994e+01
9.691390329828202e+01
3.692446953473821e+01
5.014506385202755e+01
1.613818296051500e+00
8.577507305227921e+01
4.594151826852072e+01
2.766245623475986e+01
3.533782718486051e+00
7.096223592337326e+01
6.937734595005277e+01
8.869998263600282e+01
8.835221970842790e+01
6.186993795534127e-01
5.176559386391452e+01
5.140281522246208e+01
2.282286315356514e+01
8.123414059227059e+01
1.472575506881148e+01
6.706660546691464e+01
1.031021536808005e+01
4.884612343685987e+01
1.636179872619072e+01
1.428787126871192e+01
3.127838472429588e+01
1.627919823689349e+00
4.393143157657769e+01
1.498050150227756e+01
9.557710224556601e+01
5.881630119812502e+00
9.971712166430294e+01
4.966892439390948e+01
6.182278309102299e+01
3.664159115247502e+01
6.045775779544271e+01
7.529553271611013e+01
2.241666415818812e+01
6.399276017397305e+00
2.957988950869995e+00
2.595044692324030e+01
2.512029401265098e+01
7.233533490092276e+01
3.421645939080811e+00
5.678353107384571e+01
6.131239638724941e+01
2.728578207422317e+01
6.705987847738893e+01
4.146068028242359e+01
1.022158083981908e+01
6.160100533701526e+01
7.605366812835153e+01
2.053179620789913e+01
5.475199080759287e+01
5.458394370720906e+01
3.063556702371481e+01
1.305311923523113e+01
9.125458052905955e+01
3.028807157198343e+01
6.525324101804440e+00
7.125264106842346e+01
3.420211739568138e+01
6.242445719541258e+00
9.742859722926683e+01
9.680740283653485e+01
4.288403691858241e+01
5.788635497814341e+01
9.541926313909667e+01
6.530070107677052e+01
6.428563104210684e+01
8.972280150732157e+00
4.191742667086303e+01
8.940592505475782e+01
4.739625935787161e+01
5.111206325288492e+01
5.080415529702053e+01
7.368016348857441e+01
2.366023423320625e+01
1.759631485566325e+01
1.612719097925685e+01
3.388181511959146e+01
4.154266386364711e+01
9.051678399113788e+01
6.933462436745624e+00
1.055078846893776e+01
5.817599541422724e+01
4.077025136946247e+01
4.247088587957941e+01
4.943057589672067e+01
7.105832294144589e+01
4.226398302347584e+01
1.759131067320300e+00
1.809888617978379e+01
2.294184464166958e+01
3.582513413197600e+01
1.490628896975251e+01
2.230381677965811e+01
1.405095677545804e+01
3.250854803831714e+01
2.304811893172940e+01
1.679083188846280e+01
3.694339787445190e+01
7.072946427889609e+01
6.196756896654496e+00
6.894996481433043e+01
8.972060870831861e+00
5.673319332149494e+01
2.981670188243347e+01
3.263229510403811e+01
7.432950822372433e+01
4.594389286169032e+01
3.765461879673163e+01
4.272466485515454e+01
9.101890311158211e+01
2.092772155112015e+01
8.568982923668335e+01
1.105561582886410e+01
6.169797292058262e+01
6.328783448007322e+01
6.971589223002823e+01
1.314640339144804e+01
5.139564073243906e+01
2.971140669179680e+01
6.110005409508014e+00
6.625902171538166e+01
2.433025260657550e+01
9.038230548164915e+00
7.534801996096411e+01
4.023367648023817e+01
3.700934827188465e+01
1.731508849994982e+01
4.916623567657836e+01
1.484084446674252e+01
6.135382548037629e+01
9.982304228461490e+01
9.056007922187452e+01
7.032588635120814e+01
5.655623560610983e+01
1.124830637650951e+00
1.860771864587801e+01
3.088574378326803e+01
7.656293482359635e+01
6.947229167887582e+01
9.420326282000320e+01
2.498243419685515e+01
9.040001322999596e+01
4.870589112337021e+01
4.849590535671259e+01
5.209798610401246e+01
4.446784953794808e+01
4.059417431270433e+01
9.239524039085732e+01
9.586349031695327e+01
7.030558100450112e+01
3.570946391472102e+01
6.212251198576880e+01
9.463583361107662e+01
1.470934879719715e+00
8.612895160267546e+01
7.147128706400808e+01
2.678197372089232e+01
3.870231361999284e+01
7.968555808984003e+01
5.610205761906787e+01
9.453733558512168e+01
1.445333474057416e+00
9.338972763781889e+01
6.486322188976371e+01
5.609209465612289e+00
3.665114903666598e+01
9.358787899538311e+01
5.287701480690251e+01
4.758152977916483e+01
7.165124345182033e+01
6.998791260178569e+01
7.256396402258611e+01
2.739506253385686e+01
1.506978772351043e+01
3.322760357206110e+01
7.979169421819583e+01
5.953763726145851e+01
5.192950058352645e+01
4.114504602791045e+01
5.540112753184565e+01
1.790409163474296e+00
3.554400058255717e-01
9.427227745497240e+01
8.617256921072145e+01
1.826374885545287e+00
6.540974865919434e+01
5.764385622816340e+01
2.686317582934312e+01
3.683610117846919e+01
8.585777049225652e+01
2.515048008651960e+01
3.137343671702475e+01
1.267772820437221e+00
1.854020767777237e+01
6.976281957224143e+01
9.138893526577807e+00
6.236546335852028e+01
6.405806185866616e+01
6.150148755940678e+01
8.117597740198298e+01
1.351756789419687e+00
5.977484260675257e+00
6.987713932519645e+01
2.692200063118804e+01
4.122363326196728e+01
6.683636399304325e+01
3.930909276907756e+01
7.191116249743438e+01
5.582123908951004e+01
1.678661895766231e+01
2.014423474676173e+01
7.960425418783177e+01
8.817333466753985e+01
2.241032320186977e+01
6.577682335198709e+01
2.698025928203960e+01
3.007601468361728e+01
2.342067953358436e+01
3.173295535693548e+01
6.289901545406273e+01
4.616210816715011e+01
5.688343544345508e+01
9.427245217108748e+01
6.954503393245164e+01
7.542364312122746e+01
5.956164089011104e+01
4.548095359722197e+01
3.250567169511023e+01
5.456717258997595e+01
5.744644196585120e+01
5.511295276466429e+01
5.591892937939564e+01
7.934266374415843e+01
1.128677148897516e+01
2.106658905794220e+01
2.119990476462986e+01
1.140224962094903e+01
9.673839541931561e+01
1.877613878751925e+01
9.621621900993223e+01
6.728468861770102e+01
2.366282251834070e+01
7.582047315119787e+01
6.391459841463464e+01
4.607314572021046e+01
9.816277967680375e+01
1.678821394070434e+01
7.213606004237015e+01
1.932849829053902e+00
4.852116934420596e+01
3.503507544986675e+01
9.156069052012670e+01
5.404604741094916e+00
2.930752762095422e+01
4.500423564808641e+01
8.082824790888850e+01
1.981663830569789e+01
8.796728061883118e+01
5.340846211342535e+00
7.438381089567385e+01
4.837323559838032e+01
1.027907711001070e+00
3.030274022850336e+01
7.177447684657503e+01
1.873107008576909e+01
6.106942080011098e+01
4.954941186567275e+01
4.086641363839917e+00
9.068687869733520e+00
5.984119826920386e+01
2.964425656462286e+01
7.635337653400069e+01
8.350402078754455e+01
5.364870827349309e+01
4.525191874487881e+01
2.957716646118889e+01
4.051375907869718e+01
1.634732797571799e+01
1.713226456992899e+00
5.531735068900388e+00
4.192297912292321e+01
3.674830195342577e+01
4.396285048870502e+01
4.421029526005047e+01
2.524087001813616e+01
6.171605492090622e+01
3.011375294537924e+01
8.227357174375727e+01
4.968333549317128e+01
9.132465719772721e+01
6.791153716291838e+01
8.191249220721075e+01
8.985126665320772e+01
4.769409105539978e+01
3.298908007936044e-01
2.705198210992477e+01
5.826153469191004e+00
7.398135232458885e+01
1.435423135494545e+01
4.613077232899646e+01
3.895861093837703e+01
7.977724968445359e+01
7.415610848653881e+01
7.031080903034230e+01
3.478944200779751e+01
2.645473202059732e+01
4.479710219651326e+01
3.083349286151747e+01
4.298971250792486e+01
2.959029680564548e+01
8.676187539788050e+01
2.577573611669975e+01
6.633859875907126e+01
5.085110107942070e+01
1.021077884836624e+01
7.000816868152849e+01
2.001700518653589e+01
6.361576987598826e+01
1.826689612039686e+01
5.527320250648688e+01
1.518107206336273e+00
2.019327749507189e+01
5.263853592455319e+01
9.136937390611011e+01
6.908219390040365e+01
6.652816132014998e+01
3.052774957871425e+01
1.643060250972891e+01
6.197161272259970e+01
2.952439134452696e+01
8.980318875508532e+01
3.627872925078437e+01
8.233220185261789e+01
3.504842288561558e+01
2.773435508261172e+01
4.328528341990211e+01
8.977626487136644e+01
6.245570344033451e+01
7.335766822721700e+01
8.984991283614650e+01
9.204600024597998e+01
7.799150551575772e+01
2.616342079181383e+01
9.361433069855643e+01
9.513160004053806e+01
7.250807800912675e+01
9.077902724537022e+01
3.795555421987341e+01
9.998996951616833e+01
3.566658410041899e+01
6.021561066630093e+01
8.426256947417864e+00
8.756909826191566e+01
1.117477426825779e+00
7.285650538879284e+01
7.015694904614098e+01
6.764563874697575e+01
3.384254920940965e+00
3.155963943878172e+01
2.772646184439140e+01
2.178607025266908e+01
2.136282819386703e+01
7.081753680054915e+01
3.059843770721854e+01
2.606649930871394e+00
5.998584728687343e+01
4.855705087471616e+01
9.219049964667786e+01
2.244155068064181e+01
4.487665088143044e+01
7.880380739402203e+01
6.730417882432424e+01
3.978375691910449e+01
8.349819047539411e+01
7.287214983854076e+01
9.998365882783368e+01
5.600626843795472e+01
6.365117703734487e+01
1.554001551845112e+01
1.149958712584320e+01
7.322819273603530e+01
8.641815454997968e+01
7.120839942768608e+01
6.026619857189534e+01
8.753563197680546e+01
4.849784180917677e+01
9.097640332345684e+01
5.518127072378120e+01
3.849797511403354e+00
6.715068503615944e+00
1.302846950154214e+01
9.148628227016250e+01
2.880967186242792e+01
6.971696977024757e+01
9.675804967841043e+01
7.225419309560871e+01
2.970281701055487e+01
4.570556070921270e+01
6.444469274228656e+01
3.774357835657130e+01
9.274643580091485e+01
4.126262685342815e+01
6.663191857125234e+01
1.345036794126517e+01
1.100401818333381e+01
3.950406836322698e+01
1.343402672253271e+01
2.890562854190619e+01
3.155245354005715e+00
2.677468723932965e+01
4.040521566774939e+01
7.585234575711766e+01
3.779139427365335e+01
6.838711810688820e+01
3.611854428244687e+01
2.532702620389267e+01
9.586732862324794e+01
7.608716444861477e+01
7.135619496524157e+01
1.159531614351799e+01
1.513165049959517e+00
2.481805250272996e+01
7.922069271058808e+01
6.704350550055666e+01
7.576134962763700e+01
9.983964804552478e+01
4.582071492719497e+00
8.846407597347353e+01
2.133449107470666e+01
8.052009115019818e+00
7.638220702129519e+01
9.212141711829295e+01
3.858676740833874e+01
4.301412554598139e+01
8.059604623382727e+01
4.959078563823867e+01
8.251819395577451e+01
5.710235892660094e+00
9.035650877764286e+01
6.758437597545999e+01
7.240639434773772e+01
9.298256784350731e+01
3.636548031883569e+01
1.113131400716087e+01
2.137140260141874e+01
1.406026851109242e+01
9.518807474299710e+01
1.723873117810056e+01
5.068036427287402e+01
3.380105441147511e+01
5.552728625737470e+01
5.219352932283353e+01
7.861564749787358e+01
9.870316558457128e+00
6.264257247682781e+00
5.315412923374871e+01
6.980844976837210e+01
6.715396906582359e+01
5.993602213446797e+01
7.479663168769173e+01
7.520597822740952e+01
5.377417549201016e+01
1.875044066400753e+01
7.265915701755283e+01
9.678830108455769e+01
7.632074443452095e+01
6.664672641393111e+01
1.471315734773556e+01
8.203098032718104e+01
4.226986339421471e+01
6.497993425698016e+01
7.309294565259150e+01
4.681712484304659e+01
4.911516515962554e+00
9.533750675401535e+01
1.295376057408459e+01
2.415004858009054e+01
5.435143441630128e+01
7.655898163866203e+01
7.483041285296456e+01
1.436023521905776e+01
5.119300421848567e+01
2.702394212923197e+01
4.677159578854758e+01
6.106332077694280e+01
6.052684488730824e+01
9.992572502229629e+01
4.656256770089388e+01
1.865043212596813e+00
5.736638463910967e+01
5.531293906053200e+01
9.293054202242314e+01
1.099692094651839e+01
7.214674641012529e+01
6.558969903997597e+01
2.788017002301298e+01
5.730739601762378e+01
4.287014712713200e+01
9.530303729479343e+01
9.918286628051794e+01
7.427975236171845e+01
4.448151776775789e+01
7.227581188654332e+01
3.280450489036949e+01
9.867231850450501e+01
5.916424335872952e+01
7.363038955891057e+01
2.282236703802942e+01
2.768592318877854e+01
5.665253431380379e+01
9.765277989099397e+01
2.297539143961639e+01
7.845538485723333e+00
2.467672197365981e+01
7.460476862015425e+01
7.836893428041084e+01
7.706952247632179e+01
3.926463734324307e+01
4.760076047275250e+01
9.297188059099571e+01
3.985342622727781e+01
6.886773266311164e+01
8.590242256685274e+01
7.094529521229923e+01
4.101447902667079e+01
5.149212156026258e+01
9.882546523531221e+01
5.727873666085244e+01
9.510881211380885e+01
7.763428128214287e+01
5.646160289480425e+01
1.096477485772445e+01
7.817872943271824e+01
3.410819626138927e+01
4.376927974809393e+01
7.685104789065711e+01
2.071903507258698e+00
3.643340353687918e+01
9.967341497525265e+01
2.975782669603723e+01
8.171349651259999e+01
9.732619481968050e+01
4.137777864997172e+00
4.437650653737435e+01
2.200291679334031e+01
8.206246471128541e+00
2.613809058728539e+01
2.160269321017093e+01
8.925717872998545e+01
2.875679271703437e+01
7.913397074636723e+01
1.059540543267289e+01
9.762452538014600e+01
7.612453665403859e+01
8.154070069153826e+01
7.992885223586525e+01
2.761665816773505e+01
8.036616588028434e+01
1.660457365988036e+01
8.771017472618733e+01
2.421152495043889e+01
5.414605958114660e+01
9.867494958391177e+01
4.559008313603238e+00
8.111675869725494e+01
9.013928975450773e+01
6.065107153758922e+01
7.472536558039737e+01
2.232266297672068e+01
2.749985010712401e+01
5.159685632753971e+01
5.885363102837169e+01
6.314950164554152e+01
8.079401081464906e+01
3.230137565746036e+00
1.534183072640646e+01
3.809194594532808e+01
3.883549335358455e+01
5.766083335395010e+01
4.177523974411899e+01
8.952451804165007e+01
6.755881619991679e+01
8.031054073027826e+01
6.439680329728724e+01
5.852268205886831e+01
5.105746605017104e+01
8.153582582321755e+01
5.162414221634349e+01
3.317450286502694e+01
3.179513394450542e+01
3.933431689596470e+01
9.637152128683940e+01
2.359988625328982e+01
3.800926643331035e+01
3.117166465668551e+01
5.954321863108465e+01
1.794460868367209e+01
2.336619981721332e+00
9.413833161543046e+01
2.776158695470615e+00
1.683189622910316e+01
7.084820422849068e+00
6.162978972384231e+01
8.182579133744620e+01
1.664786586381861e+01
6.485992728958834e+01
4.209131325692465e+01
3.237652198056529e+01
6.873830243420707e+01
3.992691093121046e+01
5.822515145792866e+01
2.664772673819574e+01
4.778017189715997e+01
1.795383385287311e+01
3.903473352037125e+01
7.178765594576842e+01
2.021117039034663e+01
5.108037397781404e+01
2.341179816211192e+01
5.757411842121469e+01
5.364084865601772e+01
6.274611505807663e+01
5.394563966148795e+01
5.836685158236271e+01
7.553814913869750e-01
9.444548352362844e+01
6.931652099327954e+01
8.120887721013690e+01
8.377752969217372e+01
6.345485256214386e+01
8.398503590560753e+01
6.062891458190462e+01
7.053967298499293e+01
4.561482562944983e+01
4.245470587278470e+01
7.978195188556889e+00
1.047475287247205e+01
7.591405239697269e+01
6.854374290841805e+01
9.949685204750710e+01
8.458832152401484e+01
2.463991182141002e+01
7.826161919080728e+01
2.332669041274427e+01
5.636505193839086e+01
8.804245846720526e+01
3.147076518808993e+01
1.168184178494003e+01
3.912283239845318e+01
3.838235523476375e+01
6.152006353322419e+01
6.765677322058788e+01
5.935559275530073e+01
1.546570314814602e+01
2.602362475638447e+01
1.733826180796058e+01
3.033988947530272e+01
9.534014574966400e+01
9.496432239886575e+01
8.682623276804864e+01
2.071491513434561e+01
1.989634773689152e+01
8.179610366085363e+00
7.758411442748464e+01
7.315588322149398e+01
5.063431628543619e+01
3.390996578797230e+01
3.152686698898993e+01
3.532541326029478e+01
2.274688222573459e+01
4.203119130899720e+00
1.991373473774350e+01
7.245685307889099e+01
4.838453505578662e+01
7.859818319724788e+01
2.882190501728184e+01
1.074348781758150e+01
5.643837747929542e+01
3.276785012929134e+01
4.986632021603469e+01
6.732460650025151e+01
9.428791370908168e+01
1.752309343662257e+01
7.432038745578396e+01
9.753616810661562e+00
1.786809825239149e+01
6.538983148773659e+01
4.009350633253041e+01
4.969562424798292e+01
6.777846224968251e+01
8.764420216327728e+01
9.768186220791277e+01
1.859818460354497e+01
9.582381252936266e+01
2.701653341158132e+01
9.580969251497169e+01
4.645812876823271e+01
6.545004870996347e+01
8.162628071458371e+00
8.178354207509362e+01
2.656406053647588e+01
1.236574720235809e+01
2.362898356450209e+01
9.902091361536687e+01
3.506677659930045e+01
5.397950492518932e+01
8.115680938640461e+00
4.581026441688196e+01
1.914756271017136e+01
8.123625772131433e+01
9.567658463291664e+01
9.442420731970304e+01
4.665982865107237e+01
4.254422529719035e+01
3.474234539770630e+01
1.004760950340312e+01
5.674639626254625e+01
3.916067878676610e+01
4.745705521081437e+00
4.586297690210071e+01
7.180257889991746e+01
9.238990768435873e+01
9.331512236656394e+01
4.678435225355641e+01
8.821372021372139e+01
2.033165573157913e+01
6.154378110614781e+01
3.467184893538796e+01
3.622423295687150e+01
6.970640917760619e+01
4.611997122230007e+00
6.894485464736114e+01
8.207215637996428e+01
1.815266777675257e+01
6.787051915557613e+01
1.713893293269860e+01
7.213217270194188e+01
6.627787401260710e+01
6.294919734958057e+01
9.207091806087220e+01
2.864225484833226e+01
9.823823315009392e+01
7.697426237956354e+01
8.178712515243662e+01
7.182546000547030e+01
4.418059081965154e+01
4.643932434098764e+01
2.857185622145042e+01
7.985328332514189e+01
5.118502990863520e+01
1.658306984071763e+01
5.165586217849323e+01
4.357493754642780e+01
6.085291638078769e+01
1.738995081623548e+01
3.178865771358305e+01
3.328887835763808e+01
7.893373192238330e+01
6.646050669553713e+01
5.070197575292642e+01
4.864014109998948e+01
7.951312702126481e-01
9.227249752370291e+01
3.071229743338763e+01
8.129544881232802e+01
6.014301663271292e+01
7.571456240290523e+01
7.320073813814703e+01
7.549013759730856e+00
6.706122591489051e+00
1.713045072608183e+01
3.619126860806312e+01
6.942620969816400e+01
3.121247977540478e+01
1.149335210746776e+01
4.125166970363431e+01
7.844391268605548e+01
2.184535242703061e+01
6.982352592508472e+01
5.829719596463126e+01
7.304935845222759e+01
9.402864235175244e+01
7.562268063222183e+01
7.209698943053232e+01
6.238403393066676e+01
7.890102080018308e+01
2.777882084612679e+01
4.275313976348990e+01
5.414694764378805e+01
4.295317090253959e+01
6.200354982260779e+01
9.734698803971847e+01
3.207033957916794e+01
4.502047418850496e+01
7.307267518391491e+00
5.379319831439908e+01
1.877004174458331e+01
3.348040978120659e+01
1.754425415654865e+01
4.408287496496126e+01
4.428083749687338e+01
5.588916524121964e+01
3.531667829273114e+01
1.370704719503738e+01
8.861422081879071e+01
3.882139303666604e+01
3.550980493217232e+01
6.705813345828007e+01
8.616615924340029e+01
1.023129756107521e+01
5.585107805945495e+01
5.921551769562788e+01
2.397890925592692e+01
3.530838751946966e+01
3.459850760856574e+01
7.949608973203976e+01
6.334756201289014e+01
1.109117186213432e+01
7.976054171089109e+01
6.892813736057289e+01
5.404434276467391e+01
9.375641140796077e+01
2.116448279524431e+01
2.243687576727796e+01
7.008216179445486e+01
9.474198617727589e+00
6.851045278297292e+00
8.885220358560430e+01
8.171309343618951e+01
9.377432828479182e+01
2.451292193704886e+00
4.246640188734345e+01
6.287858260929519e+01
3.776797053300216e+01
1.946533844781357e+01
5.149280338151977e+01
7.658936356966819e+01
5.590120998951663e+01
1.855093679323371e+01
6.535479569125678e+01
8.068345276670691e+01
3.527275758575311e+01
3.944861294676020e+01
9.686201424191799e+01
8.246877965632304e+01
4.743084723475894e+01
2.985410398331197e+01
4.186605016787819e+01
8.530799070620350e+01
9.614645647636916e+00
1.079418748188493e+01
7.104992171332702e+00
8.947793864155092e+01
4.917040874677264e+01
6.081565425769223e+00
5.956010043600579e+01
4.411340539535200e+01
6.791657524552038e+01
6.838952189702053e+01
1.961839013715200e+01
3.869342517046883e+01
2.710528421546579e+01
7.430345973665987e+01
3.554256597326257e+01
1.296878406450561e+01
2.385860203013690e+01
6.223754950903242e+01
6.522093027141919e+01
3.114716277045531e+01
1.607181058082348e+01
3.057572591610985e+01
1.183061549059610e+01
6.211032516421299e+01
7.727896658576977e+01
6.451159252995234e+00
4.780435517793724e+00
7.567282713748180e+01
4.117905736955770e+01
2.151548276725946e+01
7.661180336801885e+01
5.079370301719462e+01
4.654481655291506e+01
3.385084240410981e+01
4.027164165874554e+01
6.024553601641466e+01
6.649185273167298e+01
7.811862238595198e+01
9.206956401098033e+01
8.239628285281187e+00
4.824404602322916e+01
2.326129918138557e+01
3.233193835817833e+01
2.854272989953995e+01
9.756475891804544e+01
6.859259678450999e+01
8.773920889372900e+01
6.867618563988999e+01
5.104003369390966e+01
5.296013911858207e+01
3.837985658942715e+01
1.336069130960884e+01
8.353586503469192e+01
5.351196343708408e+01
6.352383497335195e+01
2.826632076327983e+01
9.306527725097969e+01
4.370690870271386e+01
4.503371484812057e+01
9.874763754138147e+01
2.547380659984136e+01
2.164551816957328e+01
1.905781771943803e+01
4.779406764907486e+01
2.196416364078353e+01
5.935784529864687e+01
3.553689612799180e+01
1.973249326447607e+01
7.119552976041824e+01
7.606723298135550e+01
2.797212154975725e+01
9.039721223078539e+00
9.932853216274108e+01
6.799214764870337e+01
6.541275515473110e+00
9.689329103422038e+01
2.413992198376913e+01
9.428048440920212e+01
6.970400268663839e+01
8.524271528480702e+01
9.991557518947664e+01
5.424203470081186e+01
9.860340659441586e+01
7.456881784581059e+01
7.753998091329819e+00
3.752987973276986e+01
2.835138562524290e+00
1.656381032269626e+01
8.123678848204985e+01
4.556617035789702e+01
2.886668286699182e+01
7.346560748921037e+01
4.001939661801764e+01
3.942514585304314e+00
1.010317448997087e+01
2.005724977704568e+01
6.330035993051732e+01
8.309570657233508e+01
3.978974304152175e+01
9.788734591467649e+01
9.019747268883394e+01
6.776186459127901e+01
2.992358060084450e+01
3.465396321129704e+01
4.304677468866425e+01
3.646485611631761e+01
3.154725419895130e+01
6.252346982365636e+00
5.109645661483354e+01
1.251256885589686e+00
9.149506226717264e+01
7.798596396017166e+01
7.491313399510139e+01
2.573736455558677e+01
9.699473627703020e-01
4.977046309493969e+01
9.369256705683310e+01
8.899828609498138e+00
7.988950846711617e+01
1.323361737338529e+01
5.961635907162742e+01
6.578362228618172e+01
8.045531985371156e+01
2.088752883527778e+01
6.972613691805216e+01
2.799489597230912e+01
9.218789641381610e-01
9.607739755701152e+01
5.909776844042249e+01
6.410730800782670e+01
5.551644403278662e+01
9.442319948897845e+01
4.849638624512422e+01
4.169760520649032e+01
2.907716265370937e+01
2.901709071780419e+01
5.549395878589431e+01
6.062441689922679e+01
7.459540575491050e+00
5.265022118233620e+01
4.157644707782960e+01
9.895460284266370e+01
3.063618509594173e+01
2.837379925342919e+01
8.992571695238618e+01
3.939863752545725e+01
1.152308751434231e+00
1.668142015891216e+01
4.829846613495539e+01
2.629627540069459e+01
2.873703834076274e+01
2.369385725990583e+00
3.505246673480256e+01
1.764152432682063e+00
2.325691460783450e+01
7.758430451042220e+01
2.975904840499118e+01
5.374492893635525e+00
5.061587605188409e+01
6.456295562189210e+01
3.166229041836331e+01
9.448018902655700e+01
9.503990793369707e+01
6.415427874967189e+01
9.157234471830184e+01
6.364356887696477e+01
9.463979471225282e+01
4.694032959963210e+01
4.906399471176043e+01
2.099335287743870e+00
6.612744660402063e+01
3.712587195314740e+01
8.287487182900071e+01
9.676363169996237e+01
4.772847622992866e+01
9.010700974152751e+01
3.616226917885349e+01
4.888078498136289e+01
5.306332067263467e+01
2.649884122726453e+01
6.465218172625274e+00
3.233498699606162e+01
9.059222763897489e+01
7.882364740540443e+01
3.833686399196129e+01
9.460270656021437e+01
9.493624986844894e+01
8.019702573316033e+01
5.059716154383364e+01
4.702890266060312e+01
9.117526984362643e+00
1.922494369522899e+01
5.502744212515067e+01
6.847994218975303e+01
6.980838764915633e+01
5.971879696460385e+01
5.546051373493882e+01
9.793494143427114e+01
5.821079279212784e+01
4.131784278029475e+01
9.396674767786951e+00
2.433823934958235e+01
1.692318316405787e+01
1.187433102721084e+01
7.244647912329366e+01
6.465165939398652e+01
7.779571403646642e+01
7.284953700045568e+01
1.353244432878328e+01
7.346052447029414e+00
4.172487554220709e+01
2.043877393959033e+01
5.105915919461248e+01
4.965926890711266e+01
3.700644035684245e+01
1.497136476215504e+00
2.016587183818495e-01
5.610842972812635e+01
2.219621470300304e+01
1.293076105086634e+01
4.887212112027785e+01
3.131374168736569e+01
3.215570479266145e+01
1.991964877579345e+01
9.979368387711871e+01
5.255298514503659e+01
7.524339755775566e+01
5.671320387940537e+01
5.211058904049480e+01
2.989968034899779e+01
5.968109330147555e+01
6.150726380828176e+01
4.720224833451316e+01
7.961990175751033e+01
7.417518085528873e+01
9.217461235456848e+01
4.427156115149686e+01
9.128701532785176e+01
2.556825961245609e+01
5.355014244725469e+01
1.405582247025139e+01
2.409119062316194e+01
2.296854836073171e+00
1.954259118975261e+01
9.584813173666976e+01
2.561335164383676e+01
8.082969499790561e+01
1.801243495103551e+01
7.881660576854674e+01
4.830628030388908e+01
4.398925427533186e+01
1.210130109083899e+01
5.107045106173980e+01
3.090223159217380e+00
3.202094991319857e+01
5.086413493885851e+01
2.438987932372367e+01
6.578106813401965e+01
7.577338771697757e+00
6.568268140111243e+01
1.953817504436624e+01
7.027405736515023e+01
3.478266356269953e+01
6.674042342544553e+01
4.989395907609443e+01
4.827396485408487e+01
4.441772985477826e+01
9.416552022759129e+01
8.248110813204251e+01
6.061280237539336e+01
5.768420950401770e+01
9.299814286315728e+00
3.775491618446769e+01
5.426638054394461e+01
8.188525106845668e+01
9.910608706954220e+01
7.987973218778136e+01
4.102691404569285e+01
7.616265894666438e+01
1.960501154866303e+01
8.933319439614806e+01
5.665158063948693e+00
7.065309643310174e+01
6.476287225483119e+01
8.524178782722065e+01
3.722578191069224e+01
4.724462779576174e+01
9.631667104378188e+00
6.601902431157373e+01
8.714379793365664e+00
8.171257180241523e+01
8.555719940250609e+01
7.898843715851588e+01
1.135439607843496e+01
4.230342998276625e+01
2.888239618804417e+01
3.410547647350723e+01
8.734216554432277e+01
2.304791641563546e+01
1.658658455898361e+01
4.795496791971613e+01
7.501744212350690e+01
5.506398987726494e+01
4.236164798138740e+01
2.928382262088536e+01
5.364300043026125e+01
7.702353516454973e+01
9.163554808666722e+00
9.466991452252023e+01
5.785920767013878e+01
3.708989803543775e+01
3.946269612734331e+01
6.352436573408747e+01
7.171007034914105e+01
5.564363643324172e+01
4.876615356130812e+01
4.496877637923172e+01
9.087264327838675e+01
8.120833178107083e+01
