9.538690703706205e+00
2.252768805368230e+01
6.227472748713322e+01
5.759634829945692e+01
7.186541895934633e+01
1.562867090833777e+01
2.350527016609221e+01
7.624791859474401e+01
5.430371861639605e+01
2.413682603469902e+01
4.245470587278470e+01
8.470615813727778e+01
2.591237240746262e+01
9.704421274226355e+01
7.763865928986978e+01
9.185018357441304e+01
7.670932164262483e+01
6.577857600794107e+01
4.717888629398257e+01
1.964379708266063e+01
3.750905810739336e+01
7.411769464338090e+01
6.072679909911324e+01
1.101104910998188e+01
7.963187414204323e+01
1.334261075283522e+01
4.618128349361070e+01
4.305869827189422e+01
1.137948702619387e+01
2.163228025735928e+01
3.676102996652994e+01
9.106944403195261e+01
6.545403397896050e+01
6.768243250794822e+01
5.639800157230255e+01
1.360252542123316e+01
6.165263110848732e+01
2.316321955209748e+01
5.123483857663108e+01
8.780340481912875e+00
4.000929931179122e+01
1.201442070864813e+01
8.571011856464209e+01
3.053208078748178e+01
7.439313245676138e+01
2.752480759635791e+01
5.662272980279416e+01
1.398813892807259e+01
2.514879406669587e+01
5.484404543174619e+01
3.363193601073321e+01
8.585225189377192e+01
5.429640140118841e+01
5.643837747929542e+01
6.661443368839772e+01
8.682334930022402e+01
2.213501470262884e+01
9.959136047381506e+00
3.350702241692088e+01
4.580364615926689e+01
9.884709450362581e+01
7.033210902955946e+01
8.216522982444859e+01
3.277580348438388e+00
9.320489545036335e+01
8.182317921045384e+01
5.379693873869113e+01
3.550342625728968e+01
2.809354273047929e+01
2.281337786596891e+01
8.031050827368652e+01
8.562418543064231e+01
1.913369308185470e+01
7.516159181257784e+01
5.104083225645164e+01
8.719654650762516e+01
4.773570739093037e+00
3.603490890750425e+01
4.462927959143616e+01
9.902091361536687e+01
2.182938490148139e+01
2.786473316506703e+01
4.989463768428873e+01
1.542709414634253e+01
1.106565739543441e+01
1.650907132612032e+01
1.579800328044128e+01
5.131037125890627e+01
5.658772311014483e+00
4.782209733865321e+00
2.809944647741478e+01
6.130992400520944e+01
7.041444162391799e+01
2.469304503160205e+01
7.783447163078676e+00
3.805424647315137e+00
8.221044860883171e+01
9.392238557055703e+01
3.407583475768372e+01
1.030399129274487e+01
9.774177255935118e+01
2.352730795905334e+01
4.167318252924512e+00
4.374720740306527e+01
9.868889977163118e+01
8.009499245327663e+01
6.927079719923009e+01
8.452762439126505e+01
6.945719489336814e+01
5.222357132109979e+01
2.856937974159111e+01
6.174597770988288e+01
3.090475687333604e+00
7.846401742587985e+01
1.832293114546823e+01
9.559671636465784e+01
6.660070268744636e+01
9.156124665940239e+01
6.010449773636856e+00
2.556854506282534e+01
2.635604195592741e+01
8.929410124630392e+01
8.558780117220608e+01
1.086813421494706e+01
1.398714627790598e+01
2.564170799480830e+01
4.172732426865367e+01
2.275452596263705e+01
1.956409351879921e+01
4.310707843075836e+01
7.147013618213597e+01
8.976619741402855e+01
3.774235455214156e+01
9.743767049975585e+01
3.371972652791055e+01
5.070197575292642e+01
9.050471912627329e+01
7.278784181586832e+01
7.121263205595902e+01
3.971837667735218e+01
3.048948945034737e+01
4.150187579984864e+01
4.785123041265236e+01
1.523616556787685e+01
4.341397557566593e+01
5.814992951143064e+01
3.176528920036056e+01
1.921640244276095e-01
5.610392361697924e+01
3.272505553100494e+01
2.282141476069643e+00
1.477803337144574e+00
9.734168033923100e+01
4.315754372773578e+01
7.973493876854654e+01
3.913539384451480e+01
6.045989569297987e+01
8.191322166561766e+01
8.866551080190833e+01
8.848152779437672e+01
5.428228618310871e+01
1.976143974799730e+01
3.111057301569291e+01
7.856008111432199e+01
1.719911020118702e+01
7.638288791122982e+01
5.773912647633772e+01
8.733460315844724e+01
3.372623298025049e+01
2.895175848573063e+01
6.517381722348455e+01
9.363517407031506e+01
1.877004174458331e+01
8.438885290380048e+01
5.793043764211724e+01
9.275538553146431e+01
1.915366492194760e+01
8.685698811284126e+01
6.756599315794463e+01
4.428110273754275e+00
8.799140615760879e+01
5.888492383942238e+01
7.879370268378113e+01
3.166874359905196e+01
8.309174100081052e+01
2.567796037796790e+01
7.948267929231872e+01
3.866838940357249e+01
6.458871055608090e+01
3.990958204488716e+01
5.103900258012069e+01
1.592436624501104e+01
1.050123898801452e+01
5.826049021364212e+01
6.422438722300548e+01
4.678589745740681e+01
5.072594636619367e+01
5.883964288925735e+01
5.557418472858806e+01
9.062904216844078e+00
6.534175726833836e+01
8.561049545445037e+00
5.666482576945090e+01
4.762692360562595e+01
4.694076867166011e+01
4.839784561116149e+01
6.189018458215993e+01
2.706367444575936e+01
6.872404546883145e+01
2.042997964677865e+01
5.360186512284068e+01
2.324623983504541e+01
5.951152935601376e+01
3.739769837697860e+01
3.355106675697074e+01
8.354017477647410e+01
1.873943480604302e+01
5.214575224190286e+01
6.260465749660724e+01
2.667738102687401e+01
9.973297957318508e+01
8.360061621461092e+01
8.820544103542596e+01
2.674208964535132e+01
7.681408830770016e+01
8.110716095245778e+01
5.449081401084122e+00
2.754003462732771e+01
9.791033710255769e+01
2.910217178478007e+01
4.198691655974226e+01
3.497078057144339e+01
8.132114316398331e+01
9.416959886167645e+01
9.615741167038559e+01
2.826191183564342e+01
4.704958789378851e+01
2.752535656444978e+01
8.759701242092858e+01
7.075089391821572e+01
1.549608382186670e+01
5.334800712454506e+01
5.550661406270536e+00
6.235173487213986e+01
7.567282364502215e+01
1.412998764502350e+01
4.782713695793745e+01
2.367560049690102e+01
2.303935132130950e+01
3.923081785404627e+01
1.394924042464664e+01
7.340894689476535e+00
5.778441590153817e+01
6.747500038122526e+01
1.490656114877507e+01
1.357217953241066e+01
1.093848376112919e+00
6.134116224075722e+01
6.365799622780550e+01
2.843702576516058e+01
9.278732654302722e+01
9.722651266363754e+01
6.824858680751575e+01
7.410846970701054e+01
6.417794696249904e+01
2.563292026782079e+01
2.370381496087826e+00
4.703847018398273e+01
6.011638551024552e+01
7.050962800649442e+01
9.862303887429789e+01
5.291225777608913e+01
1.274276637134271e+01
3.920132598802509e+01
5.296013911858207e+01
3.957874422873312e+00
4.317082457392049e+01
6.899269780562850e+01
6.466008660600525e+01
2.728469880637000e+01
7.275075277907344e+01
7.597921913302467e+01
3.558884404394257e+01
6.600793156121296e+01
9.960487280022579e+01
9.264437816694583e+01
3.793606862329695e+01
2.239707467257841e+01
4.623280891507529e+01
5.967731692813211e+01
3.133914290524048e+01
7.976978024457105e+01
8.734028259634053e+01
2.124003391770647e+01
3.989961689333413e+01
3.340044381720966e+01
8.733822260393679e+01
3.830273404638410e+00
5.766367169919595e+01
1.467734575955074e+00
7.885562580956874e+01
8.651650607889355e+00
4.553861159157875e+01
9.551572901919285e+01
8.524271528480702e+01
9.798009265120146e+01
1.453897148116444e+01
6.666416817655050e+01
7.439242460503822e+01
8.945036706954723e+01
9.298771461145380e+01
7.519630606993861e+01
8.205001125207637e+01
9.742224709942110e+01
7.150706642843181e+01
1.127791535634450e+01
8.231389382030531e+01
5.989938762965583e+01
6.668458034595687e+01
1.938425047294435e+01
9.824709761806163e+01
3.794414048918716e+01
7.389341521723820e+01
8.427757280146591e+01
3.924561587127187e+01
9.932679748131279e+01
7.178588401143713e+00
8.611857005679914e+01
6.583754441972708e-01
8.761750244890223e+01
6.317428092620069e+01
8.343133809204741e+01
6.667945527782638e+01
6.605495841524329e+01
1.251256885589686e+00
1.875185497047000e+01
3.796890533434642e+01
5.827634029941463e+01
3.359034496061054e+01
4.941695744610250e+00
8.045755167513040e+01
9.244871176427635e+01
5.398217176738296e+01
3.783219328049206e+01
3.734548861968587e+01
9.797210064622206e+00
9.578243656818869e+01
8.643396663779112e+01
6.315291270760489e+01
4.991602709047311e+01
4.572595415903533e+01
9.318793504181687e+01
2.759933929312943e+01
7.190915451939645e+01
2.345777061928891e+01
1.403692952079555e+01
6.873725655895531e+01
1.280691805892015e+01
1.554995310285592e-01
3.047658164542009e+01
6.141805907777420e+01
2.457988938529970e+01
8.168399752196110e+01
8.666304530886144e+01
9.063484780054300e+01
6.716897290533826e+01
9.143966463927164e+01
3.352565562051053e+01
3.765129849205320e+01
1.485999488032423e+01
8.310039526927304e+01
5.384893601473837e+01
4.094118463850635e+01
4.607677974089830e+01
8.693868968958905e+01
4.465419521772032e+01
3.977278696362524e+01
6.017373230316384e+01
1.954083885976153e+01
3.325503842591077e+01
1.008975939363696e+01
6.253559811158832e+01
5.849676907923854e+00
8.081162794530933e+01
2.213153383793846e+01
1.212096522195310e+01
2.378907661130143e+01
3.832329112958317e+00
6.437197447026706e+01
8.463332396216380e+01
6.026442240004634e+01
1.509508421416166e+01
9.213213300897372e+00
1.309139249524632e+01
3.160707318764509e+01
6.678300419206870e+01
7.967416922546651e+01
4.646158816593773e+01
5.186388546222071e+01
4.937982780364334e+01
5.668077294560185e+01
3.842639985421039e+01
5.841016250588473e+01
9.701943094703343e+01
8.446073531380888e+01
2.618702502278007e+01
8.946110670895368e+01
8.107042777401881e+01
8.636075732594392e+01
7.168665592171561e+01
1.008703564763397e+01
4.549203815194407e+01
2.190903524025764e+01
4.135267638664352e+01
9.787957859126831e+01
4.404056907819611e+01
2.250996349496300e+01
3.165894799477372e+01
6.767128499582003e+01
5.164534363506611e+01
8.690981841036576e+01
1.262108926317705e+01
6.067327999541223e+01
5.493311423572391e+01
4.572233112795387e+01
9.228035318305733e+01
8.946442189135794e+00
5.313060397893684e+01
2.437495436723109e+01
2.522773622778605e+01
7.062793721939806e+01
6.732448631307319e+01
8.380338972611511e+01
9.713979186356990e+01
6.275714634114743e+01
4.172487554220709e+01
2.660149523364450e+00
2.649431024980466e+01
1.714081788302437e+01
8.902090689587449e+01
1.555181174331895e+01
1.669625193658110e+01
1.972952341648262e+01
8.500232574762884e+01
6.360375660639431e+01
2.001046618447195e+01
1.130527314325109e+01
2.836162928881200e+01
2.086397186893224e+01
2.966502887646902e+01
6.929597890437394e+01
4.114780278929872e+01
6.096160554371849e+00
2.996925885322004e+01
7.898272409987763e+01
6.269671859345246e+01
9.265677537427133e+01
9.904440771743862e+01
3.400099511910276e+01
4.253481446883400e+01
1.640628651548470e+01
8.900928967120558e+01
9.679174925982568e+01
8.006042259748114e+01
6.720860957503720e-01
9.685001536125783e+01
9.653135654354998e+01
1.370745576625106e+01
2.739395491191836e+01
1.771232393463716e+01
6.943850171260466e+01
1.932091462394265e+01
8.696809131045271e+01
7.227399832209292e+01
2.995113424488862e+01
4.742092497061050e+01
6.625894679048049e+01
1.118352981805034e+01
8.082558544391096e+00
7.063495059061560e+01
4.658601109245140e+00
4.233354327377562e+01
1.178275333334820e+01
1.075476166361699e+01
9.629045524461681e+01
3.689612501156336e+01
7.027405736515023e+01
2.625373039685829e+01
2.482529130057678e+01
3.334902694139118e+00
1.157199107649363e+01
4.501098042587330e+01
1.950492394133700e+01
4.566486005003790e+01
9.001516191755196e+01
5.950821426674175e+00
7.645310092552243e+01
3.041444580555635e+01
6.530678219409045e+01
9.158314372952242e+01
1.255808035496533e+01
2.831851040400495e+01
6.454977531197936e+01
9.952617171198416e+01
9.505124655321764e+01
5.632487999104191e+01
2.261356442357114e+01
1.843406284155048e+01
3.388000723620877e+01
1.310469196788254e+01
8.906901343216607e+01
1.137041021667906e+00
6.291898990185884e+01
8.517667655142801e-01
4.345382989545065e+01
5.886082046612204e+01
8.561424616985687e+01
6.728946569715136e+01
8.511455086298034e+01
1.999754338525121e+01
1.164691579139182e+01
4.161017003544148e+01
1.006717067680655e+01
3.001179761719508e+01
7.664004428155722e+01
7.366397579836844e+01
6.474888006446365e+01
1.873894786403466e+01
2.130194917381832e+01
5.137322174914797e+01
9.399164234939573e+01
3.386002952878365e+01
7.283644972966819e+01
2.869598261485620e+01
9.109162734406611e+01
9.834692850631984e+01
9.410038985968585e+01
1.263330211519883e+01
6.035789151692664e+01
1.067237998855877e+01
2.680988368895365e+01
5.116261176353441e+01
2.089993144427423e+01
4.269922703630255e+01
7.073952866286949e+00
1.425463930436161e+01
2.139414726821433e+01
5.390438984795678e+01
3.955250686945045e+01
6.508698084628535e+00
4.690958794528133e+00
8.874904014577579e+01
3.215368372954134e+00
7.993883918036653e+01
8.554642735307404e+01
8.305907346450681e+00
4.908468669703449e+00
4.059591365074549e+01
8.160786548704276e+01
3.811672131443243e+01
1.783871688779384e+01
9.058418389902644e+01
2.673865641781066e+01
5.341005872628188e+01
4.587629784172228e+01
7.118604428655749e+00
7.835675435064209e+01
9.659877461222874e+01
2.082379614972686e+01
1.479253061804573e+01
2.856416400920794e+01
4.151727824542545e+01
2.356965198347794e+01
9.504988607720001e+01
5.351205871138352e+00
9.994464106855199e+01
1.902383031278096e+01
7.018286332962236e+01
5.384903086994264e+01
9.084863038307458e+01
9.824964296922538e+01
9.378951331311349e+01
8.403965122254549e+01
2.768646503225270e+01
8.397143570891183e+01
3.799138066265331e+01
6.354695109815660e+01
8.887990437861527e+01
7.892598294602986e+01
6.303722763575485e+01
5.316447743827686e+01
3.415222649190213e+01
3.573900039109355e+01
6.919145456943264e+01
6.121650317740463e+01
7.411533537046766e+01
2.929576301448781e+01
2.292787536183739e+01
7.924373945186089e+01
9.713385514781524e+01
3.772040602644925e+01
3.492816027017690e+00
4.671906584255353e+01
2.723007338458210e+01
9.559624981861387e+01
9.397090174908325e+01
6.810879445081055e+01
7.847227439213185e+00
3.282948878259840e+01
5.606471982601319e+01
1.855317578583638e+01
4.201897161175449e+01
1.934227893098364e+01
8.136935629014362e+00
7.923219491691896e+01
1.918145502879352e+01
8.769402424231825e+01
4.027130694141206e+01
7.454168851233166e+01
6.533296949478469e+01
6.899997269222512e+00
9.434633110386615e+01
4.464044386737069e+01
3.224965395976307e+01
2.378069070343892e+01
8.743435660723334e+01
1.386495214601278e+01
3.149919623113200e+01
1.036223196907073e+01
8.663360126625449e+00
6.913625312463206e+01
4.808263799551997e+01
5.653795821430998e+01
4.199213978927217e+01
4.274574645922787e+01
3.661243209457604e+01
4.485100132639101e+01
5.481998466645367e+01
7.988432351494409e+01
1.635864857414674e+01
5.172506698953224e+01
6.704061020493536e+01
1.969946172074390e+01
6.385732510306747e+01
5.967584217883453e+01
8.046635961181781e+01
7.723660267760819e+01
1.113016857352581e+00
9.468161593874991e+01
4.548918532463218e+01
5.252425836051081e+01
3.619435966768971e+01
1.161068832111111e+01
4.494335853724897e+01
5.274146644060568e+01
2.001087554730981e+00
7.999350413679774e+01
2.122416669559859e+01
5.712203795887625e+01
4.891236664211022e+01
6.292466258766347e+01
9.039541775844778e+01
1.958097332137682e+00
5.896787953514973e+01
4.899829651648099e+01
8.660788824158156e+01
3.571366650784093e+01
4.691511492566909e+01
6.901785869571280e+01
9.418725128946232e+01
5.460033107297511e+01
2.074292568524504e+01
4.948893750528289e+00
8.244748640919452e+01
3.639293277468203e+00
3.083992005830627e+01
4.829589838548372e+00
7.014574951964698e-01
7.074112117790669e+01
9.473604266286644e+01
3.226161810209119e+01
2.881411520243348e+01
6.734147284521789e+01
1.261341642244412e+01
5.864664249059122e+01
1.818257338282772e+01
9.573123263927700e+01
7.382638998042158e+01
8.886814261268272e+01
5.522851927915053e+00
1.308716838857493e+01
2.171311318954132e+01
8.111338544688810e+01
9.771332666171404e+01
2.718495141118064e+01
4.568295974549044e+00
7.221346724415825e+01
6.136803089704739e+01
5.148341094678427e+01
5.352289227467165e+01
8.156149149013753e+01
6.123872350959048e+01
1.956539043205110e+01
9.195538363044867e+01
2.312103133793968e+01
3.846133143569405e+01
3.413691606099574e+01
3.698951603704575e+01
5.527071201022282e+01
5.416596650805602e+01
3.776894716442048e+01
9.344622366756491e+01
2.993884693362697e+01
5.601439813897684e+01
5.335771551046415e+01
1.622110047201677e+01
3.707506313783819e+01
4.776150386210601e+01
5.136482894949840e+01
6.062873828254116e+00
4.441091578659179e+01
6.995482652911675e+00
7.641648826022470e+01
5.564163190109731e+01
9.870026530637418e+01
2.130096443989359e+01
3.309379989891024e+01
8.431060122526745e+01
8.466416661844784e+01
8.397733209839899e+01
3.783349349993909e+01
6.382168236366551e+01
2.731440697205924e+01
2.769501755372389e+01
2.235978200210248e+01
4.777190836508382e+01
5.955841637195945e+01
3.336462766554422e+01
3.157539848777251e+01
5.131364523028658e+00
8.785248016372904e+01
8.979304152996886e+01
1.120236302316299e+01
1.779132705078988e+01
2.535874379116984e+01
9.401803561207747e+01
3.470546227633276e+01
5.236005929874259e+01
7.420282912170646e+01
5.109104516501122e+01
5.149879164597895e+01
1.160891256835727e+01
2.463488943159343e+01
5.654628787028896e+01
1.273060450923192e+01
9.275961350312438e+01
4.587140420725169e+01
3.443443217986936e-01
5.341755061103848e+01
6.638780523389009e+01
5.622573334547958e+01
7.066711861205619e+01
6.520266899149989e+01
9.825601298280806e+01
6.192760475069639e+01
3.265065207735200e+01
5.371239551050235e+00
9.069351064539212e+01
9.007179960146165e+01
9.055124753646146e+01
3.688772443537029e+01
3.608277972605209e+01
5.128953189183470e+00
6.348124941041752e+01
5.456714153036808e+01
2.354647173711400e+01
9.492703168416723e+01
8.927260380670083e+01
7.142672360475488e+01
1.953613442347205e+01
9.514094055403998e+00
5.155652321481915e+01
6.070021854746166e+01
1.372013753918937e+00
8.102811038541985e+00
4.019831011081036e+01
4.981072035143651e+01
4.504094517093196e+01
4.600524327066040e+01
5.666911874742672e+01
9.988385895261722e+01
8.306161224984639e+01
2.733623735948291e+01
3.814785179595829e+01
4.869895058157805e-01
7.983457612797366e+01
6.160695220418598e+01
9.179692561356208e+01
1.639188412408898e+01
4.142290774799087e+00
3.525731434824751e+00
9.627653886390689e+01
6.171570730475509e+01
5.803245820944778e+01
8.186516975139509e+01
8.598215351159784e+01
7.320263156350825e+01
8.340833642678723e+01
1.805429696946139e+01
9.746050001003803e+01
3.275349672546307e+01
9.699974995898071e+01
9.618587833651615e+01
6.676856859902320e+01
7.660763840033097e+01
2.707894385190631e+01
2.597934451232634e+01
6.340461203986993e+01
8.381039369097464e+01
3.573517712565846e+01
4.791428449000897e+01
1.226027776126763e+00
8.215685448709729e+01
4.740996814677955e+01
7.319711925145104e+01
9.158045146222248e+01
3.631287656552758e+01
3.591729548569643e+01
6.375287895265636e+00
9.570169099406418e+01
4.326750735904440e+01
2.423835113841964e+01
8.762735551578334e+00
4.983214617233358e+00
5.957314765992255e+01
8.477017250134152e+01
6.258792000011910e+01
3.670247906665433e+01
7.778667550430944e+01
8.064221696958049e+01
7.747860927017341e+01
7.951927044406500e+01
4.882047388182043e+01
9.564807088842991e+01
2.905089418825269e+01
8.902984284284983e+01
4.442383309100933e+01
1.878082804325075e+01
8.149807070451699e+01
9.388491548313057e+01
7.881868042928105e+01
1.839673599153605e+01
4.642122553029155e+01
5.483607987632793e+01
2.892524699164799e+01
5.878240329156742e+01
4.765336851014447e+01
4.767076454482543e+01
5.066281885405203e+00
2.832342755437057e+01
9.145655794602658e+01
4.833378929101573e+01
5.680019592717299e+01
5.291804436264469e+01
1.598567744530071e+01
8.111817025631581e+01
2.608377231568274e+01
5.506723292873578e+01
8.694957647796235e+01
6.071962353806926e+01
5.820322747258619e+01
4.877794512956308e+01
6.383428129546078e+01
4.629802892277857e+00
5.845521495605595e+01
9.683405528628923e+01
4.650630492088679e+01
5.336413711931749e+01
8.817887869113072e+01
3.552881900012903e+01
4.724905255588193e+01
7.938333744154467e+01
8.597054052444666e+01
6.415481775261220e+01
2.144162637248711e+01
1.676893784514113e+01
9.371683411007599e+01
5.266178201542319e+01
5.704242133397722e+01
9.878311599548120e+01
9.560887170751062e+01
8.000258588232221e+01
4.711690523993079e+01
2.120922804866416e+01
7.185613050677634e+01
9.063680730324090e+01
9.789073769836256e+01
1.448859070171071e+01
7.098074237396044e+01
3.117907044067004e+01
1.209166660536624e+01
7.561781675350751e+01
4.992754335977489e+01
7.592594794739314e+01
5.944130968276472e+01
8.382758269264716e+00
7.276000318711624e+01
1.419941667197245e+01
5.976497794490540e+01
5.465537079361052e+01
4.918601924981271e+01
9.249208741471733e+01
9.891531909765457e+01
1.628330103879948e+01
4.313153011870176e+01
2.231849344555219e+01
1.323221852687757e+01
8.699698973772907e+01
1.292308937428663e+01
6.529941105530570e+01
4.690468560294466e+01
6.684049594534584e+00
9.333874722632521e+01
2.155581541431873e+01
3.347299435803341e+00
5.435131800097941e+01
4.557615637107573e+01
1.238037087599764e+00
8.557155033832954e+01
8.422352060872294e+01
7.061151790926769e+00
9.766321694369577e+01
6.922226858754748e+01
3.272195329550745e+01
1.303544869322118e+01
9.290526485671535e+01
8.837619400041932e+01
9.259859257964351e+01
8.721459754147315e+01
3.233259908497920e+01
6.333287966592837e+01
5.629070073193437e+01
4.789686796623136e+01
5.268743352624002e+01
6.216026645254357e+01
9.886547266452827e+01
4.434071865134906e+01
3.710474215313081e+01
4.590302558890685e+01
5.726380807220182e+01
5.246243931002097e+01
8.762227389385099e+01
1.520772884376707e+01
5.023102930292070e+01
1.750474722008442e+01
2.880003584027292e+00
2.419345221677490e+00
2.726303298364535e+01
7.876208498085015e+01
8.799089556000703e+01
1.148655359236829e+01
1.736362856690009e+01
7.284380089158368e+01
5.048777086217319e+01
7.284140417950293e+01
5.924327730165947e+01
5.462721095170230e+01
9.841721951887813e+01
5.453502333468526e+01
4.247392646152243e+01
5.410431868122161e+01
9.473483725205755e+01
6.788417886378438e+00
4.365939555860096e+01
7.075633097940886e+01
4.735682711347790e+01
5.847540561038787e+01
6.820483229505123e+01
6.053426445486688e+00
7.785491378878007e+01
7.672851159084985e+01
3.697741056651688e+01
1.278451104312414e+01
2.872780204225695e+01
1.616655216373808e+01
1.108414470734268e+01
7.673192549344708e+01
8.717982633373693e+01
9.447312564331718e+01
8.940127612529382e+01
6.029083796790374e+01
3.610536001441319e+01
6.764904645627785e+00
4.396563020719477e+01
8.267932091033055e+01
5.661704021348481e+01
7.233776136875980e+01
6.720394364893620e+00
8.331388052707252e+00
9.274253658612378e+01
7.600440712459590e+01
6.761917381902187e+00
6.222607100486107e+01
5.021257547205899e+01
5.343161167271045e+01
2.710319348941706e+01
2.270495557352200e+01
4.766963005423063e+00
7.518701538219444e+00
1.394353728459381e+01
1.588266343617936e-01
5.853615745833896e+01
6.808062171008467e+01
7.140881604114958e+01
8.726395954716205e+01
3.369954486084150e+01
6.447139436587290e+01
4.425782633212294e+01
6.748531170537943e+01
4.111892135865936e+01
1.009112853095454e+01
7.402234695573446e+01
3.263262344181194e+01
4.196154654117373e+01
5.670753766629265e+01
4.265667844687434e+01
2.339610272245300e+00
3.664409906447125e+01
5.963211928477143e+01
6.877944486624536e+01
5.040625243000976e+01
3.598266096598593e+00
7.554136224814754e+01
1.263232343487084e+01
2.166839918199386e+01
7.499810777371661e+01
4.368999974973966e+01
3.926393377560374e+01
2.906405894507843e+01
5.212379170214933e+01
4.947686332719255e+01
5.317717918808441e+01
4.577514289215912e+01
9.886702462046735e+01
9.154838402362000e+01
6.792241552282238e+01
9.373682816221232e+01
4.149954125354976e+01
5.934379527314743e+01
3.544374603565957e+00
9.191352175172118e+01
4.891864645710152e+01
2.062016908108265e+01
1.945942152266364e+01
7.588579597691344e+01
2.384531783119091e+01
1.394610512719774e+01
1.544633275617209e+01
6.048941694222829e+01
6.408776732351993e+01
3.769061283100891e+01
8.038850807602913e+01
3.285450978803193e+01
6.502605153481757e+01
7.808733218260451e+01
1.487244214623815e+01
8.948459424520125e+01
6.262010189826604e+01
8.496619634561530e+01
2.719768957570088e+01
7.626074067142827e+01
5.341574738426867e+00
2.553872993473836e+01
2.614061489055893e+00
1.856131228551330e+01
9.858679855176564e+01
5.580396058773807e+01
9.773382227762315e+01
9.661885020165650e+01
2.817403256342469e+01
4.439164392854629e+01
3.576982321020673e+01
9.247107784844519e+01
6.703065976827902e+01
3.243046767657179e+00
4.634504734833960e+01
6.500136636430462e+01
6.574911305948585e+01
4.282467702535199e+01
5.549922215542720e+00
7.963016004284385e+01
4.714146421623484e+01
2.788524209888896e+01
4.731619346296237e+01
1.216751575105242e+01
6.839296145755470e+01
8.747450224471955e+01
3.786487492633279e+01
7.028518294463175e+00
9.586570965864961e+01
7.933573866232099e+01
4.220761677353067e+01
8.739697085106604e+01
9.391941120564911e+01
7.090699866921966e+01
7.039184522367634e+01
1.106465575800494e+01
7.346170026504514e+00
9.798846654500275e+01
9.210078706597015e+01
5.089860141784819e+01
2.261279957490638e+01
1.138411323138704e+00
7.379387271301535e+01
1.891558697396684e+01
4.415699683323363e+01
9.606612077730993e+01
9.634429295377075e+01
9.906109892719476e+00
7.074328072869372e+01
2.387312502780609e+01
6.690930159152919e+00
1.776187350869266e+01
6.670004486418331e+01
5.400712362211529e+01
3.605749785716529e+01
6.146072762155008e+01
6.576025274850440e+01
2.637073771393427e+01
3.430773487049515e+01
9.547944911545116e+01
9.520586356297407e+01
6.346319674675501e+01
1.692020288525159e+01
3.900988760358183e+01
3.720881591421031e+01
8.386217867204090e+01
4.504068984884801e+01
7.364083341026716e+01
7.025717239373232e+01
3.416574966822088e+01
9.545358735856301e+01
7.641984330323518e+01
7.225770460081179e+00
2.362439745274577e+01
8.237522089964487e+01
7.007002144589556e+01
1.969051818348957e+01
1.714542304032735e+01
8.743611205715504e+01
8.004409981893566e+01
2.927575727425318e-01
6.418816748270214e-01
9.614128051145994e+01
2.364876215516067e-01
2.045307486339150e+01
8.950675739418099e+01
6.169721528966782e+01
5.421072917720803e+01
2.559462158269930e+01
1.396200429366995e+01
2.448418085672156e+01
2.080048509910725e+01
8.176185697399167e+01
6.273011726454371e+00
5.981037270268909e+01
8.575837956078274e+01
7.666232719862010e+01
6.681322942805161e+01
4.402414338850609e+01
3.827828193934554e+01
7.898051528212639e+01
2.576695276692834e+01
3.501185338711918e+01
6.003961179407295e+01
6.459021929865247e+01
3.676198815776128e+01
6.120892486591308e+01
5.105618091814973e+01
5.030527159120201e+01
2.237686222529824e+01
3.653575295421097e+00
1.102111032745853e+01
7.335590714279371e+00
5.859763811277116e+01
6.488419974450218e+01
5.048433912474864e+01
2.789402637998296e+01
5.939720806637649e+00
6.109945274009344e+01
9.500329242786546e+01
6.843435916511079e+01
2.406898239816957e+01
5.785124444302695e+01
9.555389387326031e+01
9.280067928731474e+01
4.257444159247654e+01
6.593720385149922e+01
1.076000337990001e+01
9.817559090357999e+00
9.961347193439186e+00
7.576671805035635e+01
1.079653814006436e+01
1.028998648295644e+01
7.988018564874315e+01
4.933427653710091e+01
4.700761197461169e+00
2.319752020910267e+01
4.057772873927733e+01
5.413592604647201e+01
2.688379642874179e+01
6.307553079122470e+01
4.118073039743152e+01
9.793368917793673e+01
1.503500156804687e+01
9.304471332255970e+01
1.867075754267664e+01
5.724251119291527e+01
1.916667382194040e+01
8.463818066969429e+01
5.682731273436328e+01
6.309847294497233e+01
1.306180456330152e+01
1.510776333283063e+01
7.640974413436361e+00
9.136637667723298e+01
1.288005482073876e+01
2.687994201056657e+01
4.185912890446332e+01
1.137332595483089e+01
4.027504052048318e+01
4.212873510184173e+01
9.553905944132202e+01
7.125940139929736e+01
3.053578181682889e+01
6.387924769142608e+01
4.209555133343467e+01
7.083049950694222e+01
9.776598033391219e+00
7.777439494513646e+01
8.796603688409833e+01
5.254204555067329e+01
2.354462422595575e+01
2.382301293491526e+01
5.587585650192381e+01
4.236206907888971e+01
2.313234802481362e+01
2.499936089152440e+01
9.960458031837111e+01
2.125916314369960e+01
1.687929570529577e+01
6.631783180232989e+01
1.438927064388491e+01
3.572181362459521e+01
3.732818809213498e+01
1.020338694108808e+01
1.381572168963762e+01
7.875933483185216e+01
8.676076591329685e+01
7.701056337776154e+01
1.840874553583970e+00
4.722362912596373e+01
7.320346388649357e+01
9.032543967027470e+01
8.480273656770714e-01
2.278081147129685e+01
9.028367585981437e+01
6.768859297395153e+01
5.499920340022035e+01
5.348976447875135e+01
2.600623929221473e+01
4.297453744475475e+01
3.013083279604596e+01
9.082985617724705e+01
9.565186328052164e+01
8.845190521723214e+01
2.396005854194987e+01
1.900644470891284e+01
7.003686026206094e+01
8.044362286126410e+01
4.361866719257956e+01
8.489120010514334e+01
9.087306744925355e+01
5.376219100028379e+00
7.280954135247019e+01
5.612003372801470e+01
3.584392742991631e+01
2.047432913467024e+00
8.768455259859775e+01
5.358903717882421e+00
4.300211679330194e+01
6.855603250142002e+01
4.547427168370889e+01
8.227622275346714e+01
5.932759291461092e+01
6.395730216240385e+01
1.994482628998572e+01
5.533087353935971e+01
2.453588392796734e+01
1.627743542952344e+01
2.577147401206730e+01
7.781202843310872e+01
1.468976415446483e+01
9.648289982997017e+01
4.790414913925535e+01
3.692510581432148e+01
2.991927211634781e+01
1.206045388805701e+01
1.369909812402869e+01
6.367121267303415e+01
3.535950283303833e+01
6.059902569306968e+01
5.894018619271935e+00
3.348872085730020e+01
2.289859811910363e+01
8.572476035250572e+00
9.749721889267546e+01
5.084843889383992e+00
8.056423351194907e+00
7.558512765708618e+01
2.644846878314785e+01
6.615046787362101e+00
4.458728090142239e+01
6.747601896872558e+01
5.855537176064931e+01
4.017886865892395e+01
3.964547996392729e+01
3.702735571983613e+01
2.702590628854274e+01
9.734830595429442e+01
7.186551330232318e+01
9.626619452436744e+01
7.695195673822982e+01
8.354521178805511e+01
2.438152666407708e+01
9.638563892635780e+01
9.851133227279007e+01
6.627202330449225e+01
7.009461595215583e+01
9.603350572103332e+01
4.183434231292193e+01
5.540600281926152e+01
2.597181490900545e+01
5.824008824221794e+01
7.374768428213321e+00
2.681249707323150e+00
6.264564984601254e+01
3.441147316918312e+01
7.493268697286616e+01
2.625857979350657e+01
3.882594515514837e+01
4.614328637073901e+01
9.116731015554038e+01
6.858900127401063e+01
8.704675817258970e+01
5.569425404802628e+01
2.262032061005958e+01
4.219229172085984e+01
8.408730937358332e+01
4.964622689860231e+01
2.187370919709732e+01
3.539669156791489e+01
8.751334552071680e+01
2.404798857124894e+01
4.222319556503705e+01
1.740709120286959e+01
6.387801797309798e+01
4.628011819267651e+01
5.386138667997968e+01
4.383597818381897e+01
4.804672927039058e+01
2.945001010291745e+01
1.477545919584830e+01
6.624165972054082e+01
1.598320501669459e+01
7.965370536765722e+01
2.177796052851619e+01
5.175396625499891e+01
4.288241068966799e+01
4.912634619936643e+01
6.882932384909564e+01
1.918077744505404e+01
7.914467648563192e+01
5.064559222694746e+01
9.577551735368348e+01
6.823219823103035e+01
3.150967291160937e+01
6.827939239716129e+01
2.817837392360827e+01
3.201734783687505e+01
4.741168117495798e-01
1.363075925671997e+01
6.337633885600433e+01
1.991643804121597e+00
1.114016725269154e+00
6.219393194755257e+01
1.151490342408181e+01
3.618771384292641e+01
3.085731478913562e+01
4.055064084965300e+01
3.681899967455259e+01
6.539713338268788e+01
7.559002566877288e+00
7.618028334164075e+01
9.384299590896956e+01
8.235140213852348e+01
7.547561576379259e+01
1.478838930595126e+01
9.226567181398426e+01
8.782956669471672e+01
6.767922028325461e+01
2.736547152854757e+01
4.496373717904265e+01
3.546027440366348e+01
7.139320511901434e+01
2.845829335435214e+01
9.028808669666205e+01
9.472768348396183e+01
5.325910684338729e+00
8.730819066395433e+01
7.080384547393949e+01
4.947091455081055e-01
6.202003781777808e+00
7.314641432517507e+01
2.707947982804825e+01
5.957072230967261e+00
2.486532229225399e+01
8.893998669876716e+01
1.201749411971192e+01
9.584251413859543e+01
2.596208188960426e+01
2.810730069321920e+01
5.198036020248213e+01
4.611612323025061e+01
3.325637794717046e+01
4.582335606488556e+01
8.662782878923593e+01
2.040469619464348e+01
9.593909005445386e+00
3.159055031444437e+01
3.448918104846458e+01
7.127821513976819e+01
1.043534609975076e+01
7.576018202852465e+01
5.960947701689297e+01
