6.715039618646279e+01
2.252768805368230e+01
6.538820465346249e+01
6.103214526597045e+01
7.625319178973008e+01
2.224231279559541e+01
2.278208957183272e+01
3.847429879870000e+01
8.462508469104073e+01
2.413682603469902e+01
5.208803776283192e+01
9.047133596170291e+01
2.591237240746262e+01
6.187908172694924e+01
1.160769118536622e+01
1.679170504994304e+01
4.817301237404952e+01
6.577857600794107e+01
6.243072783687652e+01
3.559435742702073e+01
1.048742039617497e+01
2.965401351901424e+01
2.068226072969021e+01
8.444875166027282e+01
6.230839465852286e+01
4.581947128559438e+01
8.024526507605113e+01
5.844827231878800e+00
9.260704419231370e+00
6.388792398566749e+00
1.903150184966228e+00
4.639309861063636e+01
9.524625544214912e+00
2.595374771671078e+01
8.274074349680018e+01
1.360252542123316e+01
4.694802707384714e+01
9.817034518260991e+01
8.759049479271775e+01
1.595634972488338e+01
4.885599801729247e+01
4.193848173224296e+01
6.427685640020149e+00
4.821954357820542e+01
8.128227669805396e-01
8.929283366971316e+01
5.662272980279416e+01
3.662921955652033e-01
6.403459071369589e+01
7.459658527495181e+01
7.570034445994550e+01
5.205214957336530e-01
3.557968769947984e+01
3.383518379825875e+01
4.981640486503784e+01
1.254097307684877e+01
8.563911602163647e+01
3.006166989452284e+01
8.136527104366815e+00
5.457613154061890e+01
4.575745595887185e+01
6.656685507230779e+01
3.527553511563480e+01
7.282433336266518e+00
2.325684820453490e+01
9.998914930037650e+01
4.105989883703175e+01
6.435415854880314e+01
4.085576796944056e+01
7.719521139617787e+01
4.888780468557393e+01
8.520607286375299e+01
1.913369308185470e+01
8.673819396027281e+01
5.104083225645164e+01
8.526446804649404e+01
4.773570739093037e+00
8.567938631664933e+01
5.072082013390996e+01
8.719082832671274e+00
6.952464173991450e+01
1.570105897993830e+01
5.861791649768963e+01
7.956051238792041e+01
1.531814477188426e+01
5.412513220409171e+01
4.684697140327048e+01
8.229580036471403e+01
4.897569960401193e+01
6.360340624284157e+01
9.619659613640820e+01
5.645894299096379e+01
3.914871930105087e+01
2.134557982038035e+01
7.278622871860220e+01
1.677877670935298e+01
2.910618713549626e+01
2.605734636357862e+01
6.815958324268441e+01
2.623287151857879e+01
9.959214478712163e+01
7.714690103994073e+01
2.905416019682501e+01
1.872583786897633e+01
8.972462350024125e+01
4.046139812118439e+01
1.225266336102628e+01
6.403245235049746e+01
7.518190083800903e+01
5.688194295246245e+01
2.201864506212000e+01
6.798325393720681e+01
8.474667616409560e+01
7.629512719637487e+00
1.832293114546823e+01
5.901772517665184e+01
9.497308875200017e+01
5.050963333365956e+01
9.882492399719773e+01
1.600611396879242e+01
1.436899537889706e+01
2.692437047461251e+01
8.558780117220608e+01
5.351771467994793e+01
9.029935211422823e+01
2.063996708981691e+01
3.980674629090668e+01
3.601810607873747e+01
1.249695434816971e+01
3.532751749052085e+01
6.805279947260991e+01
4.262904526788232e+01
3.774235455214156e+01
8.930835094736346e+01
1.005766862540397e+01
9.256498841222609e+01
7.125931469316562e+01
3.402918406484145e+01
3.603774189764529e+01
1.501321956283097e+01
3.921576456130285e+01
2.853672785150666e+01
1.412642640719490e+01
5.301818244765428e+01
3.988247576164197e+01
2.287321683153194e+01
8.993478384331557e+01
3.183853716209463e+01
8.527444539837281e+01
1.987993792625141e+01
2.323821141535333e+01
1.477803337144574e+00
7.132268951801709e+01
9.721535565201908e+01
4.778860139091900e+00
4.781393569326677e+01
4.544462731361605e+01
3.989773836913413e+01
8.383204177200425e+01
5.449006145563445e+01
3.336176091495983e+01
8.762869708595271e+01
6.344275589261332e+01
6.691235600361244e+01
3.738815707032948e+01
7.872629905060226e+01
5.431008113283202e+01
8.788287271181256e+00
8.347623533731151e+01
5.279549199752299e+01
5.933289875245323e+01
1.125451708736574e+01
3.376984458126586e+00
7.345932515964812e+01
1.064441307012197e+00
1.426326097653399e+01
2.003883087078055e+01
6.347503842016451e+01
2.920224286113039e+01
9.565996713734231e+01
6.583999081786722e+01
4.742880922156797e+01
5.905913610898850e+00
2.609734033518347e+01
5.793962984249909e+01
5.650619676173954e+01
7.948267929231872e+01
9.429965992192722e+01
5.454044018617851e+01
6.458067128648082e+01
8.654194608635359e+00
6.949373584682762e+01
7.424854071543018e+00
7.416973047618276e+01
9.005443802571596e+00
8.133022812257066e+01
6.060786431683594e+01
3.957374954576313e+00
5.557418472858806e+01
1.679894897006403e+01
5.972630253980230e+01
6.656656496532567e+01
6.227456785844387e+01
2.245745110439949e+00
6.719377993941016e+01
2.654726739346388e+01
4.047246162801630e+01
2.706367444575936e+01
5.433075132515782e-01
5.862921525660400e+00
9.822293380192617e+01
4.269144211089772e+01
5.951152935601376e+01
6.768914855443367e+01
4.384049295626603e+01
7.999548883177130e+01
9.770062165227748e+01
6.885805761854074e+01
3.803982396518803e+01
2.667738102687401e+01
3.176896960091263e+01
1.855359804749191e+01
4.616809764232864e+01
2.670456679850098e+01
7.681408830770016e+01
1.743124575234542e+01
6.363880674524177e+01
1.309057055650771e+01
4.704179579719985e+01
5.454418657093504e+01
4.433898359739175e+01
3.497078057144339e+01
7.437835567369049e+01
8.675548950524791e+01
9.468525233431032e+00
3.196192673964516e+01
3.371690289756139e+01
4.448788871266316e+01
8.759701242092858e+01
6.215160654957946e+01
4.651128540118750e+01
6.124861308431654e+00
5.660531206829720e+00
9.509184551196725e+01
1.910596267278584e+01
9.918423746674519e+01
4.782713695793745e+01
6.693047176437939e+01
7.344267762892073e+01
2.722324059681187e+00
5.188530937390649e+01
4.802356741764749e+01
4.941634268007071e+01
4.016798787758126e+01
8.001832858660181e+01
6.079234753772261e+01
6.149848148296516e+01
2.081122008190081e+01
6.213853878999992e+01
2.843702576516058e+01
6.775499538879608e+01
6.115650807561190e+01
9.897329360198849e+01
7.158806001375805e+01
3.485896593651686e+01
4.600551051367331e+01
4.718923878259456e+01
1.593121030178443e+01
6.382233740939868e+01
5.509116633566617e+01
6.203955517245436e+01
4.621921686745213e+01
1.003904431594491e+01
6.419534630337513e+01
8.799744015000641e+01
5.293394529862979e+01
5.528479169834628e+01
5.945587356549495e+01
6.800796639547123e+01
5.912275060970465e+01
5.279602042995209e+01
6.927040753386467e+01
4.028989423079877e+01
6.341059802258881e+01
7.560127371717303e+01
2.487630719546057e+01
4.518510757255606e+01
2.239707467257841e+01
4.688082311622836e+01
8.715757754964642e+01
1.165993884748776e+00
7.833917396065740e+01
4.809852254022775e+01
5.004551450258378e+01
2.543338226407458e+01
5.692992888248056e+01
6.024741724145013e+01
8.345997803074306e+00
8.043891400119240e+01
5.074081646778659e+01
2.947888194093429e+01
7.906195287549028e+01
3.063192075613510e+01
5.379530254462516e+01
9.187481477478278e+01
1.462482489395180e+01
1.133962469703500e+01
7.447233296673387e+01
6.697279045682996e+01
8.560529643930741e+01
1.937818900653077e+01
7.519630606993861e+01
8.785604494058343e+01
2.338712738053274e+01
4.120423758458544e+01
6.471296542543590e+01
9.002346568276336e+01
5.582927007033921e+01
7.236962107586191e+01
3.771229970162376e+01
4.555647775789558e+00
3.794414048918716e+01
2.605128252229247e+01
7.377814463050018e+01
6.624386080831469e+01
3.345030855082455e+01
7.178588401143713e+00
1.243346445841410e+01
8.196179512048224e+01
4.378275058408396e+01
3.055263433165505e+01
8.652842109395583e+01
8.452409258322980e+01
7.383984838325523e+01
3.162479020265154e+01
2.012165571568611e+01
3.796890533434642e+01
2.831899562306655e+00
7.307052275774559e+01
9.050725358096288e+01
2.932234943347161e+01
2.227982963541515e+01
8.314087264386046e+01
3.229817041768607e+01
2.931253473708059e+01
8.281479640063587e+00
7.975120911363103e+01
3.132159730015397e+00
8.782363989754749e+01
8.754394323916358e+01
1.051382953790661e+01
1.573216855327234e+01
2.759933929312943e+01
9.179816725281913e+00
3.199162643029896e+01
4.496007610343401e+01
1.894616676445406e+01
5.251012158231350e+01
4.654175953312859e+01
3.621561454432813e+01
1.510997946146409e+01
5.539313194127433e+01
6.942893418922506e+01
2.962251148634707e+00
5.430985691692209e+01
6.812985505355981e+01
4.178947216914477e+01
3.335084995876571e+01
4.718711597248312e+01
6.107084777256048e+01
3.912163252901362e+01
8.637180006428240e+01
7.308706598034457e+00
6.244324648866581e+01
1.483352976610583e+01
6.937957823713290e+01
3.977278696362524e+01
2.395095071939330e+00
8.847865187026498e+01
1.691542948452543e+01
5.776092585071964e+01
6.526679301879685e+01
7.063426015462460e+01
7.076332511881522e+01
6.430449479459995e+00
1.212096522195310e+01
5.926969496499267e+01
7.271732225675012e+01
1.587772030191390e+01
1.600792762637507e+01
3.045129116179947e+01
9.706905470093203e+01
8.416661721848260e+01
5.320731175747109e+01
8.899558949703146e+01
6.678300419206870e+01
1.172852931159014e+01
3.474031544045560e+01
1.338541042682967e-01
5.003042614554540e+00
7.872865012787685e+01
3.842639985421039e+01
7.671046539987925e-01
6.398947954363631e+01
1.383906272884415e+01
3.180062269410148e+01
8.643674761356635e+00
9.922808990777847e+01
7.998523329383937e+01
1.643088148740627e+01
4.502270661528348e+01
4.430166973932724e+01
4.818711017639708e+01
7.769199082520417e+01
4.711281417268925e+01
4.219609463689667e+01
3.095639414664190e+01
8.981155124018507e+01
3.916613014376077e+00
9.322048662845999e+01
8.745932010349786e+01
1.506567621373836e+01
7.063723954867443e+01
6.711066554631603e+01
4.846029865949428e+01
2.121964745280317e+01
2.509388207695162e+01
3.112057309184250e+01
8.201805678290225e+01
1.038768031186782e+01
8.089378479909794e+00
3.869882968193797e+01
6.365413608199644e+01
1.852133684722769e+00
4.675486686022713e+01
2.507663267901010e+01
6.147009076619059e+01
6.453633651348592e+01
9.400091408472551e+01
7.616002018384637e+01
9.064845442336447e+01
1.669625193658110e+01
2.849266958818430e+00
2.746876055722533e+01
8.688594614476243e+01
4.996208113150768e+01
3.573004456038123e+01
5.246087985693519e+01
6.580324334362672e+00
2.007196704860402e+00
4.139077339386138e+00
7.720228907521921e+01
9.444833560588226e+01
5.245949665664672e+01
6.608466821074703e+01
4.651856191759862e+00
6.731469704178846e+01
3.661890795296939e+01
1.693885071060567e+01
5.580127102127358e+00
7.544337998863467e+01
9.360366728790275e+01
8.444317667020633e+01
1.666398710415884e+01
3.395115790606996e+01
9.738869177987273e+01
2.582982789065215e+00
4.283234083225594e+01
2.739395491191836e+01
1.771232393463716e+01
3.626101209607954e+01
4.485549556317530e+01
3.440857587121827e+01
1.629686565897281e+01
9.574962896096969e+01
2.946403647282349e+01
6.625894679048049e+01
4.450220113829812e+01
3.472111878670805e+01
8.712291865941273e+01
4.116837812642026e+01
2.229596363487466e+01
1.555808503905222e+01
2.325139754603216e+01
4.974063991091244e+01
6.762354651821011e+01
6.782034880845825e+01
1.966082817859055e+00
4.242454471179496e+00
3.314300162398396e+00
2.257575542785961e+01
3.438175163901492e+01
4.862039664230328e+01
3.244851037508273e+01
4.474975347740099e+01
8.672110288716904e+01
5.726563076361345e+01
4.919814260173502e+01
5.154481625722014e+00
4.698942343098550e+01
5.025419255264764e+01
5.710265233977822e+01
4.735228482044874e+01
6.171048062933166e+01
6.661155729862467e+01
4.667133588654517e+01
4.944002695821227e+01
6.131019329713201e+01
8.658998905987943e+01
1.310469196788254e+01
3.001166695263780e+01
6.199074888694600e+01
2.281949251090153e+01
4.556975199169002e+01
7.279094484299000e+01
5.747087833353824e+01
1.319329850990013e+01
5.884955146296394e+01
7.726248976647040e+01
5.647112538873736e+01
8.304257322244466e+00
7.581801171219816e+01
6.868479576366245e+01
1.493379660646142e+01
9.463048493239586e+01
5.160846191067643e+00
8.480061799511343e+01
4.951682875376047e-01
2.582463339242369e+01
8.741585355597356e+01
4.748459171852311e+01
1.282031564638965e+01
3.793386371710052e+01
6.522035317738558e+01
1.039206311590600e+01
4.033832635746259e+01
7.308141052400758e+00
1.370519172107111e+01
8.695600791226886e+00
5.886374826490123e+01
6.478378202988942e+01
1.754139876809968e+00
3.091130383820799e+01
1.409378252648459e+01
4.390863550077594e+01
7.744756954603250e+01
4.426719823119566e+01
6.690202256054711e+01
1.355485618745669e+00
6.967709994394197e+01
9.724255665077015e+01
9.147494234679031e+01
7.447730292308950e+01
8.557560531682130e+00
7.765821622575551e+01
2.368766466327369e+01
3.392273841142782e+00
9.044365663567729e+01
8.394956126993036e-01
2.625439224124625e+01
9.270864743399837e+01
7.604193495402203e+01
1.602697713115577e+01
5.187120784626864e+01
4.126228808484147e+01
7.118604428655749e+00
2.547023772516764e+01
4.736246403649564e+01
7.766067426542783e+00
9.639127095993202e+01
9.822229137561391e+01
3.206271297860086e+01
9.697008561201864e+01
3.825667194940926e+01
3.100979776634360e+01
1.791605433352108e+01
2.081701998636919e+01
3.091538559222379e+00
6.863057169533828e+01
2.952445351030885e+01
3.703275804269722e+01
4.957673049046505e+00
4.911856695502929e+01
5.299935832293674e+01
6.439261639695270e+01
3.591298318277718e+01
6.354695109815660e+01
2.691008519703061e+01
7.858729431339879e+01
6.368614941075731e+01
6.072024659287196e+01
3.621309000822394e+01
7.646214648916487e+01
4.896712379947636e+01
4.001660372131346e+01
4.245066872912025e+01
1.356917806601579e+01
6.734528358436435e+01
7.225930386793767e+01
7.294891177348276e+01
3.025998781912960e+01
2.529658294529495e+01
3.184537320949388e+01
6.910134687512245e+01
6.355325489470422e+01
5.337078229215498e+01
6.810879445081055e+01
8.314713820961637e+01
8.630008883136328e+01
5.485514339751337e+01
3.865252301965492e+01
3.429977378542524e+01
5.968152315341008e+01
3.980501226140419e+01
8.439059601369807e+01
8.322081225142853e+01
5.301178579824594e+01
3.907404944257534e+01
1.424758695729430e+00
3.649681687191912e+01
5.465201626282745e+01
1.782700103606423e+01
4.542699691160908e+01
3.224965395976307e+01
2.644430009016968e+01
8.248982056159984e+01
1.386495214601278e+01
4.001347820275159e+01
5.388526919013135e+01
5.677102755604825e+01
2.573746402083778e+01
2.421836225512361e+01
5.690451681469777e+01
4.199213978927217e+01
2.640892366245804e+01
4.037680702301525e+01
3.505619821839789e+01
6.794583884437840e+01
3.948756029805521e+01
1.911279774229638e+01
2.225232637592234e+00
8.363528274168972e+01
9.970989874550602e+00
2.721929132343237e+00
4.161046833806228e+01
6.605490542298878e+01
2.187887291511468e+01
9.915829040070916e+01
3.182219664185410e+01
7.866136141990376e+01
6.122950853837166e+01
3.380973075228265e+01
3.224907877494073e+01
4.494335853724897e+01
4.414526999189764e+01
6.373116856614648e+01
7.999350413679774e+01
7.444745631629949e+01
8.094314284666588e+01
4.090506119695728e+01
7.081350906324271e+01
6.208569419667390e+00
4.809121691998617e+01
9.804587932212551e+01
4.047531464159270e+01
5.871944881916021e+01
3.571366650784093e+01
7.107813072906720e+01
2.245194591695999e+01
8.690861556069396e+01
7.126871872286719e+01
2.074292568524504e+01
9.185502752282424e+01
4.220722957617009e+01
9.380375104667793e+01
8.964161481225939e+01
5.399045862908962e+01
7.014574951964698e-01
2.357118689621388e+01
9.473604266286644e+01
7.936281891510022e+01
6.550779909151969e+01
1.799657485354532e+01
1.697930619911259e+01
4.135725849371276e+01
8.365139704367677e+01
8.580763064595295e+01
8.204373395165602e+00
6.393859305602432e+00
5.592573329616604e+01
7.872199629373941e+01
6.822839857462253e+01
7.248730546444995e+01
9.771332666171404e+01
3.652842842812111e+01
3.511824795748957e+01
3.684296926336502e+00
6.439549991134344e+00
3.459780920976671e+01
9.764687199967302e+01
6.962762487569248e+01
8.416094201810702e+01
9.941437109346239e+01
6.033145760201452e+01
5.266334817403152e+01
4.802871004120852e+01
8.678375328275550e+01
8.603487735895202e+01
9.859472559699543e+01
2.834277908706236e+01
5.149100928171119e+01
3.013409433426992e+01
2.588946806541153e+01
3.839812848642381e+00
4.214067894133770e+01
8.709499150844989e+00
4.209155218773128e+01
4.776150386210601e+01
4.308041270965730e+01
4.559006320572927e+01
4.312258066754908e+01
6.706530259319828e+01
7.029903431902595e+01
4.451742700511470e+01
6.731441014786922e+01
7.021136375619628e+01
7.963567496260427e+01
2.639960177540760e+01
2.821170358369672e+01
7.012885719078074e+01
5.102385513066494e+01
6.382168236366551e+01
2.465087702714413e+01
6.492410044415114e+01
2.009913144637790e+01
4.208949075177754e+01
9.154992578157686e+01
3.368651365567302e+01
3.723297833336191e+01
1.797847241069119e+01
5.191787153106083e+01
9.598919241502378e+01
1.333656637619090e+01
4.013140836736719e+01
9.763820231782189e+01
9.071399601675290e+00
6.844641294723675e+01
1.971879784004707e+01
3.708066606758194e+01
1.071972800917911e+01
5.149879164597895e+01
9.615340572602740e+01
3.371805200992061e+01
7.247787885017594e+01
6.174644546664621e+01
1.535138441964583e+01
9.993968536143176e+01
3.215685395158680e+01
4.563889896759712e+01
7.141842240068057e+01
8.432167642019766e+01
2.557236609308625e+00
8.377386461187800e+01
9.619417884209854e+00
7.667654658512983e+01
3.762681490631160e+01
7.210960154054203e+01
9.028090252088425e+01
4.450969963544500e+01
8.952646380733999e+01
7.415717899527270e+01
5.262995043426284e+01
8.133920528056994e+01
8.385165100165254e+01
2.125643925799822e+01
6.880146771147916e+01
4.257579238273939e+01
8.019366635949987e+01
2.945520013079755e+01
8.859436935214063e+01
4.308073941761662e+01
4.639228686987995e+01
3.114504699182932e+01
5.794434578062238e+01
6.183408576149218e+00
9.471447239383798e+01
4.391799384910519e+01
1.761472007148653e+01
4.034743273646917e+01
2.283580304255513e+01
1.762500136048766e+01
8.306161224984639e+01
7.138301686913847e+01
3.515268482042136e+01
9.203416565062207e+01
1.945668171134623e+01
8.801726120897442e+01
9.283509193585957e+01
7.393741634392059e+01
3.629893252453717e+00
7.092455782504965e+01
6.691839297624230e+01
5.188568795653325e+01
7.924035674856992e+01
3.076189389953478e+01
5.845535037035837e+00
1.931644348395823e+01
1.321736225542490e+01
4.134263882476028e+01
9.746050001003803e+01
3.275349672546307e+01
7.906069037460755e+01
9.568748017572216e+01
4.476045469975120e+01
5.788066557509855e+01
3.184636232063470e+01
6.229413517857628e+01
6.186261603695462e+01
2.807541500221725e+01
6.727296862158597e-01
3.692446953473821e+01
8.580540995383888e+01
3.680895200781941e+01
1.791156750075126e+01
3.035686585603136e+00
3.612984881556120e+01
1.015110137413773e+01
2.219905663384081e+01
6.300637357076927e+01
6.584274599600711e+01
2.219125219722802e+01
9.672801322151349e+01
6.705909155637914e+01
2.269348149313288e+01
9.929599021528661e+01
3.423022764466248e+01
6.258792000011910e+01
6.706660546691464e+01
1.031021536808005e+01
8.064221696958049e+01
3.416297903012623e+01
6.341072733672836e+01
8.210607947879755e+00
1.204927890191287e+01
6.913528538734433e+01
6.609127356954444e+01
1.250748369493870e+01
2.015271034098822e+01
9.971712166430294e+01
9.865917912621944e+01
7.737308832694455e+01
2.169694389295622e+01
1.391651435471909e+00
7.529553271611013e+01
2.241666415818812e+01
2.888063240278542e+01
4.765336851014447e+01
2.254246492988545e+01
8.058733827461830e+01
3.743834730118436e+01
8.838521092589255e+01
9.435449451876547e+00
7.295403428047618e+01
2.898744029411461e+01
4.367192468776923e+01
7.983604761764224e+01
2.608377231568274e+01
6.259844641322197e+00
6.284350285438984e+01
9.668359723719004e+00
2.145244089022858e+01
7.920530162714668e+01
8.635664004197187e+01
9.511266960534857e+01
5.728011292278772e+01
2.347288374950778e+01
1.814138540911553e+01
5.336413711931749e+01
4.704056323833790e+01
6.242445719541258e+00
9.742859722926683e+01
8.588655618293515e+01
8.134237275521382e+01
1.641478571873847e+01
8.752044317662737e+01
6.725289880635817e+01
2.931954382421428e+01
7.506092450351497e+01
9.125114800001083e+01
4.647260478067799e+01
5.670773259210760e+01
3.608515194434913e+01
1.958383997882895e+01
3.724778994789710e+01
7.417539603736968e-01
6.472089768607211e+01
7.612616609601591e+01
3.388181511959146e+01
5.579879770791102e+01
1.286369744355962e+01
5.441361132749059e+01
1.338092508417597e+01
4.252672709642291e+00
4.077025136946247e+01
5.299547354364557e+01
2.201423902158357e+01
1.258702558120108e+01
8.895773826584114e+01
8.153710820783726e+01
8.778458483879668e+01
4.426688754198462e+01
6.937795475562008e+01
6.899233002634362e+01
5.774741790152500e+01
1.533435006408689e+01
8.700922452239749e+01
2.304811893172940e+01
5.852170584654515e+01
5.284835484477149e+01
1.429926693174023e+01
9.277658587916596e+00
4.658099051871383e+01
6.144030590608730e+01
4.462199855811056e+01
5.381526088054072e+01
3.263229510403811e+01
7.352985487018240e+01
4.442737681997352e+01
1.636046977544225e+01
8.202698737477277e+01
5.008793834135305e+01
8.808603318784667e+01
4.067909440057310e+01
8.309058210956425e+01
9.183931089557676e+01
9.997235187328064e+01
1.945288983148192e+01
9.907166273289903e+01
5.139564073243906e+01
2.971140669179680e+01
6.333287966592837e+01
7.982026384203708e+01
2.568148031164030e+01
6.224819871701682e+01
6.216026645254357e+01
1.584281675323975e+01
8.020646571191328e+01
4.705455854863606e+01
4.590302558890685e+01
1.484084446674252e+01
7.136603476077599e+01
3.352101595770615e+01
4.898484346875215e+01
4.970366770853460e+01
5.655623560610983e+01
5.412395468639394e+01
6.865159630247001e+01
8.270172550468786e+01
1.544997888405341e+01
8.501206607791225e+01
6.101404966833724e+01
1.697712844096922e+01
9.492627084018955e+01
5.101984774275677e+01
8.635746319142984e-01
5.209798610401246e+01
1.714011352376086e+01
4.424766122561305e+01
8.546944301830112e+01
1.282243654728981e+01
7.030558100450112e+01
3.570946391472102e+01
6.788417886378438e+00
2.531357054846062e+01
2.560031233616188e+01
1.589586954372743e+01
7.147128706400808e+01
9.187228842259957e+01
1.174059096339186e+01
4.378431199294716e+00
4.913609644823526e+01
3.567428837328883e+01
3.103229651741325e+01
8.271540807686533e+01
6.486322188976371e+01
4.020416715191871e+01
2.161000958718826e+01
1.613584222092100e+01
2.161357049905396e+01
8.508835746212320e+01
2.076458536124070e+01
6.778876817216573e+01
7.461819847795097e+00
8.645851178395493e+01
1.506978772351043e+01
8.063698032900550e+01
7.382853765684577e+01
2.842703556103028e+01
2.123115459514370e+01
9.428825275706512e+01
3.780397690730354e+01
9.153673559964483e+01
9.648086763754527e+01
8.335849167004157e+01
4.074242908542158e+01
4.906380658460026e+01
5.533858563533919e+01
6.863741361006974e+01
5.606800525266119e+01
5.836060245445026e+01
6.376853997994611e+01
2.515048008651960e+01
7.007374538577803e+01
7.140881604114958e+01
1.750335265766054e+01
8.777852090437828e+01
6.633650831241930e+01
5.309652032009163e+01
5.663431503653261e+01
5.262684233143313e+01
6.630117132621872e+01
1.351756789419687e+00
8.254171013019128e+01
8.619938371060387e+01
5.670753766629265e+01
8.994791893751729e+01
3.973592405195159e+01
7.002055480611537e+01
4.045938478804165e+01
3.384398707833326e+01
4.179327983492672e+01
6.787548291863664e+01
7.554136224814754e+01
3.827414742590587e+01
8.695675781320629e+01
5.838414568378784e+01
7.600182731449689e+01
3.560265788603697e+01
2.342067953358436e+01
6.276372566947887e+01
8.744879331786595e+01
7.437894357106599e+00
5.688343544345508e+01
6.570515794013868e+01
8.759253266621033e+01
7.542364312122746e+01
8.763030794804465e+01
1.387062390049483e+01
4.147753303008039e+01
5.456717258997595e+01
1.269515115427559e+01
5.345947395705593e+01
6.213035758683940e+01
3.610373914060357e+01
4.131233642870203e+01
6.389863787400473e+01
8.732678628867808e+01
7.680629942417438e+01
3.659722960395609e+01
6.408776732351993e+01
4.558574424385360e+01
7.839050943888282e+01
8.674026857444098e+01
2.112710644543502e+01
4.112326383643004e+01
5.464279123332481e+01
8.412119675619584e+01
1.678821394070434e+01
2.265205477487857e+01
3.916023519782360e+01
3.978370988731445e+01
9.153126119241642e+01
4.659812955493020e+01
5.404604741094916e+00
4.857141652543630e+01
4.500423564808641e+01
2.451559269079733e+01
3.719390786122247e+01
1.113566430804118e+01
2.817403256342469e+01
9.191830455880533e+01
4.452333461703888e+01
8.444444792552126e+00
3.648574209608405e+01
7.177447684657503e+01
1.482644477618227e+01
7.957307602259009e+01
9.425002257071901e+01
3.131824072046123e+01
5.411487606080010e+01
7.963016004284385e+01
4.860548197692516e+01
7.077254218550983e+00
4.731619346296237e+01
8.841400406715181e+01
4.893585427149006e+01
1.958984649721060e+00
9.010133966342609e+01
2.595583848932564e+01
9.773742449364505e+01
8.531647202806383e+01
8.278602365534103e+01
7.593681541082302e+01
3.545355505098289e+01
8.819062839643593e+01
4.463338989048889e+01
1.914799447131715e+01
6.752879608773105e+01
5.367377374957957e+01
9.971100906827999e+01
9.570282869772187e+01
6.025627877575172e+01
6.127534460335753e+01
3.545485904228635e-01
3.063229845400541e-01
7.659746900973724e+01
8.882952699848894e+01
6.477307680285213e+01
7.084749153389012e+01
7.074328072869372e+01
1.489484138549065e+01
7.117877680397535e+01
4.182467741976710e+01
5.924495433422036e+01
5.400712362211529e+01
3.636668349447040e+01
8.724858196789800e+00
5.596610831840248e+01
7.688044257316758e+01
4.298971250792486e+01
6.278127541895084e+01
4.067496705831726e+01
2.577573611669975e+01
2.593510836639214e+01
9.912399696145393e+01
1.396636451313568e+01
4.370094898329160e+01
5.424685522646031e+01
8.298524077189398e+01
4.232130299430401e+01
7.107329730460108e+01
4.379251484935754e+01
5.703381633247893e+01
7.741751497491147e+01
3.832569408152517e+01
6.141079755565655e+01
5.887806464865713e+00
4.083915121892427e+01
7.490834736959467e+01
9.395095156224023e+01
2.743321355778408e+01
8.980318875508532e+01
6.418816748270214e-01
7.772268870739392e+00
9.666136279546718e+01
4.496941461459241e+01
1.869888530052215e+01
8.977626487136644e+01
3.641403123569397e+01
6.710926604788251e+01
3.276597733272518e+01
8.641232423782922e+01
2.551569604571708e-01
8.176185697399167e+01
5.838459895848511e+01
5.374585876881418e+01
5.270865282635607e+01
8.553789890629142e+01
1.125270273129116e+01
9.649763353937195e+01
1.507880660476108e+01
4.847894154883872e+01
7.503696068890251e+01
5.647395358256714e+01
7.421882826565710e-01
3.074566872359518e+01
9.872227460086451e+01
8.210345952869554e+01
5.105618091814973e+01
9.614946576587366e+01
6.097020369999586e+01
3.628610448738844e+00
3.252133421251612e+01
9.507613894300356e+01
5.359992871694264e+01
9.760184520743873e+01
5.998584728687343e+01
9.644540604038416e+01
2.121959697511960e+01
6.109945274009344e+01
6.199928729888019e+01
8.999498178716514e+01
9.810374751598748e+01
4.928049973644340e+01
7.175683871459069e+01
7.287214983854076e+01
7.935717109560835e+01
5.600626843795472e+01
8.811204693657906e+01
6.094064510471217e+01
2.721645749510101e+01
8.748959195217564e+01
1.498195725259462e+01
4.130280378335286e+01
7.510333730611174e+01
4.933427653710091e+01
2.507519988579452e+01
7.364600388037321e+00
8.732710428877132e+01
5.575694216217704e+01
7.816886458460655e+01
5.195203137209268e+01
8.879514764472616e+01
6.983995832029728e+01
4.160556315519175e+01
4.587965558556824e+01
6.134203610072938e+01
2.970281701055487e+01
4.570556070921270e+01
8.463818066969429e+01
4.319703082702916e+01
5.903250587127754e+01
7.383549468304751e+01
7.673573921282578e+01
4.752277096152434e+01
8.088496075052998e+01
1.957843686434367e+00
5.565283766745256e+01
2.890562854190619e+01
1.271784706633438e+01
4.965876152257378e+01
8.650522897322905e+01
9.668370121935554e+01
4.125914077333135e+01
4.190989073454863e+00
5.677841001040228e+00
9.335860809933330e+01
3.221839192892350e+01
7.799150230269484e+01
4.690522004240435e+00
4.678700405489048e+01
1.513165049959517e+00
2.481805250272996e+01
1.732993052216709e+01
7.135312337025680e+01
6.857925814975950e+01
8.590001616901719e+01
3.394716835298910e+01
5.724008966108788e+01
3.617660945103346e+01
1.687929570529577e+01
1.086290092713335e+01
9.706140984644249e+01
9.151245811558908e+01
1.155817891077985e+01
2.275127872021463e+00
3.790245919390696e+01
3.927228764596967e+01
8.879198361597582e+01
9.925816748256709e+01
7.523316390590425e+01
5.167336759701062e+01
3.966338315031649e+01
6.152578502033175e+01
3.423885099321550e+01
2.278081147129685e+01
9.764432934934474e+01
5.329275753036735e+01
5.499920340022035e+01
5.068036427287402e+01
2.937687338766496e+01
4.297453744475475e+01
5.219352932283353e+01
2.353002192616929e+01
9.587409673066534e+01
2.354665264652420e+01
1.673853477311252e+01
4.623060209966759e+01
6.715396906582359e+01
2.206741865820597e+01
6.833737998657738e+00
2.503880030710194e+01
7.092949066820064e+01
8.078881608358995e+01
7.265915701755283e+01
9.678830108455769e+01
1.656692010190660e+01
3.893493513527090e+01
7.071425419799716e+01
3.450453548436264e+01
6.366780943408040e+01
6.497993425698016e+01
6.496521321356539e+00
6.142012051372795e+01
5.932759291461092e+01
8.656898019209922e+01
7.168302571945033e+01
1.291585956370265e+01
1.901511290064785e+00
9.641871382315583e+01
7.483041285296456e+01
7.781202843310872e+01
4.552650281485473e+01
3.049728573788763e+01
4.677159578854758e+01
6.106332077694280e+01
5.899120655795150e+01
9.992572502229629e+01
4.041460018624300e+01
1.355016674546067e+01
1.740443148529363e+00
8.001888640225814e-01
9.293054202242314e+01
3.038559766969905e+01
1.566620697996868e+01
7.347416513295573e+01
8.423848873201688e+00
1.626425763418165e+01
8.056423351194907e+00
7.558512765708618e+01
4.037872890028112e+01
4.991134863808348e+00
4.458728090142239e+01
6.747601896872558e+01
4.146068028242359e+01
9.867231850450501e+01
6.160100533701526e+01
9.461084990511221e+00
5.924574735539302e+01
6.842457324658734e+01
2.375649522233591e+00
1.804640331214592e+01
1.583841201655493e+01
2.392033954333530e+01
3.676703867351964e+01
4.517672422583063e+01
6.890885926266613e+01
6.613461024413565e+00
2.484974871615402e+01
1.547142691699389e+01
2.016362776987424e+01
2.659019186468338e+01
2.471056311610647e+01
5.824008824221794e+01
3.999274384230038e+01
4.101447902667079e+01
8.972280150732157e+00
9.882546523531221e+01
5.727873666085244e+01
7.549712088680693e+01
9.271337794731994e+01
4.775029292691047e+01
3.632170750588259e+01
3.202958001384027e+01
9.310082303970159e+00
3.020084990663494e+01
7.685104789065711e+01
4.235171682310836e+01
5.786737527598971e+01
8.790943459044649e+01
4.363360458222851e+01
6.250597930630016e+01
1.962629008089485e+00
2.404798857124894e+01
4.437650653737435e+01
1.905844501175845e+00
7.206091050620233e+01
6.799195756576580e+01
9.286382333043210e+00
5.168313023246970e+00
6.003487387673690e+01
9.834373146218421e+01
1.059540543267289e+01
4.929132310174933e+01
3.708000077730045e+01
1.990850270721526e+01
2.955176356693346e+01
8.990584895476040e+01
3.184795753650738e+00
5.166045392475112e+00
2.045712281039782e+01
4.676348029019473e+01
1.322364477125166e+01
1.162443291937207e+01
2.366970848462996e+01
7.663902564749077e+01
3.315152783559241e+01
5.217634465181099e+01
8.318866220451363e+01
9.411635198356414e+01
4.108148824473912e+01
1.294648885398474e+01
1.159069734233930e+01
3.424424581892986e+01
4.414629132679956e+01
3.230137565746036e+00
4.664565112751241e+00
6.674897403770544e+01
1.651550336578651e+01
9.583595725513806e+01
1.599403895251175e+01
2.098950474569086e+01
7.571466154219334e+01
2.231558315563741e+01
3.504046152114890e+01
1.279466227292766e+01
7.436961684113816e+00
6.456131318796487e+01
6.208509754486619e+01
4.694784541937888e+01
1.368765938733130e+01
9.341161283357610e+01
7.993195260871758e+01
4.615962772916985e+01
3.629395078695097e+01
3.704651828717743e+01
6.947136147388787e+01
8.045349571874993e+01
5.325910684338729e+00
9.764973544406227e+01
7.818640548651405e+01
5.354925480370841e+00
7.471576359808248e+01
7.709836483797913e+01
2.033378981069373e+01
1.377354460478460e+01
2.261950076679676e+00
1.201113439724368e+01
2.454481316942015e+01
2.837321475538109e+01
8.642405373343456e+01
1.197679034060649e+01
8.136220885504140e+01
6.936303953144841e+01
9.505007047906986e+00
1.067971140643568e+01
5.089939476498374e+01
8.677374580259143e+01
5.108037397781404e+01
1.298449230984994e+01
2.087645159143789e+01
9.798357142041604e+01
9.803687631992479e+01
5.394563966148795e+01
7.571632018113338e+01
