9.418159573999307e+01
2.252768805368230e+01
6.538820465346249e+01
5.759634829945692e+01
7.186541895934633e+01
4.596494620012350e+01
2.586868988623316e+01
9.745486806959606e+01
5.430371861639605e+01
3.258593321432636e+01
7.538768708491125e+01
9.047133596170291e+01
2.591237240746262e+01
8.980551561797294e+01
6.034277172775136e+01
8.403186224588746e+00
8.732228963045510e+01
9.840547828860836e+01
7.114731058066121e+00
3.213299956737691e+01
7.749316127854081e+01
2.084252709562077e+01
6.244364383744245e+00
5.307319576529469e+00
3.369707327042570e+01
1.779570813188129e+01
4.618128349361070e+01
6.236005516832697e+01
3.412710550899017e+01
7.283235777767018e+01
1.903150184966228e+00
4.597970039862194e+01
6.935811376634898e+01
6.729135483842872e+01
4.706823725582484e+01
1.360252542123316e+01
6.165263110848732e+01
9.817034518260991e+01
8.759049479271775e+01
5.392835664280148e+00
6.546646876515190e+01
6.297818183106286e+01
6.810653711115314e+01
4.821954357820542e+01
5.278369744903581e+01
2.844930879233839e+01
5.662272980279416e+01
4.010598703292477e+01
2.685478703438062e+01
6.186107968066869e+01
8.323545362019699e+01
6.130711411186825e+01
9.151509319968292e+01
8.194470884368974e+01
1.636731853539465e+01
7.114696729516004e+01
9.974041702213717e+01
1.279571713544229e+01
5.785594976407287e+00
4.580364615926689e+01
8.766531273148270e+01
7.441730227992744e+01
3.527553511563480e+01
5.702342645126555e+01
2.701527440315824e+00
8.685906854777554e+01
8.734476742676681e+01
7.703577814485682e+01
1.973960405203495e+01
7.719521139617787e+01
8.242861385570309e+01
8.520607286375299e+01
9.772772979816781e+01
5.053515092029011e+01
5.104083225645164e+01
5.051142720063749e+01
7.898445971262848e+01
4.271523991726117e+01
4.462927959143616e+01
8.858752361898661e+01
6.952464173991450e+01
6.631775869350776e+01
3.775781366869705e+01
7.956051238792041e+01
4.826246753719750e+01
1.650907132612032e+01
3.218670218819133e+01
8.229580036471403e+01
6.895808715790422e+01
9.788708048774259e+01
8.187040699732975e+01
5.662339988938692e+01
7.230438272110391e+01
6.337498163961571e+01
1.364682629408633e+01
3.805424647315137e+00
4.571875401107536e+01
6.080587951503967e+01
6.815958324268441e+01
2.623287151857879e+01
9.959214478712163e+01
4.847009146980480e+01
2.905416019682501e+01
1.872583786897633e+01
8.504799263786896e+01
8.009499245327663e+01
4.379458443438382e+01
6.403245235049746e+01
8.775855451252245e+01
5.688194295246245e+01
2.856937974159111e+01
5.728319625243693e+01
8.474667616409560e+01
7.629512719637487e+00
1.832293114546823e+01
4.899222485208522e+01
9.497308875200017e+01
5.050963333365956e+01
9.882492399719773e+01
2.427787716699665e+01
1.620335793877177e+01
2.692437047461251e+01
8.733613192445418e+01
1.730725519233721e+01
4.058314619613027e+01
9.829582185405111e-01
5.684736792782664e+00
3.601810607873747e+01
6.178883773358019e+01
8.927226308233675e+01
6.225097759731625e+01
5.734426516915870e+01
9.228180646536956e+01
1.099852235568619e+01
6.135488313685864e+01
7.732979905667240e+01
7.140013020085178e+01
7.360754649788493e+01
1.293249605825753e+01
5.915868471337421e+01
2.883400541210268e+01
1.123395041154416e+01
3.319853550437769e+01
2.956376277355652e+01
1.886346313118165e+01
3.476481206471325e+01
7.855598762564175e+01
1.493898188459639e+01
6.198669786657519e+01
3.059021315099216e+01
3.921685905159305e+01
1.477803337144574e+00
5.441661330611287e+01
2.480466017723300e+01
5.095488920386643e+01
9.499975950224314e+01
4.544462731361605e+01
5.663962599664909e+01
8.383204177200425e+01
6.143876791998687e+01
2.917000145147089e+01
4.163575118483778e+01
1.878303304257944e+01
6.690397070110961e+00
3.738815707032948e+01
9.246545615255155e+01
8.402019617334948e+01
8.983769504811507e+00
6.607300265043648e+01
5.279549199752299e+01
6.794697198455547e+01
9.656249210078384e+01
3.661639794549737e+01
8.438885290380048e+01
1.179865762209457e+01
5.547986107667901e+01
1.915366492194760e+01
4.356394682245513e+01
3.609796913158985e+01
4.428110273754275e+00
7.633731494487138e+01
6.841910195928956e+01
5.905913610898850e+00
3.075392820441812e+01
4.609578118943413e+01
2.469097214038063e+01
2.575368770666127e+01
3.866838940357249e+01
7.803970360105843e+01
9.913291786756968e+00
2.714991719794921e+01
9.375871200755178e+01
5.154904297159475e+01
5.826049021364212e+01
6.067106796459810e+01
4.678589745740681e+01
5.072594636619367e+01
8.315888749582642e+01
1.316708597036408e+01
5.921042997353264e+01
5.332955580825431e+01
2.352115666657740e+01
1.336144102428176e+01
4.762692360562595e+01
7.910009523811754e+00
2.516009864637633e+01
6.375939588237526e-01
4.130446782396383e+01
7.489334595151867e+01
3.673556309041361e+01
3.149178471951363e+01
4.287820539571261e+01
5.951152935601376e+01
6.187624249694694e+01
7.454694899476458e+01
5.273529149253633e+01
8.327632010135628e+01
7.738276760903316e+00
7.600586487725650e+01
6.131602365584858e+01
1.765156854766029e+01
8.319034421965030e+01
2.043609298785966e+01
6.920061151925503e+01
7.681408830770016e+01
8.110716095245778e+01
7.338392798480761e+01
4.535824341948993e+00
8.164122480975522e+01
8.655101400173783e+01
6.374625431548164e+01
4.460323161659912e+01
5.262332845135747e+01
1.562315189075803e+01
8.976096449874387e+01
6.282158292030059e+00
8.286052326804982e+01
9.039855845756762e+01
4.758662611599389e+01
5.158456869031516e+01
2.713412150141509e+01
3.901768016583178e+01
1.585428659611116e+01
9.509184551196725e+01
8.939226162125927e-01
9.783887569691933e+01
4.155864726824623e+01
8.417024271756888e+01
5.577152411256522e+00
1.756451209893660e+01
4.548626632685134e+01
2.322872095891681e+01
7.548562720207760e-01
9.925058418849976e+01
9.242933247817183e+01
9.912712830078188e+00
4.679580100197149e+01
6.581326041641331e+01
1.444853717202718e+01
8.821549000601074e+01
5.236427437158500e+01
6.477522340825537e+00
3.281872157604374e+01
5.481853245516239e+00
6.417794696249904e+01
2.257968607478761e+01
1.176401153754630e+01
8.354822321960154e+01
1.297824448578909e+01
7.050962800649442e+01
9.862303887429789e+01
4.011236603377031e+01
8.959842514693663e+01
6.402613556199994e+01
2.116556084769105e+01
4.608492061779132e+01
6.186501121235314e+01
6.899269780562850e+01
8.343248310658731e+01
6.744216362360966e+01
1.053401916778368e+01
2.891874938687252e+01
9.067088458252647e+01
1.128887543980446e+01
2.816933357537227e+01
8.310021701413217e+01
2.120158831644877e+01
2.239707467257841e+01
3.329815549463879e+01
6.274497451388509e+01
5.083410043773898e+01
3.054104653677952e+00
1.384491697598478e+01
1.357138483485737e+00
2.543338226407458e+01
3.340044381720966e+01
2.393682455827334e+01
1.852361658519302e+01
8.043891400119240e+01
5.074081646778659e+01
7.885562580956874e+01
3.938293253974194e+01
7.681453180351041e+01
7.624257205810517e+01
3.409068055175742e+00
9.798009265120146e+01
1.453897148116444e+01
6.527407926752888e+01
2.140780190071454e+01
7.919905813373582e+01
3.271624284457240e+01
3.194182106849822e+01
8.785604494058343e+01
2.338712738053274e+01
4.120423758458544e+01
1.602537846938957e+01
3.754115502235533e+01
4.181067330847060e+01
9.634830541738695e+01
5.540082173207813e+01
8.241031322740498e-02
3.794414048918716e+01
7.389341521723820e+01
1.392732733577831e+01
5.218604726353010e+01
9.932679748131279e+01
7.178588401143713e+00
9.018068536658804e+01
7.672795237820966e+00
1.280127126388311e+01
6.317428092620069e+01
5.983604931264932e+01
6.667945527782638e+01
4.123189441917087e+00
3.607862132418836e+01
3.882722102051005e+01
3.796890533434642e+01
6.952144348505952e+01
2.086735107976354e+01
5.396928622106523e+01
4.872050157222920e+01
5.358359392433595e+01
8.591110733612958e+01
3.783219328049206e+01
3.734548861968587e+01
2.134223939913429e+01
2.545158705927971e+00
8.345806565296746e+01
6.315291270760489e+01
8.965519880394228e+01
3.885888738504559e+01
6.770856048339445e+01
2.759933929312943e+01
1.961936932970740e+01
7.583826318189421e+00
1.881041145828106e+00
5.897563936141117e+01
4.866529351503835e+01
9.206172651241614e+01
2.661896204884115e+01
4.197528531866860e+01
5.539313194127433e+01
1.314738309623086e+01
2.962251148634707e+00
2.328067031841756e+01
6.812985505355981e+01
4.975276098109445e+01
3.335084995876571e+01
3.765129849205320e+01
7.062011210742412e+01
3.829254574994210e+01
1.895626812193369e+01
7.308706598034457e+00
9.572254814939693e+01
2.420399334477447e+01
1.174427290062619e+00
3.977278696362524e+01
5.173519507596976e+01
8.463249294303009e+01
1.843844061644675e+01
2.248565313522036e+01
2.349138028150954e+01
1.209493964542399e+01
4.400369010120802e+01
8.488616239507039e+01
1.967876596361341e+01
2.378907661130143e+01
7.800448051560879e+01
6.078625878355757e+01
5.206560122411028e+01
3.045129116179947e+01
9.706905470093203e+01
7.140105956764941e+01
4.359867425803034e+01
8.498755450592728e+01
6.678300419206870e+01
5.656750377107761e+01
4.182077801871149e+01
1.338541042682967e-01
4.937982780364334e+01
5.668077294560185e+01
6.015734782449778e+01
3.575162786792574e+01
2.956413353307365e+01
5.587989597389470e+01
1.292353077462107e+00
3.073856082313627e+01
8.074424792115774e+01
8.670477326340264e+01
1.537105371960022e+01
9.918268858417062e+01
3.109124024915101e+00
3.886243404767589e+01
1.127762818302849e+01
3.363603485451826e+01
5.789127520187351e+01
3.095639414664190e+01
7.090189078399068e+01
3.589575567091617e+01
7.980917421160693e+01
8.690981841036576e+01
1.262108926317705e+01
4.016597286805789e+01
5.831087793144903e+01
7.455306932076489e+01
5.562479400803559e+01
1.143234517026336e+01
6.794829287936366e+01
8.201805678290225e+01
2.522773622778605e+01
3.612361570639705e+01
9.572553699637089e+01
2.193560000599157e+01
6.008292644288527e+01
2.688309179008151e+00
7.781549597988626e+01
6.137527956691351e+01
1.133198394036479e+01
5.855974385447789e+01
9.974014293390333e+01
7.139928502561492e+01
1.669625193658110e+01
8.991602900899763e+01
1.026171902672468e+01
8.688594614476243e+01
2.355206381694975e+01
6.815299422859820e+01
9.997645476831889e+01
1.719197338316216e+01
4.048749899514369e+00
7.978562893335970e+01
7.773790279297992e+00
5.888642052136660e+01
5.245949665664672e+01
7.982607697128601e+01
3.343948984213150e+01
9.265677537427133e+01
9.117855033426478e+01
3.026421695494290e+01
9.641277184542864e+01
5.303667432304317e+01
6.836785938049101e-01
1.337366174597929e+01
7.497227432903473e+01
6.076660503669018e+01
1.742797923154569e+01
5.715060516127879e-01
2.214188455703756e+01
2.739395491191836e+01
1.771232393463716e+01
3.654471227738295e+01
6.691045251996744e+01
6.908994650891513e+01
2.646074123981443e+01
5.511721458989997e+01
3.811000703745987e+01
6.625894679048049e+01
2.327020881849817e+01
3.808646175921264e+01
8.712291865941273e+01
4.658601109245140e+00
1.787209064600621e+01
3.010226256684506e+01
1.075476166361699e+01
5.524414798954695e+01
6.098137714945775e+01
7.307068578576235e+01
4.790092331725216e+01
1.186761633114313e+00
3.334902694139118e+00
2.257575542785961e+01
5.422343595615749e+01
5.092724028552288e+01
6.289370207250757e+01
4.862663650355611e+01
5.159932638127326e+01
8.032168135061937e+01
8.198348050098096e+01
6.530678219409045e+01
5.377789184161364e+01
6.691046653637218e+01
7.875438089424482e+01
4.631579557727827e+01
6.242094103359661e+01
3.080255367364853e+01
4.619405225207752e+01
5.309480710564871e-01
6.131019329713201e+01
7.702081081318707e+01
3.861740983026912e+01
4.802013721690520e+01
6.203618317937300e+01
5.648950052284146e+01
7.812239978375025e+01
9.054514872401262e+01
7.113349129032972e+01
4.311197951580955e+00
4.586163058218622e+01
9.912708108272733e+01
5.647112538873736e+01
9.439494972787563e+01
6.988247436000150e+01
4.346093686458698e+01
1.237735618482221e-01
3.277617638594293e+01
7.366397579836844e+01
2.493877584344650e+01
2.957097535467286e+01
2.286211835353734e+01
9.273587599989767e+01
8.976318411983698e+00
4.797112208230939e+01
9.578426298489062e+01
6.550913693639875e+01
1.039206311590600e+01
9.083550949154213e+01
1.925973888452152e+01
1.092301118696249e+01
8.695600791226886e+00
9.628054969770859e+01
4.954042101723162e+01
5.671573800813208e+01
2.089993144427423e+01
6.029921493506954e+00
4.390863550077594e+01
9.369087628726422e+01
3.081438109782263e+01
2.288887702063139e+01
1.355485618745669e+00
2.994146213398383e+01
1.212637792906090e+01
8.874904014577579e+01
9.982393649398531e+01
5.558731479364788e+01
7.503399559065420e+01
5.203689013236988e+01
3.392273841142782e+00
4.059591365074549e+01
4.569797056992444e+01
8.288408940792274e+01
5.762579574139127e+01
9.058418389902644e+01
3.085521149023213e+01
8.978633582116400e+01
4.587629784172228e+01
7.118604428655749e+00
1.766657783541203e+01
4.736246403649564e+01
2.082379614972686e+01
2.636217862663892e+01
6.226212254830735e+00
1.710706763766104e+00
9.697008561201864e+01
9.424346480250520e+01
7.740628303839187e+00
1.791605433352108e+01
2.081701998636919e+01
3.855500940166181e+01
4.080493140071860e+01
8.676441828103941e+01
3.703275804269722e+01
5.293130932977949e+01
4.911856695502929e+01
1.151006096578672e+01
8.518624123427376e+00
3.799138066265331e+01
9.205207698608380e-01
2.691008519703061e+01
5.752162055928336e+01
4.661849133978527e+01
5.316447743827686e+01
3.621309000822394e+01
3.573900039109355e+01
5.050188687187708e+01
4.001660372131346e+01
8.161529823281583e+01
7.631005899808838e+01
5.768318155672549e+01
3.461766440170708e+01
4.391944722454969e+01
8.404536018336441e+01
2.824080997530409e+01
4.563015398831580e+01
2.723007338458210e+01
2.248427473124316e+01
3.510044181491268e+01
6.810879445081055e+01
7.893207346970778e+00
3.926606696996189e+01
2.584426250580897e+01
9.465762562801019e+01
6.042226318289631e+01
7.877557183558847e+01
9.263523197389917e+01
2.874267111939502e+01
7.451467354526496e+01
3.472132833428743e+01
2.966319193582199e+01
2.405678193273804e+01
9.213906856819012e+00
9.651065361523565e+01
4.370345731438299e+01
4.247321684028638e+01
3.547389471692680e+01
9.420534418626006e+01
8.248982056159984e+01
1.386495214601278e+01
9.074970152729643e-02
4.017300211832533e+01
7.366627551320301e+00
9.722460484934253e+01
9.917885032444207e+01
3.560743752662439e+01
7.550410678400850e+01
9.134163907325903e+01
5.809171230443367e+01
7.709258165075099e+01
7.638097017834940e+01
6.598491965140445e+01
2.080068072341414e+01
2.225232637592234e+00
6.064254527941465e+01
9.265747363337198e+01
8.100080447318069e+01
5.967584217883453e+01
8.046635961181781e+01
7.723660267760819e+01
7.253635277624072e+01
3.182219664185410e+01
9.235178236493459e+01
9.951636167220602e+01
1.591049023713474e+01
3.605523963275144e+01
4.494335853724897e+01
6.058250417028670e+01
3.026058377244537e+01
8.974233902513159e+01
2.413334810367476e+01
5.712203795887625e+01
2.991534109689078e+01
3.149997565499505e+01
4.608904213928107e+01
4.809121691998617e+01
6.710741318161945e+01
2.159314887672344e+01
4.547534237870730e+01
3.571366650784093e+01
7.343136420167581e+01
2.185631251049056e+01
5.923761174047255e+01
7.126871872286719e+01
2.408154514808280e+01
5.182659037030609e+01
8.244748640919452e+01
5.082349621263496e+00
8.595406407767631e+01
6.245727765488311e+01
7.337735005346003e+01
7.625651884649717e+01
9.473604266286644e+01
6.572913237182848e+01
2.695726911861323e+01
1.799657485354532e+01
1.784371958013797e+00
3.420978758214498e+01
8.365139704367677e+01
3.204495573045917e+01
2.395212656071043e+01
5.809885335997625e+01
2.676674263866932e+01
5.386746765760121e+01
2.501428351971055e+01
8.111338544688810e+01
8.001170963049480e+00
9.212169670132999e+01
1.594223604348592e+01
5.347651338832291e+01
6.439549991134344e+00
5.088353219948873e+01
7.533282589881347e+01
6.567716173160689e+01
4.067354497531128e+01
9.941437109346239e+01
9.195538363044867e+01
9.017065534841765e+01
4.496720668159761e+00
4.997307236770776e+01
5.262793295673463e+01
7.787407072161979e+01
1.215103986307561e+01
5.471401757314523e+01
4.360320304688216e+01
3.910830898168884e+01
7.271059242669054e+01
4.538757500489595e+01
7.331809656383382e+01
8.749120989231915e+01
7.743253073535512e+01
9.727022312454424e+01
3.560586005244677e+01
7.452824650077532e+01
9.869386446601425e-01
6.062014357215732e+01
5.564163190109731e+01
9.870026530637418e+01
9.170497068749040e+01
3.309379989891024e+01
7.091373250396632e+01
7.006266241430428e+01
2.394172969457774e+00
1.214505835070510e+01
6.382168236366551e+01
4.007316568869779e+01
7.411930997582120e+01
3.889898720146110e+01
3.024382099054932e+01
5.955841637195945e+01
3.368651365567302e+01
3.380678572403583e+01
6.973336337587487e+01
8.785248016372904e+01
1.457770569928815e+01
1.333656637619090e+01
1.779132705078988e+01
1.841751854793053e+01
8.931916225204205e+01
1.344950493120099e+01
5.238791613485101e+01
3.708066606758194e+01
1.071972800917911e+01
8.799377623386391e+01
1.160891256835727e+01
2.079818049482916e+01
7.247787885017594e+01
8.189091076231139e+01
2.099628048995336e+01
1.355759986376278e+00
3.443443217986936e-01
9.041217825860353e+01
7.141842240068057e+01
8.432167642019766e+01
2.155985651610413e+01
4.998595200012716e+01
8.972553400775675e+00
7.667654658512983e+01
8.888493920158825e+01
9.058596943066733e+01
3.623496291052316e+01
1.561263209004543e+01
9.055124753646146e+01
8.193394317381734e+01
7.878009810986933e+01
1.104349489838048e+01
9.313630619698033e+01
1.891150647723652e+01
2.354647173711400e+01
4.257579238273939e+01
3.236101140843751e+01
2.945520013079755e+01
7.873246445261522e+01
4.308073941761662e+01
8.095399177677650e+01
3.114504699182932e+01
4.938158162375054e+00
1.033547092710411e+01
9.839559150785003e+01
2.593443865232842e+01
1.169123091348039e+01
4.034743273646917e+01
5.954609422923349e+01
7.994209024121150e+01
8.306161224984639e+01
8.110595079190375e+01
6.091142681469742e+00
9.203416565062207e+01
9.002837934066932e+01
8.801726120897442e+01
4.877862741648156e+01
5.569164462186939e+01
3.629893252453717e+00
8.500225669005991e+01
6.132518512258548e+01
7.095005506228193e+00
9.604575158844038e+01
3.076189389953478e+01
2.835144476422642e+01
6.800529983267435e+01
8.775262850697740e+01
1.805429696946139e+01
9.111338536772568e+01
6.648509291302651e+01
7.287089860666120e+01
7.841449174024839e+01
6.389854371729239e+01
7.780905681560237e+01
6.317040746247881e+01
2.953942819942694e+01
3.743495421364668e+00
7.486163837595919e+01
6.988686093589610e+01
6.328958969716430e+01
2.940317258676662e+01
4.409568321150527e+01
9.069441966279150e+01
9.106689705097438e+01
5.146184025866065e+01
1.015110137413773e+01
1.304744152028460e+01
8.490847627860889e+01
2.523402023372893e+01
2.714146972966449e+01
2.423835113841964e+01
8.655920540288054e+01
9.130262606372249e+01
6.869717928054612e+01
3.423022764466248e+01
8.873177384432952e+01
6.143999214351177e+01
4.744758994665350e+01
8.064221696958049e+01
5.255337746467133e+01
8.020108667211657e+01
8.210607947879755e+00
5.388313953479898e+00
9.304056805234428e+01
6.609127356954444e+01
6.855872141595870e+01
2.257999620520510e+01
7.294538383043621e+01
4.342035979191790e+01
9.246685714110120e+01
3.623497348103438e+01
1.391651435471909e+00
2.297013351832057e+01
1.239136355574772e+01
9.245854848644629e+01
7.443197377698122e+01
1.505443361357527e+01
5.505989960164758e+00
3.743834730118436e+01
4.028845389387033e+01
9.435449451876547e+00
5.680019592717299e+01
2.684765925018474e+01
9.593600737673045e+00
2.549737516115297e+01
5.858370073073716e+01
9.832537462856871e+01
6.219985422780731e+01
7.353136226233624e+01
8.690206165746882e+01
4.349472883320168e+01
5.373244888788668e+01
9.511266960534857e+01
4.888304278668158e+01
9.783207923072953e+01
7.744202757135128e+01
1.744176420264028e+01
7.966669769010818e+01
5.038741140178750e+01
6.086212399455818e+01
7.213355483120939e+01
5.668354647079647e+01
6.225377543003009e+01
9.510368834952996e+01
6.725289880635817e+01
2.931954382421428e+01
3.083056943995439e+01
9.161737495642964e+01
1.161352354642634e+01
6.339241418214162e+01
8.000258588232221e+01
2.104897299830288e+01
9.242098689657682e+01
4.944344551742238e+01
6.472089768607211e+01
4.568998522390145e+01
8.027146201593403e+00
7.098074237396044e+01
7.889839451708756e+00
7.147126503822918e+01
3.275571485644007e+00
4.252672709642291e+00
5.014565035241919e+01
5.299547354364557e+01
1.319297673795045e+01
7.232351790756152e+00
8.895773826584114e+01
6.655711385726795e+01
8.689904952743046e+01
3.934514962106251e+01
1.380616636658374e+01
5.903260431207372e+01
5.869565674043058e+00
4.579913264410530e+01
8.209251998089837e+01
9.322043331024257e+01
1.366285072344488e+01
2.367195464841647e+01
6.656185065701689e+01
6.072977043722280e+01
7.631550360299437e+01
9.812355199741364e+01
4.632534731474023e+01
9.650811366574285e+01
4.756699746826990e+01
2.734194832264537e+01
4.219809888964431e+01
5.559414371642942e+01
8.202698737477277e+01
5.785299449127772e+01
4.169366054315756e+01
1.704578377168895e+01
5.434061105099535e+01
9.183931089557676e+01
9.290526485671535e+01
1.945288983148192e+01
9.907166273289903e+01
7.104681482121666e+00
3.409070159964762e+01
8.597071221376336e+01
5.686438235308248e+01
2.568148031164030e+01
6.224819871701682e+01
6.216026645254357e+01
7.148061295574560e+01
9.913960909430851e+01
3.710474215313081e+01
4.590302558890685e+01
2.281156369615885e+01
5.158011575768708e+01
3.272183990698394e+01
3.357931162863007e+01
5.023102930292070e+01
1.750474722008442e+01
7.652447869839355e+01
6.865159630247001e+01
9.930284726400991e+01
7.228552413745109e+01
5.286480889323391e+01
1.057797954910341e+01
2.237346243223802e+01
9.455846943639148e+01
5.048777086217319e+01
9.357819095886228e+01
8.639778033196824e+01
4.339303567232240e+01
1.303108074377807e+01
2.195049138830532e+01
7.619957042681034e+01
7.833836282526066e+01
8.528337105423370e+01
3.306395273332668e+01
8.084868415298345e+01
1.644347161820320e+01
1.589586954372743e+01
5.232929710872904e+01
1.558308066594558e+01
6.053426445486688e+00
2.432136657849018e+01
3.839464436210442e+01
4.352833537549169e+01
5.704320648547411e+01
8.271540807686533e+01
5.995104855855510e+01
9.306257832472332e+01
6.837665078620270e+01
9.050266830739689e+01
2.161357049905396e+01
8.508835746212320e+01
4.336747715406468e+01
3.219155004815736e+01
7.461819847795097e+00
3.792594654389003e+01
7.149885528325049e+01
8.417589337759460e+01
7.233776136875980e+01
2.607235658265294e+01
7.586646837921182e+01
9.793169801027128e+00
6.378763358285075e+00
6.761917381902187e+00
7.957162381129881e+01
3.944271609161176e+01
3.299714812682809e+01
9.767679660472869e+01
5.533858563533919e+01
6.421165343570135e+01
1.325987722410815e+01
4.728680525314380e+01
8.853302001419152e+01
6.811157831368575e+01
9.081514062863548e+01
4.557622645309951e+01
4.350669372058785e+01
2.803167022207364e+01
6.447139436587290e+01
1.188334450679056e+01
5.663431503653261e+01
8.608496486492686e+01
1.773770945972656e+00
1.791728908099108e+01
4.426729639259507e+01
5.617999693200923e+01
5.584323567144723e+01
1.576615162927944e+01
3.386635521141177e+01
2.904529898848631e+01
4.594534460732031e+01
9.732823544057471e+00
2.333355169898530e+01
5.232410796560538e+01
4.076649571804632e+01
2.905175463717979e+00
9.176682405721715e+01
8.538510328409501e+00
3.000836899970116e+01
3.926393377560374e+01
1.106406562545526e-02
4.898385086515166e+01
9.762453623005401e+01
9.586204904870226e+01
3.378465270334140e+01
6.570515794013868e+01
6.727086508985184e+01
6.792241552282238e+01
6.925449919386510e+01
3.174225940915861e+01
3.155223514491330e+01
5.037114319874492e+01
2.843736797964078e+01
8.027041222912744e+01
2.062016908108265e+01
7.270466437223585e+01
6.197942954580273e+01
1.756483587322982e+01
8.847081600151529e+01
7.680629942417438e+01
6.373005689295478e+00
3.441616060883560e+01
4.558574424385360e+01
2.970655738828078e+01
8.674026857444098e+01
2.112710644543502e+01
5.888538796402764e+01
5.464279123332481e+01
2.966561682041064e+01
6.262010189826604e+01
2.561250223108218e+01
1.585446145192462e+01
9.885772927611029e+00
9.153126119241642e+01
2.124798690026998e+01
2.869938189568901e+01
5.212072611419518e+00
9.280959502459019e+01
2.096177205488168e+01
7.446657180528462e+01
9.776782239683337e+01
2.817403256342469e+01
1.344390400380078e+00
2.620519032990802e+01
8.444444792552126e+00
2.196455948146273e+01
9.890985470214386e+01
4.489485395368880e+01
9.929226622883802e+01
1.554239271932393e+01
5.891013916531118e+01
9.528911746818997e+01
7.963016004284385e+01
6.448874742001702e+01
3.537182925984814e+01
8.537099793803458e+00
8.841400406715181e+01
6.798356215841302e+01
1.958984649721060e+00
9.827807363973841e+00
6.962207791843549e+01
9.586570965864961e+01
4.775630177359856e+01
4.220761677353067e+01
3.266141178675993e+01
7.329503170833691e+01
2.317827647699894e+01
3.787348439817945e+01
1.914799447131715e+01
4.414004853188062e+01
1.234005615689794e+01
9.065648107354365e+01
9.570282869772187e+01
9.695102753907024e+01
3.303555964167955e+01
5.536143647290833e+01
1.060342230396505e+01
4.203086190020240e+01
1.842579088100502e+01
1.820785315623873e+01
2.706077011630906e+01
7.733593004631621e+01
3.449858819809676e+00
5.120836382322403e+01
4.182467741976710e+01
5.924495433422036e+01
5.974546361702748e+01
5.265852876597016e+01
2.722851644606726e+01
5.596610831840248e+01
6.248633617651013e+01
5.783218050274633e+01
5.944635069903283e+01
9.228010498559107e+01
7.742727178960446e+01
9.210776248579276e+01
3.509886075514316e+01
6.055482200372723e-01
2.998124683740607e+01
3.167976328715671e+01
4.474559679848403e+01
4.232130299430401e+01
7.116267209461084e+01
9.902210836253226e+01
7.293224212384422e+01
5.537180400237991e+01
5.438354478887447e+01
8.353566442780927e+01
6.689018139936505e+01
7.280933566987949e+01
9.169640582599510e+01
8.572607375016719e+01
5.811110216104942e+01
9.514626464580478e+01
6.418816748270214e-01
9.614128051145994e+01
9.666136279546718e+01
5.464900529694231e+01
2.258546283588999e+01
9.874514588096419e+00
1.061511356877867e+01
7.114807938744690e+00
7.793935531654365e+00
6.244693154583076e+01
5.938937103347358e+01
8.522120732125883e+01
9.502367027803496e+01
3.038227368629644e+01
5.270865282635607e+01
2.500491706887489e+01
5.664427096799215e+01
9.118424481301766e+01
6.500671467045635e+01
7.898051528212639e+01
2.536266540426885e+01
4.142655792712539e+01
7.007548030003696e+01
8.397800544462073e+01
3.676198815776128e+01
2.639002144634259e+01
5.678734106793411e+01
5.030527159120201e+01
1.211609514994365e+01
9.167283079199159e+00
8.772168009901497e+01
9.583533387437245e+01
5.308563544092962e+00
8.438304284791603e+01
5.048433912474864e+01
4.353102154262877e+01
8.272922042884362e+00
8.919999096039682e+01
5.064582952793959e+01
8.999498178716514e+01
2.354638423935808e+01
4.592924245909287e+01
9.510362599748355e+01
2.522210447360859e+01
7.631151619195543e+01
2.446549154094676e+01
1.214448609954886e+01
3.600144201703437e+01
1.150273383199365e+01
7.576671805035635e+01
1.673244606551362e+01
4.109719448773991e+01
1.972916834975088e+01
8.680792641211670e+01
2.507519988579452e+01
5.395526408867690e+01
1.319794781189316e+01
8.186254095372863e+01
4.260535679878917e+00
4.577022932738542e+01
8.879514764472616e+01
6.965062435234461e+01
7.436457568517167e+01
7.023278878546915e+01
7.636525858024380e+01
9.208990227994039e+01
9.812681516545211e+01
8.463818066969429e+01
5.318935497346769e+01
8.187454840255647e+01
7.383549468304751e+01
7.673573921282578e+01
2.780379086164934e+01
6.893912063396495e+01
8.855046820293668e+01
4.115307007038643e+00
7.085549266583077e+01
6.949542559194165e-01
6.288138402760093e+01
6.137223595817212e+01
8.848456511669073e+01
7.786334128019556e+01
2.469430399345900e+00
5.677841001040228e+00
2.719761777073034e+01
2.754463028514042e+01
5.963310508971713e+01
8.179427240127430e+01
9.407171192302915e+00
2.431951138392068e+00
2.354462422595575e+01
9.820231883702908e+01
7.208257549073667e+01
6.515018738114749e+01
2.313234802481362e+01
3.394716835298910e+01
5.724008966108788e+01
2.125916314369960e+01
1.687929570529577e+01
1.086290092713335e+01
1.438927064388491e+01
9.151245811558908e+01
8.716518384738136e+01
6.191204160540925e+01
4.067485963025823e+01
8.242682557666060e-01
8.879198361597582e+01
8.757951813171596e+00
1.519222558252151e+00
9.597833338006322e+01
9.526318083296678e+01
8.168488302346546e+01
2.953670887720618e+01
2.278081147129685e+01
9.600328067131493e+01
4.636305605357655e+01
5.499920340022035e+01
2.499783561797712e+01
2.815732840828473e+01
9.133782954483192e+01
2.742978675636919e+01
5.805334581902872e+01
8.954014833529487e+01
7.540588298598578e+01
2.320353320017622e+01
7.544016445774592e+01
7.646998021587263e+00
1.830643528062219e+01
4.026560785261244e+01
3.135977495990683e+01
2.916933620775553e+01
9.157218285443830e+01
1.603875184247212e+01
4.144313630715158e+01
1.656692010190660e+01
5.394121103637908e+01
4.226740460948432e+01
4.930163833745831e+01
6.269916289611680e+01
4.378662716773648e+01
4.527997167095540e+01
8.623133296437157e+01
2.547151014463581e+01
8.656898019209922e+01
4.061736098519403e+01
7.051221983065465e+00
4.330330684003575e+01
3.574235855403466e+01
3.204905760104258e+01
9.756708764357822e+01
7.871689599878941e+01
3.049728573788763e+01
3.586537420557131e+01
3.425997078151441e+00
5.899120655795150e+01
4.957126614152047e+01
7.886616153589738e+01
1.355016674546067e+01
6.787770146870878e+01
3.386304529098004e+01
3.807646047234370e+01
3.038559766969905e+01
8.851792383404351e+01
2.690602602758726e+01
8.423848873201688e+00
8.138650086772931e+01
7.067639961404558e+01
7.558512765708618e+01
3.068813920518762e+01
7.075558624731171e+01
4.458728090142239e+01
7.596811087614303e+01
2.871792988326304e+01
5.001571585890638e+01
5.404499911425869e+01
9.461084990511221e+00
5.706693784197184e+01
6.842457324658734e+01
4.520344354454588e+01
8.911599544301443e+01
6.599166084359943e+01
6.827369684738744e+01
7.102923005401587e-01
9.882439221200737e+01
7.169969392553888e+01
6.613461024413565e+00
4.839565835352785e+01
5.056585541487013e+01
3.678342329188410e-02
9.607146172601331e+00
2.597181490900545e+01
5.824008824221794e+01
1.332039740556869e+01
8.500816015759864e+01
5.075332156883242e+01
4.841659271550206e+01
6.639466097876181e+01
2.142972118287800e+01
3.256814993571869e+01
9.708280018394943e+01
9.116731015554038e+01
6.858900127401063e+01
7.305091106009246e+01
1.764332387486628e+01
7.250387509004393e+01
5.153934832268364e+01
4.948315264167411e+01
3.174962239887082e+01
4.049029831797364e+01
7.454976857386053e+01
5.331100479388191e+01
6.481959115006942e+00
9.847010811719584e+01
2.672921308629644e+00
5.306351327014319e+00
4.384439147256519e+01
9.286382333043210e+00
5.168313023246970e+00
9.441024688743532e+01
2.945001010291745e+01
6.997536945621268e+01
1.641116319988443e+01
8.769009839170151e+01
8.329576686178137e+01
1.419323310916928e+00
4.539890216914886e-02
3.184795753650738e+00
4.912634619936643e+01
2.045712281039782e+01
2.718651607967285e+01
7.914467648563192e+01
3.197986862248735e+01
2.478684383667393e+01
3.794769548715450e+01
4.962319249735362e+01
3.191491534556957e+01
2.817837392360827e+01
9.910634513902772e+01
2.901479603211153e-02
7.706602820058635e+01
3.540576642165229e+01
1.991643804121597e+00
5.698567799152140e+01
3.387587449228199e+01
4.664565112751241e+00
6.229202931853571e+01
3.085731478913562e+01
6.081866480448221e+01
4.135602686617339e+01
1.994752475058079e+01
4.340095759527802e+01
5.613148610858781e+01
3.500954962103141e+01
3.723308864852092e+00
1.089968910017036e+01
3.120716820992863e+01
3.113645484258256e+01
4.371513474905637e+00
1.368765938733130e+01
9.341161283357610e+01
4.127100098006008e+01
6.391793701980168e+01
2.539148140949732e+01
9.683284549826423e+01
1.865632460390047e+00
9.472768348396183e+01
2.874776079726767e+01
1.187905301893086e+01
5.558368137831972e+01
5.354925480370841e+00
7.471576359808248e+01
9.098944779997200e+01
7.346569284492438e+00
7.582978032335164e+01
5.222040817710590e+01
2.560538888238622e+01
8.166047920550243e+01
5.572263708138961e+01
8.642405373343456e+01
5.337352098588531e+01
8.456352468792512e+01
6.936303953144841e+01
9.505007047906986e+00
1.435136954037071e+01
6.049470168561428e+01
5.288910179067827e+01
4.555853775029934e+01
3.159055031444437e+01
3.448918104846458e+01
8.892868402829798e+01
4.175891473039934e+01
2.930661692717421e+01
8.176101985469508e+01
