6.897055617020025e+01
7.352192037437200e+01
9.813703745516811e+01
5.841351997033392e+01
7.165124345182033e+01
9.100432684226163e+01
9.561393414419793e+00
6.188976590609633e+01
5.748457468928982e+01
8.642598115206974e+01
4.011307379236123e+01
6.639007491357162e+01
2.466146025092409e+01
8.203453742062419e+01
7.510836090664769e+01
4.479415456056323e+01
7.062199035222734e+01
9.148067002719299e+01
7.264082253567913e+01
2.282435895075293e+01
6.693245846169650e+01
7.853169742903286e+01
9.766905070173976e+01
5.174692345398800e+01
6.126513698197209e+01
1.167535586826287e+01
8.499770471127597e+01
6.993308866859091e+01
1.106624026366800e+00
3.329202618137563e+01
8.000803295523302e+01
8.947188900293405e+01
2.410778171574128e+00
2.470571427825173e+01
4.735202782198415e+01
1.360252542123316e+01
2.758961074407660e+01
9.817034518260991e+01
4.872422579150844e+01
8.507418543336642e+01
9.241128647346575e+01
6.492892571954472e+01
4.065049124911916e+01
4.821954357820542e+01
4.696346309360278e+01
8.715644901951610e+00
6.642922450156381e+01
6.381491504787231e+01
8.967474991906190e+00
6.186107968066869e+01
1.140751410806902e+01
4.968471366431784e+01
8.408528272252775e+01
2.409919617888480e+01
6.661443368839772e+01
7.114696729516004e+01
5.051335284975980e+01
1.279571713544229e+01
6.954503393245164e+01
7.294457642032978e+00
3.418061371621705e+01
7.814477057109809e+01
7.096223592337326e+01
3.659139193435730e+01
9.658107124109803e+01
4.694083419020327e+01
2.342585181976941e+01
2.584263683568809e+01
8.051411755406956e+01
2.745865058501188e+01
9.224845412757642e+01
1.140224962094903e+01
6.204887929467898e+01
8.673819396027281e+01
2.618935901028540e+01
9.352682553861608e+01
1.508274391064548e+01
3.564954387752783e+01
6.130106116705624e+01
1.943871524158805e+01
9.785437728178426e+00
1.570105897993830e+01
5.861791649768963e+01
4.165276253672911e+01
8.304270463205999e+01
6.604716166204176e+01
6.887179625633722e+01
1.041673971825128e+01
6.711453896347179e+01
8.658902947166423e+01
5.926794333349352e+01
1.295152633122705e+00
5.464661128569702e+01
5.340846211342535e+00
3.505216596417696e+01
1.443145238535081e+00
1.629038323475531e+01
2.571022288208372e+01
3.808945144437693e+01
4.143103614516139e+01
6.106942080011098e+01
1.953423620179958e+01
6.864611863561259e+01
1.872583786897633e+01
8.972462350024125e+01
5.269767518746558e+01
4.492030448509394e+01
3.998185616917063e+01
3.270350891756988e+01
7.912542702589437e+01
2.201864506212000e+01
4.536319181572794e+01
8.474667616409560e+01
5.708141711404613e+01
4.617426942390123e+01
7.744379433684227e+01
9.497308875200017e+01
5.050963333365956e+01
1.468258961787568e+01
2.427787716699665e+01
3.705535262685984e+01
2.692437047461251e+01
8.731389175509750e+01
4.191742667086303e+01
6.513455792569302e+00
2.063996708981691e+01
5.838048605172917e+01
8.322717122883870e+01
2.465713486292266e+01
9.646993754267224e+01
6.225097759731625e+01
5.845438561330288e+01
9.018059023198700e+01
3.079791657198123e+01
9.051678399113788e+01
1.147042173495070e+01
7.125931469316562e+01
8.782600610881393e+01
6.565867050814380e+01
9.740009913099934e+01
3.921576456130285e+01
9.443128048182990e+01
5.728309608869399e+01
6.875624939275731e+01
4.949101747455588e+01
3.476481206471325e+01
6.834692231768133e+00
7.041689770781291e+01
5.437237664795126e+01
7.867309622404775e+01
3.921685905159305e+01
5.935916940651795e+01
1.254122183310856e+01
3.743193728729707e+01
3.390201029083785e+01
3.819694036533914e+01
6.920882652942502e+01
9.275579158810703e+01
8.691133735091954e+01
5.546279752415735e+01
6.190709074116643e+00
5.545734961305622e+01
6.344275589261332e+01
5.464112248953485e+00
9.263446493662636e+01
4.267276350533253e+01
9.776879921451621e+01
1.769629992437376e+01
3.504842288561558e+01
4.747965365996568e+01
1.303004706885202e+00
3.497569865313158e+01
7.639450583439064e+01
7.180251948153717e+01
8.112445645086675e+01
3.140994120920540e+01
1.915366492194760e+01
4.489547961619472e+01
7.652690311732093e+01
6.511228394932686e+00
4.956897126956329e+01
5.565436084552405e+01
1.717324877026176e+01
3.166874359905196e+01
5.793962984249909e+01
1.144269896272696e+01
7.948267929231872e+01
9.104551779620607e+01
7.823430592111978e+01
6.458067128648082e+01
1.124830637650951e+00
8.442501499523642e+01
1.568797883376851e+00
3.627694250842414e+01
6.067106796459810e+01
7.451555429702418e+01
5.072594636619367e+01
4.996701467315062e+01
6.985132455353221e+01
5.357343878297761e+01
5.820571144959224e+01
2.918422325941930e+01
6.594164584108705e+01
1.064403281111458e+01
9.792576734811335e+01
4.706610224538767e+01
4.205397402031998e+01
5.670060112918755e+01
4.056735646006063e+01
4.642744946592835e+01
9.822293380192617e+01
8.405818458835510e+01
5.205826733822854e+01
4.283953539228045e+01
1.716548908369871e+01
1.438699882216146e+01
1.990530095990063e+01
1.445333474057416e+00
1.764090732561467e+00
3.125033836404343e+01
1.734434930484013e+01
5.104224204599962e+01
8.530200765715075e+01
2.674208964535132e+01
6.881305951104176e-01
6.330167081360783e+01
7.352798710275813e+01
1.309057055650771e+01
7.044188402148052e+01
1.628772724246966e+01
8.458695243326339e+01
5.561102882754572e+00
4.581886187466740e+01
4.148476377198694e+01
9.468525233431032e+00
9.594953590815399e+01
3.371690289756139e+01
5.272610897790925e+01
7.901927553071607e+00
9.187938230665372e+01
2.831054489515282e+01
6.540974865919434e+01
2.004222130404889e+01
7.700534168491389e+00
6.715803373007012e+01
3.570306503013850e+01
7.638436745683866e-01
8.763789994997806e+01
5.471197504303976e+01
9.694646769061055e+00
8.719194731078666e+01
8.116714366766026e+01
2.745107981723318e+01
4.016798787758126e+01
7.472813426271459e+01
4.790746013070804e+01
6.064285727247729e+01
6.760384918544621e+01
7.388291809423031e+01
7.486575882642799e+01
6.775499538879608e+01
4.582071492719497e+00
9.897329360198849e+01
5.183062844529312e+01
8.690502102808330e+01
1.678661895766231e+01
8.291261558556585e+01
4.703847018398273e+01
8.191402171827575e+01
6.946192759529777e+01
6.871755727041399e+01
5.260055631054591e+01
6.407458477843301e+01
3.148214511176671e+01
3.560163664426731e+01
3.150661426200839e+01
5.528479169834628e+01
9.848338528465638e+01
7.202430976183355e+01
8.513488731586136e+01
6.405006780477710e+01
4.178712928750884e+01
5.014817297931210e+01
2.346716053945346e+01
7.560127371717303e+01
3.026510171138919e+00
8.041313187238440e+01
7.553723602347878e+01
7.063035940315126e+01
8.170408866447588e+01
5.040299480334064e+01
3.054104653677952e+00
6.922249685471063e+01
5.377442867205219e+01
6.413542295998681e+01
6.525766386895332e+00
8.296234141241868e+01
8.345997803074306e+00
5.400818491075569e+01
6.487636308412830e+01
8.548163198189886e+01
7.855442770689467e+01
9.089485774324037e+01
5.379530254462516e+01
7.995163871904445e+01
9.716798947060853e+01
1.453897148116444e+01
3.424330173723553e+01
1.677523232846299e+01
7.919905813373582e+01
2.520305361841016e+01
8.810910419007256e+01
9.284997302705887e+01
8.490603788984289e+01
2.061477588518279e+01
9.918909161313860e+01
3.754115502235533e+01
8.786484454193378e+01
7.472632759005126e+01
4.860213154396141e+01
5.131817886201580e+01
3.125678404758535e+01
4.222966606832559e+01
3.239069801400914e+01
5.595917885934896e+01
3.778688443721593e+01
2.964425656462286e+01
8.342103272835773e+01
9.129077088613565e+01
8.771569299870902e+01
4.101999054710380e+01
8.652842109395583e+01
9.432811368924013e+01
3.998881272971109e+01
5.964152890240845e+01
7.427975236171845e+01
2.799377493932553e+01
3.202867737600052e+01
4.946019456231044e+00
1.286132261755938e+00
4.872050157222920e+01
6.916590415368131e+01
5.409111969829124e+01
9.846504786911655e+01
3.984991132274732e+01
8.281479640063587e+00
9.016728093389762e+01
3.761747551039675e+01
1.318433941955880e+01
6.849052592576041e+01
8.181183737787038e+01
6.770856048339445e+01
2.759933929312943e+01
2.404150339962985e+01
7.408068933248552e+01
7.978538655665955e+01
4.106780110908105e+01
7.238408479484920e+01
2.388650501327892e+01
8.554185353477571e+01
6.085586401673773e+01
3.681148823202191e+01
4.479710219651326e+01
5.386231939953859e+01
2.415439874127247e+01
9.263575127936702e+00
4.178947216914477e+01
2.449117415793760e+01
4.129225250393723e+01
6.107084777256048e+01
3.912163252901362e+01
9.744032481566086e+01
7.308706598034457e+00
7.795202107073368e+01
1.222781413804172e+01
5.086117635986822e+01
2.704514596939326e+01
1.663734825171407e+01
4.432625325598114e+01
1.256555854928007e+01
7.741245277105480e+01
2.479095832667824e+01
5.544370205860757e+01
5.214391958533970e+01
6.430449479459995e+00
4.930402103313432e+01
1.075193328352269e+01
6.992243662007267e+01
6.078625878355757e+01
1.347654867613528e+01
3.045129116179947e+01
5.301398036676178e+01
4.226808326424476e+01
3.893714120562055e+01
8.899558949703146e+01
5.182810935742599e+01
1.172852931159014e+01
8.024591881793268e+01
8.310773441712732e+01
9.361433069855643e+01
8.856176449384623e+00
9.305916540001479e+01
5.689519818727635e+01
6.398947954363631e+01
1.708804169534149e+01
7.665623294965188e+01
1.098094159317247e+01
9.662973442889272e+01
7.936967275076064e+01
5.598382095619283e+01
7.492257662812368e+01
8.153357057903594e+01
9.668627274068365e+01
8.036868277954342e+00
4.711281417268925e+01
8.952451804165007e+01
6.470594702507645e+01
2.209460335881198e+01
7.081753680054915e+01
9.429807518343351e+01
8.690981841036576e+01
1.262108926317705e+01
6.893802255808284e+01
4.255980231918385e+01
8.415296398296626e+00
5.308305181240806e+01
2.509388207695162e+01
7.935088778815739e+01
3.523693621868125e+01
1.938126316265262e+01
3.064949625667627e+00
6.442599048112798e+01
5.047230820659190e+01
5.307974850436661e+01
4.675486686022713e+01
2.507663267901010e+01
2.438692866097527e+01
6.490667227884134e+01
1.710016234642834e+00
3.016037961009908e+00
7.153712952115440e+01
5.728411630600883e+00
9.097640332345684e+01
7.716006817163903e+01
8.421600879366324e+01
1.432291931208359e+01
5.637767867016498e+01
9.824878880672566e+01
9.970098794424021e+01
5.392631546311375e+01
8.067127525837687e+01
4.248348457854404e+01
6.096160554371849e+00
7.037915693148000e+01
6.608466821074703e+01
7.406791950299774e+01
9.265677537427133e+01
5.153479354993198e+01
3.026421695494290e+01
9.280447200536935e+00
4.700658831140333e+01
1.585970926837051e+01
3.260136727830459e+01
9.855039794861824e+00
6.999686941038671e+01
9.875058247649605e+00
5.507108301626103e+01
9.438379807136198e+01
5.329564435095323e+01
9.689195030224134e+01
6.335923767805064e+01
6.691045251996744e+01
3.440857587121827e+01
5.098999531520064e+01
1.264598589048068e+01
9.283411698082188e+01
6.105070950512341e+01
6.902366456064566e+01
1.846998469832818e+01
7.159675442222355e+01
4.116837812642026e+01
4.170647060578059e+01
1.555808503905222e+01
4.620706520332353e+01
7.698369104274721e+01
9.810206331224278e+01
2.646500795449364e+01
7.301762950281501e+01
4.963685681560862e+01
5.559081787038167e+01
1.982631074256557e+01
6.856621395264109e+01
9.545862953898433e+01
1.798115042875574e+01
9.035650877764286e+01
8.672110288716904e+01
6.632369168397211e+01
2.273503286891386e+01
4.259414400094848e+01
6.363009198737800e+01
5.794770860017636e+01
1.909227372104873e+01
3.152686698898993e+01
7.925186901318462e+01
9.505124655321764e+01
4.667133588654517e+01
2.261356442357114e+01
6.131019329713201e+01
2.082237076052575e+01
1.310469196788254e+01
9.706864617628447e+01
1.303049154255097e+01
6.980844976837210e+01
4.561570866294937e+01
7.279094484299000e+01
7.113349129032972e+01
8.103600897874497e+01
6.449295071162886e+00
2.363998024893923e+00
1.482547466402197e+01
6.305737656683539e+01
3.867911470061127e+01
6.868479576366245e+01
4.969562424798292e+01
2.142018159917564e+01
5.383455704610542e+01
5.172309994312148e+01
2.443154855837652e+00
2.666717843463047e+01
8.379725100649392e+01
1.888219417020781e+01
6.214576445619844e+01
9.578426298489062e+01
9.892612742210093e+01
7.655898163866203e+01
1.427359549062028e+01
2.406273178014100e+00
1.370519172107111e+01
4.685493747091616e+00
9.389813011228020e+01
3.394484544822240e+01
5.624933454964744e+01
8.521939287205198e+01
1.914756271017136e+01
1.679748954102280e+01
2.459589085755679e+01
9.857819476098669e+01
8.198610743600229e+01
9.836251162847621e+01
6.042060934026754e+01
9.681158210002425e+01
6.666768904154546e+00
9.909972404087881e+01
1.291867946876152e+01
8.887281370762400e+01
9.422747213124646e+01
9.617371209718925e+00
2.928856994457942e+01
5.715974073724809e+01
1.919876710474434e+01
5.245460916890512e+01
8.760871383715826e+01
5.980747782616292e+01
7.339682456729786e+01
8.259365390175658e+01
5.018937115100649e+01
4.017108294189492e+01
4.835571215877110e+01
7.766067426542783e+00
8.921966161076895e+01
8.454555318902506e+01
7.836893428041084e+01
1.035555876342373e+01
3.825667194940926e+01
3.100979776634360e+01
5.898217081976225e+01
6.386052824736598e+01
3.450000567105599e+01
3.771419345294787e+01
3.802930192930125e+01
4.712114797305369e+01
3.452577550640599e+01
4.369760302067623e+01
1.151006096578672e+01
4.744445497516750e+01
5.403578237352696e+01
6.354695109815660e+01
1.459239749917407e+00
8.332435231810639e+01
3.410819626138927e+01
1.603274467216467e+01
3.583751094333712e+01
3.573900039109355e+01
4.234958139357603e+01
8.962314873450582e+01
4.245066872912025e+01
9.112624763097905e+01
1.573418728808602e+01
7.538777276658814e+01
7.294891177348276e+01
1.716886852736067e+01
4.999254138674240e+01
8.438239273819252e+01
7.746123884686327e+01
6.355325489470422e+01
3.510044181491268e+01
6.810879445081055e+01
8.314713820961637e+01
3.926606696996189e+01
7.683415151053768e+01
9.168926551551058e+01
2.436561590263882e+01
1.812781790184221e+01
1.030640011201911e+01
6.185793846932144e+01
9.969686442040693e+00
8.794068139416198e+01
9.273066324774672e+01
4.716873059383069e+01
1.005648039749660e+01
3.092814047398424e+01
6.932266199464102e+01
8.922097277325623e+00
1.718876306767984e+01
8.467873096683934e-01
2.647097153890457e+01
2.713774690736911e+01
5.377754999966247e+01
5.139808489540503e+01
2.466315861077195e+01
2.999769539106530e+01
6.067820459635844e+01
5.251806101413353e+01
8.224732674762947e+01
2.551114052790736e+01
4.177523974411899e+01
7.155807608345434e+01
9.451771811326859e+01
2.352394518606548e+01
7.812723646784538e+01
9.842403409929203e+01
6.264047145966462e+01
1.805765373541864e+01
4.420006910534579e+01
3.317450286502694e+01
7.822774354285922e+00
9.723292849829092e+01
9.179175141816575e+01
6.418710028016339e+01
9.804911259470931e+01
3.117166465668551e+01
5.340938407620853e+01
3.224907877494073e+01
4.494335853724897e+01
8.016285425059631e+01
5.703128825734895e+01
1.877996247204950e+01
8.409917693776040e+01
5.077884572128711e+01
7.068895188657984e+01
6.393185074624226e+01
7.692079342758321e+01
4.809121691998617e+01
2.921566410419329e+01
8.454066840211892e+01
7.450014062901033e+01
5.822515145792866e+01
4.512158639036193e+01
9.997186600229324e+01
4.807621326673600e+01
4.680536638330918e+01
2.074292568524504e+01
1.071668467983449e+01
4.220722957617009e+01
9.185785725333628e+01
7.387883671274355e+01
6.414246292046386e+01
7.847804360952138e+01
2.650814998266667e+01
9.473604266286644e+01
3.998473158105497e+01
6.144755266674215e+01
4.837142925167988e+01
1.697930619911259e+01
2.768230998315025e+00
8.365139704367677e+01
4.085658697451306e+01
7.097430530515234e-01
5.809885335997625e+01
5.592573329616604e+01
5.536159111902192e+01
7.538902399846774e+01
2.957897522932802e+01
9.771332666171404e+01
3.652842842812111e+01
7.745216799781292e+01
1.712765945919215e+01
8.265325840686134e+01
2.361045490187148e+01
5.398956088069340e+01
3.577135649312817e+01
8.967647742930636e+01
8.901969193900921e+01
8.253130194848930e+01
5.204230013864222e+01
8.543910644270439e+01
1.408863533944294e+01
1.369811660316685e+01
3.070787206790776e+01
4.059678532210960e+01
5.149100928171119e+01
1.543809953864575e+01
2.993884693362697e+01
3.839812848642381e+00
4.214067894133770e+01
8.682623276804864e+01
1.286796131770497e+01
6.297290458482360e+01
2.187135630374372e-01
8.758528776820064e+01
5.842201507576835e+00
9.502430311172469e+01
2.097908720419700e+01
3.542117673690485e+01
6.828066793656008e+01
9.990416564974197e+00
9.335630247060037e+01
4.904886528339649e+01
3.833306857307119e+01
2.309168475824021e+01
1.214505835070510e+01
1.014768579515986e+01
2.465087702714413e+01
1.380227734977485e+01
5.577706599411418e+01
1.643654378896418e+00
5.881577472147335e+01
6.109084997376932e+01
1.534177098206327e+01
5.012823503936093e+00
8.785248016372904e+01
7.869999868734739e+01
3.341657194933694e+01
4.784721217483618e+01
8.842223574799590e+01
7.295252903036426e+01
1.905781771943803e+01
1.971879784004707e+01
5.967763450913021e+01
9.464275403630117e+01
5.149879164597895e+01
1.447314504276642e+01
8.310792547795359e+01
6.545004870996347e+01
6.725054446945458e+01
1.949844575463722e+01
7.031373906429566e+01
7.099324347031919e+01
8.796602133101132e+01
6.891698277039313e+01
8.661162307793816e+01
8.825828954030681e+01
9.649917171173691e+01
4.224359851434995e+01
7.667654658512983e+01
5.217706693903406e+00
4.388725293981249e+01
7.768638510149269e+01
3.965759917146415e+01
6.315523575206997e+01
6.758058782088597e+01
5.262995043426284e+01
8.298185085085306e+01
1.088505648583409e+01
3.019944016365309e+01
8.030412186882650e+01
8.383758551619835e+01
4.672724387921730e+01
5.051450945926574e+00
8.303346716940099e+01
7.483642034923491e+01
8.095399177677650e+01
3.114504699182932e+01
9.788734591467649e+01
5.343187058038631e+01
2.366979006848754e+01
4.611997122230007e+00
6.894485464736114e+01
4.766319880618862e+01
9.257801845324134e+01
6.744605305951372e+01
8.306161224984639e+01
3.405239667466488e+00
3.352816651273899e+01
6.098311704629246e+01
1.945668171134623e+01
8.801726120897442e+01
7.487881317496245e+01
4.157990684806364e+01
6.796253745814903e+01
3.932987490637688e+01
3.515667018255063e+01
6.594763941408490e+01
1.120495922453932e+01
4.604172666838473e+01
8.208512816675247e+01
6.728059750389336e+01
9.380831708843276e+01
6.657588545539225e+01
5.234537695178081e+00
1.723190490958835e+00
2.024332388315505e+01
9.568748017572216e+01
6.863377716794319e+01
6.057240956489575e+00
9.229310419982911e+00
9.230356723643074e+01
1.270861910316563e+01
1.323925424983690e+00
7.135470531478278e+01
3.319866761248497e+01
4.535310801367886e+01
5.036299654765194e+01
4.623486271418392e+01
4.157644707782960e+01
6.706122591489051e+00
1.081404118370919e+01
4.005867784845581e+01
8.992571695238618e+01
3.569602432460339e+01
4.457748031456838e+00
3.838005687034692e+01
2.556579435503380e+01
8.246789499300900e+01
2.689773204126289e+01
3.423022764466248e+01
6.258792000011910e+01
2.072647526894066e+01
4.677373326698957e+01
5.516405331677014e+01
9.667024426007190e+01
8.551317052241096e+01
8.210607947879755e+00
2.248908417415297e+01
5.414694764378805e+01
6.609127356954444e+01
4.928235190421452e+01
6.393765521419126e+00
4.639750893525663e+01
6.701224654308159e+01
3.341711551575787e+01
3.664159115247502e+01
7.778759136692975e+01
6.780596373966242e+01
7.837530308327419e+01
6.399276017397305e+00
4.765336851014447e+01
2.320768731795609e+01
8.058733827461830e+01
9.742273632316977e+01
1.071255943305444e+01
8.503583366285815e+01
1.311550909332722e+01
3.715607809701752e+01
2.651802521502507e+01
4.001324113459012e+01
2.608377231568274e+01
6.259844641322197e+00
6.284350285438984e+01
3.183073905847536e+01
5.475199080759287e+01
1.317911511900794e+01
5.089716704138423e+01
9.511266960534857e+01
8.456104164224166e+01
1.749450965667819e+01
4.937485812668449e+01
4.775967283535734e+01
4.845173435679252e+01
8.540799230588972e+01
2.997102538588039e+01
7.802056925279115e+01
4.518892464469603e+01
4.672872999065031e+01
1.832173774872056e+01
8.384929424331024e+01
1.090074000456405e+01
1.423962382331473e+01
5.906665816859652e+01
3.241957725604045e+01
1.780688106911578e+01
1.398233897703809e+01
8.209306717947734e+01
6.559941054582569e+01
5.598220054804450e+01
8.495913957476576e+01
1.612719097925685e+01
4.583445859413336e+01
8.379064536829975e+01
7.209502401393605e+01
1.310714907623229e+01
4.821410050998167e+01
4.252672709642291e+00
7.645471108912244e+01
8.349201007908769e+01
4.570932860752070e+01
1.258702558120108e+01
7.104992171332702e+00
9.719024873207800e+01
5.789424523613148e+01
2.877359186707698e+00
9.461884591477869e+01
5.525638524222020e+01
3.141384759518032e+01
4.000440795906093e+01
7.956035415621491e+01
2.304811893172940e+01
4.704862029619916e+01
6.229985429081128e+01
7.611180594009898e+01
2.527637431643734e+01
9.694552887088877e+01
5.302480582754352e+01
9.008331675551986e+01
2.981670188243347e+01
2.555125636307116e+01
8.658554762908516e+01
4.457758522805646e+01
5.963671717775833e+01
2.980361600862985e+00
4.682632444744293e+01
7.614088476455811e+01
5.054278683408293e+01
5.434061105099535e+01
7.720017497297384e+01
3.617439341553226e+01
8.067570113608413e+01
4.351431491948399e+01
3.385084240410981e+01
9.690750567098497e+01
4.439061742480408e+00
2.962478158512376e+00
5.968566940151419e+00
5.969544698470061e+01
6.307088549391874e+01
2.188192397443667e+01
2.144565010510648e+01
2.527254020109425e+01
4.590302558890685e+01
1.484084446674252e+01
4.441772985477826e+01
9.354464327615902e+01
4.898484346875215e+01
1.291602897127905e+01
5.655623560610983e+01
4.669031582152952e+01
6.865159630247001e+01
4.483034952768607e+01
6.784750151813379e-02
8.501206607791225e+01
4.715903585178733e+01
6.210999244922306e+01
2.365691946989713e+01
9.770182268587025e+01
4.058147880275803e+01
7.490549593926663e+01
3.387621605483639e+01
4.080389814488771e+01
8.485428191947484e+01
5.252744166763846e+01
6.375386927451652e+01
3.570946391472102e+01
9.223612970311015e+01
8.715779724864187e+01
3.268797902049868e+01
6.894868433892199e+01
3.053997225618920e+01
9.778457241961014e+01
6.053426445486688e+00
6.509757240540235e+01
5.966110083258762e+01
9.720019255634407e+00
7.507443915823215e+01
8.271540807686533e+01
4.640483541712391e+01
9.326696921757747e+01
8.556101093327673e+01
5.685581912140167e+01
3.072038839139062e+01
8.508835746212320e+01
8.344128955315858e+01
5.363542128057938e+01
3.344745381430138e+01
7.098208976489589e+00
4.556617035789702e+01
7.402893261705941e+01
7.233776136875980e+01
5.953763726145851e+01
2.123115459514370e+01
1.010317448997087e+01
5.540112753184565e+01
8.593483678341602e+01
7.439669495187546e+01
6.025854500953972e+00
9.469935963614815e+01
2.710319348941706e+01
3.935764256834874e+01
8.213235520857030e+01
1.746060984090930e+01
5.836060245445026e+01
9.585098498307680e+01
2.957841550446042e+01
6.009137409743451e+01
7.920120101384875e+01
6.358362327496690e+01
2.803167022207364e+01
8.173169571986966e+01
4.889118543308749e+01
6.182463814589411e+01
2.070730646173810e+01
8.445087135045364e+01
4.526592765248657e+01
5.085368922485676e+00
1.731413380117814e+01
5.236413662897615e+01
1.990889810021450e+01
9.233191762693781e+01
2.904529898848631e+01
4.948555619897579e+01
8.772003794448452e+01
5.762738737167203e+00
4.886683684255315e+00
5.527468070167800e+01
9.556605913469851e+01
2.625971582078362e+01
4.997404029126001e+01
6.376588817861205e+01
3.926393377560374e+01
2.220894485814913e+01
3.368320289705098e+01
7.464243856940533e+01
4.213586474868276e+01
2.001818559133363e+01
6.570515794013868e+01
6.727086508985184e+01
6.737119484104738e+01
9.373682816221232e+01
9.086498529224889e+00
5.422324922598118e+01
9.150874912343396e+01
5.437998699693940e+01
4.545308046296848e+01
5.591892937939564e+01
7.934266374415843e+01
4.131233642870203e+01
8.219069153172461e+01
3.964101022092672e+01
7.741176103121218e+01
5.332577920208023e+01
1.877613878751925e+01
5.972836798044311e+01
2.970655738828078e+01
2.471455690670505e+01
5.128147050332347e+01
6.448729809582574e+01
7.950953011378158e+01
9.421673067576100e+01
1.678821394070434e+01
7.213606004237015e+01
4.559389205909981e+01
4.852116934420596e+01
9.821397601543646e+01
3.088697173208323e+01
5.404604741094916e+00
5.955691894495716e+01
8.179663390936173e+01
9.662179746507751e+01
3.719390786122247e+01
2.455185438718268e+01
1.387757659604660e+01
1.703956230405698e+01
3.545279611621648e+01
8.444444792552126e+00
1.470133132054533e+01
1.585668130584838e+01
4.489485395368880e+01
8.307618856573301e+01
3.605937861653948e+01
8.083511971907463e+01
6.937080960225818e+01
7.963016004284385e+01
9.644127529880092e+01
3.537182925984814e+01
8.456661341924529e+01
1.684775483647723e+01
5.732211664194340e+01
1.622890379104247e+01
4.329312147725985e+01
1.432289630841599e+01
9.586570965864961e+01
3.282216677107949e+01
5.997292998245588e+01
7.812126138160063e+01
6.370913854972885e+01
8.819062839643593e+01
7.096220588822021e+01
3.825322526425739e+01
3.008781272456414e+01
8.587246788007788e+01
4.968333549317128e+01
9.442016663701281e+01
7.523264325001865e+01
5.868988444967655e+01
6.874339080822813e+01
6.232944497015767e+01
1.388962539559678e+01
2.043877393959033e+01
1.330563044795097e+01
5.711634874209592e+01
2.821883849251030e+01
8.267644005020914e+01
1.479588309991913e+01
2.315508831439311e+01
1.125060353020700e+01
9.829990388746369e+01
7.223147916245809e+01
2.891992900004607e+01
5.596610831840248e+01
1.552460059315180e+01
4.298971250792486e+01
6.357220013792263e+01
9.228010498559107e+01
2.577573611669975e+01
4.169346147295715e+01
9.912399696145393e+01
6.373014993208002e+01
5.679782552495497e+01
3.167976328715671e+01
5.733340869533522e+01
8.180117312902640e+01
1.468515117405222e+01
4.088507096324352e+01
9.624414280813380e+01
8.699578814534274e+01
3.832569408152517e+01
5.361646025144330e+01
4.526471753849868e+01
2.744267891507721e+01
2.103875182617397e+01
6.086112468543515e-01
1.186062107414967e+01
3.715191829816993e+00
2.085648389573045e+01
7.881660576854674e+01
6.737521908589417e+01
4.496941461459241e+01
4.639641803055835e+01
8.097433349163008e+00
1.582211368522705e+01
9.557932787368975e+01
8.248175558749668e+01
7.939431382314969e+01
4.181608303534616e+01
3.676312725840283e+01
1.234743255765523e+01
9.831667672764355e+01
5.270865282635607e+01
9.077902724537022e+01
1.717927442732233e+01
9.118424481301766e+01
9.045923319200948e+00
8.518116925153004e+00
1.666914141581820e+01
7.388381337462170e+00
6.943962158143503e+01
6.368835948579402e+01
9.317744043337993e+01
6.764563874697575e+01
5.105618091814973e+01
9.219953417414779e+01
5.530617500436779e+01
4.826623590116679e+01
4.594907818639143e+01
5.324908781482331e+01
3.852449899470643e+01
7.657307706613703e+01
5.998584728687343e+01
8.397517604007160e+01
2.142173062144859e+01
7.674378071760003e+01
9.357562553769705e+01
4.724462779576174e+01
3.940675521241815e+01
7.904186499260453e+01
7.175683871459069e+01
1.045118007364272e+01
2.773977673041624e+01
5.600626843795472e+01
7.405160445442964e+01
2.157274252808315e+01
9.808376287020918e+01
7.269710035654580e+01
7.281764381230698e+01
8.527477657668049e+01
1.719327593091562e+01
9.953048108123731e+01
6.237414468190360e+01
1.691749064108240e+01
6.914176986047150e+01
1.203725622596092e+01
9.132160809418262e-01
4.610139524848265e+01
8.368049519307935e+00
1.860717074880710e+01
9.935048306330594e+01
3.708989803543775e+01
6.018659153961884e+01
4.036520046198982e+01
6.715495310125638e+01
7.533639360933397e+01
5.318935497346769e+01
9.313010754675145e+01
9.076245543116818e+01
7.673573921282578e+01
4.752277096152434e+01
7.471971189357328e+01
9.075209670269494e+01
5.175041805568637e+01
2.890562854190619e+01
1.271784706633438e+01
7.332316058376951e+01
4.040521566774939e+01
7.047942516881946e+00
3.414020037005665e+00
4.190989073454863e+00
7.062690191465751e+01
2.944501071676845e+00
4.142668286404884e+00
1.967332690007674e+01
4.690522004240435e+00
8.083914899306333e+01
6.693685090492333e+01
2.481805250272996e+01
7.922069271058808e+01
8.722960403525718e+01
7.358497244938508e+00
3.541393346870967e+01
3.224111508216761e+01
2.665483589594012e+01
3.617660945103346e+01
7.313951895252779e+01
6.736780911095805e+01
8.812570431648088e+01
9.572054035762349e+01
9.970414941185346e+01
6.191204160540925e+01
7.044025220463064e+01
5.082845923063739e+01
3.880109732914767e+01
9.129893546518821e+01
7.399875837098749e+01
3.022532329439434e+01
1.427930058645052e+01
5.670626971717284e+01
9.417427903701285e+01
3.221269502873192e+01
8.034712126494718e+01
5.228347519984631e+00
8.985120583784358e+01
5.068036427287402e+01
3.450872159307297e+01
4.297453744475475e+01
5.219352932283353e+01
5.161013722029055e+01
1.971690930412938e+01
2.198528620506883e+01
2.976110700041107e+01
2.600599593762588e+00
6.364987872710911e+01
6.128668047547652e+01
1.906035054431313e+01
7.520597822740952e+01
8.841147603858796e+01
2.458172651221125e+01
2.039604825917447e+01
9.678830108455769e+01
8.306394395561141e+01
9.540838175239432e+01
9.374366067058577e+01
5.358903717882421e+00
6.269916289611680e+01
6.497993425698016e+01
2.041908824835862e+01
1.823767275467407e+00
4.878911983631045e+01
9.616684405885955e+01
8.074315515381430e+01
8.847201642974839e+01
9.788424628688220e+01
2.033370841310067e+01
8.976086512662511e-01
8.467105649629192e+01
1.506740879969085e+00
3.679868324510691e+01
3.586537420557131e+01
9.865724462953268e+01
9.636666537093310e+00
9.992572502229629e+01
9.359743743836761e+01
3.440163607448415e+01
3.712115056678707e+01
7.281571392566697e+01
3.338464821380779e+01
5.760332232229566e+01
8.851792383404351e+01
6.558969903997597e+01
8.423848873201688e+00
1.626425763418165e+01
6.328668643873496e+01
2.628689414182999e+01
4.945213540897338e+01
7.607098695639101e+01
3.433465046544310e+01
2.808913189363160e+01
2.871792988326304e+01
8.312377030175355e+01
1.331152762906232e+01
1.516054124346028e+01
5.924574735539302e+01
9.374364227696491e+01
4.594020128526735e+00
1.800930756982849e+01
1.741439556582570e+01
9.977391823184392e+01
2.467672197365981e+01
1.070033414787628e+01
2.762569441815172e+00
7.524731674941597e+01
6.253573278083267e+01
8.165464330541651e+01
7.345467967607765e+01
3.985342622727781e+01
6.994564736725094e+01
6.839327843319312e+00
5.793377759770200e+00
4.101447902667079e+01
1.221043444807196e+01
6.717601240015402e+01
9.206426473896217e+00
2.041172390822867e+01
6.811961208848265e+01
1.687647011916920e+01
3.728850364558794e+01
9.825101671658969e+01
4.496560201280080e+01
3.020084990663494e+01
5.122666459122052e+01
5.153934832268364e+01
3.443384917193737e+01
3.174962239887082e+01
2.769708271496793e+01
3.902786930046410e+01
1.246577702111834e+01
2.404798857124894e+01
4.921186973769770e+01
2.672921308629644e+00
8.206246471128541e+00
9.698144034341976e+01
5.936156416282130e+01
8.763745007460818e+01
3.043138456085296e+01
4.728094905022576e+01
1.059540543267289e+01
1.323615010512813e+01
6.714651322325064e+01
5.855587253279791e+01
8.598888627532352e+01
2.761665816773505e+01
9.696023259170364e+01
4.912634619936643e+01
8.541716033845076e+01
2.718651607967285e+01
6.857234675836393e+01
7.373322270518786e+01
3.609730579708577e+01
2.776222938101843e+01
9.300653068023107e+01
6.941909746705512e+01
8.318866220451363e+01
3.009100702129817e+01
6.348912383592181e+01
3.096937072974135e+01
7.952895857371807e+01
1.991643804121597e+00
4.414629132679956e+01
3.406308108664261e+01
4.361511172895092e+01
3.246430700293942e+01
8.071526744436252e+01
6.388805795641991e+01
3.303452955234541e+01
5.654264923955438e+01
1.116900700664567e+01
1.355194869150964e+01
5.691968116765827e+01
3.312558323756120e+01
3.460316310385389e+01
4.290856739641566e+01
3.736411665443523e+01
9.993225201029901e+00
3.275032044982087e+01
2.278127694631986e+01
6.303342551134220e+01
5.681491403692165e+01
3.800926643331035e+01
4.949955313908846e+01
2.584510959025710e+01
8.045349571874993e+01
4.933773090566403e+01
9.764973544406227e+01
5.558368137831972e+01
4.382499588831561e+00
8.270762068345566e+01
7.151381358109127e+01
6.720107396468570e+01
3.616761734530684e+01
1.775546372763601e+00
8.036661300825263e+01
2.227360551351384e+01
8.249081381712612e+01
4.425467091810641e+01
4.388163101108820e+00
8.491586399493546e+01
6.936303953144841e+01
1.143003055426759e+01
1.067971140643568e+01
4.540954252956879e-01
2.781415829798866e+01
7.720630102660800e+01
1.298449230984994e+01
4.467789453672147e+01
8.272818107284986e+01
4.869465476306838e+01
7.576018202852465e+01
9.370233174120185e+01
