9.538690703706205e+00
2.252768805368230e+01
2.879535175338171e+00
5.759634829945692e+01
7.186541895934633e+01
9.436127631662472e+01
2.278208957183272e+01
7.624791859474401e+01
5.430371861639605e+01
2.413682603469902e+01
8.688053585909332e+00
9.808693989090943e+01
7.932594142822825e+01
7.610567900170837e+01
1.249965094611964e+00
8.204784718437486e+01
7.670932164262483e+01
6.577857600794107e+01
4.717888629398257e+01
1.964379708266063e+01
3.750905810739336e+01
6.420117251770625e+01
7.487153102404976e+01
5.903532591603479e+01
7.963187414204323e+01
9.817621717144559e+01
3.390983242257956e+01
4.305869827189422e+01
3.228698290525329e+01
2.163228025735928e+01
2.307421254137261e+01
8.947188900293405e+01
3.063933445636152e+01
2.595374771671078e+01
9.852771689115451e+01
1.360252542123316e+01
1.337224692728941e+01
8.861344716912761e+01
7.353129255284149e+01
8.780340481912875e+00
1.043782840037617e+01
8.221934613875082e+01
6.427685640020149e+00
8.976376982860442e+01
5.832502514045920e+01
2.752480759635791e+01
7.181161701297928e+01
2.844422018548670e+01
8.480702582039265e+01
6.186107968066869e+01
3.363193601073321e+01
5.205214957336530e-01
3.918838512114640e+01
9.435873515641258e+01
5.955584741176844e+01
9.853390683351732e+01
2.213501470262884e+01
9.346567988091414e+01
7.780343507314261e+01
4.580364615926689e+01
3.200513554364682e+01
8.776475679490936e-01
2.101824466186494e+01
7.374224200553365e+01
2.683139533122601e+01
8.234377241802578e+01
8.734476742676681e+01
4.020364225851542e+01
4.085576796944056e+01
7.719521139617787e+01
4.888780468557393e+01
5.129359636981673e+01
5.155312342175894e+01
8.673819396027281e+01
4.105736619842116e+01
9.878148515652004e+00
4.773570739093037e+00
1.286898316483432e+01
3.832236874770484e+01
1.624951014120574e+01
2.182938490148139e+01
8.756376923414123e+01
1.677003163693940e+01
2.439242132212614e+01
2.917535650971129e+01
7.632587904870783e+01
2.292632810907733e+01
5.131037125890627e+01
6.979155888305584e+01
7.297631822199389e-01
8.854198092061188e+01
6.130992400520944e+01
1.607410750169032e+00
4.273035300091392e+01
7.278622871860220e+01
3.805424647315137e+00
2.910618713549626e+01
9.392238557055703e+01
1.123602456005105e+01
6.996195510493682e+01
9.959214478712163e+01
4.847009146980480e+01
2.125555147475356e+01
1.872583786897633e+01
5.490125043080246e+01
6.231291767317472e+01
1.225266336102628e+01
3.686913430544973e+01
7.518190083800903e+01
3.767613146345882e+01
5.311864444665547e+01
5.728319625243693e+01
2.523990065103392e+01
6.988867608359487e+01
1.832293114546823e+01
3.226583219704489e+01
4.621455513230271e+01
5.050963333365956e+01
7.088245077565426e+01
1.600611396879242e+01
9.760529412776478e+00
2.692437047461251e+01
8.558780117220608e+01
1.136794020951164e+01
6.898465723217682e+01
2.564170799480830e+01
6.774804865370879e+01
9.809084436767309e+01
1.956409351879921e+01
7.898407321375984e+01
6.805279947260991e+01
1.272773417305561e+00
2.597944760973540e+01
8.930835094736346e+01
6.135488313685864e+01
7.917904536201574e+01
5.162126857397206e+01
9.010215037972766e+01
7.121263205595902e+01
2.680316936541496e+01
2.777828179662036e+01
4.150187579984864e+01
1.644188091924502e+01
5.301818244765428e+01
4.341397557566593e+01
7.461962428624724e+01
8.993478384331557e+01
1.001467826311229e+01
8.527444539837281e+01
6.081723457240371e+01
3.558322332593762e+01
1.477803337144574e+00
6.017969761052154e+01
4.324107204714840e+01
4.778860139091900e+00
3.913539384451480e+01
3.800264123734210e+01
7.529821301591500e+01
3.015386873397691e-01
8.848152779437672e+01
5.303480110738185e+01
7.177167491604186e+01
3.111057301569291e+01
7.856008111432199e+01
5.449373296205594e+01
9.337408500414998e+01
7.818285630931280e+01
8.733460315844724e+01
8.347623533731151e+01
1.422059816039195e+01
2.705297983579942e+01
9.656249210078384e+01
9.429736779737163e+01
1.161794215981753e+01
4.686039464867692e+01
5.755131489483235e+01
8.623756649263090e+01
4.356394682245513e+01
6.768166439965445e+01
6.988795700943467e+01
1.502471795073930e+01
8.894739592864522e+01
7.879370268378113e+01
3.166874359905196e+01
3.218846792922749e+01
2.469097214038063e+01
7.948267929231872e+01
7.019110916656959e+01
6.458871055608090e+01
1.180987535594491e+01
5.103900258012069e+01
1.592436624501104e+01
6.717984260394230e+01
7.416973047618276e+01
4.471239333260450e+01
4.678589745740681e+01
6.754381543376661e+01
5.222357378910461e+01
5.557418472858806e+01
9.062904216844078e+00
8.117533232140137e+01
3.126050342398719e+01
6.227456785844387e+01
4.049283226043583e+01
4.694076867166011e+01
9.467137483631790e+01
6.189018458215993e+01
2.706367444575936e+01
6.872404546883145e+01
7.059654354611251e+01
5.360186512284068e+01
9.310282016783152e+01
5.954393942819161e+01
3.739769837697860e+01
3.104585289538179e+01
9.173240735741911e+01
3.038058305642595e+01
7.498340880264686e+01
9.140368089610882e+01
2.667738102687401e+01
6.734843587845025e+01
3.346754956686290e+01
2.043609298785966e+01
3.452827843582643e+01
7.681408830770016e+01
8.110716095245778e+01
5.449081401084122e+00
2.754003462732771e+01
7.634971420110655e+01
5.454418657093504e+01
2.620114615475812e+01
3.497078057144339e+01
8.132114316398331e+01
8.847571405976811e+01
5.395839421728551e+01
2.868313562529308e+01
1.502298140666586e+01
7.236589261906497e+01
8.759701242092858e+01
7.075089391821572e+01
9.279587226584361e+01
8.243272299060258e+01
9.155720094757024e+01
9.509184551196725e+01
1.910596267278584e+01
2.260305379638590e+01
7.874616355576839e+01
4.948654577577791e+01
7.814161431889126e+01
3.923081785404627e+01
9.253047238687540e+01
4.549005015077537e+01
5.778441590153817e+01
1.025512153760303e+01
8.001832858660181e+01
8.177450959653339e+01
5.472700821921556e+01
4.065377737425909e+01
5.695560498021338e+01
2.843702576516058e+01
8.094895434610031e+01
8.315675118153763e+01
4.454228433060566e+01
7.410846970701054e+01
6.417794696249904e+01
9.850067854789117e+01
2.370381496087826e+00
4.703847018398273e+01
5.537395186506862e+01
5.323592762147818e+01
8.243317882643694e+01
5.291225777608913e+01
8.959842514693663e+01
7.399037972744105e+01
6.928732612602754e+01
2.846225310511061e+01
9.659343357039309e+01
6.899269780562850e+01
7.863155276450865e+01
7.473504784271822e+01
8.927336846910107e+01
7.116202515138409e+01
2.022509794692746e+01
6.600793156121296e+01
8.623434067062770e+01
2.434264869631391e-01
4.518510757255606e+01
2.239707467257841e+01
2.664819426212842e+01
2.140712552769442e+00
5.823829931124965e+01
7.597148561662598e+00
8.529746373430707e+01
1.424190672777682e+01
2.289296710998424e+01
3.340044381720966e+01
8.733822260393679e+01
6.978757282243463e+01
4.358537543731992e+01
4.745460811418230e+01
2.302350039734668e+01
2.601855421719074e+01
7.681453180351041e+01
3.306254471329159e+01
8.933944631802825e-03
9.356507570183140e+00
1.453897148116444e+01
6.666416817655050e+01
7.439242460503822e+01
7.919905813373582e+01
1.314753308573157e+01
7.519630606993861e+01
8.911169175482900e+01
9.156251325810445e+01
1.064416245121703e+01
8.443569833619320e+01
9.180593974506759e+01
5.582927007033921e+01
1.159727522712074e+01
1.845413396062987e+01
5.796998262310865e+01
6.983557453837039e+01
2.605128252229247e+01
8.427757280146591e+01
4.101100510033360e+01
9.932679748131279e+01
1.973751467640396e-01
2.834922765770426e+01
7.672795237820966e+00
8.761750244890223e+01
3.055263433165505e+01
9.321314859819280e+01
6.667945527782638e+01
7.617070161559187e+01
2.627569326491826e+01
6.981023879247263e+01
3.796890533434642e+01
6.952144348505952e+01
7.307052275774559e+01
3.736832059797287e+01
8.045755167513040e+01
3.775002152554226e+01
6.736049548134231e+01
4.132347900482057e+01
2.931253473708059e+01
9.524604752438425e+01
3.983189460813622e+01
2.186574750666774e+01
5.107531754815733e+01
4.991602709047311e+01
4.572595415903533e+01
6.770856048339445e+01
2.759933929312943e+01
6.562389096507052e+01
5.231274643554946e+01
7.978538655665955e+01
1.894616676445406e+01
5.251012158231350e+01
5.370560556357056e+01
3.047658164542009e+01
1.190735763493337e+01
8.425823989522561e+01
8.168399752196110e+01
2.962251148634707e+00
5.430985691692209e+01
2.989963676310127e+00
9.143966463927164e+01
5.849896616232533e+01
4.418770137437978e+01
2.317021974510058e+00
7.108630206020842e+01
8.637180006428240e+01
4.006704350005232e+01
4.607677974089830e+01
1.483352976610583e+01
4.465419521772032e+01
3.977278696362524e+01
6.017373230316384e+01
9.049805267271495e+01
2.009552112784959e+00
7.794915958212184e+01
6.253559811158832e+01
7.981283286577688e+01
1.429061871687445e+00
2.878987259640818e+01
1.212096522195310e+01
6.494937183565897e+01
3.832329112958317e+00
3.187726579228289e+00
1.865497735266340e+01
9.793613296837366e+01
1.509508421416166e+01
3.098227564756865e+01
7.668420554915639e+01
7.826476948254964e+01
6.678300419206870e+01
8.306935251833374e+01
4.646158816593773e+01
9.094105562704664e+01
2.725705384614740e+01
5.668077294560185e+01
6.202735764068894e+01
7.671046539987925e-01
9.701943094703343e+01
1.771554472749845e+01
1.560063442010462e+01
2.593282886125744e+01
1.189272003802132e+01
8.636075732594392e+01
1.643088148740627e+01
4.514775846393209e+01
9.645051671958088e+01
4.650154260289927e+01
8.171418373552811e+01
1.928368765827440e+01
5.221482573645881e+01
3.560879134368561e+01
3.165894799477372e+01
3.916613014376077e+00
3.879651796948003e+01
8.690981841036576e+01
1.852745936183607e+00
7.313009522535377e+01
5.801254047919649e+00
5.621976356777352e+01
5.139486466133728e+01
2.509388207695162e+01
6.794829287936366e+01
8.201805678290225e+01
5.396538374664512e+01
3.954404836499321e+01
8.205025702810393e+01
1.599274138733407e+01
4.031115301899200e+01
2.688309179008151e+00
3.370828611483252e+01
5.591178748566274e+01
6.453633651348592e+01
2.358065406958603e+00
8.902090689587449e+01
8.096721800089219e+01
1.669625193658110e+01
4.624763002910075e+01
2.746876055722533e+01
5.473158059396389e+01
6.553131773394128e+01
6.966485519412200e+01
2.836162928881200e+01
2.086397186893224e+01
7.358146820849807e+01
6.077286575956870e+01
4.114780278929872e+01
6.096160554371849e+00
3.390296093835633e+01
9.826793116436710e+01
4.651856191759862e+00
8.529782559969361e+01
9.904440771743862e+01
1.693885071060567e+01
7.467483211060745e+01
1.640628651548470e+01
5.648289907559887e+01
9.679174925982568e+01
8.006042259748114e+01
9.679405214115701e+01
1.606197097155357e+01
2.514440744423513e+01
5.270583958025362e+01
2.739395491191836e+01
2.750247285119373e+01
1.344759870015439e+01
6.691045251996744e+01
8.696809131045271e+01
7.227399832209292e+01
4.448795506939662e+01
7.972092925557909e+01
6.625894679048049e+01
1.415281021695249e+01
8.082558544391096e+00
7.063495059061560e+01
8.773427847201670e+01
7.524070580268312e+01
7.900670747226415e+01
1.075476166361699e+01
4.974063991091244e+01
6.098137714945775e+01
6.782034880845825e+01
3.503846546403992e+01
5.893837169694638e+01
8.475919951906390e+01
8.590034087463297e+01
1.107129082599249e+01
4.124209854809665e+01
3.594941717383890e+01
4.862663650355611e+01
3.803615064268753e+01
9.032811326455703e+01
4.919814260173502e+01
9.074199022294115e+01
7.940534310387696e+01
1.255808035496533e+01
7.875438089424482e+01
6.454977531197936e+01
7.898462297347589e+01
6.661155729862467e+01
9.450090955686797e+01
3.423607318393703e+01
1.843406284155048e+01
5.737758207012786e+01
1.310469196788254e+01
6.955576695946779e+01
6.203618317937300e+01
5.138565416046681e+00
4.856247438516584e+01
2.444899320809589e+01
5.487920537352525e+01
8.602284988668880e+01
4.586163058218622e+01
8.511455086298034e+01
4.496122158363519e+01
6.079035515933779e+01
4.161017003544148e+01
7.934297322265010e+01
1.237735618482221e-01
9.463048493239586e+01
7.366397579836844e+01
5.172309994312148e+01
1.873894786403466e+01
5.612312660372031e+01
8.130296905585703e+01
1.133868787965676e+01
3.386002952878365e+01
3.109556689443792e+01
2.869598261485620e+01
9.109162734406611e+01
9.770712419306260e+01
4.262521138536987e+01
1.263330211519883e+01
5.308115843361298e+01
1.067237998855877e+01
3.710946242190406e+01
1.046436462107318e+01
2.089993144427423e+01
4.269922703630255e+01
5.902683905280514e+01
8.738240938977451e+01
2.139414726821433e+01
4.504968889292781e+01
3.955250686945045e+01
8.704490404904118e+01
4.690958794528133e+00
1.366794743280296e+01
3.215368372954134e+00
2.972829808934047e+01
9.635279490442610e+01
5.749340064706905e+01
7.451472989028073e+01
4.523303273377616e+01
8.160786548704276e+01
3.063785644743492e+01
5.522624354587228e+01
9.058418389902644e+01
8.805245966094195e+01
5.341005872628188e+01
4.587629784172228e+01
7.879823910947808e+01
6.171137223099888e+01
4.308393734650870e+01
2.660681508789156e+01
9.048692970093663e+01
6.226212254830735e+00
6.371627750979562e+01
9.512943220098010e-01
3.025871991657592e+01
9.656825130645569e+01
9.994464106855199e+01
1.764112925978430e+01
1.796239852810390e+01
5.384903086994264e+01
6.036952685581964e+01
2.447109665929857e+01
9.503873274430573e+01
8.649913551588503e+00
2.768646503225270e+01
2.351781135588783e+01
9.988707010628984e+01
6.354695109815660e+01
6.561221250594231e+01
4.512010284006600e+01
5.294475772089547e+01
5.316447743827686e+01
3.415222649190213e+01
3.573900039109355e+01
3.477093900310385e+01
1.776695154503312e+01
1.526410319621866e+01
2.929576301448781e+01
2.292787536183739e+01
6.641797337979915e+01
9.713385514781524e+01
3.772040602644925e+01
7.095559005204383e+01
9.740265044262756e+01
5.878350756074465e+01
9.559624981861387e+01
9.397090174908325e+01
6.810879445081055e+01
1.557024517821625e+01
1.294811461723787e+01
2.378946315673621e+01
3.592366149459205e+01
3.640439688991960e+01
5.099686218937713e+01
8.136935629014362e+00
5.608391554843817e+01
8.322081225142853e+01
3.062661258998635e+01
8.323430087567973e-02
2.212815844552971e+01
9.213906856819012e+00
6.312046193663052e+01
9.434633110386615e+01
8.628123350733948e+01
3.224965395976307e+01
2.644430009016968e+01
4.048185005806473e+00
1.386495214601278e+01
3.149919623113200e+01
1.036223196907073e+01
8.663360126625449e+00
8.018947135665894e+01
2.922568182890568e+01
7.017605764333906e+01
4.199213978927217e+01
8.800918938965033e+01
4.037680702301525e+01
9.393831807837743e+01
9.451771811326859e+01
7.280883559622282e+01
6.886432649049177e+00
3.056029343538000e+01
8.732497044248738e+00
9.970989874550602e+00
2.721929132343237e+00
5.967584217883453e+01
6.605490542298878e+01
7.723660267760819e+01
5.937620082841077e+01
3.263157989486660e+01
4.548918532463218e+01
9.951636167220602e+01
2.833285021052363e+01
3.983551638193219e+01
4.494335853724897e+01
7.840988872498734e+01
5.703128825734895e+01
7.999350413679774e+01
1.993086851198732e+01
1.286859932023501e+01
4.148457760060420e+01
7.934892935648044e+01
9.305807067689396e+01
7.571175381341565e+01
9.804587932212551e+01
6.067464065769438e+01
1.845750022607739e+01
3.571366650784093e+01
7.107813072906720e+01
6.901785869571280e+01
3.352659681510487e+01
7.796456337811638e+01
2.074292568524504e+01
4.225909385935361e+01
8.793555325266698e+01
4.543906177647369e+01
2.636990776582151e+01
7.833609430973236e+01
7.014574951964698e-01
8.574610859423228e+01
9.473604266286644e+01
7.936281891510022e+01
6.550779909151969e+01
3.877505065816224e+01
7.919664419218742e+01
5.864664249059122e+01
1.818257338282772e+01
6.964470467979308e+01
7.097430530515234e-01
8.886814261268272e+01
7.548858736431626e+01
4.962210969516174e+01
6.498562952735723e+01
8.111338544688810e+01
1.383666913669401e+01
6.303150880291663e+01
3.511824795748957e+01
7.255611795585422e+01
2.374927002179868e+01
6.196378639990640e+00
5.352289227467165e+01
5.727586683690355e+01
4.067354497531128e+01
3.409696949370996e+01
9.953496074282330e+01
2.312103133793968e+01
7.953603127018364e+01
2.590486846207868e+01
2.608695380673136e+01
8.614056393790085e+01
5.416596650805602e+01
8.077092002181845e+01
9.037021765968308e+01
2.993884693362697e+01
5.148404298884982e+01
6.956686180530436e+01
8.709499150844989e+00
8.880748263970366e+01
4.776150386210601e+01
5.136482894949840e+01
5.784790174004058e+00
8.653899174488102e+01
7.344309197433437e+00
7.077041974792742e+01
5.564163190109731e+01
9.870026530637418e+01
7.307764853959794e+01
7.963567496260427e+01
8.431060122526745e+01
3.444567939007919e+01
8.583205360259491e+01
7.791692506424940e+01
6.382168236366551e+01
2.731440697205924e+01
1.201389451139322e+01
2.235978200210248e+01
4.777190836508382e+01
9.154992578157686e+01
4.026689452131600e+01
3.380678572403583e+01
4.913432022982013e+01
8.785248016372904e+01
8.979304152996886e+01
3.950453784293707e+01
2.907664763232537e+01
1.841751854793053e+01
8.931916225204205e+01
3.778614678317036e+01
1.038462250045716e+00
3.069002671665048e+01
4.813747808716143e+01
6.823252424049775e+00
1.160891256835727e+01
2.079818049482916e+01
7.759367217197719e+01
6.174644546664621e+01
6.892962919963972e+01
4.587140420725169e+01
4.138212042925047e+01
8.800157210230902e+00
6.894679924889783e+01
2.273140671790177e+01
8.671708227448029e+01
1.099318406125213e+00
9.720716960598116e+01
7.667654658512983e+01
2.345910040822769e+01
5.359958198554794e+01
5.977229669679529e+01
1.561263209004543e+01
9.055124753646146e+01
8.193394317381734e+01
9.032065677005828e+01
8.835854185203023e+01
7.891976054707531e+01
1.939730435581752e+01
2.354647173711400e+01
8.245546840245625e+01
5.718345113898788e+01
1.116523142492642e+01
1.953613442347205e+01
5.320929179583177e+00
3.806628996416288e+01
3.591020532693258e+01
3.031227455023317e+01
5.343187058038631e+01
9.839559150785003e+01
7.586577743099340e+01
1.761472007148653e+01
6.542012322015135e+01
8.466593464122431e+01
3.704853338983307e+01
6.625294520810850e+01
7.138301686913847e+01
3.814785179595829e+01
3.819734362801413e+01
7.983457612797366e+01
6.843556373772937e+01
2.756775032149989e+00
3.960687277820281e+01
3.629893252453717e+00
3.525731434824751e+00
9.981011878690222e+01
6.171570730475509e+01
4.445882809556035e+01
7.872987928741139e+01
2.835144476422642e+01
1.931644348395823e+01
8.340833642678723e+01
1.805429696946139e+01
9.746050001003803e+01
3.275349672546307e+01
7.906069037460755e+01
6.967266386825250e+01
6.676856859902320e+01
7.660763840033097e+01
7.585607244440172e+01
1.896908232894218e+01
7.691385879968939e+00
8.381039369097464e+01
5.800785355177143e+01
4.791428449000897e+01
7.996089015154210e+01
2.426079871331379e+01
1.791156750075126e+01
5.900677887676600e+01
3.196838839536924e+01
6.464532877534876e+01
2.061373103438585e+01
9.047768851298731e+01
4.842045719196110e+01
2.553447583948005e+01
2.423835113841964e+01
8.762735551578334e+00
4.983214617233358e+00
3.233862418324622e+01
7.675451896002261e+01
3.924979150260323e+01
3.670247906665433e+01
6.016285534024372e+01
1.298955265106147e+01
7.747860927017341e+01
7.908372091086756e+01
9.205024302566900e+01
1.257747077037462e+01
3.299977394426231e+01
8.902984284284983e+01
4.442383309100933e+01
1.936523477517312e+01
7.378265944951337e+01
9.865917912621944e+01
7.737308832694455e+01
8.643824825363153e+01
2.328808802333106e+01
1.633886993692204e+00
4.349815707816656e+00
2.888063240278542e+01
8.935480047452953e+01
9.237537681701377e+01
4.757675935867092e+01
7.983248898751684e+01
4.079583396240875e+01
7.311123519815096e+01
5.680019592717299e+01
9.185354467102026e+01
9.580471673784997e+01
7.983604761764224e+01
2.608377231568274e+01
3.505450819388707e+01
9.844848127032094e+01
9.668359723719004e+00
4.804406084494855e+01
9.636283330449966e+01
8.875208063458655e+01
4.009430382405142e+01
8.751186737209180e+01
9.683405528628923e+01
1.814138540911553e+01
9.273596475493906e+01
4.225844705582523e+00
3.552881900012903e+01
9.139514383459237e+01
7.165368123522666e+01
5.668354647079647e+01
9.264283212490513e+00
8.752044317662737e+01
4.883914689945018e+01
9.889584546857320e+01
7.687524365115689e+01
4.121452371646395e+01
4.647260478067799e+01
5.670773259210760e+01
8.201035767887271e+01
1.958383997882895e+01
9.937640470423569e+00
7.103676757357864e+01
1.538855667011279e+01
1.708383751897320e+01
1.448859070171071e+01
7.098074237396044e+01
1.553231878929414e+01
1.209166660536624e+01
7.561781675350751e+01
4.992754335977489e+01
7.592594794739314e+01
3.858142953299984e+01
8.382758269264716e+00
7.459230603398397e+01
5.672281494211536e+01
6.655711385726795e+01
8.310577388997459e+01
4.918601924981271e+01
4.531913704486524e+01
9.891531909765457e+01
5.926322911831701e+01
8.434330694579674e+01
8.209251998089837e+01
8.102376017767179e+00
1.366285072344488e+01
1.292308937428663e+01
4.931689973423113e+01
2.527637431643734e+01
9.340965896537978e+01
9.403458945175382e+01
8.028664029216704e+01
3.347299435803341e+00
1.842056699954931e+01
9.567519696227983e+01
1.238037087599764e+00
8.938765762810952e+01
2.751635444700548e+01
5.008793834135305e+01
9.766321694369577e+01
3.134171153946860e+00
3.363585673907578e+01
7.152372299298817e+01
9.290526485671535e+01
6.753358778894581e+01
4.611602902697214e+01
8.721459754147315e+01
3.233259908497920e+01
2.922180287038060e+01
5.468352989046067e+01
4.789686796623136e+01
9.821413289672421e+01
1.394675900877768e+01
9.401365513634573e+00
4.434071865134906e+01
3.710474215313081e+01
2.363156099972853e+01
5.726380807220182e+01
3.730179622643711e+01
3.207397564876544e+01
7.821067212066178e+01
2.693292080747565e+00
1.750474722008442e+01
3.008742524780679e+01
2.419345221677490e+00
6.029619847438121e+01
4.998158824163563e+01
8.799089556000703e+01
6.523875988332497e-01
1.736362856690009e+01
8.052462468879513e+01
5.101984774275677e+01
7.671407348323336e+01
5.204834763521718e+01
6.381019673487647e+01
9.841721951887813e+01
2.195049138830532e+01
7.411629677476189e+01
8.714890423563723e+01
9.473483725205755e+01
2.879982661865644e+01
2.623523074492590e+01
7.552235432691981e+01
4.735682711347790e+01
5.847540561038787e+01
6.939662297693854e+01
6.479572065397899e+01
7.785491378878007e+01
6.844214115684952e+01
4.428849860294186e+01
9.928889390979375e+00
4.665281323094518e+01
3.885504749550254e+01
6.320420907028216e+01
5.220702465260728e+01
2.860264481445898e+01
2.350040749809724e+01
2.188612847676786e+00
6.603512501625117e+01
2.991486775219202e+01
1.212989665201395e+01
8.645851178395493e+01
8.093471554151490e+01
8.417589337759460e+01
7.093031148935218e+01
1.514138025936735e+01
9.410806307294781e+01
1.652495996864743e+01
8.925767703412923e+01
8.125696726201892e+01
9.648086763754527e+01
5.568608015574797e+01
3.299714812682809e+01
2.208117992714102e+01
6.080408928021978e+01
4.312444801587819e+01
1.897548186545050e+01
2.559980993419877e+01
6.733901829800523e+01
5.853615745833896e+01
6.808062171008467e+01
7.140881604114958e+01
8.726395954716205e+01
2.994299248323915e+01
2.912643483333589e+01
6.362981966865706e+01
7.987221939483296e+00
5.262684233143313e+01
7.189899015794461e+01
8.288631647959646e+01
8.254171013019128e+01
8.402888680995856e+01
5.670753766629265e+01
9.558357768486421e-01
2.339610272245300e+00
3.664409906447125e+01
8.377557018947583e+00
3.384398707833326e+01
4.179327983492672e+01
3.598266096598593e+00
1.510095429378606e+01
2.905175463717979e+00
8.593298657142230e+01
7.757384124098991e+01
3.000836899970116e+01
4.673707580507597e+01
1.812255574302867e+01
6.276372566947887e+01
7.233688573927473e+01
9.586204904870226e+01
1.709542917883742e+01
3.409845104166234e+01
6.727086508985184e+01
5.111761775385477e+01
9.373682816221232e+01
6.323535901644982e+01
2.082799501755647e+01
7.924404110724295e+01
9.191352175172118e+01
9.272698517550108e+01
6.213035758683940e+01
2.822024464990024e+01
7.675587193889352e+01
6.389863787400473e+01
6.137248597171740e+01
7.822540624915874e+01
6.048941694222829e+01
7.031447611298155e+01
3.944618550103446e+01
7.839050943888282e+01
3.285450978803193e+01
6.543673736296442e+01
7.808733218260451e+01
2.412294550990823e+01
4.301057855738819e+01
7.701998426440171e+01
7.086002136155032e+01
2.967668088603610e+01
3.978370988731445e+01
5.341574738426867e+00
7.167762353628763e+01
2.614061489055893e+00
5.723641908598896e+01
9.253070200445629e+01
5.580396058773807e+01
1.201042188890764e+01
2.865457312606954e+01
2.817403256342469e+01
1.344390400380078e+00
7.433310769234464e+01
8.444444792552126e+00
2.989203139668891e+01
2.553352295678739e+00
4.489485395368880e+01
5.373734927444595e+01
6.574911305948585e+01
4.282467702535199e+01
1.422676617010812e+01
7.963016004284385e+01
8.165402378963960e+01
2.788524209888896e+01
2.754457622186494e+00
4.709076110603789e+01
4.893585427149006e+01
2.687740313209472e+01
9.010133966342609e+01
2.595583848932564e+01
9.586570965864961e+01
4.775630177359856e+01
6.573954837664010e+01
4.093433154790399e+01
3.545355505098289e+01
7.090699866921966e+01
9.034155513641497e+01
3.633472609163017e+01
6.365311605094611e+01
9.798846654500275e+01
9.971100906827999e+01
8.996703759299919e+00
2.149457448231735e+01
7.404411671405849e+01
7.379387271301535e+01
7.487939501874121e+01
7.659746900973724e+01
4.904212739739666e+01
1.820785315623873e+01
9.906109892719476e+00
9.321196213979832e+01
4.604354135042221e+01
3.541199017102457e+01
7.486598588287178e+01
5.548815338662274e+01
3.816644779321107e+01
3.605749785716529e+01
6.146072762155008e+01
3.375765431381652e+01
7.392237278349808e+01
9.673164174739813e+01
6.278127541895084e+01
9.520586356297407e+01
3.979722971087193e-02
3.715606920288693e+00
3.900988760358183e+01
5.808350320816204e+01
8.386217867204090e+01
8.234400911365822e+01
7.364083341026716e+01
5.218540805028072e+01
8.205501813537209e+01
5.872123123087047e+01
7.641984330323518e+01
5.609913484943058e+01
7.780059961499674e+01
9.533543027720202e+01
3.269660381260170e+01
7.090824738652829e+01
4.072223088737681e+01
9.395095156224023e+01
5.811110216104942e+01
4.474833428149500e+01
6.418816748270214e-01
7.772268870739392e+00
6.508051099492261e+01
7.712253331072746e+01
2.258546283588999e+01
9.233110402353624e+01
5.421072917720803e+01
4.178710241885255e+01
5.842885699049982e+01
8.144561703384184e+01
2.080048509910725e+01
8.176185697399167e+01
1.675720234250520e+00
2.890869366419906e+01
7.038330997823891e+01
3.060856304625448e+01
5.664427096799215e+01
4.430363771706057e+01
8.279397109653520e+01
7.898051528212639e+01
2.745374572810426e+00
8.240876406543364e+01
4.940685566952771e+01
5.283756025733312e+01
5.033331040774160e+00
8.210345952869554e+01
5.105618091814973e+01
5.030527159120201e+01
8.564755487518737e+01
5.829479375774730e+01
3.252133421251612e+01
9.583533387437245e+01
5.308563544092962e+00
9.760184520743873e+01
5.048433912474864e+01
6.293944896335688e+01
8.993294918440886e+01
4.389255779976610e+01
4.726551335643302e+00
3.547048463275213e+01
2.354638423935808e+01
2.234767187496073e+01
9.555389387326031e+01
5.750348389032459e+01
5.125636553915980e+01
2.252101838706109e+01
8.811204693657906e+01
3.600144201703437e+01
9.961347193439186e+00
7.576671805035635e+01
6.954264634733211e+01
4.186161674645805e+01
2.737997152254915e+01
4.933427653710091e+01
9.469917705035729e+01
2.356033140027911e+01
4.057772873927733e+01
8.723105824889200e+01
7.816886458460655e+01
6.307553079122470e+01
6.492422524137619e+01
1.069019875055654e+01
4.160556315519175e+01
4.587965558556824e+01
8.292043911429142e+00
9.930447307382919e+01
8.819104548925116e+00
8.463818066969429e+01
5.318935497346769e+01
1.354565588456842e+01
7.463316241029332e+01
9.203724823521323e+01
3.589332775952915e+01
3.364947761113265e+01
1.957843686434367e+00
2.687994201056657e+01
5.617049599819374e+01
4.056553400147964e+01
4.965876152257378e+01
8.650522897322905e+01
8.558797002098895e+00
3.347551405126020e+00
6.485676884877346e+01
5.677841001040228e+00
1.069919537319764e+01
5.955594585256462e+01
6.835207113453750e+01
9.802629966196898e+01
4.678700405489048e+01
4.652093567257791e+01
2.354462422595575e+01
5.289955928591059e+01
5.721113442313445e+01
6.857925814975950e+01
2.313234802481362e+01
6.550317838112971e+01
2.054958665769063e+01
2.125916314369960e+01
1.687929570529577e+01
1.108076195748558e+01
2.770064250924654e+01
9.742364920555784e+01
3.118010192698804e+00
6.359397031534182e+01
3.107312677012436e+01
2.125773356354690e+01
6.369557090275715e+01
7.701056337776154e+01
1.840874553583970e+00
4.024250900384155e-01
1.023877482406738e+01
9.032543967027470e+01
8.480273656770714e-01
7.509554367284082e+01
3.480908686053431e+01
1.657717107635791e+01
5.499920340022035e+01
3.161157948505672e+00
1.460347069176076e+01
4.297453744475475e+01
4.968209366764971e+01
9.322808151749339e+01
5.822256713091515e+01
6.893228044218025e+00
5.418368752774955e+01
4.623060209966759e+01
7.003686026206094e+01
8.044362286126410e+01
6.038558872434571e+01
3.612457785574932e+01
9.087306744925355e+01
8.808623123359224e+01
1.603875184247212e+01
5.612003372801470e+01
5.168020150236795e+01
5.394121103637908e+01
6.716127873731837e+01
2.423865069832590e+00
5.186497659974963e+01
7.923645446041434e+01
2.826290159871006e+00
5.796234368251746e+01
5.932759291461092e+01
8.656898019209922e+01
7.847198395918682e+01
1.291585956370265e+01
4.781760095982700e+01
7.185078457549716e+01
1.607701755877445e+01
7.781202843310872e+01
5.328927810922697e+01
6.374322658579016e+01
4.790414913925535e+01
6.438013518433094e+01
5.219513180302230e+01
5.906890740574753e+01
9.339723367867862e+00
4.504874569598993e+01
1.740443148529363e+00
5.295839060701355e+01
3.807646047234370e+01
7.091667101295511e+01
5.833460970704193e+01
1.472155056648029e+01
7.115481461917740e+01
4.056662159998278e+01
8.056423351194907e+00
7.558512765708618e+01
4.299048666981537e+01
3.120788095109532e+01
4.458728090142239e+01
4.581677682968638e+01
5.855537176064931e+01
4.017886865892395e+01
5.410687804879009e+01
3.051092742500404e+01
2.702590628854274e+01
9.734830595429442e+01
8.535911328408827e+01
6.063830007828693e+01
1.968738721669064e+01
9.151668133750404e+01
1.217496316515606e+01
4.504695769634422e+00
4.983498819630360e+01
8.482730248236437e+01
2.484974871615402e+01
9.210876966459153e+01
2.987604813178817e+01
2.659019186468338e+01
2.597181490900545e+01
5.824008824221794e+01
7.374768428213321e+00
7.993619729761788e+01
1.235530055703376e+01
3.263363020151557e+01
2.050281885103454e+01
3.834180023443969e+01
3.882594515514837e+01
6.349330552084991e+01
9.116731015554038e+01
6.858900127401063e+01
9.310082303970159e+00
2.963333988079491e+01
4.945255487666119e+01
6.383112499668781e+01
6.014426730579895e+01
4.964622689860231e+01
4.888765423041194e+01
3.539669156791489e+01
2.620724128848279e+01
2.404798857124894e+01
1.815696936946221e+01
3.466605364096633e+01
7.051202201773972e+01
6.799195756576580e+01
9.286382333043210e+00
5.168313023246970e+00
5.824154590174627e+01
2.945001010291745e+01
5.993765655902106e+01
6.624165972054082e+01
1.598320501669459e+01
5.476820303814868e+01
4.277119987773299e+01
8.990584895476040e+01
7.303037828441261e+01
4.973033925040175e+01
6.882932384909564e+01
1.185632339299485e+01
1.322364477125166e+01
3.134138301543025e+01
7.879306035060112e+01
7.663902564749077e+01
6.097472289622515e+01
2.824561518069618e+01
2.817837392360827e+01
6.085599789435789e+01
2.901479603211153e-02
2.999845665413815e+01
5.510531726996663e+01
1.991643804121597e+00
1.114016725269154e+00
3.387587449228199e+01
7.262645031913483e+01
1.817164431240952e+00
3.085731478913562e+01
1.395094749236058e+01
3.516462917214475e+01
1.994752475058079e+01
4.340095759527802e+01
9.510228573116581e+01
7.730676544704789e+01
1.305643893454989e+01
1.479918841030411e+01
6.534285799848980e+00
2.962287842744164e+00
8.782956669471672e+01
5.626462505025073e+01
9.798196339885796e+01
1.733234055216067e+01
6.948826982150239e+01
2.932334636772207e+01
9.612540090276181e+01
6.947136147388787e+01
9.472768348396183e+01
2.437101608345798e+01
7.838684901519997e+01
1.141705937283908e+01
7.746608423882448e+01
8.385305622771991e+00
9.504202888116336e+01
6.665226638626879e+01
1.704754075829291e+00
2.486532229225399e+01
6.582983749258790e+01
3.521918553636372e+00
9.584251413859543e+01
3.511467386740943e+01
3.868654772578112e+01
9.461330645466843e+01
2.139643096430061e+01
3.378883341038080e+01
1.067971140643568e+01
7.018861401369266e+01
5.030759132947195e+01
9.593909005445386e+00
5.491292106682105e-02
3.448918104846458e+01
8.892868402829798e+01
9.803687631992479e+01
7.576018202852465e+01
8.967278967130594e+01
