9.418159573999307e+01
2.613946237887231e+01
1.036325973009842e+01
2.475741599907978e+01
7.186541895934633e+01
2.224231279559541e+01
2.586868988623316e+01
9.745486806959606e+01
7.579364104931878e+01
9.338445393060542e+01
9.712724047579209e+01
9.808693989090943e+01
2.094134782484795e+01
7.610567900170837e+01
9.902151399246488e+01
8.403186224588746e+00
7.670932164262483e+01
6.577857600794107e+01
5.238349877874530e+00
1.104122186593768e+01
3.750905810739336e+01
8.254083855195942e+00
9.779354925164652e+01
5.307319576529469e+00
6.886582927259887e+01
7.656255125839382e+01
9.592683813345005e+01
4.305869827189422e+01
9.529029330950711e+01
2.797261966763652e+01
2.307421254137261e+01
1.124116052465567e+01
3.690632727784399e+01
2.470571427825173e+01
4.706823725582484e+01
1.360252542123316e+01
1.337224692728941e+01
9.817034518260991e+01
6.901643912727778e+01
3.330876269997506e+01
1.878182684014636e+00
6.490044205677717e+01
6.550189213152132e+01
8.425926965859685e+01
9.177495599341344e+01
2.122066003327289e+01
5.662272980279416e+01
3.662921955652033e-01
4.529191928230781e+00
6.186107968066869e+01
1.140751410806902e+01
2.882190501728184e+01
3.918838512114640e+01
9.435873515641258e+01
6.661443368839772e+01
7.114696729516004e+01
7.130923088235279e+01
1.279571713544229e+01
6.954503393245164e+01
7.294457642032978e+00
4.575745595887185e+01
5.332210122296684e+01
6.108500033667544e+01
3.277580348438388e+00
7.802781550121858e+01
8.437028112093465e+00
8.734476742676681e+01
1.163734584657352e+01
9.393150978439093e+01
2.281337786596891e+01
4.888780468557393e+01
8.520607286375299e+01
4.645812876823271e+01
5.053515092029011e+01
4.027352358227294e+01
3.927252676304082e+00
4.773570739093037e+00
4.713766041544157e+01
4.462927959143616e+01
8.160662002936314e+01
6.952464173991450e+01
2.942728857948784e+00
8.932710289458143e+01
8.874777154473018e+01
4.826246753719750e+01
1.650907132612032e+01
3.218670218819133e+01
8.229580036471403e+01
5.321993820984845e+01
7.297631822199389e-01
9.053094703263181e+01
6.130992400520944e+01
7.230438272110391e+01
1.487311791389860e+01
9.959060889649699e+01
9.563326020521730e+01
5.418522146259678e+01
2.239693339094377e+01
4.215237728420290e+01
5.917162022514810e+01
8.756852093505138e+01
6.393471321274280e+01
2.905416019682501e+01
1.872583786897633e+01
8.972462350024125e+01
4.046139812118439e+01
1.664943658590756e+01
3.686913430544973e+01
7.518190083800903e+01
1.815266777675257e+01
5.311864444665547e+01
9.542005047920162e+01
8.474667616409560e+01
1.134574791013531e+01
1.832293114546823e+01
8.255005510642661e+01
9.357454552947290e+01
5.050963333365956e+01
9.882492399719773e+01
8.178712515243662e+01
1.436899537889706e+01
9.620726229446348e+01
8.558780117220608e+01
6.675789797061957e+01
6.898465723217682e+01
1.730235191867796e+01
7.069424943565123e+01
2.275452596263705e+01
6.335028268552863e+01
7.580315902633740e+01
6.805279947260991e+01
4.970243747797908e+01
9.933046698539074e+01
4.268426049625699e+01
7.117656952290636e+01
2.364890231920821e+00
7.125931469316562e+01
8.782600610881393e+01
3.603774189764529e+01
5.411443480016405e+01
7.169156226873936e+01
5.630387522108102e+01
4.930909445942803e+01
5.301818244765428e+01
1.886346313118165e+01
7.461962428624724e+01
5.575079319800753e+01
1.493898188459639e+01
8.527444539837281e+01
7.867309622404775e+01
3.921685905159305e+01
2.128790590040754e+01
6.361576987598826e+01
3.743193728729707e+01
5.095488920386643e+01
3.913539384451480e+01
4.544462731361605e+01
3.989773836913413e+01
6.278671988415845e+01
4.470400653998554e+01
2.917000145147089e+01
5.545734961305622e+01
3.111057301569291e+01
7.856008111432199e+01
3.211700368305529e+01
9.246545615255155e+01
2.796820273062596e+01
8.788287271181256e+00
3.504842288561558e+01
4.747965365996568e+01
2.705297983579942e+01
9.220576793523773e+01
1.877004174458331e+01
1.161794215981753e+01
1.064441307012197e+00
9.565209583176863e+01
8.623756649263090e+01
4.356394682245513e+01
6.768166439965445e+01
6.988795700943467e+01
7.633731494487138e+01
8.894739592864522e+01
6.916587463075568e+01
3.166874359905196e+01
5.793962984249909e+01
6.807773712467296e+01
7.948267929231872e+01
8.744619325150092e+00
4.198490504267854e+00
9.913291786756968e+00
2.714991719794921e+01
3.261148209339542e+01
6.717984260394230e+01
5.826049021364212e+01
7.976054171089109e+01
4.678589745740681e+01
5.198451459965879e+01
5.222357378910461e+01
6.985132455353221e+01
6.920060486029863e+01
9.744666833311631e+01
2.352115666657740e+01
5.666482576945090e+01
4.762692360562595e+01
4.295460839893418e+01
5.314969879256082e+00
6.189018458215993e+01
2.706367444575936e+01
3.525483367743661e+01
3.673556309041361e+01
9.822293380192617e+01
4.287820539571261e+01
7.658936356966819e+01
3.739769837697860e+01
1.716548908369871e+01
1.554662395061302e+01
7.247587133779929e+01
5.553856047593921e+01
6.260465749660724e+01
7.217808676519343e+00
6.734843587845025e+01
8.319034421965030e+01
8.530200765715075e+01
3.452827843582643e+01
7.681408830770016e+01
8.110716095245778e+01
7.338392798480761e+01
7.752785877209523e+01
8.947793864155092e+01
5.454418657093504e+01
4.018456132159780e+01
4.460323161659912e+01
8.132114316398331e+01
8.847571405976811e+01
8.259770417706935e+01
9.274643580091485e+01
8.286052326804982e+01
4.448788871266316e+01
5.779914770172869e+01
5.158456869031516e+01
2.713412150141509e+01
1.908879714044221e+01
1.585428659611116e+01
9.509184551196725e+01
8.993727834426672e+01
3.570306503013850e+01
4.782713695793745e+01
8.763789994997806e+01
3.837958864792231e+00
3.923081785404627e+01
1.630826686337044e+01
4.802356741764749e+01
7.567282713748180e+01
6.747500038122526e+01
8.392058326113995e+01
9.912712830078188e+00
1.282844469548596e+01
6.581326041641331e+01
6.213853878999992e+01
2.843702576516058e+01
4.743013430732774e+01
5.493044702100123e+01
3.281872157604374e+01
9.598791235871050e+01
6.417794696249904e+01
2.918791274036650e+01
1.176401153754630e+01
8.354822321960154e+01
1.297824448578909e+01
5.509116633566617e+01
6.871755727041399e+01
9.581406824095829e+01
9.568133456431391e+01
7.399037972744105e+01
6.928732612602754e+01
3.449676257301903e+01
6.209553599455187e+01
5.237449754605745e+00
7.863155276450865e+01
7.473504784271822e+01
8.927336846910107e+01
8.431623325884166e+01
9.710634597442409e-01
6.600793156121296e+01
9.498804993694093e+01
9.035339443495189e+01
2.120158831644877e+01
2.670020797601911e+01
4.688082311622836e+01
5.967731692813211e+01
5.083410043773898e+01
7.976978024457105e+01
8.734028259634053e+01
1.357138483485737e+00
9.029886978226661e+01
2.797212154975725e+01
2.361350610089186e+01
1.557471096309587e+01
8.494894284985445e+01
4.134614697720210e+01
7.885562580956874e+01
7.855442770689467e+01
7.681453180351041e+01
9.551572901919285e+01
4.971534993951924e+01
9.356507570183140e+00
8.300772029115247e+01
6.916648483330687e+01
6.970359430168924e+01
8.945036706954723e+01
1.937818900653077e+01
7.519630606993861e+01
8.911169175482900e+01
8.490603788984289e+01
4.120423758458544e+01
8.165488400573604e+01
3.754115502235533e+01
2.046912010780960e+01
7.236962107586191e+01
7.083931056356025e+01
2.173208725719344e+00
3.794414048918716e+01
2.605128252229247e+01
7.377814463050018e+01
2.248994723078327e+01
9.932679748131279e+01
6.776186459127901e+01
1.243346445841410e+01
7.672795237820966e+00
5.271080739456733e+01
2.889474324364902e+01
8.652842109395583e+01
9.432811368924013e+01
4.123189441917087e+00
3.162479020265154e+01
3.423944247618292e+01
1.265893523239481e+01
8.959558610319887e+00
5.547199601096659e+01
9.965306688083945e+01
3.207754135694240e+01
5.358359392433595e+01
8.899828609498138e+00
3.783219328049206e+01
3.989797860379237e+01
4.838260083849663e+01
1.189829558688137e+01
8.345806565296746e+01
5.107531754815733e+01
6.253690196319339e+01
1.051382953790661e+01
6.770856048339445e+01
1.899436238174995e+01
7.190915451939645e+01
5.231274643554946e+01
4.496007610343401e+01
6.602596639004814e+01
5.251012158231350e+01
5.370560556357056e+01
2.029803377590051e+01
8.324987333419261e+01
5.965231301246784e+01
1.314738309623086e+01
8.666304530886144e+01
2.328067031841756e+01
3.177403715987412e+01
9.143966463927164e+01
3.371798146223555e+01
4.073359577019401e+01
7.062011210742412e+01
7.108630206020842e+01
1.152308751434231e+00
1.668142015891216e+01
5.568818708680951e+01
9.223948232468193e+01
4.465419521772032e+01
3.977278696362524e+01
8.272112621121161e+01
6.001876949333528e+00
3.461876406083757e+01
1.640435080807859e+01
5.946696096075092e+01
7.981283286577688e+01
5.061587605188409e+01
2.878987259640818e+01
6.336759871960040e+01
2.833510107748914e+01
7.271732225675012e+01
1.587772030191390e+01
1.865497735266340e+01
5.329969392777406e+01
9.706905470093203e+01
3.120750530213467e+01
3.893714120562055e+01
7.826476948254964e+01
6.678300419206870e+01
1.172852931159014e+01
8.794328136739475e+01
4.559008313603238e+00
2.725705384614740e+01
9.010700974152751e+01
3.956412083449034e+01
8.441675067153608e+01
6.729062910531212e+01
8.446073531380888e+01
1.292353077462107e+00
8.946110670895368e+01
1.189272003802132e+01
5.619334152722422e+01
1.537105371960022e+01
7.492257662812368e+01
4.430166973932724e+01
1.545078191694374e+01
1.127762818302849e+01
4.530618369826404e+01
5.789127520187351e+01
2.004653719256005e+01
7.090189078399068e+01
2.303727368034295e+01
5.164534363506611e+01
9.988516783336419e+01
1.506567621373836e+01
4.219878280637729e+01
5.801254047919649e+00
7.740393317183663e+01
5.139486466133728e+01
9.203223939614008e+01
5.313060397893684e+01
8.201805678290225e+01
5.396538374664512e+01
3.064949625667627e+00
1.554725152233022e+01
6.646052336621122e+01
4.031115301899200e+01
5.496168874900867e+01
9.810657664113984e+01
6.137527956691351e+01
6.453633651348592e+01
2.855499658200657e+01
7.055862227946456e+01
6.309329050737120e+01
1.669625193658110e+01
8.991602900899763e+01
6.873830243420707e+01
8.688594614476243e+01
6.553131773394128e+01
3.573004456038123e+01
5.246087985693519e+01
6.580324334362672e+00
2.966502887646902e+01
5.654581000867570e+01
4.248348457854404e+01
5.888642052136660e+01
9.874459286161911e+01
2.286400898493082e+01
6.231592412214536e+01
1.815986010160291e+01
1.588663799496677e+01
3.026421695494290e+01
5.580127102127358e+00
4.791418809812245e+01
4.759233759138377e+01
9.679174925982568e+01
9.143612137596874e+01
5.639123551379481e+01
1.606197097155357e+01
5.715060516127879e-01
5.270583958025362e+01
2.739395491191836e+01
1.771232393463716e+01
3.791590860947776e+01
6.691045251996744e+01
6.195979270244008e+01
5.708541858805596e+01
5.784151980552893e+01
4.742092497061050e+01
1.802988281381776e+01
9.751307167928344e+01
1.920235642194858e+01
5.780500129694352e+01
4.116837812642026e+01
4.233354327377562e+01
7.900670747226415e+01
1.363003161439208e-01
7.650046836421846e+01
3.689612501156336e+01
7.279710987247393e+00
4.071720616925378e+01
1.186761633114313e+00
3.314300162398396e+00
8.537978319701729e+01
4.501098042587330e+01
9.545862953898433e+01
4.566486005003790e+01
4.862663650355611e+01
8.672110288716904e+01
5.538855970622439e+01
3.312592000380435e+01
6.530678219409045e+01
2.638008972927001e+01
5.025419255264764e+01
1.840336356237687e+01
8.250345572945823e+00
6.242094103359661e+01
6.661155729862467e+01
4.667133588654517e+01
2.980063167857035e+01
6.131019329713201e+01
3.388000723620877e+01
1.068368750190534e+01
6.955576695946779e+01
8.977432795324098e+01
4.587499920552364e+01
1.754079289619848e+01
9.054514872401262e+01
6.218640835126229e+01
4.760708974097254e+01
5.884955146296394e+01
1.805924797340261e+01
9.091794327409842e+01
1.050687362929195e+01
7.581801171219816e+01
1.271972130645053e+01
1.237735618482221e-01
5.181220069146352e+01
7.366397579836844e+01
2.493877584344650e+01
5.309314516051353e+01
2.286211835353734e+01
5.137322174914797e+01
4.748459171852311e+01
6.214576445619844e+01
2.200614522304672e+00
3.777550982207782e+01
5.303442131403574e+01
3.760035687014477e+01
4.262521138536987e+01
4.780857597841349e+01
6.182382528755060e+01
9.628054969770859e+01
3.394484544822240e+01
8.310572336572490e+01
9.087264327838675e+01
4.269922703630255e+01
5.902683905280514e+01
9.958702307175240e+01
2.139414726821433e+01
2.970277510103899e+01
8.154410504807910e+01
2.994146213398383e+01
3.987276481458581e+01
9.147494234679031e+01
9.431723584156356e+01
2.972829808934047e+01
8.446830421894244e+00
8.576415809139803e+01
3.834643887278924e+01
8.063638400316069e+00
2.280790182892601e+01
5.608681382429172e+01
5.762579574139127e+01
7.408436479702794e+01
8.805245966094195e+01
9.406150392911466e+01
9.936586567171190e+01
7.879823910947808e+01
7.864010337676858e+01
9.659877461222874e+01
2.082379614972686e+01
9.244509953653677e+01
6.226212254830735e+00
1.941702776561353e+01
2.356965198347794e+01
3.924872537108545e+01
3.209282789942475e+01
9.994464106855199e+01
8.718211207873287e+00
3.828754417518506e+00
5.384903086994264e+01
6.036952685581964e+01
9.470695908866216e+01
4.173890573053570e+01
4.911856695502929e+01
3.506001761884429e+01
8.518624123427376e+00
9.248648164443973e+01
2.082417566367619e+01
4.825248222251073e+01
7.858729431339879e+01
6.192135306164685e+01
5.868648679865827e+01
6.589574374533061e+01
1.504830672175079e+01
4.234958139357603e+01
9.457093323328110e+01
4.245066872912025e+01
9.112624763097905e+01
6.596694214547377e+01
7.225930386793767e+01
1.242834544388035e+01
3.025998781912960e+01
5.164506856894356e+01
1.412412739085226e+01
3.940909646423957e+01
9.249582439311585e+01
9.397090174908325e+01
6.810879445081055e+01
4.067523174019308e+01
3.926606696996189e+01
4.037129322084193e+00
9.168926551551058e+01
6.042226318289631e+01
1.934227893098364e+01
8.136935629014362e+00
1.987600034097024e+01
3.221386793638294e+01
5.301178579824594e+01
3.907404944257534e+01
8.061359407408796e+00
6.533296949478469e+01
1.952143219277329e+01
7.151720257080962e+01
5.553212792404560e+01
1.654710672634985e+01
8.879326716474876e+01
3.493030464040595e+00
7.184088033244055e+01
3.149919623113200e+01
7.272159786555990e+01
7.307267518391491e+00
7.577450176504185e+01
6.269731897055046e+01
3.806972999035834e+01
7.619874927969591e+00
8.464979090944389e+01
4.037680702301525e+01
7.709258165075099e+01
7.459871250884548e+01
8.233668831285867e+01
9.603108963744300e+01
1.088470444590072e+01
1.727753156669323e+01
9.265747363337198e+01
8.100080447318069e+01
2.589102630777798e+01
8.046635961181781e+01
7.723660267760819e+01
5.937620082841077e+01
3.182219664185410e+01
2.501266772160897e+01
2.892639922393784e+01
3.619435966768971e+01
3.605523963275144e+01
7.438503525889713e+01
3.509078455860298e+00
7.285512116404954e+01
1.772381948201163e+01
8.409917693776040e+01
1.286859932023501e+01
4.891236664211022e+01
7.934892935648044e+01
4.608904213928107e+01
9.830951159741241e+01
9.804587932212551e+01
8.454066840211892e+01
5.871944881916021e+01
3.571366650784093e+01
5.535021547942898e+01
9.455377347513743e+01
5.923761174047255e+01
5.413391145604379e+01
2.408154514808280e+01
1.423171717404933e+01
3.454068123108739e+01
4.543906177647369e+01
7.387883671274355e+01
6.414246292046386e+01
7.014574951964698e-01
8.574610859423228e+01
4.821553325663113e+01
3.226161810209119e+01
6.550779909151969e+01
3.877505065816224e+01
1.697930619911259e+01
7.725547630212059e+00
4.423245133097863e+01
6.964470467979308e+01
7.097430530515234e-01
8.886814261268272e+01
1.775368443585638e+00
4.910943459212288e+01
5.113304385502499e+01
8.111338544688810e+01
8.001170963049480e+00
3.652842842812111e+01
6.826023946900864e+01
1.653153962294177e+00
3.600661532767425e+01
3.701114837872383e+01
8.148965187440145e+01
7.323799811920057e+01
5.036840329429526e+01
6.197425157854997e+01
8.651038524066583e+01
2.261657497036111e+01
7.953603127018364e+01
2.507296480474666e+01
5.262793295673463e+01
8.614056393790085e+01
1.215103986307561e+01
9.111458574939267e+01
9.037021765968308e+01
3.378043753736672e+01
5.148404298884982e+01
4.214067894133770e+01
5.065508589644687e+01
8.749120989231915e+01
4.776150386210601e+01
1.035133125742494e+01
2.245345335567997e+01
8.782493355117037e+01
9.869386446601425e-01
8.061039581923298e+01
5.564163190109731e+01
5.419757224349192e+01
9.170497068749040e+01
9.335630247060037e+01
4.469858545097456e+01
5.755119857264273e+01
8.583205360259491e+01
1.214505835070510e+01
6.867618563988999e+01
9.011473920667299e+01
9.551232172898590e+00
2.009913144637790e+01
7.941551836180293e+00
9.233137447961205e+01
5.246849192887009e+01
3.157539848777251e+01
7.883426802178577e+01
8.232618648667177e+01
1.457770569928815e+01
8.968362356055696e+00
1.848436180431599e+01
1.841751854793053e+01
9.266097945750737e+01
1.905781771943803e+01
5.236005929874259e+01
3.069002671665048e+01
7.591300084065320e+01
5.149879164597895e+01
9.615340572602740e+01
2.463488943159343e+01
8.619892014479214e+01
7.136341671988528e+01
1.228410001484868e+01
7.031373906429566e+01
5.806933113283912e+00
9.041217825860353e+01
3.540440627159756e+01
8.432167642019766e+01
8.671708227448029e+01
6.520266899149989e+01
9.903810634232968e+01
7.667654658512983e+01
1.597817345335063e+01
7.554618105084923e+01
1.354939351489273e+01
1.561263209004543e+01
3.694663803882275e+01
7.415717899527270e+01
5.262995043426284e+01
6.290983644449611e+00
9.089960720897634e-01
3.019944016365309e+01
2.072802173007653e+01
6.310803921106645e+01
5.661821228294550e+00
1.116523142492642e+01
1.823371374897366e+01
5.657530229379204e+01
8.095399177677650e+01
4.537322993640473e+01
9.788734591467649e+01
7.910159252542145e+01
3.539990868205201e+01
4.981072035143651e+01
1.169123091348039e+01
4.034743273646917e+01
4.313403677341250e+01
1.083845710886571e+01
6.545424673960277e+01
5.109645661483354e+01
3.515268482042136e+01
2.133763116846682e+00
2.569837352526299e+01
8.801726120897442e+01
4.877862741648156e+01
1.639188412408898e+01
3.629893252453717e+00
5.174147451843204e+01
3.999522805213706e+01
7.095005506228193e+00
7.915231412237152e+01
7.872987928741139e+01
8.208512816675247e+01
6.800529983267435e+01
9.301650304953405e+01
1.805429696946139e+01
1.122814184577583e+01
1.732594939755553e+00
2.024332388315505e+01
7.841449174024839e+01
5.724558050615973e+00
5.788066557509855e+01
7.354614612345870e+01
2.246120470690597e+01
7.691385879968939e+00
2.807541500221725e+01
5.800785355177143e+01
6.328958969716430e+01
2.940317258676662e+01
8.215685448709729e+01
8.577507305227921e+01
4.157644707782960e+01
3.196838839536924e+01
6.310045689488783e+01
2.061373103438585e+01
3.790325961909409e+01
6.584274599600711e+01
2.318189201093367e+01
8.827817397577602e+00
2.556579435503380e+01
3.423647523589268e+01
3.233862418324622e+01
7.384339956280003e+01
9.279072452000841e+01
8.544210241429606e+01
3.059399222517106e+00
8.064221696958049e+01
3.416297903012623e+01
9.640823523346718e+01
9.205024302566900e+01
1.257747077037462e+01
3.299977394426231e+01
6.559347862638229e+01
5.224097382847265e+00
2.449263889551751e+01
4.806070534887756e+01
6.626257182390549e+01
7.737308832694455e+01
2.169694389295622e+01
3.462663750845316e+01
8.896447815418453e+00
2.892524699164799e+01
4.201028321031960e+01
1.061452413472092e+00
6.523812355717557e+01
2.946649893627805e+01
6.852187172906560e+00
4.028845389387033e+01
3.769230285551972e+00
4.779252947670991e+01
2.898744029411461e+01
1.598567744530071e+01
8.111817025631581e+01
8.786747184948412e+01
5.506723292873578e+01
4.216957932439148e+01
9.668359723719004e+00
4.804406084494855e+01
9.636283330449966e+01
8.635664004197187e+01
5.195432112177569e+00
9.125458052905955e+01
9.683405528628923e+01
4.650630492088679e+01
2.486597747768554e-01
4.225844705582523e+00
3.498660257784026e+01
9.742859722926683e+01
9.680740283653485e+01
8.134237275521382e+01
3.741745792209052e+00
8.827978525696312e+01
4.883914689945018e+01
8.660230803610864e+01
1.423962382331473e+01
9.161737495642964e+01
4.647260478067799e+01
4.218534410101611e+01
1.398233897703809e+01
1.958383997882895e+01
2.035029359178166e+01
2.098497563087613e+01
1.538855667011279e+01
6.270995943933257e+01
4.384967239752862e+01
7.098074237396044e+01
3.117907044067004e+01
8.466043047823964e+00
7.561781675350751e+01
6.473412614536198e+01
5.014565035241919e+01
8.349201007908769e+01
2.201423902158357e+01
1.258702558120108e+01
7.877935999016248e+01
1.748150876605953e+01
5.465537079361052e+01
3.319554777499081e+00
9.249208741471733e+01
3.403870818858906e+01
5.774741790152500e+01
4.313153011870176e+01
4.454119947950412e+01
9.322043331024257e+01
1.366285072344488e+01
6.229985429081128e+01
7.611180594009898e+01
7.241789618153959e+01
9.340965896537978e+01
9.812355199741364e+01
8.028664029216704e+01
1.038346710167055e+01
4.756699746826990e+01
1.104624500081234e+01
2.183231195520252e+01
8.938765762810952e+01
1.160583189297739e+01
9.392733596913858e+01
9.766321694369577e+01
6.922226858754748e+01
8.309058210956425e+01
1.303544869322118e+01
9.290526485671535e+01
6.753358778894581e+01
9.259859257964351e+01
5.821891359901936e+01
9.478259556683833e+00
1.744359993256796e+01
5.686438235308248e+01
1.838444467558732e+01
6.568268140111243e+01
6.216026645254357e+01
7.683545349949759e+01
6.578253818013824e+00
1.448150790039520e+01
4.143975150838482e+01
3.120795857683195e+01
2.602939360124497e+01
3.352101595770615e+01
8.680418184343920e+01
5.023102930292070e+01
1.750474722008442e+01
3.008742524780679e+01
7.101327416999884e+01
3.088574378326803e+01
7.228552413745109e+01
6.947229167887582e+01
1.148655359236829e+01
2.498243419685515e+01
8.052462468879513e+01
2.315870277730688e+01
4.058147880275803e+01
5.209798610401246e+01
7.767563098002022e+01
5.171434788578858e+01
2.195049138830532e+01
7.619957042681034e+01
7.833836282526066e+01
9.562632306275253e+01
3.838887104689557e+01
8.121591968518493e+01
4.753156972468438e+01
5.675852087175405e+01
3.375566212169624e+01
8.032721838929095e+01
1.174059096339186e+01
7.605800920913834e+00
4.913609644823526e+01
9.950459604128477e+01
2.729665251788527e+01
4.665281323094518e+01
5.995104855855510e+01
9.306257832472332e+01
6.837665078620270e+01
9.993558339771609e+01
2.350040749809724e+01
5.896014708977199e+01
6.775821050058966e+00
1.337664365460008e+01
1.212989665201395e+01
5.877475913556979e+01
8.267932091033055e+01
8.417589337759460e+01
7.382853765684577e+01
5.953763726145851e+01
8.331388052707252e+00
1.652495996864743e+01
5.540112753184565e+01
6.761917381902187e+00
7.439669495187546e+01
3.004010656384756e+01
5.343161167271045e+01
2.710319348941706e+01
2.490758659546617e+01
6.421165343570135e+01
2.663331372972266e+01
2.559980993419877e+01
9.585098498307680e+01
5.537803008005863e+00
6.727101638320416e+01
1.294333767748593e+01
1.328929775082008e+01
2.803167022207364e+01
6.447139436587290e+01
6.605388995541907e+01
5.663431503653261e+01
8.259142464147480e+01
3.775653244823056e+01
9.398101032431285e+01
8.254171013019128e+01
4.196154654117373e+01
7.174177988047794e+01
5.070991332210131e+01
3.386635521141177e+01
7.002055480611537e+01
4.045938478804165e+01
9.732823544057471e+00
2.333355169898530e+01
2.312471099343370e+01
7.967596746966055e+01
3.827414742590587e+01
8.695675781320629e+01
7.757384124098991e+01
3.843941406274188e+01
3.926393377560374e+01
2.906405894507843e+01
6.276372566947887e+01
7.233688573927473e+01
4.213586474868276e+01
5.688343544345508e+01
1.601612396352744e+01
6.727086508985184e+01
9.456969164059016e+01
6.925449919386510e+01
9.305169223484197e+01
3.155223514491330e+01
7.924404110724295e+01
2.843736797964078e+01
9.272698517550108e+01
6.213035758683940e+01
3.610373914060357e+01
5.387396954646053e+01
1.756483587322982e+01
8.847081600151529e+01
1.649179594427896e+01
3.673398123901989e+00
7.434102970843252e+01
6.777036230441665e+01
2.970655738828078e+01
2.366282251834070e+01
8.192896008581341e+00
9.015412162530893e+01
7.138042620913146e+00
9.813363067718858e+01
7.701998426440171e+01
1.270419918592284e+00
2.719768957570088e+01
7.626074067142827e+01
9.153126119241642e+01
7.714806603134986e+01
5.404604741094916e+00
5.434539427717468e+01
4.500423564808641e+01
9.662179746507751e+01
5.097324724820128e+01
2.865457312606954e+01
7.338492249761937e+00
4.439164392854629e+01
4.452333461703888e+01
5.279157271273041e+01
1.470133132054533e+01
7.177447684657503e+01
2.430871670335006e+01
9.929226622883802e+01
4.934599709200952e+01
8.083511971907463e+01
5.665271871567365e+00
8.015652591369884e+01
4.714146421623484e+01
3.537182925984814e+01
4.731619346296237e+01
8.841400406715181e+01
4.893585427149006e+01
4.717004897406793e+01
9.925431897829023e+01
7.028518294463175e+00
9.586570965864961e+01
3.749883595737574e+01
6.573954837664010e+01
5.183053293816305e+01
4.441381690297919e+01
3.752578633722187e+01
9.034155513641497e+01
3.633472609163017e+01
7.346170026504514e+00
8.070190757545731e+01
5.692703693962052e+01
9.570282869772187e+01
6.025627877575172e+01
2.489488302957960e+01
7.379387271301535e+01
1.060342230396505e+01
4.203086190020240e+01
5.288683811802736e-01
9.634429295377075e+01
9.746947241829218e+01
7.074328072869372e+01
3.592926651981159e+01
3.656303628187768e+01
4.182467741976710e+01
4.300652073836257e+01
5.974546361702748e+01
5.265852876597016e+01
1.340195947019475e+01
6.504385092530579e+01
7.688044257316758e+01
4.212152456963506e+01
7.339572122944320e+01
7.583401812046488e+01
3.979722971087193e-02
2.593510836639214e+01
5.253448018456552e+01
5.517196392415649e+01
3.527118681709803e+01
4.561080646031108e+00
7.364083341026716e+01
3.851498292689909e+01
3.416574966822088e+01
1.332320855619535e+01
5.703381633247893e+01
5.263853592455319e+01
7.780059961499674e+01
6.624818750016772e+01
7.007002144589556e+01
2.853799309979099e+01
7.871951380684949e+01
3.665423287854262e+01
5.811110216104942e+01
8.980318875508532e+01
6.933777382100828e+01
9.614128051145994e+01
1.272957553748487e+01
5.464900529694231e+01
8.950675739418099e+01
9.233110402353624e+01
5.421072917720803e+01
7.114807938744690e+00
7.375840995170103e+01
5.635090063156136e+01
5.850049483520002e+01
9.140458753863562e+01
1.675720234250520e+00
2.890869366419906e+01
7.250807800912675e+01
4.761861937475327e+01
6.681322942805161e+01
1.819783273069087e+01
2.941979245721353e+01
9.330772086666325e+01
2.980321665750966e+01
4.142655792712539e+01
6.003961179407295e+01
6.368835948579402e+01
5.033331040774160e+00
9.922437230088951e+01
7.816096715543465e+01
5.965943637288149e+01
7.270436728033441e+01
3.653575295421097e+00
9.735176768030588e+01
9.095874246720166e+00
3.321043315027395e+01
1.332429722571946e+01
5.998584728687343e+01
4.353102154262877e+01
8.993294918440886e+01
8.919999096039682e+01
5.199373073503083e+01
8.275855168828673e+01
9.810374751598748e+01
2.123179012966891e+01
1.145594781798122e+01
1.045118007364272e+01
5.125636553915980e+01
4.266450449017086e+01
3.735807525802313e+01
3.600144201703437e+01
6.505744772267408e+01
7.576671805035635e+01
9.957572654801223e+01
4.109719448773991e+01
7.394320074186810e+01
5.733248314696014e+00
7.488020578160891e+01
2.846501084438759e+01
6.432238578066341e+01
7.174707379739129e+01
5.576934989344764e+01
6.749621115973974e+01
8.124543967714787e+01
9.793368917793673e+01
8.803194974923132e+01
7.023278878546915e+01
7.636525858024380e+01
9.930447307382919e+01
3.441545359530274e+01
5.250317214639074e+01
5.318935497346769e+01
6.267893382472868e+01
8.940116972168963e+01
7.673573921282578e+01
3.589332775952915e+01
8.151309335674769e+01
8.855046820293668e+01
5.064530412230888e+01
3.572276161784435e+01
1.271784706633438e+01
4.965876152257378e+01
4.212873510184173e+01
9.668370121935554e+01
7.125940139929736e+01
3.053578181682889e+01
5.677841001040228e+00
4.036813627014315e+01
8.847423553861409e+00
5.963310508971713e+01
4.690522004240435e+00
1.671086536567233e+01
5.257129061621208e+01
9.333380162405493e+01
9.820231883702908e+01
6.408932170089768e+01
6.857925814975950e+01
7.649849405349163e+00
3.224111508216761e+01
9.087785118766028e+01
2.125916314369960e+01
6.372817147696771e+01
5.903101962014614e+01
2.770064250924654e+01
9.742364920555784e+01
3.732818809213498e+01
6.191204160540925e+01
3.790245919390696e+01
8.242682557666060e-01
8.799926386587288e+01
8.757951813171596e+00
1.519222558252151e+00
5.167336759701062e+01
9.526318083296678e+01
9.032543967027470e+01
8.480273656770714e-01
7.509554367284082e+01
9.600328067131493e+01
1.657717107635791e+01
5.499920340022035e+01
2.499783561797712e+01
7.273465533402501e+01
4.297453744475475e+01
3.453897220759604e+00
5.861910696077119e+01
4.089472002391458e+01
2.198528620506883e+01
5.315412923374871e+01
4.623060209966759e+01
9.536195280745716e+01
7.049213092331408e+01
2.491517505837380e+01
3.135977495990683e+01
2.916933620775553e+01
1.875044066400753e+01
5.197853415830924e+01
9.678830108455769e+01
1.148987664444832e+01
5.394121103637908e+01
6.716127873731837e+01
2.423865069832590e+00
5.186497659974963e+01
6.855603250142002e+01
2.826290159871006e+00
8.193324654453119e+01
1.544545936186121e+01
8.656898019209922e+01
7.872624610491388e+01
2.415004858009054e+01
4.781760095982700e+01
7.185078457549716e+01
2.577147401206730e+01
3.731939510317491e+01
7.871689599878941e+01
5.822299330412550e+00
3.586537420557131e+01
3.692510581432148e+01
5.899120655795150e+01
7.278731338343924e+01
7.886616153589738e+01
1.772456379501362e+01
8.863089642889373e+01
3.487739089637873e+01
3.807646047234370e+01
7.091667101295511e+01
5.251264812076122e+01
6.558969903997597e+01
7.115481461917740e+01
4.056662159998278e+01
8.056423351194907e+00
4.026505166677062e+01
1.044374760726641e+01
7.075558624731171e+01
7.316554532068108e+01
4.581677682968638e+01
5.774820496223317e+01
4.017886865892395e+01
9.106570006863480e+01
3.379819762604227e+01
2.702590628854274e+01
9.734830595429442e+01
2.375649522233591e+00
1.804640331214592e+01
8.990368130146697e+01
3.882390402202676e+00
1.217496316515606e+01
4.517672422583063e+01
4.983498819630360e+01
7.524731674941597e+01
4.839565835352785e+01
9.603350572103332e+01
8.565815248790111e+01
3.985342622727781e+01
2.597181490900545e+01
8.907716813919933e+01
4.596102961616639e+01
2.681249707323150e+00
1.235530055703376e+01
3.263363020151557e+01
7.493268697286616e+01
2.142972118287800e+01
6.811961208848265e+01
5.646160289480425e+01
1.096477485772445e+01
2.145570876144604e+01
8.704675817258970e+01
4.376927974809393e+01
7.250387509004393e+01
8.364061866125121e+01
6.399904757924334e+01
3.174962239887082e+01
4.363360458222851e+01
3.653096805165102e+01
5.331100479388191e+01
6.481959115006942e+00
5.387043280241566e+01
2.672921308629644e+00
8.497715978183651e+00
1.543016308705796e+01
9.286382333043210e+00
4.099082389892583e+01
1.146366876152515e+01
9.834373146218421e+01
5.993765655902106e+01
4.882382613086320e+01
8.769009839170151e+01
1.228757994821648e+01
4.222229595399568e+01
9.614968620992717e+01
8.785963770368119e+01
9.591774106766924e+01
6.882932384909564e+01
6.724200773390103e+00
1.322364477125166e+01
7.786338607681141e+01
8.349455622187563e+01
7.663902564749077e+01
6.097472289622515e+01
7.121147819385467e+01
8.318866220451363e+01
2.111899015545798e+01
1.387503371288769e+00
3.157456318455495e+01
3.540576642165229e+01
1.991643804121597e+00
2.707908527323933e+01
3.230137565746036e+00
6.041059985775994e+01
1.817164431240952e+00
3.085731478913562e+01
4.055064084965300e+01
3.749095324310053e+01
6.539713338268788e+01
4.340095759527802e+01
9.510228573116581e+01
4.289682146296688e+01
1.279466227292766e+01
7.772873336343501e+01
4.290856739641566e+01
8.237571207917097e+01
9.993225201029901e+00
2.159771580323470e+01
2.736547152854757e+01
3.589214870514914e+01
2.983291076022801e+01
5.939426420228288e+01
8.111862143553729e+00
9.028808669666205e+01
8.045349571874993e+01
2.059233375852570e-02
9.764973544406227e+01
5.558368137831972e+01
5.354925480370841e+00
8.385305622771991e+00
7.151381358109127e+01
6.720107396468570e+01
7.957141277360330e+01
2.261950076679676e+00
6.582983749258790e+01
4.306111379669100e+01
2.837321475538109e+01
6.239007099642887e+01
3.868654772578112e+01
7.567016183197040e+01
2.139643096430061e+01
9.505007047906986e+00
1.067971140643568e+01
6.941625385983673e-01
7.398500418010401e+01
8.043652748709383e+01
1.298449230984994e+01
9.799239635374043e+01
2.414920261322949e+01
6.274611505807663e+01
4.295613348621695e+01
8.176101985469508e+01
