1.569751352802735e+01
2.613946237887231e+01
1.036325973009842e+01
5.841351997033392e+01
7.165124345182033e+01
3.230534216030750e+00
8.522179773320528e+01
7.624791859474401e+01
9.356818394435950e+01
9.338445393060542e+01
3.389001406444703e+01
7.341728502577975e+00
2.466146025092409e+01
8.406492349880976e+01
1.160769118536622e+01
8.403186224588746e+00
7.670932164262483e+01
4.386333201260461e+01
6.243072783687652e+01
5.457194389522632e+01
3.328434873059594e+01
7.853169742903286e+01
2.068226072969021e+01
5.174692345398800e+01
6.326935326832782e+01
3.166636253319045e+01
7.902900668747212e+01
1.267772820437221e+00
1.106624026366800e+00
3.329202618137563e+01
3.792733086176558e+01
5.641856140290320e+01
3.252825482400519e+01
5.668999313222710e+01
4.735202782198415e+01
8.557570683098199e+00
3.974057880218167e+01
6.639777508862214e+01
5.419078704630527e+00
8.507418543336642e+01
1.154781319738730e-01
4.193848173224296e+01
4.065049124911916e+01
5.204497871550032e+01
8.341328198249139e+00
9.711657813615938e+01
5.383538792554074e+01
6.381491504787231e+01
1.640036493372189e+01
2.647621041465375e+01
4.274527856276617e+01
4.968471366431784e+01
7.186968246096265e+01
2.409919617888480e+01
6.974280815093908e+01
6.827726111201441e+01
4.675571110414142e+00
2.352249376639840e+01
3.897964667481354e+01
7.294457642032978e+00
5.956164089011104e+01
7.472364747651092e+00
6.108500033667544e+01
7.374224200553365e+01
4.398240933380202e+01
1.417265274290585e+00
5.025538804487111e+00
8.372298813598370e+01
1.128677148897516e+01
1.044461750911764e+01
1.703175083595875e+01
4.385975433693256e+01
4.975371027819519e+01
5.768224208507792e+01
6.344722833644936e+01
7.312772654608251e+01
3.021927495962907e+01
7.663562059245800e+00
6.130106116705624e+01
9.831245429735279e+01
4.375882667664384e+01
1.570105897993830e+01
9.630435355766879e+01
4.876673447376431e+01
1.292713499298651e+01
2.034792696142007e+01
4.039625131543551e+01
8.229580036471403e+01
8.956965542844016e+01
1.330528045692727e+01
4.162782716640636e+01
4.913129631855120e+01
1.103897206999314e+00
5.340846211342535e+00
4.559926443994011e+01
3.804380355311735e+01
4.571875401107536e+01
2.239693339094377e+01
3.808945144437693e+01
6.151661410067073e+01
6.106942080011098e+01
2.867986235240468e+01
6.864611863561259e+01
1.082313107830618e+01
9.648078461013770e+01
3.636609205806911e+01
5.446576040911757e+01
4.153192557465840e+00
8.775855451252245e+01
7.912542702589437e+01
8.641398739368374e+01
9.740753495013692e+01
4.559754857122784e+01
8.276287977712363e+01
4.617426942390123e+01
4.630990896667815e+01
3.111754545528327e+01
6.321826496311382e+01
7.183840399227962e+01
2.966861684325552e+01
1.436899537889706e+01
5.340499102762202e+01
7.437216633668736e+01
1.730725519233721e+01
5.874583723896455e+01
2.063996708981691e+01
8.191249220721075e+01
8.975679804093986e+00
2.138417350192749e+01
1.284662667328800e+01
8.013535480952605e+00
3.713835256040951e+01
1.154795820431223e+01
9.130513779414126e+01
4.248878589947186e+01
3.895861093837703e+01
7.140013020085178e+01
2.643964347729443e+01
6.565867050814380e+01
1.191990427296604e+01
7.169156226873936e+01
3.897836992469541e+01
3.083349286151747e+01
6.909695503725528e+01
8.602422852349664e+00
3.476481206471325e+01
1.540686395736731e+01
9.356959457209780e+01
8.746528000918462e+01
1.021077884836624e+01
3.921685905159305e+01
2.553302544426779e+01
3.581918344638272e+01
4.388667384343533e+01
5.134028552628136e+01
2.236160706838668e+01
6.385810462006280e+01
1.581450245148246e+01
8.383204177200425e+01
3.445433864111748e+01
1.949378634779425e+01
1.829580777245378e+00
6.611999350884929e+01
6.197161272259970e+01
4.524073845019598e+01
9.246545615255155e+01
4.096157087057902e+01
2.501798808808345e+01
2.458330617499692e+00
6.658889416912054e+01
5.844394604603013e+01
6.739985107788810e+00
5.567264047249809e+00
8.927743895411372e+01
2.772980580466325e+01
3.140994120920540e+01
6.628520119296630e+01
1.947951764775418e+01
4.773739443520894e+01
6.511228394932686e+00
3.637419964018008e+01
2.599252794216970e+01
9.654455007824328e+01
9.998996951616833e+01
7.184450578496070e+01
3.044656032251500e+01
2.235157653798888e+01
2.477561329713818e+01
4.626106282056359e+01
5.368886345703567e+01
4.553557920527439e+01
7.040876321047953e+01
3.756306405997046e+01
3.627694250842414e+01
1.576552387129773e+01
5.215502458259231e+01
9.231865214757559e+01
9.923135088720888e+01
2.577717077256049e+01
1.679894897006403e+01
9.744666833311631e+01
8.422111681859062e+01
8.667412991014967e+01
8.128436751723493e-01
7.028197300167847e+01
1.440393566824679e+01
1.498253062133795e+01
3.978375691910449e+01
4.056735646006063e+01
2.606573934949271e+01
4.629498531403718e+01
4.269144211089772e+01
5.951152935601376e+01
6.103317237507234e+01
7.693152561640903e+01
1.554662395061302e+01
8.487682611908616e+01
5.969782725893791e+01
3.803982396518803e+01
1.954715848879291e+01
8.914150278509665e+01
5.212772090552734e+01
8.530200765715075e+01
2.670456679850098e+01
9.880396826137043e+01
1.302846950154214e+01
7.352798710275813e+01
2.754003462732771e+01
7.044188402148052e+01
1.937355474539732e+01
8.458695243326339e+01
6.788855235459681e+01
1.924788002821052e+01
2.685869118518135e+01
3.774357835657130e+01
9.274643580091485e+01
4.177134267136983e+01
5.825910971418913e+01
7.901927553071607e+00
8.182998336005490e+01
6.781281086980030e+01
7.882517798749041e+01
5.877153946029560e+01
2.753565093853308e+01
5.648649551742081e+01
3.570306503013850e+01
7.638436745683866e-01
2.408081531714686e+01
3.498616718453642e+01
9.694646769061055e+00
1.449796753679307e+01
8.795813279597002e+01
4.941634268007071e+01
6.568864004951372e+01
9.737951424782142e+01
6.079234753772261e+01
4.679580100197149e+01
2.805657956193042e+01
6.213853878999992e+01
2.843702576516058e+01
8.389157647448199e+01
4.851340062381392e+01
7.143851484704693e+01
5.997277836314067e+01
3.144076267790085e+01
2.918791274036650e+01
3.100041441200320e+00
4.703847018398273e+01
8.191402171827575e+01
8.524940679094260e+01
5.453337289138388e+01
2.607371533572381e+01
8.959842514693663e+01
1.330491230511335e+01
3.560163664426731e+01
5.293394529862979e+01
6.209553599455187e+01
1.960724290442059e+01
5.558742957915526e+01
8.399414456635441e+01
4.606012713446288e+01
9.518807474299710e+01
7.195227731575829e+01
3.484252604415758e+01
7.560127371717303e+01
6.840081991087683e+01
3.898961964947619e+01
7.008125268392324e+01
7.409895498962092e+01
3.387129820597884e+00
5.083410043773898e+01
7.054437285780179e+01
7.969201313317381e+00
9.470892967409870e+01
7.479663168769173e+01
3.940996399121823e+01
8.296234141241868e+01
3.004364721944726e+01
1.211335352254722e+01
1.150258821970904e+01
1.276525254955760e+01
5.657046430584531e+00
2.156891698090775e+01
7.683983732799061e+01
8.435970743044955e+01
8.543985434129828e+00
8.300772029115247e+01
2.895961605429632e+01
4.490946575296552e+01
7.890224371985637e+01
1.295376057408459e+01
9.096959288742839e+01
3.449356352653986e+01
4.523066936304359e+01
2.514060704276925e+01
8.128616129108060e+01
5.330685780071973e+01
2.046912010780960e+01
7.472632759005126e+01
7.083931056356025e+01
6.818886840166005e+01
3.125678404758535e+01
7.389341521723820e+01
7.615806971497744e+01
5.595917885934896e+01
4.776210428577015e+01
7.178588401143713e+00
4.032872600496222e+01
9.129077088613565e+01
2.768138722874289e+01
5.205089089090512e+00
5.730739601762378e+01
9.432811368924013e+01
3.305885397505893e+01
8.844165387025180e+01
7.427975236171845e+01
8.669142331308286e+01
7.144937411483814e+01
4.946019456231044e+00
3.160088906604838e+01
3.999561124481056e+01
1.619312894353323e+01
8.314087264386046e+01
7.845292849394163e+01
1.099166833376124e+00
5.033591885600980e+01
1.189829558688137e+01
2.634797684212586e+01
6.315291270760489e+01
5.316015731224798e+01
8.181183737787038e+01
9.849552763555923e+01
5.675211327930545e+01
2.404150339962985e+01
5.753127753619630e+01
1.411849791841512e+01
4.106780110908105e+01
7.309931124239196e+01
7.103749465711297e+01
8.560994462371335e+01
6.085586401673773e+01
5.965231301246784e+01
1.314738309623086e+01
9.510881211380885e+01
3.779975089142088e+01
7.706457394038540e+01
3.387351447431068e+01
2.449117415793760e+01
7.379094263249586e+01
7.262793284497593e+01
3.829254574994210e+01
6.719572188667755e+01
7.267664027059294e+01
6.244324648866581e+01
9.223948232468193e+01
4.465419521772032e+01
3.977278696362524e+01
2.674915205070244e+01
4.902750726278289e+01
4.022948538895207e+01
5.729793517724515e+01
2.613809058728539e+01
2.160269321017093e+01
1.004513912370668e+00
5.017959403348137e+01
6.400051729939902e+01
2.816854632839959e+01
3.832329112958317e+00
5.223328194219307e+01
8.261577029834305e+01
3.045129116179947e+01
5.301398036676178e+01
4.226808326424476e+01
5.411619700217442e+01
8.899558949703146e+01
5.182810935742599e+01
9.683925425486605e+01
1.751135690953180e+01
4.559008313603238e+00
7.063019684079578e+01
8.393995174390263e+01
6.065107153758922e+01
8.441675067153608e+01
1.001619454939672e+00
3.931361666848586e+01
7.665623294965188e+01
8.601711401064746e+01
8.027707081301001e+01
8.079401081464906e+01
1.320683337431719e+01
6.588248026831191e+00
3.809194594532808e+01
9.345130663991500e+01
1.540192599194214e+01
5.214199435531255e+01
8.952451804165007e+01
2.004653719256005e+01
8.031054073027826e+01
7.028718612635842e+01
5.955819387899628e+01
3.590316024418136e+01
1.506567621373836e+01
7.719400109592546e+00
5.194394199733806e+00
7.796986819150385e+01
3.022178235939787e+01
2.509388207695162e+01
7.147348745329002e+01
7.820632363586050e+01
8.982123671556880e+01
4.487338417436619e+01
6.834561334380210e+01
5.047230820659190e+01
2.916863096373557e+00
6.456353495109991e+01
6.095275132029911e+01
5.946367702421903e+00
1.133198394036479e+01
5.353703492020119e+00
8.674037851707097e+01
2.939337842603837e+01
6.273293558635420e+01
2.849266958818430e+00
2.687134082749083e+01
9.092387686992245e+01
7.697431877114546e+01
5.826282042929103e+01
9.824878880672566e+01
6.580324334362672e+00
3.903473352037125e+01
1.229352374202270e+01
2.021117039034663e+01
9.666398637772723e+01
4.116835996563004e+01
3.453255558131848e+01
1.906523020894510e+01
3.107412361124257e+01
9.117855033426478e+01
2.970689517897875e+01
5.580127102127358e+00
5.164476588910667e+01
9.318449101093435e+01
4.531152334311582e+01
5.096133786764058e+01
2.247462576370436e+01
2.481712038853072e+01
4.074726274271833e+01
2.842099346612627e+01
2.739395491191836e+01
1.771232393463716e+01
3.626101209607954e+01
6.691045251996744e+01
5.962488588859555e+01
2.140244525922576e+01
9.574962896096969e+01
5.054876271195187e+01
1.696801512360946e+01
9.751307167928344e+01
6.947613319823338e+01
7.159675442222355e+01
3.654780515308855e+01
6.604534111267204e+00
9.446404501537981e+01
2.325139754603216e+01
7.698369104274721e+01
1.986960960546024e+01
1.131624463541258e+01
5.578824102682445e+01
5.859922178024390e+01
1.854962251081580e+00
1.733826180796058e+01
1.281622704715292e+00
4.877530883474988e+01
9.496432239886575e+01
8.198777012619551e+01
7.124993464502037e+01
1.989634773689152e+01
8.118530529606403e+01
6.530678219409045e+01
6.101491817320460e+01
5.794770860017636e+01
7.875438089424482e+01
3.152686698898993e+01
1.319042407590450e+00
6.002452604473779e+01
7.077711823898234e+01
2.980063167857035e+01
7.179401152385120e+01
6.829018987169964e+01
7.859818319724788e+01
4.604688610231825e+01
6.199074888694600e+01
4.587499920552364e+01
1.754079289619848e+01
8.524214647954430e+01
6.065293683700866e-01
1.319329850990013e+01
4.532949754285137e+01
2.754200460740459e+01
5.647112538873736e+01
9.203153666669109e-01
8.758248481321264e+01
1.271972130645053e+01
4.969562424798292e+01
9.512774813693377e+01
3.932145565716617e+00
2.620394668830742e+00
2.443154855837652e+00
2.666717843463047e+01
1.702988209064579e+01
6.345807307560838e+01
2.131694160463146e+01
2.200614522304672e+00
4.534468042913111e+01
9.109162734406611e+01
8.560550980530935e+01
2.406273178014100e+00
5.534666229754065e+01
6.206879488288835e+01
3.405224812871415e+01
6.478378202988942e+01
8.115680938640461e+00
3.889024315350235e+01
1.914756271017136e+01
4.862661200977239e+01
7.694002970910633e+01
8.133397106143366e+01
9.007152639798425e+00
9.836251162847621e+01
5.157819402011958e+01
9.992509591389684e+01
6.666768904154546e+00
3.916067878676610e+01
2.186947135341795e+01
7.288546686660753e+01
2.170748590571223e+01
1.192075857516413e+01
9.383102571304470e+01
2.415064076154988e+01
1.919876710474434e+01
1.444751262406237e+01
7.166742471590052e+01
1.602697713115577e+01
4.989629958285778e+01
2.740236196080333e+01
1.544551826801408e+01
4.017108294189492e+01
2.980863513881743e+01
7.965564987606166e+01
9.639127095993202e+01
8.240796028748525e+01
1.360049527771794e+01
1.035555876342373e+01
3.924872537108545e+01
3.209282789942475e+01
5.898217081976225e+01
3.116194188183264e+01
1.408202904932295e+01
6.508490823446070e+01
6.036952685581964e+01
6.566022306944254e+01
9.378951331311349e+01
3.619122241446340e+01
1.151006096578672e+01
8.978389072687546e+01
1.658306984071763e+01
2.652838771535474e+01
2.256575814567774e+01
7.858729431339879e+01
4.392672290277049e+01
5.316447743827686e+01
2.486160817782470e+01
3.796328796910275e+01
3.541745489249818e+01
2.989901482588565e+01
2.088139616925334e+01
2.244541105928151e+01
1.492899070257740e+01
6.923710832802445e+01
7.078189746047458e+01
1.882507410777038e+01
5.164506856894356e+01
3.184537320949388e+01
2.752442729078439e+01
7.294327200993116e+01
1.713045072608183e+01
6.810879445081055e+01
7.118150516002510e+01
3.926606696996189e+01
5.449592157010731e+01
1.030076798531262e+01
9.687270284484732e+01
2.241034089699869e+01
3.980501226140419e+01
1.693604607923704e+00
3.316818058172622e+01
5.301178579824594e+01
2.822199232327844e+01
1.283071577215135e+01
7.491788346083736e+01
7.890102080018308e+01
7.151720257080962e+01
5.553212792404560e+01
1.871963884621842e+01
5.551056613005258e+00
3.505014559954877e+01
3.807015923693318e+01
6.334615632116149e+01
6.891886250531249e+01
1.221321076723431e+01
2.455944741357092e+01
2.530233856537488e+01
5.895233613390118e+01
6.679327323417797e+01
2.162583634333025e+01
3.189560809726623e+01
2.607229087784527e+01
3.899489717511223e+01
7.333451475637709e+01
5.728477065325005e+01
6.262835597741807e+01
8.363528274168972e+01
5.415747345153125e+01
4.420006910534579e+01
3.015324721585645e+01
8.046635961181781e+01
1.754306523014934e+01
8.212318559276088e+01
8.407307038273339e+01
2.501266772160897e+01
4.450721947686151e+01
6.297409113635034e+01
2.084671003783434e+01
3.175286153878684e+01
8.016285425059631e+01
5.703128825734895e+01
1.877996247204950e+01
1.786556859401314e+01
5.712203795887625e+01
4.090506119695728e+01
6.485572302008779e+01
2.600955633726416e+01
9.830951159741241e+01
2.921566410419329e+01
4.047531464159270e+01
8.641619728245595e+01
1.638822519052226e+01
9.684914084935986e+01
9.454863168976672e+01
1.946533844781357e+01
3.697017907955226e+01
1.799868569616167e+01
7.719827232751915e+01
8.291384861008909e+00
6.608128606624962e+01
4.438496438990578e+01
6.291384602101233e+01
3.944861294676020e+01
2.357118689621388e+01
4.821553325663113e+01
8.473022747073799e+01
7.101536945952817e+01
5.071412341236795e+01
8.530799070620350e+01
2.768230998315025e+00
9.135247859701164e+01
6.880600311272126e+01
9.652464240627580e+01
9.585492037974992e+00
2.021893342967095e+01
6.721359424628950e+01
3.210683447872606e+01
2.778492478084980e+01
3.200395513884907e+01
3.652842842812111e+01
7.745216799781292e+01
3.153761496373341e+01
3.600661532767425e+01
3.554256597326257e+01
5.177625406150531e+01
7.963340328057920e+01
8.967647742930636e+01
7.807791851371429e+01
9.195538363044867e+01
9.796786229031527e+01
1.236145618015968e+01
1.408863533944294e+01
6.211032516421299e+01
3.070787206790776e+01
4.059678532210960e+01
8.077092002181845e+01
1.543809953864575e+01
1.161215473507166e+01
2.151548276725946e+01
1.579340501492536e+00
5.065508589644687e+01
3.389918097942098e+01
7.038534361421380e+01
1.090502809309635e+01
8.758528776820064e+01
7.646690903998302e+01
9.869386446601425e-01
2.097908720419700e+01
4.438348428550339e+01
1.012257747823493e+01
9.756363895608283e+01
8.307690945597221e+01
2.854272989953995e+01
1.320423186440218e+01
8.397733209839899e+01
4.151151396404556e+01
6.867618563988999e+01
8.295952811975010e+00
7.224535223666828e+01
2.009913144637790e+01
2.687828514113943e+01
2.401874182932951e+01
5.246849192887009e+01
6.837414026650328e+01
7.582881100281553e+01
9.306527725097969e+01
4.865924760171178e+01
9.210016084467068e+01
4.784721217483618e+01
2.154814080407291e-01
5.110904129739341e+01
7.546238111120761e+01
1.308344272574570e+01
6.406484491381089e+01
2.996284581253438e+01
3.553689612799180e+01
7.883021891062624e+01
8.081468151920228e+00
9.311612252756773e+01
8.491523819273115e+01
4.860460471762559e+01
7.031373906429566e+01
3.443443217986936e-01
4.674677557626124e+01
6.232737016972497e+01
3.232105739057113e+01
8.825828954030681e+01
1.752768345993370e+01
9.619417884209854e+00
9.991557518947664e+01
7.178822856945369e+01
5.674446181242562e+01
3.623496291052316e+01
4.304250499375281e+01
6.315523575206997e+01
9.976312802162167e+01
2.198378565813591e+01
5.128953189183470e+00
9.313630619698033e+01
3.019944016365309e+01
4.846101130752871e+01
8.245546840245625e+01
8.019366635949987e+01
2.945520013079755e+01
2.643855364361711e+01
8.980587771619012e+01
5.674262468551407e+01
6.831381147183190e+00
3.031227455023317e+01
9.019747268883394e+01
9.471447239383798e+01
4.981072035143651e+01
6.051121170656346e+01
6.019328784206569e+01
4.022289856347390e+01
4.402918258869517e+01
2.965839772003628e+01
5.109645661483354e+01
9.622333911071686e+01
2.456597356338332e+01
3.406217300056581e+01
8.679735222216573e+01
2.573736455558677e+01
5.245746157712185e+01
2.983985716935241e+01
9.528289581429348e+01
7.470947670503961e+01
6.594763941408490e+01
4.352842566721534e+01
6.657276547819970e+01
2.835144476422642e+01
2.270787634081574e+01
5.211555555095689e+01
7.481344946418585e+01
5.353389096145234e+01
1.723190490958835e+00
2.024332388315505e+01
5.061524112271854e+01
6.389854371729239e+01
6.057240956489575e+00
3.184636232063470e+01
7.282106013634292e+01
7.036050053795823e+01
1.323925424983690e+00
3.301434793184248e+01
3.319866761248497e+01
4.535310801367886e+01
3.962237883341609e+01
8.577507305227921e+01
3.035686585603136e+00
1.301305043185737e+00
8.323856279404767e+01
1.872101799525368e+01
3.790325961909409e+01
6.584274599600711e+01
5.821365646934773e+01
8.520861272011354e+01
8.496298137352009e+01
7.506758001403306e+01
2.873703834076274e+01
1.689442112897263e+01
7.114260437485883e+01
2.072647526894066e+01
3.651302356110561e+00
9.747003484399525e+01
1.636179872619072e+01
5.374492893635525e+00
5.385179792244536e+01
2.487560735311154e+01
9.723707232495633e+01
8.120906915571963e+00
3.818715682168825e+01
6.415427874967189e+01
9.971712166430294e+01
6.701224654308159e+01
7.411825986305170e+01
1.168007506601516e+01
6.045775779544271e+01
1.374063864990167e+01
9.597519929333367e+01
5.394180158802392e+01
7.792899104670109e+01
3.128235523183008e+01
8.231560088801925e+01
6.785470799908727e+01
4.153585990031057e+01
9.375397530093508e+01
5.306332067263467e+01
7.861638971539978e+01
7.883681029958501e+01
8.617413406547817e+01
2.608377231568274e+01
9.558470253627036e+01
2.526834282338076e+00
7.353136226233624e+01
8.690206165746882e+01
6.099950334103755e+01
8.706038337529655e+01
4.690653520957871e+01
1.662807865842622e+00
2.347288374950778e+01
6.120394312832688e+01
6.735112898394053e+01
4.845173435679252e+01
3.350884957868087e+01
3.436337548045599e+01
5.051577405562428e+01
5.531580907074540e+01
4.672872999065031e+01
3.631063282317977e+01
3.369111215401958e+01
3.330885206037613e+01
1.423962382331473e+01
7.244647912329366e+01
8.298613246669348e+01
4.739625935787161e+01
1.398233897703809e+01
2.351538973092818e+01
3.515765249503667e+01
4.048118025086875e+01
9.650223087356530e+01
1.695801150843408e+01
3.388181511959146e+01
8.379064536829975e+01
1.948484579077216e+01
5.441361132749059e+01
7.684538265543310e+01
9.627204639663549e+01
8.726204209367839e+01
8.349201007908769e+01
1.319297673795045e+01
7.155949770079903e+01
1.919657365381558e+01
6.655711385726795e+01
2.765639942495916e+01
1.228820952227721e+01
9.964935872687462e+01
1.490628896975251e+01
3.141384759518032e+01
4.000440795906093e+01
8.700922452239749e+01
2.304811893172940e+01
4.704862029619916e+01
9.313148287736415e+01
7.108773718173045e+01
6.196756896654496e+00
7.522581465320000e+01
4.656443649277298e+01
4.632534731474023e+01
1.038346710167055e+01
1.842056699954931e+01
2.994839932301473e+01
4.219809888964431e+01
1.636046977544225e+01
2.554673060101770e+01
4.682632444744293e+01
8.808603318784667e+01
5.054278683408293e+01
8.309058210956425e+01
3.153072550498448e+01
1.595023196002014e+01
4.103322501342428e+01
3.607124180350045e+01
5.139564073243906e+01
6.319208213276791e+00
6.333287966592837e+01
5.629070073193437e+01
4.789686796623136e+01
6.224819871701682e+01
3.437632575369269e+01
2.581413976187545e+00
5.277069548739618e+01
1.448150790039520e+01
9.939527595387551e+01
3.770602323939373e+01
4.441772985477826e+01
9.982304228461490e+01
1.293183784602761e+01
7.032588635120814e+01
1.750474722008442e+01
9.469098942107101e+01
6.865159630247001e+01
3.088574378326803e+01
9.126790104958596e+01
6.840237652342878e+00
5.028298690462623e+01
2.237346243223802e+01
9.040001322999596e+01
5.267510011451091e+01
7.671407348323336e+01
7.490549593926663e+01
7.881913114284124e+01
8.161470386274844e+01
7.799571914505015e+01
8.374252216133407e+01
7.030558100450112e+01
1.097174315292935e+00
9.541226089718391e-01
2.531357054846062e+01
6.677985571640536e+01
7.564285731671511e+01
4.624913462728688e+01
9.056068635106119e+00
4.897284998976292e+01
4.378431199294716e+00
4.906041931782868e+01
9.339057984454119e+01
7.555783110463891e+01
3.887069511174722e+01
2.287838576495572e+01
2.147685024956095e+01
8.556101093327673e+01
7.791744814157367e+01
2.161357049905396e+01
3.596434576248952e+01
7.702353516454973e+01
3.307385334422526e+01
3.344745381430138e+01
2.039830559883188e+01
8.295817718978886e+01
7.402893261705941e+01
9.661940797074671e+01
6.456808460157741e+01
5.564363643324172e+01
7.329952063658253e+01
4.831060671634535e+01
4.357754850926695e+01
3.554400058255717e-01
8.335849167004157e+01
8.617256921072145e+01
4.117655066828083e+01
3.935764256834874e+01
8.372916215273048e+01
5.253094674671579e+01
7.388043658522909e+01
2.937357264076060e+01
1.591366064544472e+00
4.137368544068825e+01
7.140881604114958e+01
6.358362327496690e+01
9.014940219472601e+01
2.627809128085062e+01
6.362981966865706e+01
5.663431503653261e+01
4.529348846771451e+01
8.485553119557702e+01
4.509038545428328e+01
5.085368922485676e+00
4.696485448952991e+01
5.670753766629265e+01
6.411629527067592e+01
9.233191762693781e+01
4.898354455315673e+01
4.877939310333663e+00
8.806751858818694e+01
3.409201318123006e+01
7.699498654203256e+01
4.042253375073081e+01
8.488708086539390e+00
2.373117116453646e+01
8.116496283615238e+01
4.966525875482021e+01
2.606291427559355e+01
1.276229210792216e+01
4.898385086515166e+01
2.504773900147888e+01
4.616210816715011e+01
3.787571566080475e+00
1.601612396352744e+01
8.759253266621033e+01
6.737119484104738e+01
8.246815757940902e+01
9.086498529224889e+00
1.626238022756874e+01
5.456717258997595e+01
9.646204854196965e+01
4.652764212644084e+01
9.562539327685973e+01
6.463398354343791e+01
4.131233642870203e+01
7.732770674737529e+01
9.686362403298897e+01
1.175281396682971e+01
9.380155340479759e+01
2.057121271294132e+01
6.777036230441665e+01
4.619262397577643e+01
2.542990307576484e+00
7.582047315119787e+01
6.448729809582574e+01
2.880270617492623e+01
2.966561682041064e+01
6.262010189826604e+01
7.997000863774214e+01
9.307689261300345e+01
1.634876235218195e+01
5.017747592654893e+00
3.521275731512008e+01
5.404604741094916e+00
9.733650302390406e+01
4.644777953924974e+00
8.750752875930981e+01
9.609901346084617e+01
9.088313243858663e+01
2.817403256342469e+01
7.438381089567385e+01
4.526311938895989e+01
8.444444792552126e+00
3.030274022850336e+01
7.801044815127293e+01
4.489485395368880e+01
9.929226622883802e+01
7.487407218426189e+01
8.083511971907463e+01
5.665271871567365e+00
4.220759498058241e-01
2.309598947088048e+01
1.556343353146847e+01
8.350402078754455e+01
9.891646266864448e+01
8.591340830824963e+01
9.291737228302162e+01
1.807962084099633e+01
1.432289630841599e+01
1.173778107005068e+01
2.046286217889882e+01
5.997292998245588e+01
7.593681541082302e+01
3.191460153642791e+01
7.090699866921966e+01
1.409203168660963e+01
6.171605492090622e+01
6.761679261346198e+01
8.587246788007788e+01
2.835538574883499e+01
9.132465719772721e+01
6.025627877575172e+01
6.394099246894056e+01
4.147273443707858e+00
9.055901900425508e+01
7.979767377478893e+01
5.832385740164847e-01
1.820785315623873e+01
2.650302542676359e+01
3.664476929076238e+01
4.626629084640476e+01
2.173126960253868e+01
3.243466794138526e+01
1.125060353020700e+01
3.513911177177872e+01
7.950603709533161e+01
4.072221430983497e+01
2.805648405480035e+01
6.892006661226977e+00
6.988488653203700e+01
2.959029680564548e+01
6.250354436342770e+01
4.431931192256478e+01
4.169346147295715e+01
9.912399696145393e+01
2.442857582328309e+01
5.679782552495497e+01
2.050274169095919e+01
9.204536843674508e+01
8.180117312902640e+01
2.305479567640219e+01
6.343206999051947e+01
5.703381633247893e+01
2.247663257758908e+01
3.970659186118589e+01
7.257775663052581e+01
7.410558586665690e+01
8.736782147892184e+01
9.858324709282408e+00
2.381066234028463e+00
7.693459972596476e+01
6.972305479912229e+01
6.418816748270214e-01
9.614128051145994e+01
1.955065411494610e+00
5.464900529694231e+01
8.887530471611549e+01
8.097433349163008e+00
1.908182046333413e+01
6.762116144766154e+01
9.244381533583804e+01
9.247754173934345e+01
7.416237684626243e+01
3.676312725840283e+01
8.262879163149222e+01
6.152668505046828e+00
7.250807800912675e+01
8.687207321025062e+01
5.664427096799215e+01
5.323707147186486e+01
8.501204698579947e+01
1.593807172772385e+01
3.618205955074264e+01
8.756909826191566e+01
9.799017021338929e+01
7.285650538879284e+01
7.996613796798798e+01
6.764563874697575e+01
5.105618091814973e+01
3.155963943878172e+01
9.519345219954543e+01
4.826623590116679e+01
4.594907818639143e+01
2.540721414862537e+01
5.308563544092962e+00
1.332429722571946e+01
5.766196025426591e+01
4.929732300774069e+01
8.272922042884362e+00
1.169142327815826e+01
9.500329242786546e+01
6.149207491497140e+01
6.922132241037737e+01
9.073422732331521e+01
5.062867316912332e+01
2.522210447360859e+01
7.935717109560835e+01
1.182037620424311e+01
6.365117703734487e+01
5.650192352780230e+01
6.505744772267408e+01
2.373423414478741e+01
8.641815454997968e+01
8.172658913849229e+01
3.112261548224958e+01
8.753563197680546e+01
3.810232241549637e+01
7.364600388037321e+00
5.057677717440612e+01
7.651294948370800e+01
9.132160809418262e-01
4.184613709423977e+01
4.370953708128516e+01
9.198221577889389e+01
4.208421699799793e+01
8.268349547064095e+01
6.018659153961884e+01
3.087795899756158e+01
4.570556070921270e+01
8.160832216106742e+01
9.720203159246688e+01
3.079426350574673e+01
9.547386811835406e+01
4.571128033367511e+01
2.591391630746141e+01
7.405922509453224e+01
1.957843686434367e+00
8.572413599385142e+01
5.345561450973880e+00
1.271784706633438e+01
5.137323972367367e+01
2.298036516782845e+01
6.001781563275392e+01
3.463488795544714e+01
8.870410089786355e+01
9.114043116156964e+01
4.036813627014315e+01
6.656513375535846e+01
2.229184565241069e+00
7.201319843158741e+00
1.341089266976849e+01
5.257129061621208e+01
2.481805250272996e+01
5.289955928591059e+01
5.587585650192381e+01
9.113167398196256e+01
6.902165634977709e+01
1.019128649970111e+01
2.423783928353239e+01
4.046490930042459e+01
9.179960866076854e+01
5.903101962014614e+01
5.587364102521614e+01
9.151245811558908e+01
5.729004398793450e+01
6.191204160540925e+01
3.337601797346771e+01
4.804214064406331e+01
8.879198361597582e+01
9.129893546518821e+01
6.002256854438343e+01
5.167336759701062e+01
4.350859417743450e+01
6.941880894332138e+00
2.847429580449792e+01
2.278081147129685e+01
9.764432934934474e+01
3.223382901970010e+01
7.822453816338654e+01
5.068036427287402e+01
3.450872159307297e+01
4.297453744475475e+01
5.219352932283353e+01
5.805334581902872e+01
9.870316558457128e+00
5.345859222740800e+01
7.961427973565380e+01
2.600599593762588e+00
8.910519484854545e+01
7.049213092331408e+01
7.832877197225055e+01
5.544948734131152e+01
9.783162739958224e-01
1.875044066400753e+01
6.067467334711676e+01
7.803825125006877e+01
9.674859745276561e+01
7.609898204733571e+01
5.151092491648669e+01
7.106320777491815e+01
3.634509110653079e+01
6.900215329090233e+01
6.769254825436163e+01
5.796234368251746e+01
1.544545936186121e+01
9.616684405885955e+01
1.120894072167992e+01
5.533087353935971e+01
9.788424628688220e+01
6.245900442006952e+01
7.477950270975917e+01
3.731939510317491e+01
1.831698744479426e+00
3.679868324510691e+01
2.580200090343226e+01
7.459099272945477e+01
7.075175739394118e+01
5.416280592519921e+00
2.975020498491368e+01
1.772456379501362e+01
7.731769349301126e+01
7.281571392566697e+01
8.985112346236180e+01
8.960921270288956e+01
8.714039562602545e+01
3.257408748966367e+01
7.284857089298245e+01
9.425274091505106e+01
8.056423351194907e+00
7.186664970212926e+00
1.256813635703555e+01
5.087125834583829e+01
4.458728090142239e+01
8.404427463377093e+01
2.871792988326304e+01
9.867231850450501e+01
4.969469190095304e+01
5.841167781428046e+01
5.924574735539302e+01
4.757893814126912e+01
5.665253431380379e+01
1.804640331214592e+01
1.798265581856606e+01
2.270238097882940e+01
7.102923005401587e-01
6.261000780510251e+01
4.985198636998049e+01
1.957873782123380e+01
1.611661474039621e+01
3.506825647087221e+01
8.565815248790111e+01
9.202502630279633e+01
5.241790528056114e+01
8.990065333894485e+01
3.999274384230038e+01
8.309972825604478e+01
2.247474078204238e+01
6.717601240015402e+01
3.381104172850542e+01
3.114781027247562e+01
9.678765283747933e+01
5.413536394673184e+01
1.532170745326286e+01
3.157812540027226e+01
3.042345267274577e+01
3.020084990663494e+01
8.181405737149252e+01
8.011814457369883e+01
2.337867995881414e+01
4.557776066734351e+01
4.888765423041194e+01
4.424936219316412e+01
2.318073190896806e+01
4.928784773186214e+00
6.695174317199353e+01
6.727376783605375e+01
7.206091050620233e+01
9.698144034341976e+01
1.268557897428310e+01
3.941236484768445e+01
9.640592089686818e+01
9.022211408718587e+01
3.143739110391466e+01
3.770319281038977e-01
7.367494542788478e+01
3.723076886368485e+01
8.838212699088366e+01
6.804516262749451e+01
7.731527559334192e+00
7.033089151155710e+01
2.045712281039782e+01
6.724200773390103e+00
6.857234675836393e+01
7.373322270518786e+01
6.455702547196161e+01
2.776222938101843e+01
9.300653068023107e+01
1.791136312201217e+01
7.911394400480852e+01
2.232266297672068e+01
6.348912383592181e+01
6.811026673210331e+00
6.711133796121523e+01
1.991643804121597e+00
1.114016725269154e+00
3.230137565746036e+00
4.361511172895092e+01
3.618771384292641e+01
5.086681058205050e+01
1.395094749236058e+01
3.749095324310053e+01
1.994752475058079e+01
9.077480276616980e+01
1.355194869150964e+01
3.500954962103141e+01
2.400748404860845e+01
2.406488001535874e+01
8.447868460066556e+01
6.208509754486619e+01
5.851424516109481e+01
1.368765938733130e+01
5.159357765298037e+01
7.993195260871758e+01
7.524420003185244e+01
5.811121648089551e+01
3.704651828717743e+01
7.423999946296215e+01
3.367495864335213e+00
1.704209443044015e+01
5.335394342120455e+01
2.622947163238631e+01
5.354925480370841e+00
7.471576359808248e+01
7.151381358109127e+01
6.720107396468570e+01
2.685391196368910e+01
2.740389063367801e+01
7.194779807326746e+01
2.227360551351384e+01
2.837321475538109e+01
9.989722450259012e+01
4.388163101108820e+00
8.491586399493546e+01
3.810473249205609e+01
8.022683992992474e+01
2.693880834939834e+01
5.089939476498374e+01
4.291719898717347e+00
7.524102464096669e+01
2.065619627044359e+01
2.723707450890777e+01
2.853394082213470e+01
9.002410266083857e+01
9.027050006681611e+01
8.803472807073720e+01
