3.332502191575477e+01
3.636214078234608e+01
5.333502052972793e+01
6.865661720217048e+01
9.905974985987868e+01
5.924468290025586e+01
2.698064922680177e+01
2.603424956371740e+01
7.991242929357682e+01
9.598199892602022e+01
2.348814151412255e+01
8.698635314916557e+01
8.560176770463667e+01
8.940272177076094e+00
4.110418555378178e+01
4.883729943485805e+01
7.540134395258565e+01
7.527364910360130e+01
4.552698891867278e+01
3.820761918938142e+01
1.632445911705702e+01
9.156022504510368e+01
3.778564843246045e+01
8.297124439057487e+01
9.115388737579522e+01
2.883169112206981e+01
5.584620849967293e+01
6.467251124078059e+01
4.560196718461903e+01
2.614859856020128e+01
5.801382649597424e+01
7.892698910037382e+01
6.251073934254736e+01
1.134884697913604e+01
4.758360625597816e+01
6.157048915585991e+01
7.059352987939191e+01
7.456425548277994e+01
8.760473871957731e+01
5.050595917296873e+01
7.054625440880015e+01
1.109288018713374e+01
3.749231227556817e+01
5.614802206687072e+01
2.003315236420983e+01
7.859649787591607e+01
4.985321455162635e+00
9.543449631679547e+01
5.387014693295124e+01
5.051231037383541e+01
3.364211545961076e+01
7.019460605000826e+01
4.207253541893910e+01
7.142776389207121e+01
5.316585044058312e+01
3.322642274816820e+01
2.594549675748939e-01
9.012058893689913e+00
9.789893398894878e+01
4.586142215219392e+01
3.516065750045733e+01
5.591276043835690e+01
2.478841125256773e+01
9.767139684300469e+01
6.726160746405907e+01
7.237201750854589e+01
5.924188599886461e+01
3.785513729688485e+01
4.693627299132584e+01
4.684662467187579e+01
8.836109646985358e+01
1.748252735355987e+01
5.793950490557565e+01
2.585340874542175e+01
7.363054942043058e+01
7.797265726978549e+01
4.449906574771696e+00
7.861587092215935e+01
7.340715358658095e+01
5.832005350772293e+01
2.912818124942862e+01
7.049268999625588e+00
2.851465955773120e+01
7.120071666836772e+01
7.847703293826292e+01
8.168050999831432e+01
4.427139416535915e+00
7.873648790583783e+01
9.069256889200423e+01
2.326073358918574e+00
2.459791005803175e+01
2.585322634589543e+01
5.823883384384161e+01
4.938632131059948e+01
2.352462318890012e+01
2.550044126133455e+01
2.175833877257925e+01
8.276650918776473e+01
6.335557855821941e+01
6.869461176390509e+01
2.961313381307439e+01
5.171667502807299e+01
8.617713911746495e+01
8.755263871865004e+01
7.757008377349473e+01
5.980768853789553e+01
6.552529598843553e+01
8.201999034826643e+01
3.842355941348875e+01
3.893244952845036e+01
4.034004380942324e+01
6.755174066291737e+01
4.598171852807594e+01
6.885470336715444e+01
3.875245733128509e+01
2.445875141977275e+01
5.053521331890263e+01
4.317959674782101e+01
3.195239325610567e+00
4.122778221090687e+01
4.550567010673958e+01
2.779314938364231e+01
6.708100855680229e+01
3.744503904015061e+00
7.717947069424180e+01
9.060563174570242e+01
2.924494516534961e+01
9.893780946682105e+01
7.337214088690102e+01
9.260052377013514e+01
6.763242123072614e+01
2.985274699975399e+00
4.431719875164200e+01
5.380956030162497e+01
9.053791341862544e+01
2.188728247857060e+01
1.361724879295437e+01
5.606320936049484e+01
3.907272780270908e+00
5.204080820644312e+01
9.499565888894520e+01
4.424731658969415e+01
1.959254886936049e+01
4.097737741702115e+01
1.310201995684859e+01
5.834500620064559e+01
6.543612883679388e+01
6.363723327575123e+01
1.524602901900468e+00
6.863136816240444e+01
4.865015440091964e+00
4.703027300864005e+01
9.642451754604676e+01
7.194602404346038e+01
5.077477695922125e+01
7.360398819372243e+01
6.255165574259668e+01
8.001972212457085e+01
7.254179766054349e+01
3.592379662949769e+01
7.262024584813986e+01
4.017421884470350e+01
3.890907132947309e+01
1.693744455321573e+01
9.398377914632846e+01
2.944698470153240e+01
3.882472703178633e+01
7.601027939282837e+00
8.551019410859337e+01
4.273199981205724e+01
5.964183614572596e+01
8.050585295097244e+01
8.697931644831752e+01
7.923438501508645e+01
2.148323032142745e+01
8.133635859998704e-02
3.757939116916591e+01
8.691935920478745e+01
6.371856963435122e+01
3.910399407106638e+01
5.555072732062578e+01
6.858358512100931e+01
8.613426712627256e+01
5.197524486667255e+01
4.052960911790356e+01
3.690904403892767e+01
2.557923301382886e+01
3.081264813934111e+00
1.692876611693239e+01
9.812103067437235e+01
3.900506144343180e+01
8.954901201163838e+01
3.829524947250972e+01
7.791413277290489e+01
6.486456518287984e+00
3.227902861883818e+01
7.361117474437280e+00
4.531118359664045e+01
3.988005655812103e+01
9.287131158303065e+01
8.804318340869769e+01
9.952189270384699e+01
7.337716448743696e+01
7.502249981044909e+01
7.875627771893343e+01
9.486039485543053e+01
7.510383616904906e+01
1.633566884153321e+01
8.177975401365187e+01
3.882240580340028e+01
5.543966295916572e+01
3.733048128771153e+01
7.405990877843458e+00
4.157393003887214e+01
8.930572615438408e+01
4.793559999574703e+01
7.848297407779981e+01
1.488495916821294e+01
5.101686480968113e+01
9.541174019473220e+01
1.300598979601915e+01
9.002192629967905e+01
8.496075215980446e+01
5.130123931509500e+01
6.793605902601782e+01
9.144720872465857e+01
8.358026793393320e+01
7.529717650045509e+01
3.675839227473288e+01
2.346032444548808e+01
6.816848803691961e+01
2.480157563686444e+01
2.298221710276893e+01
4.154565252435657e+01
9.982407549387965e+01
1.738494775136232e+00
3.640604733322098e+01
7.492791161636259e+01
1.807416366323557e+01
1.818580130030671e+01
1.375031737319674e+01
7.351382662240128e+01
5.551628258801824e+01
2.115630825104020e+01
1.508775661470730e+01
4.482200874240231e+01
6.909190824678723e+01
9.357073069250711e+01
5.970696791061525e+01
2.010877305646835e+01
8.898247084067317e+01
7.271295770663440e+01
1.013069930958128e+01
7.394322300047764e+01
2.401419697516328e+01
7.806675833559909e+01
6.539043167857007e+01
7.594464862530337e+00
5.336393483605419e+01
2.148823906736832e+00
3.105478930801842e+01
2.153242282640768e+01
2.695039954360127e+01
5.403700645735348e+01
6.307807535076424e+01
2.677447499091480e+01
5.577550123248971e+01
9.948412268398522e+01
1.702386607277387e+00
7.384966489572527e+01
1.766992393772580e+01
1.545270398047413e+01
4.736349147156044e+01
7.318620657231017e+01
3.660901227808046e+01
6.245124808626773e+01
1.800821526814635e+01
5.700920478301551e+00
5.602197873220871e+01
7.771518317876159e+01
2.580969353476991e+01
4.500444957288190e+01
5.042814083882987e+01
3.594039284435119e+01
1.894767252679340e+01
7.444233786055928e+01
1.400715117995029e+01
8.433810420536348e+01
8.203680272308961e+01
6.737108601600448e+01
8.648692811210032e+01
1.309159203110803e+01
8.890350884241215e+01
1.343732760913545e+01
6.712859848846151e+01
5.198158419317640e+01
4.021180264661638e+01
2.290409967438509e+01
5.146570683059548e+01
4.191418925389377e+01
9.675376461667649e+01
6.913563081488742e+01
5.736689323436790e+01
4.411725604167081e+01
4.232183734063145e+01
9.397590551244835e+01
6.568504127938535e+00
6.033005260877780e+01
9.967682603731603e+01
6.259048286014725e+01
3.804523574097326e+01
2.548651952551981e+01
7.594932386463010e+00
8.847337657980312e+01
6.142691241643713e+01
2.654260491325641e+01
6.291571439379626e+01
7.543406359638742e+01
1.088070907205376e+01
4.495251711688587e+01
4.280514956582577e+01
9.736763718415408e+01
5.804410914799389e+01
3.170865836167180e+01
1.080496479328953e+01
2.517270758988928e+01
8.369024255484820e+01
5.101676743990591e+01
4.807680726427436e+01
3.515594938544368e+01
9.293095669379969e+01
4.483057183438473e+01
4.291580153764961e+00
5.029784988160145e+01
8.894782792262166e+01
4.661341749439641e+01
4.427375539404981e+01
9.551633205056019e+01
6.943470056608072e+00
4.395058138479971e+01
5.810681486414131e+01
4.498870579758133e+01
6.943710091031953e+01
6.570174729717046e+01
3.346208233081833e+01
3.086401328019053e+01
9.224435221042687e+01
9.637779677118073e+01
6.298076830011828e+00
3.125061282480630e+00
4.133031384150046e+01
4.910322639583760e+01
4.926984200685744e-01
9.937442298949436e+01
8.081188480407553e+01
1.129766321335810e+01
2.454713053281751e+01
6.450212731235759e+01
6.231443065326402e+01
7.262393779709187e+01
9.965807669780128e+01
5.524538730049756e+01
1.745450963147660e+01
3.949656805000108e+00
5.543237182099017e+00
6.402337507532136e+00
5.056307429939652e+01
4.981699257614882e+01
1.918669511526204e+00
5.750654435600458e+01
9.376757396094854e+01
6.002548437566752e+01
2.495250107019790e+00
6.320467482470193e+01
2.572723162627184e+01
3.595733248440425e+01
9.406868815145860e+01
1.797158383669871e+01
3.233512920901884e+01
3.667649349042983e-01
2.109664511917934e+01
7.366544305051931e+01
4.946999137730803e+01
2.158934353924792e+01
7.303986599344753e+01
3.028187613481743e+01
3.288700679917215e+01
9.758699652626504e+01
9.478400344717502e+01
9.520143745243617e+01
7.021093427679079e+01
9.444208014497630e+01
5.044682475293373e+01
8.766544390826739e+01
9.839173694997642e+01
5.599006193503274e+01
9.406778141579953e+01
4.895481124937292e+01
5.807054464615441e+00
9.598645092732573e+01
6.461355558811387e+00
9.957462842556399e+01
5.601193530299325e+01
8.956605712397305e+00
6.277930320369979e+01
8.173916692926510e+01
4.491393819680155e+01
5.684799130859226e+01
9.971075076596381e+01
7.724906740582040e+01
5.721475629006269e+01
2.080739583857702e+01
5.091451040977356e+01
6.684747620804584e+00
4.239673942439106e+01
2.395437635665498e+01
3.696662375562202e+01
7.528374622356321e+01
2.154137283635390e+01
3.175062715623092e+01
7.048518362943325e+01
9.175230711314470e+01
2.619270725464109e+01
2.093200833580084e+01
7.941775102141209e+01
2.458444420461750e+01
7.692207027083359e+01
7.348553239064549e+01
7.353925545399042e+01
8.272912473544903e+01
6.947198331797122e+01
8.000061101280181e+01
8.230375311444689e+01
2.548391857439834e+01
8.895721672519912e+01
4.508305631814667e+01
7.223085457097313e+00
3.387115487543454e+01
1.931047580172796e+00
6.933836223061120e+00
1.112022223468880e+01
5.914580387023548e+01
2.774123206163814e+01
6.203473264446237e+01
6.583055149104005e+01
7.013797148602920e+01
8.598910900111734e+01
2.797175200095948e+00
4.542171766302629e+01
7.530481790905111e+00
3.454780240289299e+01
1.590690129245953e+01
9.928278895061592e+01
6.074050965753408e+01
3.683890962826037e+01
7.870053992546188e+01
8.532495386215157e+01
1.376097989909396e+01
5.218607226954125e+01
5.886420926957587e+01
9.649010463454300e+01
2.165805554094634e+01
3.886482028237769e+01
7.879385774898988e+01
4.714197411534468e+01
2.782203696101068e+01
2.387691402057042e+01
5.436505961900813e+01
6.169319188301134e+01
2.580796160074322e+01
6.129889584206924e+01
7.281341411770015e+01
8.495376551754482e+01
8.904012790370739e+01
3.484814676216251e+01
5.078431696201876e+01
5.917809938973658e+01
2.083725571671373e+01
5.358149220868084e+01
4.599817006196742e+00
2.836773755418497e+01
8.812929461157383e+01
2.050671829865627e+01
2.765052645823477e+01
4.886980422254177e+01
5.559935924749647e+01
6.351066337130529e+00
3.419475808469335e+01
7.110660787257673e+01
5.853713860667178e+01
9.305896735426921e+01
6.759671246055360e+01
8.019519419418424e+01
3.192378759008077e+01
4.639057016297735e+01
2.733716826296280e+01
5.974582459765758e+01
7.026748418354778e+01
8.170222788197093e+01
2.143901643410279e+01
9.607544583085712e+01
4.300112367747404e+01
9.425243055180293e+01
8.102921130183582e+01
3.204125158118142e+01
2.910057726739932e+01
3.181352821728844e+01
9.121935097091801e+01
4.993783303067919e+01
8.539502042596928e+01
9.581916797711474e+01
7.830557058486416e+01
7.352431499097698e+01
1.632588627577102e+01
5.956096996532798e+00
2.239411921351874e+01
7.367151424925379e+01
1.230716333366333e+01
5.658887729821209e+01
4.477812207526440e+01
7.084430194033510e+01
4.964784460591518e+01
1.237483448925187e+01
5.103949608795322e+01
8.157163224256207e+01
5.876540469879536e+01
7.837666439748214e+01
2.768587924821461e+01
2.903288883577701e+01
6.007889223288693e+01
6.275647322775632e+01
2.510833462006801e+01
3.080015910360969e+00
5.700890373299313e+01
6.137545875337694e+00
3.512126749154239e+01
8.610948104695858e+01
3.795107413919227e+01
2.634061841589427e+01
3.604731403107164e+01
2.334609451859542e+01
2.215978634644290e+01
1.435288456936967e+01
9.687040955613851e+01
3.848567262221392e+01
2.030898156590247e+01
1.926452872309114e+01
1.215718682490158e+01
3.261614489956580e+01
7.585340602130321e+01
5.693530890016598e+01
3.460446793334767e+00
2.550125058065227e+01
6.931014343598399e+01
5.449994292785411e+01
7.072882776648218e+00
2.807554808821322e+01
3.287660727877012e+01
4.839033957030174e+01
5.710843692399023e+01
9.295549951165705e+01
1.114681275149193e+01
8.221677159062436e+01
9.603551542201801e+01
6.815571653105120e+01
8.835431746596207e+01
3.115678286699428e+01
5.426519753144364e+01
2.630539155858820e+01
5.749740128288856e+01
9.031251156251528e+01
4.965148612374975e+01
7.965718767589759e+01
4.665396085318828e+00
4.652189563332214e+01
1.814286025154538e+01
2.497437765122129e+01
6.578642435641328e+01
3.030004712301309e+01
5.759052255078709e+01
4.163983033115036e+01
8.723535602317907e+01
6.105096934412185e+01
6.714108091180263e+01
5.654549941259693e+01
1.555091222540984e+01
7.421396373501697e+01
8.462104750081014e+01
4.842751950417995e+01
2.260430325875259e+01
4.172948442480038e+01
4.138301901583700e+01
3.375111605681065e+01
2.394625596885861e+01
3.741853439128889e+01
1.906832541295715e+00
1.230057338825454e+01
6.857531730484931e+01
5.617203007273937e+01
3.860596499340886e+01
2.607271854117174e+01
4.648454158868852e+01
8.825745111715861e+01
5.729906170503193e+00
5.114993767400735e+01
3.477934670391462e+01
2.387276646861470e+01
7.612431532522864e+01
5.657710137617640e-01
5.417281359162778e+01
3.371483782944961e+01
4.220560134491213e+01
4.140816956824072e+01
9.476580717357146e+01
9.346682210148630e+00
9.795366902740378e+01
1.031671939898130e+01
8.356064594516562e+01
8.257471648164780e+01
5.874423890316125e+01
6.164949203918199e+00
2.430420085988203e+01
1.272578724321247e-01
3.991606526072885e+01
4.825045682874064e+01
3.754579231028715e+01
4.182289780202456e+01
6.055103026356130e+01
6.121109568570326e+00
9.799492787476393e+01
9.915699525697018e+01
3.219382810974206e+01
4.447946941688632e+01
8.741444632756266e+01
3.792373432681138e+01
9.562940709089366e+01
2.219379298491114e+01
6.179650079542608e+01
7.175372236955619e+01
2.275956399867291e+01
1.596931434048773e+01
5.468560152439662e+00
6.496516534358504e+01
5.737748390872846e+01
2.343672794449922e-01
7.431184755373367e+01
5.533115288956611e+01
1.055108667842629e+01
5.787249349889927e+01
3.790586937121389e+01
6.929532562815368e+01
6.403744270281747e+01
6.221007023109591e+01
6.942258350058579e+01
3.953507916980194e+00
1.046052705983656e+01
6.968375764306810e+00
4.577640571900476e+01
7.101155732339787e+01
1.308948533287714e+01
4.377133354720256e+01
7.016855253380190e+01
4.528331348918533e+01
8.825080296408888e+01
5.758299881479842e+01
8.320704781599672e+01
8.388021000841643e+01
7.977679179970957e+01
4.500354856485666e+01
5.563393233140648e+01
2.536355751816349e+00
6.097286290534439e+01
6.110249248384613e+01
6.750152109540139e+01
1.835034676750672e+01
6.133685976329113e+01
4.181336860256892e+01
7.368149970363895e+01
7.188794648828355e+01
9.968586210146819e+01
1.158736902828671e+01
4.118327206987109e+01
6.372330475771953e+01
7.379743925938264e+01
1.060585552389075e+01
6.767681267469973e+01
8.425796631921919e+01
1.757423133476369e+01
1.345321834713836e+01
5.526952359605093e+01
3.066371666764082e+01
5.722455189434093e+01
2.543807608328670e+01
7.594703015682614e+01
4.547535481186367e+01
8.302107489808512e+01
5.915407792625673e+01
2.935556477371397e+01
6.279786665122856e+01
4.157626444547263e+00
8.498949710512045e+01
6.533422240304492e+01
6.513048934989166e+01
4.609198954240046e+01
3.283574345188017e+01
8.348083616396451e+01
7.428849305691593e+00
7.464911210101522e+01
5.716233582103734e+01
7.931679579397515e+01
7.433497415591729e+01
6.874970484932406e+01
2.050006781728010e+01
3.805827891363683e+01
4.254714406214056e+01
3.110592334117085e+01
5.735091541770423e+00
2.680511038135975e+01
4.868015467593453e+01
1.918830993547491e+01
8.207463397741068e+01
7.934387139014149e+01
7.641286182981584e+01
7.512710060697379e+00
5.529090150040150e+01
2.188821664167951e+01
9.053378495878250e+01
1.444497942665824e+01
5.124378141539347e+01
5.333165161001108e+01
1.860260587120550e+01
3.623327852051392e+01
1.866587396648986e+01
8.373309526766329e+01
8.232526806291438e+01
5.150161746493615e+01
6.721393138506167e+01
8.975411736860598e+01
2.615072951938525e+01
2.437626715953288e+01
6.907091311601499e+01
4.857036287364102e-01
9.312597200885693e+01
8.957098093329509e+01
3.854398254237324e+01
3.567311602443136e+01
2.067690427446594e+01
4.427907413070978e+01
6.247822640579111e+01
6.935705895040047e+01
6.346738406618469e+01
4.455286038320179e+01
4.870093029397583e+01
3.988024584943440e+01
5.206557044389917e+01
3.991831794377338e+00
6.176846249111391e+01
4.259935535611555e+01
1.843681122103558e+01
1.301224390650738e+01
9.593100696612662e+01
3.703941709224108e+01
4.924552242702131e+01
1.459688093261648e+01
2.077251231333824e+01
3.157079044336956e+01
6.609849839755265e+01
8.798644369839991e+01
2.132490781197553e+01
9.224922791693790e+01
1.236271081136666e+01
9.039582092799053e+01
9.273493154567430e+01
5.488682773657461e+00
7.996680186128560e+01
3.127891408804753e+01
4.116179884465495e+01
6.437060891854139e-01
7.555798821875732e+01
3.640025203879935e+00
7.000076503958589e+01
3.902537223837588e+01
4.819288558708173e+01
1.870169533356172e+01
7.890561808781028e+01
2.584559844147675e-01
2.269352712793906e+01
4.067408057892419e+01
4.285781138709645e+01
4.113033834897463e+01
5.368632448543158e+01
3.878881830665694e+01
7.816975544121570e+01
2.931846865886751e+00
5.338569923927342e+01
9.894226780112007e+01
3.450263730925631e+01
1.948419759025993e+01
8.692871145295385e+01
5.582754512123184e+01
1.173342546063169e+01
9.929142231088663e+01
4.622336604922236e+01
4.468357006305995e+00
4.780105037977968e+00
2.619016786394183e+01
3.574727109435353e+01
4.594190388263291e+01
2.683387395312724e+01
1.130525926654472e+01
4.958192913307899e+01
9.683463899271312e+01
5.033063150492061e+01
9.777481472016071e+01
1.553633427970872e+01
2.923624954616476e+01
9.803327075114160e+01
3.822986140764777e+01
6.991033012508896e+01
4.089108209167192e+01
7.936019975662241e+01
2.359665456395441e+01
7.967990039832885e+01
5.752995519783811e+01
2.652850142984116e+01
3.306559963760228e+01
5.647222295239206e+01
6.103113878566359e+01
5.254979722786219e+01
4.340093435877977e+01
1.685868386032930e+01
6.428322273506002e+01
4.269235662310028e+01
6.308204990955165e+01
6.875157974136602e+01
4.747246170764438e+01
8.927221777349348e+01
4.498850789153414e+00
9.341436559027730e+01
1.610609168005460e+01
1.580411005569813e+01
4.299629467679015e+01
1.294073067276772e+01
6.613474156061874e+01
4.077110939695086e+01
2.847706495247644e+01
9.537099110678349e+01
3.880438010152633e+01
6.670692640669034e+01
6.528132123187245e+01
7.969546219319825e+01
4.606712611674663e+01
8.887797579582686e+01
5.937536254496097e+01
3.597081268018615e+00
1.540647722566802e+01
9.244096218256324e+01
6.006930422041067e+01
7.643761601133161e+01
4.499075941042544e+01
3.470238579190447e+00
9.329629987166091e+01
9.273982098919332e+00
4.616259520229073e+01
5.637834978121256e+01
7.802556184028533e+01
9.363505690993512e+01
4.565056750813991e+01
8.252441262943876e+01
8.704942250021240e+01
6.175665923476063e+01
9.832852268513689e+01
3.004571713043643e+01
7.469738990752836e+01
6.446326419918950e+01
7.081682652738729e+01
3.174454813438680e+00
5.983425525940687e+01
9.621206582347492e+00
6.988138122012903e+01
2.511557644471320e+01
8.931666877554575e+01
1.594850733687566e+01
1.399355224054006e+01
4.869203132050672e+01
1.954558860489428e+01
2.940002946620808e+01
4.113299345650384e+01
7.961489287187108e+01
5.837645430973566e+00
8.612375286692928e+01
8.308513145106153e+01
9.913394530263447e+01
9.539773496584861e+01
2.924772660678612e+01
5.551229503728090e+01
7.342329675956782e+01
2.288278351672123e+01
1.162862545420817e+00
5.594770934244045e+01
9.932205970367512e+00
6.291952178018146e+01
5.427623198101121e+01
3.997792310080394e+01
3.761691164114369e+01
1.873949613363459e+01
1.079474962819123e+01
4.079136645458237e+01
7.857375143960759e+01
2.041595621053872e+01
1.067274767471140e+01
3.689327837754659e+00
9.732624986084469e+00
2.662125501158706e+01
1.768288007829472e+01
5.842465630659120e+01
4.616684361648134e+01
4.708290954450281e+01
9.955764976309503e+01
2.578173644178628e+01
5.292055497547638e+01
8.568140263002431e+01
8.866867846281671e+00
5.205450027811085e+01
8.107913754930681e+01
3.811459449963392e+01
7.566795268825626e+00
5.450243430887463e+01
6.099737801635515e+01
8.729657814246442e+00
1.045014360474895e+01
7.092958398672266e+01
7.164917959442789e+01
6.472637563232630e+01
1.090750704096049e+01
9.266091189005454e+00
8.346587176596087e+01
2.170225666915172e+01
5.005745769015395e+01
6.203962315900233e+01
4.211821292625657e+01
6.073020536486534e+01
6.572895104332312e+01
5.185083791234104e+01
8.735146037645241e+01
8.341183112161785e+01
1.027549417236610e+01
3.351830394636760e+01
3.049474066612066e+01
9.833143888895002e+00
5.930004043472002e+01
8.341529564159703e+01
9.551454651891930e+01
6.816690828100168e+01
3.546979587314175e+01
7.659368406822611e+01
6.281502734069481e+00
4.303659118853351e+01
3.109611833053460e+01
6.727888075042465e+01
5.176624900277995e+01
4.154626193528355e+01
3.820846469058118e+01
2.341542859720785e+01
6.272637521043717e+00
4.911597177810779e+01
3.268151978621330e+01
8.973850933357073e+01
7.081822844725951e+01
8.273897747636725e+01
5.177813244600693e+01
1.293644132694995e+01
4.346918279466647e+01
1.750708344276393e+01
6.478727923929098e+01
3.082064312455274e+01
9.189145643817795e-01
7.506277341165709e+01
6.433894711748648e+01
3.141365523050244e+01
8.489591734711823e+01
2.363898750564036e+01
1.482895082553334e+01
8.041046381947140e+01
9.180589578664204e+01
5.029874674524122e+01
5.700414784113138e+01
9.808739856727766e+01
9.333533793377472e+01
8.810026617166599e+01
6.536627927113616e+01
4.510158688998855e+01
2.964652810694954e+01
3.574743961717349e+00
6.851701548719640e+01
3.591916562799325e+01
5.269071573982514e+01
1.198535273409698e+00
2.565767491499785e+01
2.350894414051852e+01
8.393751274977694e+01
7.743580740757091e+01
3.644538551403461e+01
2.740669554444342e+01
9.494289085033483e+01
1.232664706759464e+00
5.822733866899617e+01
9.586180541471663e+01
7.629543816498268e+01
2.256628573991651e+01
2.727546059865293e+01
6.119135546553477e+01
4.620527324555687e+01
4.210441147075240e+01
4.160181923844005e+01
3.801116903219892e+01
9.240315821599361e+01
9.860596712613756e+01
3.609856755291045e+01
8.573849610320222e+01
8.670623325123742e+01
1.464846777480490e+00
3.084008294662465e+01
1.635276131162083e+01
5.039590739197839e+00
9.935709848038718e+01
5.227192698618022e+01
5.773030647902299e+01
5.556337072307401e-01
7.792960190117806e+01
8.123925066610764e+01
8.449314645700768e+01
5.536540926218285e+01
1.768463613357611e+01
1.189984195488498e+01
5.030830011251769e+01
1.891730084033557e+01
7.012718067044726e+01
4.617010548066818e+01
9.521273900531826e+01
9.269346641036378e+01
7.344556612588724e+01
5.640409442428690e+01
3.889873965592065e+01
1.554997755007352e+01
9.800591370929308e+01
7.690990868811957e+01
7.953135719501011e+00
9.661188078886451e+01
1.300847619446389e+01
9.369163182270324e+01
8.331811399353580e+01
1.447332297194438e+01
2.453171472276175e+01
9.967087535172277e+01
1.951291375770835e+01
2.388881315658280e+01
5.194280229133684e+01
7.724322023673132e+01
2.444444686381354e+01
2.987240414594878e+01
5.848247085627284e+01
8.937593320821223e+00
8.523781345469776e+01
7.616710698984895e+01
2.083743527570620e+01
3.554611352064931e+01
9.508440787675065e+01
9.096461594615347e+01
8.171621900131750e+01
9.029714683550277e+01
8.365808235651724e+01
5.516178508063862e+01
4.670124125978967e+01
2.255682196587176e+01
7.071176263071213e+01
4.470715492251662e+01
9.946673065399133e+01
7.866489835021314e+01
4.131903566481500e+01
1.247520680188910e+01
7.235653012635025e+01
2.463714961178468e+01
2.694852977383348e+01
9.688824489567813e+01
2.430802491694131e+01
4.646144353154182e+01
2.077705800569479e+01
7.625082720827815e+01
2.370466376827316e+01
4.522150491607446e+01
6.123231354226932e+00
8.218713462454599e+01
5.415909823689567e+01
9.136104480892469e+01
5.835424161439493e+01
7.499653351260189e+01
2.690715828300787e+01
5.343864944457945e+01
6.596114945875534e+01
8.623377237759239e+00
4.373579623351610e+01
4.961923176870646e+01
6.378516236496399e+01
9.043703749330577e+01
7.217605373457822e+01
3.449692494910999e+01
3.514419236925626e+01
7.164278434200342e+01
1.316182329932313e+01
7.646322803407126e+01
8.411799114389251e+01
8.551835342567338e+01
1.100377645855945e+00
1.106652087115986e+01
8.240659827478537e+01
2.540840256279726e+01
5.752796444926782e+01
3.183656280480165e+00
1.659229771075412e+00
8.123262821754096e+01
4.840516119655462e+01
7.782461125302344e+00
6.341976279552084e+01
2.564259386884169e+00
9.914350593422702e+01
2.177400436334964e+01
7.756079289948605e+01
2.605066417066877e+01
7.521265380792909e+01
4.352194231167526e+01
3.467404140842801e+01
1.894845004144518e+01
9.314117408038172e+01
9.845920377339199e+01
9.385487488184816e+00
6.531722776839381e+01
3.295612872250197e+01
4.452967990400720e+01
3.696001206383110e+01
4.611795202182510e+01
2.099290789151234e+01
2.107800316115748e+01
3.163630540093235e+01
2.209328553736828e+01
3.214452407888347e+01
1.404290367571772e+01
4.750168814673167e+01
8.967248852815129e+01
1.722655995619789e+01
4.916091791780708e+01
7.090511669912614e+01
6.563172115275250e+01
5.694337904310942e+01
3.432487944808085e+01
6.819598053963668e+01
5.608688493077032e+01
5.609888385799662e+01
4.575677339255660e+01
8.213754910143911e+01
3.131153761935958e+01
8.927871575079799e+01
1.681159046330098e+01
5.025998766080476e+01
8.241988978461357e+01
1.527079423669297e+01
5.964547519555571e+01
4.773711755300738e+01
4.822692295919495e+01
4.175155052996779e+00
8.469712961683847e+01
9.434487498102006e+01
2.516806294450912e+01
5.775132777995958e+00
2.598118033538627e+01
4.726134852844353e+01
3.791965685687943e+01
4.002408401110400e+01
9.476303667517520e+01
2.759214533846460e+01
5.725064396730188e+01
4.392395454641616e+01
9.849726203759074e+01
2.288236507348827e+01
8.673335429594543e-01
3.282214143910545e+01
9.107834561312494e+01
5.695421847372978e+01
8.892102529710206e+01
3.683511900568154e+01
3.909176752860274e+01
2.023256291646164e+01
2.611383470991339e+01
5.590335799190373e+01
7.049255057726640e+01
8.533724447960838e+00
7.117415222859668e+01
3.013802572625598e+01
5.627084200096822e+01
1.940107514122551e+01
3.431318077925275e+01
4.096797161780669e+01
1.374595007567944e+01
5.948124377032799e+01
4.674310439580265e+01
3.972713045763184e+01
6.742592252205402e+00
8.466276125268209e+01
7.975121446873584e+01
1.505628880814476e+00
1.225490654458055e+01
3.700185843603772e+01
4.542958342723063e+01
1.075216853560515e+01
5.988422350952598e+01
4.629691697019009e+01
4.357430997471060e+01
5.096256912265093e+01
3.251135397353738e+00
3.249533527181266e+01
8.779768812833247e+01
4.234290292595648e+01
5.272789818827430e+01
1.391152279167973e+01
9.824626091786021e+01
2.322044871897458e+01
2.244524723964057e+01
6.942041314645689e+01
5.335847449179668e+01
7.871608928717491e+01
8.882148828768240e+01
8.767165527104943e+01
1.968406085841547e+01
2.567438363361842e+00
4.715289899481130e+01
6.642716525421811e+01
4.229456882099368e+01
5.389549124701670e+01
5.108992646033407e+01
2.204578324316339e+01
5.540112012783117e+01
6.334483300491461e+01
5.904764167920111e+01
8.307035084956808e-01
7.409700154051976e+01
1.893186518872709e+01
4.712762047868576e+01
1.767131146866424e+01
6.989443431137802e+01
5.037875587603951e+01
5.016664674047691e+01
5.769212239314435e+01
9.272165880199599e+01
2.894544882185079e+00
7.160364518482409e+01
9.096791971985620e+01
2.611499364772578e+01
9.404889242446464e+01
6.038833281974696e+01
7.947346813952247e+01
7.276498166507342e+01
4.920982106086324e+01
6.714512336400577e+01
9.244904252348888e+01
5.177725942422509e+01
1.429802235881706e+01
5.887620773114087e+01
9.407182824521875e+01
6.819351360583376e+01
9.966134144908811e+00
1.611761148838215e+01
2.359463373366493e+01
7.331096714982343e+01
7.516525316758326e+01
2.442533724216062e+01
4.740796864377706e+01
9.409711835631035e+01
7.155295776741252e+01
6.507928015900742e+01
6.399155262112224e+01
2.193171359688589e+01
1.524592685291820e+01
2.168367496770047e+01
1.465337239888188e+01
1.814047178166940e+01
9.328732015252454e+01
5.621292072171947e+00
4.425546542939519e+01
8.733621257698918e+01
6.600962489191890e+01
2.372893352235152e+01
6.010119419549648e+01
1.521944590621602e+01
9.087405688635728e+01
5.255023671898537e+01
6.699670537700723e+01
5.172079198608212e+00
1.142644440356011e+01
6.106853357565987e+01
7.336559285100810e+01
2.139257859503505e+01
7.718614506404202e+01
9.696022658467304e+01
9.470354574485847e+01
5.235139823162528e+01
2.138556378026752e+01
4.211151438863553e+01
4.644851654136950e+01
9.293852154768003e+01
7.190794501076822e+00
1.044006916249174e+01
1.487023514456592e+01
2.243672135399502e+01
3.212374413019221e+01
2.952360754344781e+01
4.057719313566442e+01
2.541106428271675e+01
3.514489961561975e+01
8.483265856505962e+01
1.274727681313980e+01
1.154524460972531e+00
8.561592040845003e+00
7.284847100863627e+01
1.637397036718855e+01
9.943564897376841e+01
2.539870768105551e+01
8.337067574419579e+01
4.607728125810497e+00
3.682515213118175e+01
4.443920931985565e+01
7.797332097681860e+01
5.821773072621680e+01
2.162535433733154e+01
7.493354751492551e+01
5.292127642450913e+01
7.397675256895681e+01
9.631911134175914e+01
9.503279081314466e+01
2.042526911032632e+01
8.925763284287305e+01
2.223585267655358e+00
3.086533827281805e+01
4.127867940872846e+00
2.466030666821651e+01
6.298908240301026e+01
3.365147548432065e+01
6.523749980388092e+01
8.840014668572701e+01
6.879637509994041e+01
5.007015836894054e+01
1.147423452300682e+00
6.995089956091293e+01
5.863175040978555e+01
7.399589450750310e+01
8.632486997466761e+01
5.806739933698783e+01
9.939460218855859e+01
6.969554567229727e+01
6.267512750936445e+01
3.621975427317422e+01
1.413475494558679e+01
4.064844843961692e+01
9.443748499939100e+01
3.576010932948445e+01
1.558199595454242e+01
4.735876142390015e+01
9.736861851875140e+00
1.190110724973544e+01
4.239155219047868e+01
3.016213096220146e+01
1.158740046042362e+00
4.461513750470017e+01
6.102746923501952e+01
5.286608033481337e+00
6.927544417291668e+01
2.401655163802977e+01
3.893808351780199e+01
3.451294393023148e+01
1.241669827719065e+01
7.734458617742387e+00
8.458310229917201e+01
1.356412177605746e+01
7.768535817865532e+01
4.321485270895756e+01
8.756001628356054e+01
6.401022810675681e+01
1.282251999379253e+00
8.695461842555302e+01
3.370577377905406e+01
6.395737950874371e+01
2.317437269872724e+01
4.784052872464085e+01
4.605827948360623e+00
1.761185765155212e+01
8.360063805412531e+01
2.018782390290304e+01
6.497061907545226e+01
9.333749995256657e+01
3.208893115263848e+01
7.362171265930948e+00
2.349963086820190e+01
3.324767119868085e+01
5.197730877063111e+01
8.452710014978754e+01
3.853427923216218e+01
2.125275289698167e+01
8.543651741251187e+00
7.747236279653029e+01
5.576569682721314e+01
2.096035001844184e+01
8.520682141427268e+01
4.034879912638515e+01
3.452447179449931e+01
6.289217954636187e+01
8.356365183534271e+01
2.208448803149373e+01
2.690240765311868e+01
8.484590383472195e+01
9.039106457046749e+00
6.060818143217274e+01
4.880328334346567e+01
3.221347915577398e+01
8.448710110247466e+00
5.340911129182629e+01
4.982533680732610e+01
9.204934821093890e+01
7.359693519472933e+01
1.479595588277837e+01
8.538684811693935e+01
5.685866300801684e+00
2.215812714870932e+01
8.886478938575127e+00
3.893353749948253e+01
7.413543591934044e+01
9.341357908836267e+01
7.746781677821085e+01
9.538818881632210e+01
1.957230783047728e+00
5.494017952817500e+01
5.115388559696910e+01
2.291758084805570e+01
4.014700089588156e+01
9.150268472335426e+01
5.744205264255500e+01
3.039180395677304e+00
