4.703643678083850e+01
7.623259940940542e+01
7.668196022356021e+01
8.120887721013690e+01
7.625319178973008e+01
3.169050455637765e+01
2.907535127786703e+01
7.674790093523818e+01
3.550074707507191e+01
6.228926985631197e+01
4.245470587278470e+01
8.470615813727778e+01
6.803931471334738e+01
7.054075154966711e+01
9.902151399246488e+01
9.185018357441304e+01
3.215888660967298e+01
3.841121808551775e+01
8.215251843545236e+01
1.104122186593768e+01
5.636505193839086e+01
8.254083855195942e+00
1.328769778520227e+01
5.045642859789376e+01
3.252694789903562e+01
2.756794748248902e+01
9.979575020251598e+01
6.724593060428553e+01
7.053101927532396e+01
1.546570314814602e+01
2.602362475638447e+01
7.763105937169449e+01
3.033988947530272e+01
5.668999313222710e+01
4.735202782198415e+01
6.313569497463093e+01
4.573349479852873e+01
8.547335285016958e+01
4.808372019235218e+01
9.869219581535654e+01
1.878182684014636e+00
1.201442070864813e+01
4.448937510349293e+01
3.053208078748178e+01
3.532541326029478e+01
8.929283366971316e+01
4.203119130899720e+00
4.121752001401853e+01
6.652387611871767e+01
6.929486467004514e+01
5.741259276746428e+01
2.882190501728184e+01
5.429640140118841e+01
9.076564763242642e+00
3.276785012929134e+01
3.936892917350350e+01
8.563911602163647e+01
1.246542977749623e+01
1.752309343662257e+01
4.984383976545364e+01
9.884709450362581e+01
4.354671819300703e+01
6.108500033667544e+01
3.079029546621735e+01
3.888686394267104e+01
8.437028112093465e+00
4.105989883703175e+01
3.550342625728968e+01
9.393150978439093e+01
3.585617059648790e+00
3.551859061025017e+01
4.385975433693256e+01
4.645812876823271e+01
2.884291481638463e+01
4.027352358227294e+01
9.266636962660884e+01
1.508274391064548e+01
1.236574720235809e+01
8.295277412186972e+01
8.160662002936314e+01
3.506677659930045e+01
1.570105897993830e+01
5.861791649768963e+01
3.304135824229631e+01
1.106565739543441e+01
7.690797069897314e+01
9.567658463291664e+01
9.442420731970304e+01
5.489858242445559e+01
2.695507347907641e+01
9.053094703263181e+01
7.082545057443225e+01
5.674639626254625e+01
3.413442621665747e+01
4.745705521081437e+00
1.677877670935298e+01
2.978260793247382e+01
9.238990768435873e+01
5.831495433036002e+01
9.128659711744943e+01
9.485892248100552e+01
4.266849399668560e+01
6.864611863561259e+01
1.272218390960348e+01
8.972462350024125e+01
8.919642171319406e+00
1.664943658590756e+01
4.807367364320609e+00
2.729460761290724e+01
2.094298145777685e+01
3.843505537995838e+01
9.542005047920162e+01
8.435523942315729e+01
5.876471198106405e+01
5.049374920804694e+01
8.255005510642661e+01
3.111754545528327e+01
6.867552458712622e+00
7.183840399227962e+01
2.966861684325552e+01
3.382262593778904e+01
8.929410124630392e+01
7.398128065931671e+01
2.734455444260712e+01
1.398714627790598e+01
5.362076896877064e+01
4.412333119852623e+01
5.165586217849323e+01
1.421826077355922e+01
7.253945380101887e+01
8.013535480952605e+00
3.178865771358305e+01
3.647416696719554e+01
4.268426049625699e+01
5.021195698073691e+01
2.619879046743679e+01
8.557929628788460e+01
8.782600610881393e+01
8.779324972433655e+01
3.071229743338763e+01
5.535000863268507e+01
1.742014522544115e+01
1.412642640719490e+01
4.541302800430591e+01
9.482904695664955e+01
3.003905361054421e+01
6.669319675615671e+01
6.095068653158410e+01
6.942620969816400e+01
7.867309622404775e+01
2.282141476069643e+00
1.180919423317965e+01
1.077207965346616e+01
9.721535565201908e+01
6.982352592508472e+01
5.829719596463126e+01
1.129068946991614e+00
2.766950443744171e+01
4.744381413210361e+01
7.776229739084947e+01
6.529524534255977e+01
3.575067922275079e+01
7.649266425356859e+01
1.280192491263241e+01
1.719911020118702e+01
4.295317090253959e+01
1.606755024570392e+01
5.491688193516661e+01
2.586906856199218e+01
5.897436060894950e+01
2.550315602007469e+01
9.363517407031506e+01
7.639450583439064e+01
5.048460422571963e+00
5.793043764211724e+01
9.565209583176863e+01
2.983771359074754e+01
2.588029677322148e+01
3.531667829273114e+01
1.370704719503738e+01
4.214813459764613e+01
4.575555000722201e+01
6.281023861971229e+01
5.292021425111230e+01
5.286971645097701e+01
1.144269896272696e+01
2.535532937634519e+01
2.365282514302657e+01
4.198490504267854e+00
3.530838751946966e+01
8.654194608635359e+00
6.949373584682762e+01
6.265139647882962e+01
9.053648048571146e+01
7.976054171089109e+01
5.215502458259231e+01
4.242656940707311e+00
7.986329299391400e+01
6.985132455353221e+01
7.991341132666608e+01
6.534175726833836e+01
8.799677253141849e+01
8.042792299782295e+01
2.731759516863040e+01
2.643548419067426e+00
3.706826913965320e+01
2.451292193704886e+00
5.670060112918755e+01
6.287858260929519e+01
5.862921525660400e+00
9.424930908449428e-01
5.149280338151977e+01
7.658936356966819e+01
2.232481652047710e+01
1.855093679323371e+01
6.535479569125678e+01
8.068345276670691e+01
1.274851346982108e+01
6.260465749660724e+01
9.949433789564964e+01
6.997498952316819e+01
8.984780441496885e+01
9.223236203763278e+01
7.565666459298537e+00
9.389762305370422e-01
9.614645647636916e+00
6.235545368974817e+01
8.442605584134630e+01
5.316960888596699e+01
2.484907015452584e+01
9.933747937871958e+01
7.486830804258040e+01
4.855777805138276e+01
7.884076939841768e+00
4.194602386185249e+01
5.120132647045018e+01
4.873719296824988e+01
2.752535656444978e+01
4.183409588496857e+01
1.161577553097893e+01
8.877821890114723e+01
7.524595282750481e+01
9.547778907952727e+01
6.235173487213986e+01
7.567282364502215e+01
9.108944544153728e+01
6.468250014105928e+01
9.768318352181613e+01
3.837958864792231e+00
1.842370434590788e+01
1.630826686337044e+01
8.116714366766026e+01
7.567282713748180e+01
6.247636450569908e+01
1.490656114877507e+01
4.822031089487500e+01
1.093848376112919e+00
2.805657956193042e+01
1.376655335247822e+01
9.657020685103265e+01
1.486405069700631e+01
5.493044702100123e+01
7.143851484704693e+01
9.598791235871050e+01
6.504251522246865e+01
8.898216890589435e+01
2.084800313266367e+01
1.593121030178443e+01
8.031798441909159e+01
5.487182566657282e+01
6.859259678450999e+01
9.581406824095829e+01
8.219832744551745e+00
5.556316643746717e+01
2.896057536311475e+00
2.837406137416794e+01
1.336069130960884e+01
8.353586503469192e+01
6.800796639547123e+01
5.912275060970465e+01
6.936088775720488e+01
8.431623325884166e+01
4.028989423079877e+01
9.369654198814953e+01
4.679259776454074e+01
9.035339443495189e+01
2.164551816957328e+01
2.670020797601911e+01
4.779406764907486e+01
5.967731692813211e+01
8.759519219752178e+01
7.976978024457105e+01
3.021748928828979e+01
3.463133719499751e+01
9.029886978226661e+01
9.390566018126238e+01
2.361350610089186e+01
1.557471096309587e+01
9.836870436480675e+00
4.134614697720210e+01
9.257927490052734e+01
1.849200414423458e+01
9.428048440920212e+01
7.866636937422044e+01
8.524271528480702e+01
9.532601823812631e+01
6.255902571722820e+01
9.803456570861609e+01
5.854671576924003e+01
3.959001826103312e+01
5.715731627175460e+01
2.289760085889026e+01
3.449356352653986e+01
9.744721054911949e+01
3.689764721174615e+01
8.485631099196911e+01
7.159018287043561e+01
5.989938762965583e+01
6.668458034595687e+01
1.938425047294435e+01
2.173208725719344e+00
6.330035993051732e+01
5.746323455006966e+01
3.239069801400914e+01
2.248994723078327e+01
4.776210428577015e+01
2.629635819527151e+01
2.992358060084450e+01
3.465396321129704e+01
5.271080739456733e+01
8.685201885497757e+01
7.782948770459251e+01
5.944727131139826e+00
3.074534047895360e+01
1.251256885589686e+00
1.875185497047000e+01
6.138097660680347e+01
5.827634029941463e+01
5.547199601096659e+01
8.762452382949391e+00
6.436350101808249e+01
1.262931228272119e+01
8.899828609498138e+00
8.536872159939665e+01
5.055893354609560e+00
9.797210064622206e+00
7.975120911363103e+01
1.460799696604162e+01
9.632231886327375e+01
6.972613691805216e+01
4.046361718348395e+01
9.849552763555923e+01
1.899436238174995e+01
4.696348851870908e+01
3.088622560300223e+01
8.136549875203777e+00
7.028453660676468e+01
5.718258379827373e+01
4.654175953312859e+01
2.029803377590051e+01
1.207193593125415e+00
2.190488070338260e+01
5.780529331313693e+01
8.003468768672770e+00
2.062060405529132e+01
6.187567378481648e+01
2.471774654682621e+01
5.201582436078034e+01
3.224237544100842e+00
8.905307165768606e+01
3.939863752545725e+01
1.152308751434231e+00
5.944039237659443e+01
6.244324648866581e+01
3.921765756756890e+01
8.994204443411066e+01
4.687977705471207e+01
4.786324237839470e+01
6.001876949333528e+00
2.325691460783450e+01
9.919551177844195e+01
1.433606926088038e+01
6.420169322015796e+01
5.061587605188409e+01
9.110267622913358e+01
4.493621487400318e+01
8.894817782051311e+01
9.889898081258823e+01
6.437197447026706e+01
9.157234471830184e+01
5.329969392777406e+01
2.564118161128889e+01
3.120750530213467e+01
2.475135225092589e+01
3.160707318764509e+01
9.984806110144036e+01
1.093966845001079e+01
8.794328136739475e+01
4.424883054767215e-01
4.772847622992866e+01
8.856176449384623e+00
3.616226917885349e+01
4.888078498136289e+01
4.239838381409569e+01
8.446073531380888e+01
6.444795381484923e+01
8.946110670895368e+01
4.030381256728611e+01
4.629652637350211e+01
5.598382095619283e+01
1.008703564763397e+01
1.125923377054708e+01
7.766962800066435e+01
8.036868277954342e+00
9.515340938007152e+01
2.188123139640373e+01
7.066012391385628e+01
1.525184387120039e+01
4.635477459354082e+01
1.265754476779026e+01
9.079839214254096e+01
5.691952000228666e+01
7.719400109592546e+00
5.821079279212784e+01
4.572233112795387e+01
9.228035318305733e+01
1.893877485717590e+01
9.202357194946313e+01
4.860517287096249e+01
7.680871541463245e+01
5.500829455210282e+01
6.323808411287054e+01
5.894538399714296e+01
1.852133684722769e+00
7.346052447029414e+00
4.172487554220709e+01
6.630008754613813e+01
2.886021632182422e+01
1.256563841019088e+00
7.616002018384637e+01
1.555181174331895e+01
2.225108021975080e+01
1.916950993201207e+01
2.687134082749083e+01
8.421600879366324e+01
1.432291931208359e+01
3.131374168736569e+01
3.426388052025059e+01
1.991964877579345e+01
2.966502887646902e+01
3.647150329149864e+01
4.248348457854404e+01
7.595896747706409e+01
3.270401327531040e+01
2.286400898493082e+01
6.269671859345246e+01
6.150726380828176e+01
8.792916633557955e+01
7.961990175751033e+01
7.085478490723986e+01
6.830411938405787e+01
8.900928967120558e+01
7.581660467005177e+01
2.556825961245609e+01
1.523215850593157e+01
2.020991222011387e+00
1.233555828795562e+01
6.175588847219753e+01
5.745772922293177e+01
9.908363912211901e+01
9.387637427722866e+01
6.462008006154564e+01
4.524802772572638e+01
5.708541858805596e+01
9.574962896096969e+01
9.513005027320705e+01
1.802988281381776e+01
1.983526368617791e+01
8.571743079727396e+01
7.847497466880594e+01
7.298126121656097e+00
3.519131170361830e+01
2.047214676648013e+01
9.225101447303361e+01
7.650046836421846e+01
3.689612501156336e+01
1.131624463541258e+01
7.979965609488993e+01
5.859922178024390e+01
4.989395907609443e+01
9.965608832410354e+00
6.513409831800224e+00
9.545862953898433e+01
1.798115042875574e+01
1.807888751760073e+01
9.091443046504372e+01
5.538855970622439e+01
8.118530529606403e+01
5.267031893724125e+01
7.745987092026503e+01
2.375406917359404e+01
9.058622754671902e+01
4.633815900717777e+01
9.550222027837401e+01
4.767164608820884e+01
4.208778792158132e+01
2.496625675119751e+01
3.732390833893972e+01
3.388000723620877e+01
1.068368750190534e+01
9.706864617628447e+01
1.137041021667906e+00
4.347197182638197e+01
1.754079289619848e+01
8.351660016156575e+01
4.260254341298833e+01
4.241385070719470e+01
8.001123935916054e+01
1.805924797340261e+01
6.206311474650312e+00
1.050687362929195e+01
3.439031170419898e+00
1.271972130645053e+01
3.001179761719508e+01
5.181220069146352e+01
8.759056031126089e+01
6.474888006446365e+01
4.142232329650890e+01
7.278008483014073e+00
5.137322174914797e+01
1.888219417020781e+01
5.753220103566171e+01
7.283644972966819e+01
4.874424019304301e+01
5.303442131403574e+01
3.760035687014477e+01
7.308141052400758e+00
7.800067806523326e+01
6.035789151692664e+01
8.973560225671883e+01
4.876615356130812e+01
5.116261176353441e+01
9.678016612156301e+01
3.455936477266223e+01
1.929493281957458e+01
9.191321655731332e+01
1.694192794009201e+01
6.690202256054711e+01
4.502775610658701e+01
9.087820467114365e+01
7.310833408176356e+01
6.666768904154546e+00
9.431723584156356e+01
7.993883918036653e+01
1.042965571881722e+01
1.573741744073919e+01
8.202204936278147e+01
5.029530741753769e+01
5.715974073724809e+01
5.608681382429172e+01
1.668529120119535e+00
8.216429901410093e+01
5.570178840109230e+01
9.038847288600563e+01
9.936586567171190e+01
8.934399135845899e+01
7.599398269131500e+01
4.857042918380836e+01
7.766067426542783e+00
8.067947643840661e+01
2.856416400920794e+01
2.585151532006055e+01
9.112175325449637e+01
3.924872537108545e+01
8.424933598574685e+01
4.348844412876687e+01
4.790917404364291e+01
2.877929212002982e+01
9.082685834301024e+01
9.759929054304925e+01
9.189482829156091e+00
4.173890573053570e+01
3.619122241446340e+01
8.902419493022570e+01
4.856778823238229e+00
4.662087817984674e+01
4.761612324398762e+00
3.948771969391392e+01
4.108613451993379e+01
1.787743001146122e+01
4.339296000236318e+00
4.182460300709335e+00
3.796328796910275e+01
7.791397980317193e+01
5.381245322237371e+01
7.634892024861134e+01
6.518284434693999e+01
9.822051864965843e+01
2.011907092301132e+01
7.294891177348276e+01
7.834476073195448e+01
1.483746232224510e+01
7.653895750480656e+01
3.940909646423957e+01
6.317845334446916e+01
7.695626238219266e+01
3.540655767331205e+01
8.220228365725013e+01
8.956758561058324e+01
4.037129322084193e+00
7.019968525050193e+01
4.201897161175449e+01
4.577603505261989e+01
6.390907618399202e+00
8.724111755715735e+01
3.221386793638294e+01
5.301178579824594e+01
9.790316494084111e+01
8.046635015889366e+01
4.739636930050160e+00
4.902859406966185e+00
8.661882080445943e+01
8.922097277325623e+00
9.261530427849632e+01
4.484673051389247e+01
5.726471145509962e+01
7.184088033244055e+01
7.211750181024777e+01
5.548523005819192e+01
9.321430530083100e+01
4.506641353716442e+01
2.530233856537488e+01
6.990145001090198e+01
1.446575830432855e+01
8.464979090944389e+01
1.344046090424082e-01
1.487490079127015e+01
7.459871250884548e+01
2.008997156288939e+01
1.911279774229638e+01
9.842403409929203e+01
9.843749930078047e+01
1.969946172074390e+01
4.420006910534579e+01
4.699698344198847e+01
3.485742878860674e+01
8.805638290385546e+01
4.969235023003647e+01
9.468161593874991e+01
7.393930306375925e+01
5.443198716008663e+01
5.918966925665256e+01
6.055812386821869e+01
6.335408443741225e+01
4.602468830813872e+01
8.825641036418100e+00
6.684711490145284e+01
1.786556859401314e+01
8.094314284666588e+01
7.907728784674653e+01
1.750245411764013e+01
2.600955633726416e+01
8.284986111468163e+01
2.670364269367589e+01
4.047531464159270e+01
8.660788824158156e+01
6.681864399780456e+01
5.546180058990689e+01
6.818003164053896e+00
6.420714695202520e+01
5.460033107297511e+01
1.603613631615235e+01
4.537817199964923e+01
9.252066695714400e+01
4.507096644727093e+01
4.166057568120797e+00
7.105600464672595e+00
7.974182003165680e+01
7.074112117790669e+01
8.194591686220184e+01
1.011560103395749e+01
9.966752040184453e+01
6.734147284521789e+01
1.200658460706779e+01
1.891816981086422e+01
4.423245133097863e+01
6.886258622112804e+01
7.382638998042158e+01
1.460438031451980e+01
1.775368443585638e+00
4.910943459212288e+01
4.823654813144195e+01
2.802246777714345e+01
4.974275703995617e+01
7.059566461043231e+01
6.009130741473814e+01
1.653153962294177e+00
6.714900087898084e+01
2.361045490187148e+01
6.007923281755263e+01
6.133625212187705e+01
6.123872350959048e+01
1.956539043205110e+01
2.997085849287494e+01
6.591127224541793e+01
4.850685347267746e+01
2.431510706633102e+01
3.698951603704575e+01
2.001849330031243e+01
8.478488348647248e+01
2.749375674291223e+00
3.013409433426992e+01
2.588946806541153e+01
3.716036925891432e+01
4.214067894133770e+01
6.616589998182184e+01
3.389918097942098e+01
8.586228321579391e+01
4.697469554234981e+01
2.528344440519970e+01
8.782493355117037e+01
1.563890781981820e+01
7.641648826022470e+01
9.253319785582516e+01
6.715298121196822e+01
1.211343799350478e-01
6.079343727826767e+01
8.038195012155079e+01
8.844996531887443e+01
2.615862177971686e+01
4.046118289253729e+01
6.925685311167355e+01
8.247736025716986e+01
2.769501755372389e+01
9.145770081852456e+01
7.941551836180293e+00
9.233137447961205e+01
3.443989247756074e+01
1.476765867079033e+01
4.205409951603697e+00
1.814951110545057e+01
1.998036118223349e+01
7.025408016995252e+01
6.539724127640820e+01
8.581961686062610e+01
4.399862943403360e+01
7.546238111120761e+01
1.724274829832965e+01
7.420282912170646e+01
7.591300084065320e+01
6.822235918055398e+01
7.883021891062624e+01
2.463488943159343e+01
5.665521885112637e+00
9.239928135294434e+01
1.535138441964583e+01
4.895388933315589e+01
5.806933113283912e+00
6.253749149038340e+01
8.822260726626152e+01
5.622573334547958e+01
7.066711861205619e+01
9.509292132923981e+01
9.825601298280806e+01
6.192760475069639e+01
5.217706693903406e+00
9.221159414956887e+01
1.354939351489273e+01
1.858677217671032e+01
3.432260324914130e+01
2.052713139938523e+01
8.221310706912218e+00
8.298185085085306e+01
9.089960720897634e-01
6.600834339205564e+00
6.880146771147916e+01
9.492703168416723e+01
1.729367534503978e+00
7.142672360475488e+01
6.654301107234461e+01
5.657530229379204e+01
2.485214035252675e+01
8.026147637528436e+01
1.372013753918937e+00
8.102811038541985e+00
1.673664665629000e+01
4.740070227878201e+01
1.166125168635568e+01
4.600524327066040e+01
3.130264218491625e+01
1.083845710886571e+01
6.545424673960277e+01
7.932855420714642e+01
3.810326910489391e+01
6.449235303536632e+01
2.569837352526299e+01
1.407049121990357e+01
6.684554278238003e+00
4.761156651545855e+01
2.990190229839734e+01
7.485049123636004e+01
3.999522805213706e+01
9.307734723811846e+01
7.915231412237152e+01
4.805336107874911e+01
8.208512816675247e+01
7.320263156350825e+01
9.301650304953405e+01
6.759777700882302e+01
3.228785583390289e+01
1.732594939755553e+00
4.524014538398019e+01
6.797076653128991e+01
5.724558050615973e+00
1.443442241960877e+01
8.765765842406901e+01
2.246120470690597e+01
6.340461203986993e+01
2.807541500221725e+01
3.573517712565846e+01
6.690630850703749e+01
1.804240705354252e+01
7.631443793713788e+01
4.623486271418392e+01
3.035686585603136e+00
1.246028687453842e+01
8.029703571474973e+01
8.726761047135462e+01
4.513769747928610e+01
2.790860223020827e+01
1.873641652927567e+01
8.827817397577602e+00
6.790383028234534e+01
1.181376372082800e+01
5.957314765992255e+01
1.044360395075921e+01
7.768217319514703e+01
8.544210241429606e+01
3.059399222517106e+00
4.489965748270026e+01
7.740513434512781e+01
6.341072733672836e+01
4.882047388182043e+01
6.464101074479566e+01
6.696091539550615e+01
6.559347862638229e+01
8.323701158316666e+01
1.878082804325075e+01
4.728810724210371e+01
6.626257182390549e+01
6.295119540903308e+01
1.571801445247513e+00
4.642122553029155e+01
9.976014741685249e+01
2.506921488096435e+00
2.566901642161841e+00
1.061452413472092e+00
8.280395724941229e+01
8.058733827461830e+01
7.607299949790956e+01
7.266164262437339e+01
3.769230285551972e+00
7.696528778270132e+01
4.485423767233930e+01
6.531157668927293e+01
7.417149598438829e+01
6.429040481536202e+01
3.598951838723827e+01
4.216957932439148e+01
2.896142286665804e+01
8.088917586993854e+01
6.904914303172805e+01
5.433759840872958e+01
8.480720971003510e+01
5.728011292278772e+01
2.347288374950778e+01
2.159852330647340e+01
9.546726974447597e+01
8.817887869113072e+01
2.574152323684726e+01
6.172984156838145e+01
7.802056925279115e+01
8.597054052444666e+01
3.741745792209052e+00
7.778071662307751e+01
4.994742434935059e+00
3.330885206037613e+01
5.266178201542319e+01
5.704242133397722e+01
1.389619028842831e+01
1.780688106911578e+01
6.863275830104611e+01
1.766542057398028e+01
6.559941054582569e+01
7.172743853727702e+01
8.358013135547756e+01
7.612616609601591e+01
4.384967239752862e+01
1.217719256513621e+01
3.117907044067004e+01
3.477654342296373e+01
9.515599510406889e+01
6.473412614536198e+01
8.911414183169330e+01
5.944130968276472e+01
2.201423902158357e+01
2.051809994527981e+01
6.234197801088075e+01
1.748150876605953e+01
2.765639942495916e+01
4.426688754198462e+01
7.921135033444099e+01
1.489935746178932e+01
3.271125752139429e+01
4.313153011870176e+01
4.454119947950412e+01
3.492583513023603e+01
7.992377676066187e+01
8.947056838752263e+01
5.093451656910335e+01
7.241789618153959e+01
8.010673540649319e+01
5.347761681930982e+01
1.168431980148159e+01
4.570614590575273e+01
6.024254353728264e+01
8.658554762908516e+01
3.633141561240490e+01
5.330948971831682e+01
8.422352060872294e+01
9.392733596913858e+01
8.808603318784667e+01
5.885762062801869e+01
5.866146211450057e+01
6.189669536514985e+01
3.564619931189632e+01
8.837619400041932e+01
8.978720055417493e+01
5.821891359901936e+01
9.478259556683833e+00
1.744359993256796e+01
3.106874596842972e+01
7.736856019001853e+01
8.946377769553278e+01
6.009288284000609e+01
6.151597479428909e+01
6.578253818013824e+00
7.509487707870774e+01
4.143975150838482e+01
6.887810810882510e+01
2.602939360124497e+01
8.762227389385099e+01
4.898484346875215e+01
4.580118648978006e+01
8.168687665913575e+01
2.880003584027292e+00
6.043729980496564e+00
8.338898093597450e+01
5.011971995705725e+01
1.623128038655560e+01
1.148655359236829e+01
1.045063729884598e+01
3.719172367695334e+01
6.172539902000008e+01
7.284140417950293e+01
8.199986269790674e+01
7.767563098002022e+01
7.627774750640512e+01
2.884114711957106e+01
4.247392646152243e+01
5.385524269838596e+01
3.166379920750102e+00
9.223612970311015e+01
7.223968737397328e+01
2.477814817092295e+00
5.675852087175405e+01
3.375566212169624e+01
9.056068635106119e+00
8.451497130306204e+01
8.899810439394699e+01
6.041005284544548e+01
2.333904803886034e+00
2.729665251788527e+01
2.393852175396798e+00
2.009593114261326e+01
6.722220641897164e+01
7.673192549344708e+01
9.993558339771609e+01
2.957477934173065e+00
5.896014708977199e+01
6.743064851846110e+01
4.773311570646852e+01
4.858394826230777e+01
5.877475913556979e+01
9.830623119990631e+01
1.415865133244482e+01
5.151754741161948e+01
6.720394364893620e+00
8.863927898399498e+01
3.574218397761797e+01
3.780397690730354e+01
1.542885849039483e+01
5.655473617676401e+01
3.004010656384756e+01
2.952905429039572e+01
5.479932457897780e+01
6.712424576614249e+01
4.766963005423063e+00
7.518701538219444e+00
1.394353728459381e+01
2.368528471499927e+01
5.537803008005863e+00
4.717832861802463e+01
8.015463830910373e+01
2.464855505370002e+01
9.829023107806697e+01
2.627809128085062e+01
4.515028891393463e+01
2.275733152532826e+01
8.259142464147480e+01
3.775653244823056e+01
9.448992530558721e+01
3.263262344181194e+01
3.981377949929507e+01
6.982081042128652e+01
5.497991063398304e+00
8.700224649487168e+01
6.097830429718750e+01
5.743030768699493e+01
3.829144683586966e+01
7.472671404235378e+01
2.312471099343370e+01
6.291290897080345e+01
2.086216896812532e+01
7.592239071425162e+01
3.287025603133731e+01
4.368999974973966e+01
3.560265788603697e+01
4.980237639965600e+01
6.507272779246453e+01
6.633445474614132e+01
5.317717918808441e+01
4.577514289215912e+01
1.601612396352744e+01
9.154838402362000e+01
4.504809181440999e+01
3.794644821339587e+00
4.149954125354976e+01
5.934379527314743e+01
3.544374603565957e+00
9.646204854196965e+01
4.545308046296848e+01
8.599867438245504e+01
5.903167238413900e+01
8.526685996226354e+01
4.269509382671448e+01
8.011182797146581e+01
4.277668704408067e+01
5.221124633783998e+01
6.717189339323522e+01
6.777036230441665e+01
5.008058946117786e+01
3.516035663669945e+01
5.344714208200907e+01
9.015412162530893e+01
5.686291049088486e+01
8.935785884473373e+01
1.727556810587438e+01
1.270419918592284e+00
3.916023519782360e+01
8.234829589833892e+01
1.738313902978932e+01
8.346618860190091e+01
8.749871523468696e+01
3.339926303988288e+01
3.419066217457441e+01
5.311524302378076e+01
8.253383337638054e+01
4.806128612163537e+01
9.557318510281536e+01
9.485365212655331e+01
4.452333461703888e+01
7.994420192201818e+01
1.470133132054533e+01
3.243046767657179e+00
3.805843267499397e+01
2.104617740076323e+01
4.934599709200952e+01
8.083511971907463e+01
2.842755058241428e+01
8.015652591369884e+01
4.860548197692516e+01
4.648064228076517e+01
8.674933206604297e+00
5.679837798550650e+01
2.784268186792856e+01
8.747450224471955e+01
4.615623678367410e+01
3.081161153074894e+01
1.937549375899857e+01
7.933573866232099e+01
8.553727226589679e+01
4.382267996846823e+01
3.191460153642791e+01
4.814744719683539e+01
9.336078404139764e+00
1.106465575800494e+01
1.795631214881144e+01
4.652998631192836e+01
5.692703693962052e+01
8.299392027919829e+01
7.523264325001865e+01
1.138411323138704e+00
5.077109432349498e+01
8.993397457056398e+01
6.784720261015333e+01
8.882952699848894e+01
6.582849070701212e+01
5.711634874209592e+01
2.830399238891154e+01
3.592926651981159e+01
4.996061052659555e+01
1.776187350869266e+01
5.357033184430112e+01
4.650260985200415e+01
8.285714480227658e+01
2.891992900004607e+01
9.144461666766769e+01
8.211146373400067e+01
3.210890536760395e+01
4.999829300213526e+01
6.541215398600891e+00
1.764617758693461e+01
8.625939478457877e+01
9.583664261542104e+01
1.465454204690388e+01
3.527118681709803e+01
4.561080646031108e+00
7.096606240187123e+01
6.512937651254673e+01
6.455015198539485e+01
1.332320855619535e+01
7.631511831484508e+01
6.004696910271745e+01
4.742260028022463e+01
6.624818750016772e+01
4.526471753849868e+01
1.969051818348957e+01
9.320306805577272e+01
2.381066234028463e+00
1.953786705599067e-01
2.927575727425318e-01
8.495872853554725e+01
7.132791144369538e+01
1.572097293833316e+01
4.496941461459241e+01
2.642328074501049e+01
2.912293240852791e+01
3.641403123569397e+01
3.746372891471895e+01
6.958383799976848e+01
8.641232423782922e+01
5.850049483520002e+01
7.819880646569599e+01
1.234743255765523e+01
1.261819378129123e+01
3.120855662562351e+01
4.761861937475327e+01
1.717927442732233e+01
1.819783273069087e+01
4.214188146504661e+01
6.537678943266010e+01
3.152104133345236e+01
8.645360883625858e+01
6.487072881537989e+01
3.074566872359518e+01
1.752528469894327e+01
5.858913741940127e+01
7.816096715543465e+01
5.965943637288149e+01
2.421318312371763e+01
3.653575295421097e+00
3.693824272460222e+01
3.030797747443802e+01
5.859763811277116e+01
6.488419974450218e+01
3.568949486859585e+01
8.502091885778165e+01
5.992063798937976e+01
9.958480154144802e+01
5.268238412806875e+01
8.275855168828673e+01
2.406898239816957e+01
5.785124444302695e+01
5.648032024338856e+01
1.045118007364272e+01
4.434811498240946e+01
4.266450449017086e+01
5.806979944839598e+01
5.650192352780230e+01
4.483912347109948e+01
8.624239656433575e+01
9.240882848035955e+01
3.511565771657772e+01
1.451181006362280e+01
2.200923833158297e+01
4.405245140383600e+00
2.319752020910267e+01
5.694998854629230e+01
7.174707379739129e+01
7.457978836008337e+01
4.942380127004525e+01
6.420746322917168e+01
5.544924226377590e+00
5.560056690853116e+01
3.984307774335289e+01
7.364158917853683e+01
3.087795899756158e+01
2.350533265783700e+01
1.883106036988602e+01
5.682731273436328e+01
1.969703157418270e+01
8.857520119686387e+01
1.510776333283063e+01
4.640148689337144e+01
9.136637667723298e+01
2.883693973013989e+01
8.572413599385142e+01
5.522502765768442e+01
8.372773653069872e+01
9.338765097474105e+01
4.212873510184173e+01
6.322769320720234e+01
1.261700387700321e+01
4.190989073454863e+00
7.062690191465751e+01
4.036813627014315e+01
6.714730116871526e+01
8.707676790052874e+01
7.637277691456153e+01
1.671086536567233e+01
6.993372443594677e+01
3.468420744626047e+01
2.382301293491526e+01
6.408932170089768e+01
2.271615714892566e+01
6.902165634977709e+01
6.567778399478541e+01
8.193163484424895e+01
3.506026921563794e+01
4.383042130797655e+01
5.643189300616825e+01
5.120902101099911e+01
1.336572305921732e+01
9.970414941185346e+01
1.020338694108808e+01
6.347640038629826e+01
8.369784936481055e+01
5.773129079385255e+01
4.653256980075155e+01
6.772260799432294e+01
3.022532329439434e+01
9.723863880952757e+01
5.670626971717284e+01
6.486021124984147e+01
2.328607203591898e+01
3.656254510235160e+01
5.228347519984631e+00
8.985120583784358e+01
5.324673887959063e+00
9.918869524225066e+00
6.742398076105117e+01
3.089573091403383e+01
6.956079670673273e+01
1.971690930412938e+01
9.876314452791733e+01
9.227695390222452e+01
1.154545862765306e+01
9.536195280745716e+01
2.542133094995345e+01
2.491517505837380e+01
2.503880030710194e+01
7.391098103202459e+01
6.979736078986775e+01
8.777280887019485e+01
1.743259733423246e+01
3.584392742991631e+01
2.829794591679142e+01
5.151092491648669e+01
1.206407645347718e+01
4.485270937199365e+01
6.855603250142002e+01
1.288531069312492e+00
8.227622275346714e+01
6.541315157218517e+01
8.000916111283431e+01
7.872624610491388e+01
9.557293480987332e+01
4.769775408678584e+01
6.857745189619132e+01
8.976086512662511e-01
8.257434334725809e+01
1.506740879969085e+00
9.648289982997017e+01
5.213514005399082e+01
2.122365018409847e+01
2.991927211634781e+01
4.668359972847793e+01
2.282653810588016e+01
2.803931656667931e+01
9.645982966593458e+01
9.608206031661577e+01
5.894018619271935e+00
7.656423890803207e+01
2.289859811910363e+01
7.347416513295573e+01
9.029167838873884e+01
9.873015093558010e+01
1.754997112674171e+00
2.667915785064882e+01
6.979335871049825e+01
9.963177754526575e+01
5.333609671952952e+01
7.874408558883894e+01
5.507195156769452e+01
7.419227155586344e+01
9.106570006863480e+01
3.379819762604227e+01
1.714879461431354e+01
6.451000741892961e+00
2.375649522233591e+00
1.804640331214592e+01
4.766626155360893e+01
9.991175918835764e+01
9.274909435433759e+01
1.110162162738928e+01
2.830053429505813e+01
5.761883592122180e+01
5.778522135586721e+01
3.506825647087221e+01
4.183434231292193e+01
5.540600281926152e+01
5.290334464651688e+01
3.873626936168236e+01
5.611687808116753e+00
1.619016137728009e+01
1.221043444807196e+01
3.619385693976370e+01
7.493268697286616e+01
9.494050107660726e+01
6.811961208848265e+01
4.614328637073901e+01
3.416259201903017e+01
2.145570876144604e+01
2.521725367997646e+01
7.903457413382576e+01
4.303156865901853e+01
6.244788573237503e+01
8.408730937358332e+01
6.018036327333206e+01
7.105560762391221e+01
6.637469710147693e+01
7.822676658547798e+01
7.827738708736254e+01
7.025708750367960e+01
5.506674309962744e+01
7.466302596715420e+01
1.543016308705796e+01
9.137250114761875e+00
4.383597818381897e+01
3.043138456085296e+01
2.727626819502388e+01
7.626224955369824e+01
2.514490411856440e+01
6.585168329340019e+00
6.161937050596782e+01
4.222229595399568e+01
5.175396625499891e+01
8.785963770368119e+01
7.033089151155710e+01
2.478755611217933e+01
1.918077744505404e+01
5.791930372729865e+01
5.641659049150375e+01
2.817990953483615e+01
4.968350909169927e+01
2.968016631420710e+01
7.121147819385467e+01
5.439616309217929e+01
3.119837959818467e+01
1.387503371288769e+00
8.318700244798652e+01
6.337633885600433e+01
8.890084893857168e+01
2.707908527323933e+01
8.592395856321042e+01
9.462857893417988e+01
7.216723061733285e+01
7.762409503461053e+01
7.737093008000913e+01
3.681899967455259e+01
6.539713338268788e+01
7.576623376261733e+01
5.504684949063083e+01
9.384299590896956e+01
8.235140213852348e+01
3.460316310385389e+01
4.290856739641566e+01
6.208509754486619e+01
9.457226795822953e+01
1.323945890797277e+01
3.641369516794276e+01
3.589214870514914e+01
2.986999728245195e+01
5.939426420228288e+01
2.316733497342436e+01
8.771232249574378e+01
4.071849828619440e+01
2.059233375852570e-02
9.952061828203527e+01
5.098252587531811e+01
1.071518175802900e+01
8.270762068345566e+01
7.151381358109127e+01
2.033378981069373e+01
2.685391196368910e+01
2.261950076679676e+00
9.016680907931496e+00
4.306111379669100e+01
3.705493581344138e+01
5.750664652209107e+01
5.332299044976150e-01
9.381767748567168e+01
4.611612323025061e+01
3.325637794717046e+01
7.033315038789677e+01
5.089939476498374e+01
3.996900820171880e+01
8.043652748709383e+01
1.298449230984994e+01
2.982781228135704e+01
7.127821513976819e+01
8.764217257855562e+01
9.917289814873268e+01
3.568928574011162e+01
