8.664625416819297e+01
4.382175372160121e+01
2.343219012181842e+01
1.591670988868769e+01
8.660810058312867e+01
3.230534216030750e+00
8.522179773320528e+01
6.387180749507240e+01
9.356818394435950e+01
8.424094076465859e+01
8.217596173387764e+01
3.216066003412039e+01
5.192950058352645e+01
8.406492349880976e+01
5.197497608697740e+01
9.086647633969154e+00
4.817301237404952e+01
2.691462437012914e+01
8.695051138612932e+01
5.265860848718258e+01
3.328434873059594e+01
8.187186717142903e+01
6.072679909911324e+01
1.101104910998188e+01
6.326935326832782e+01
8.208863748334750e+01
3.188750070141977e+01
2.620350258713751e+01
1.106624026366800e+00
3.603914712371265e+01
3.792733086176558e+01
3.873970971384072e+01
3.690632727784399e+01
6.019322008834836e+01
8.117597740198298e+01
8.557570683098199e+00
3.974057880218167e+01
7.168640162408650e+01
5.123483857663108e+01
2.529993486837481e+01
8.193950903692260e+01
3.930909276907756e+01
4.065049124911916e+01
3.791895962223362e+01
7.750602791901026e+01
2.752480759635791e+01
1.807129276826572e+01
1.398813892807259e+01
5.330065034949251e+01
2.647621041465375e+01
5.741259276746428e+01
3.042371223234744e+01
5.007907797120469e+00
7.407042918450685e+01
4.981640486503784e+01
9.051238079113530e+01
8.404290130550177e+01
5.059553447672890e+01
5.843681313956009e+01
8.037382228317384e+00
7.602689595708013e+01
2.552246294241513e+01
9.336489317629713e+01
1.087941788643571e+01
4.398240933380202e+01
9.998914930037650e+01
5.871898553274525e+01
8.372298813598370e+01
1.128677148897516e+01
1.044461750911764e+01
6.392192838896156e+01
9.479305711332385e-01
9.690518542048762e+00
7.474029351712218e+01
3.886689019336686e+01
2.283687746284384e+01
3.021927495962907e+01
5.714679651760812e+01
8.295277412186972e+01
7.959572811592172e+01
2.163832104841169e+01
3.481662139986484e+01
3.995780774390223e+01
8.638974609151006e+01
2.814553586214107e+01
6.604716166204176e+01
1.704399553921260e+01
7.389854829474285e+00
5.896784242194511e+01
2.964040065633152e+01
3.736022172372799e+01
4.505866814640289e+00
6.892175421534188e+01
5.340846211342535e+00
1.964970855957349e+01
9.900164450472298e+01
1.137558823049794e+01
9.392238557055703e+01
7.854743184454153e+01
6.151661410067073e+01
6.106942080011098e+01
9.305581436169139e+01
1.125192191044424e+01
4.664140443626857e+01
9.648078461013770e+01
3.636609205806911e+01
6.708916889833714e+01
2.670005952320064e+01
8.790617626528542e+01
9.134377473562201e+01
1.397294877747677e+01
2.870689138244227e+01
7.282673566268140e+01
7.801828532387422e+01
4.617426942390123e+01
3.654595512735935e+00
3.567268263347106e+01
6.321826496311382e+01
9.876315426023824e+01
3.381350270184386e+01
5.570527066276654e+01
3.622534327964547e+01
9.027244573937378e+01
4.386868865409339e+01
7.895569628055938e+01
2.564170799480830e+01
7.341888298905403e+01
2.924029092734693e+01
1.956409351879921e+01
3.532751749052085e+01
2.052688799823024e+01
2.267641384279188e+01
4.247782637480545e+01
9.743767049975585e+01
4.248878589947186e+01
3.895861093837703e+01
6.823495340917025e+01
3.674798870307765e+01
2.397346427849190e+01
3.342595795794668e+01
4.784047624461375e+01
7.244014375491075e+01
7.547600100537576e+01
2.098982069687444e+01
4.341397557566593e+01
3.946747609389363e+01
4.037815087492492e+01
5.271671468052860e+01
5.610392361697924e+01
1.017478737522605e+01
6.951450755331410e+01
9.003332168331059e+01
5.600711459108029e+01
4.811946328176160e+01
9.184061195321409e+01
9.892022432709123e+01
3.441346964538725e+01
7.529821301591500e+01
3.015386873397691e-01
3.445433864111748e+01
3.003304201645453e+01
7.177167491604186e+01
7.891885655881784e+01
8.390709961946453e+01
1.719911020118702e+01
2.446094435847408e+00
9.302236609767301e-01
7.703829280894170e+00
3.351909650187898e+01
4.817715550222302e+01
2.550315602007469e+01
3.874807597079690e+01
5.567264047249809e+00
8.927743895411372e+01
4.686039464867692e+01
5.755131489483235e+01
1.965182601458012e+01
8.723854552360184e+01
5.660278231678660e+01
5.303291904415606e+01
5.300182455824773e+01
8.308352720135987e+01
9.135941378369901e+01
9.998996951616833e+01
5.067880854507852e+01
3.044656032251500e+01
1.859468548493212e+01
1.348577552171693e+01
6.164208006190233e+01
5.368886345703567e+01
5.103900258012069e+01
1.592436624501104e+01
8.258120486632977e+01
3.108104119593326e+01
4.803892203981007e+01
8.609222089224133e+01
4.488572191674528e+01
6.148095729829788e+01
2.577717077256049e+01
1.491142353737328e+01
8.117533232140137e+01
8.422111681859062e+01
3.204787635805452e+01
9.531267164056779e+01
7.349855572613821e+01
1.440393566824679e+01
5.286398648883402e+01
5.689460321184928e-01
8.190992031335361e+01
8.797072725741693e+01
4.629498531403718e+01
9.310282016783152e+01
8.057486516450292e+01
2.232481652047710e+01
6.447541753969873e+01
1.907583811277330e+01
2.419534526960707e+01
9.928310220096405e+01
8.930803094492667e+00
8.038151491451147e+01
5.297196561143359e+01
9.070004340759481e-01
8.530200765715075e+01
6.837414361926454e+01
1.536469464905779e+01
7.966647747888531e+01
4.067474945479759e+01
4.001658630558131e+01
4.847674260310677e+01
3.502676325618604e+01
4.018456132159780e+01
5.291268041027369e+01
8.132114316398331e+01
2.685869118518135e+01
1.950190613023094e+01
2.826191183564342e+01
4.126262685342815e+01
5.272610897790925e+01
3.253019267345321e+01
7.075089391821572e+01
2.615196398745848e+01
7.504597798690477e+01
5.877153946029560e+01
5.070174292228266e+01
1.482829075065827e+01
7.044218893649159e+01
4.661607278819013e+01
3.356772555670130e+01
6.511164762317745e+01
6.245235822277719e+01
1.449796753679307e+01
3.539035564073844e-01
8.878239895626083e+01
9.979997524050994e+01
5.493643221209591e+01
7.241065053847183e+01
1.093848376112919e+00
6.292870415511015e+01
5.086789398960205e+01
4.405935227128646e+01
9.278732654302722e+01
9.722651266363754e+01
9.144433438379519e+01
5.997277836314067e+01
3.144076267790085e+01
8.775049293774669e+01
4.691172845052170e+01
7.270338957789512e+01
6.011638551024552e+01
7.557240099439974e+01
5.513613384921855e+01
5.291225777608913e+01
1.363396235445233e+01
8.222447302296034e+01
1.283980077730483e+01
9.335350547607686e+01
4.900797733525186e+01
4.738232588739242e+00
1.830057069580097e+01
3.086932470596830e-01
4.606012713446288e+01
5.950234367488993e+00
7.195227731575829e+01
3.484252604415758e+01
5.797996560948899e+01
3.309748891419614e+01
2.148334757493965e+01
7.816494585860751e+00
7.409895498962092e+01
5.556843218187263e+01
9.567618146337391e+01
1.482385327798494e+01
8.603047522997041e+01
8.235534750034816e+00
3.879014488253284e+01
7.742658666215212e+01
6.102816260467664e+01
2.751584575861499e+01
7.594201582294983e+01
4.134614697720210e+01
8.134943478803591e+01
6.664672641393111e+01
7.294234878986252e+01
7.683983732799061e+01
1.763477857114504e+01
1.862936085957539e+01
6.255902571722820e+01
6.666416817655050e+01
7.439242460503822e+01
4.326924255270010e+01
7.478102621379357e+01
4.714317733754552e+01
9.982607546254344e+01
8.490603788984289e+01
7.150706642843181e+01
2.280434180181676e+01
9.002346568276336e+01
9.443135005162626e+00
4.126186172536661e+01
5.653320954019819e+01
8.278910381849349e+01
5.233019238912043e+01
4.222966606832559e+01
9.613325460633881e+01
4.101100510033360e+01
3.345030855082455e+01
1.556803370619567e+01
6.720776877701644e+01
9.723739661147697e+01
6.707657154979024e+01
8.313959864114393e+01
5.730739601762378e+01
4.469668438876825e+01
7.383984838325523e+01
3.414723329904826e+01
5.151282532676720e+01
8.669142331308286e+01
5.827634029941463e+01
3.239368369448635e+00
2.021731814379679e+01
6.874815154296725e+01
3.132452654248315e+01
2.257048190691065e+01
7.845292849394163e+01
8.006090367215728e+01
2.673092234261842e+01
3.983189460813622e+01
3.163533277420110e+01
3.532444761848284e+01
7.155314221584850e+01
4.329327402789763e+00
8.137320782121887e+01
9.133930252461661e+01
5.689593309392031e+01
3.083536719476588e+01
8.136549875203777e+00
3.573375378536701e+01
9.253952661181778e+01
6.069953523608834e+01
8.758363825622185e+01
6.126920718758796e+01
8.158600157200638e+01
6.683476230447867e+01
9.510881211380885e+01
3.779975089142088e+01
2.989963676310127e+00
9.143966463927164e+01
6.359279941003434e+01
4.658440647022072e+01
7.641510939058620e+01
6.397660540602011e+01
4.109618619135404e+01
7.112147974368254e+01
4.607677974089830e+01
1.142200772251096e+01
8.223344072803549e+01
8.159098191260871e+01
4.137777864997172e+00
4.286783581733138e+01
4.022948538895207e+01
4.348645896813202e+01
6.895685464560839e+01
2.160269321017093e+01
8.081162794530933e+01
2.878987259640818e+01
1.064820001397664e+01
3.377936945007153e+01
6.452362638177519e+01
3.187726579228289e+00
8.463332396216380e+01
8.859388031465649e+01
2.564118161128889e+01
4.226808326424476e+01
2.893797030157315e+00
3.160707318764509e+01
8.928963723093720e+01
9.192032515626416e+01
4.646158816593773e+01
4.559008313603238e+00
2.530902439044278e+00
1.463291119534192e+01
1.969088382073254e+00
7.121457432918929e+01
9.701943094703343e+01
1.383906272884415e+01
8.846032022892513e+01
6.536148212168435e+01
6.635876268444525e+01
7.998523329383937e+01
6.333355873978397e+01
6.588248026831191e+00
3.809194594532808e+01
8.445795615411268e+01
7.769199082520417e+01
7.994973151010915e+01
7.353598488193749e+00
7.066012391385628e+01
3.165894799477372e+01
8.077191313764635e+01
3.879651796948003e+01
8.745932010349786e+01
2.097097887702797e+01
8.534004911097701e+01
6.669309053881703e+01
7.740393317183663e+01
9.228035318305733e+01
8.526222840196557e+01
3.764265623765190e+01
7.296753375463538e+01
8.982123671556880e+01
4.487338417436619e+01
1.145336013820645e+01
8.380338972611511e+01
7.752537614550693e+01
8.472791038673739e+00
6.782145605786771e+01
2.660149523364450e+00
7.830699723135075e+01
2.264448815148533e+01
8.295162710498629e+01
2.939337842603837e+01
6.779224666198354e+01
2.844366521036423e+01
3.594683326592056e+01
1.223851005185326e+01
5.016908517580903e+00
2.577657519177374e+01
4.699157245782743e+01
7.016455594923559e+01
4.888183392997917e+01
2.235230064129098e+01
4.114780278929872e+01
9.666398637772723e+01
2.104974944193370e+01
9.987898324610617e+01
9.635833888145086e+01
4.575039369321912e+01
9.904440771743862e+01
4.802045661398231e+01
9.280447200536935e+00
1.976198657404724e+00
9.318449101093435e+01
9.679174925982568e+01
5.096133786764058e+01
2.247462576370436e+01
2.493202538459191e+01
9.653135654354998e+01
9.778166795046145e+01
7.569568901122346e+01
9.689195030224134e+01
8.680257479976983e+01
7.051194886235145e+01
5.962488588859555e+01
6.517743145356766e+01
8.559712520129845e+01
5.054876271195187e+01
1.696801512360946e+01
9.751307167928344e+01
2.780133575564313e+01
6.551007035444960e+01
1.382020177031877e+01
6.604534111267204e+00
7.700067664356934e+01
6.423703081171821e+01
9.629045524461681e+01
4.228810036661480e+00
5.117717159501145e+01
8.057814607423644e+00
1.388300271419948e+01
4.169681344260313e+01
1.733826180796058e+01
7.356478524094670e+01
1.082930309270942e+01
3.201560221240651e+01
8.198777012619551e+01
7.124993464502037e+01
4.251487536472961e+01
2.273503286891386e+01
3.732489330569510e+00
7.202806997673031e+01
1.962698312458907e+01
1.483230004777773e+01
6.093515938191450e+01
7.925186901318462e+01
6.280906245243226e+01
7.077711823898234e+01
7.924710092099714e+01
1.843406284155048e+01
3.617304392912101e+01
8.416114574492030e+01
8.906901343216607e+01
6.021196244294381e+01
4.347197182638197e+01
9.419381017526323e+00
2.444899320809589e+01
5.886082046612204e+01
6.038054067659216e+01
8.001123935916054e+01
8.511455086298034e+01
1.425925298326614e+01
3.542549411553214e+01
9.670667033489173e+01
7.132588870419464e+01
3.001179761719508e+01
5.989362325514370e+01
2.157094628623265e+01
2.020817581573882e+01
9.548736335499555e+01
6.584008953806017e+01
5.137322174914797e+01
6.345807307560838e+01
7.686257128457659e+01
3.544878695879541e+01
5.019486604733153e+01
3.857305186734211e+01
3.464709554549637e+01
4.326858070831214e+01
1.263330211519883e+01
6.206879488288835e+01
3.405224812871415e+01
9.127429006214919e+01
8.115680938640461e+00
3.091130383820799e+01
6.215571605700801e+01
4.300193858472721e+01
4.977900723450771e+01
7.156466086002283e+01
5.390438984795678e+01
1.162155718152484e+01
2.152968795109991e+01
7.390193323320800e+01
2.318984261862461e+01
2.587053478968820e+01
4.273852707945673e+00
2.740535867745306e+01
4.094077974601685e+00
3.289048091177386e+01
9.383102571304470e+01
2.415064076154988e+01
2.040766026843696e+01
1.668529120119535e+00
9.119106260649443e+01
8.805245966094195e+01
7.450497884978772e+01
8.564765792603029e+01
8.377728922468484e+01
3.208720801961012e+01
4.308393734650870e+01
4.078842296301779e+01
1.479253061804573e+01
9.999338961206067e+00
8.700723237684333e+01
5.694270248382478e+01
2.464065976657004e+01
3.274805798788930e+01
5.898217081976225e+01
1.504630000099833e+01
1.772115631854216e+01
3.676821027731905e+01
2.050776035548549e+01
6.566022306944254e+01
5.493090918982909e+01
8.649913551588503e+00
3.506001761884429e+01
3.272173154760233e+01
6.080500421151752e+01
2.652838771535474e+01
1.558550764601003e+01
5.124866080062868e+01
6.303722763575485e+01
6.072024659287196e+01
3.037945461942789e+01
3.828774231406290e+01
2.495269427306610e+01
7.475790776068247e+01
8.299179718969008e+01
2.929576301448781e+01
2.292787536183739e+01
6.923710832802445e+01
6.336772593826415e+01
1.716886852736067e+01
9.417901164581022e+01
7.762729310320098e+01
2.752442729078439e+01
3.508965439865815e+01
3.528177758459085e+01
6.544091606766028e+01
1.557024517821625e+01
1.193330023062103e+01
5.449592157010731e+01
1.855317578583638e+01
3.640439688991960e+01
7.917605227752405e+01
2.179931100541694e+01
7.884780535420767e+01
7.770813818914263e+00
8.312222337495639e+01
8.323430087567973e-02
5.710675448975840e+01
6.238403393066676e+01
7.890102080018308e+01
9.583404236279151e+01
4.464044386737069e+01
9.782740198905925e+01
6.679412488210673e+01
6.200354982260779e+01
9.146408750278134e+01
7.621905765320130e+01
1.036223196907073e+01
8.663360126625449e+00
2.573746402083778e+01
9.410140905254586e+01
2.121342025753735e+01
9.226957261202371e+01
2.162583634333025e+01
7.521519995071702e+01
4.485100132639101e+01
1.800961802620889e+01
5.204043986836469e+01
7.768049015555553e+01
3.505642210834493e+01
9.027246720635912e+01
1.969946172074390e+01
6.201802080591116e+01
9.993939432312706e+01
6.463121523364970e+01
5.014925051953143e+01
8.212318559276088e+01
5.441313677207247e+01
4.548918532463218e+01
1.181487925900839e+01
4.362372464669110e+01
3.983551638193219e+01
2.983252724159161e+01
7.922148177363979e+01
9.383775670725749e+00
9.375641140796077e+01
1.404248150719445e+01
4.923896880319294e+01
2.762911581789568e+01
6.553491655063578e+01
6.840506804567067e+01
7.571175381341565e+01
1.946262075540732e+01
9.225078336533660e+01
4.554617872719940e+00
6.705634923049078e+01
9.684914084935986e+01
9.454863168976672e+01
1.946533844781357e+01
5.413391145604379e+01
5.717698766718479e+01
1.524099172802688e+01
3.794839095228742e+00
4.221568449503541e+01
1.365039456340037e+01
7.833609430973236e+01
7.458679013633486e+01
2.519944139067058e+01
6.575985968381160e+01
2.007597546096704e+01
2.431067462279958e+01
4.571376198237471e+01
2.497772137866249e+01
2.768230998315025e+00
2.275835812220274e+01
1.950441441475619e+00
9.652464240627580e+01
9.585492037974992e+00
5.522851927915053e+00
2.398488988354099e+01
6.821707192259704e+01
6.791657524552038e+01
1.504526572071261e+01
1.453358103266618e+01
6.009130741473814e+01
1.842015237473890e+01
3.600661532767425e+01
2.450245200866016e+01
9.994752299969434e+01
6.962762487569248e+01
5.585549215593166e+00
1.956539043205110e+01
9.072407572098266e+00
7.167984110847108e+01
7.681929356270437e+01
3.413691606099574e+01
3.635276576334274e-01
2.380258996216701e+01
4.042738314737910e+01
5.875621403509574e+01
9.344622366756491e+01
4.724773017095762e+01
2.151548276725946e+01
7.389763070917577e+01
1.399023743066482e+01
7.762999114470091e+01
4.197631983178496e+01
1.090502809309635e+01
7.767562520582025e+01
5.053695763951958e+01
6.706530259319828e+01
4.589269712841729e+01
4.951658972982159e+01
1.012257747823493e+01
4.701215282409086e+01
8.307690945597221e+01
5.837194912991112e+01
8.466416661844784e+01
7.891040448048636e+01
3.783349349993909e+01
6.867618563988999e+01
4.203027963732848e+01
8.713698856864916e+01
2.235978200210248e+01
6.263815102290277e+00
3.176111631643079e+01
4.089935763780929e+01
2.747469769207514e+01
7.582881100281553e+01
9.818783653815642e+01
7.869999868734739e+01
9.857758819059357e+01
6.539724127640820e+01
2.154814080407291e-01
7.987778842443497e+01
1.905781771943803e+01
4.922543337998233e+01
7.243460606431337e+00
2.996284581253438e+01
2.690105853923646e+01
3.406210398956300e+01
2.463488943159343e+01
9.311612252756773e+01
8.491523819273115e+01
1.820404567672128e+01
6.599752528872226e+01
9.198930021002390e+01
7.891780924001607e+01
8.351797092869784e+01
2.273140671790177e+01
5.097125379879552e+00
9.799269111733543e+01
5.665910251283045e+01
2.801118038036450e+01
9.342597340858819e+01
6.746626331818581e+01
5.977229669679529e+01
4.304250499375281e+01
6.954553125870672e+01
6.490366121982395e+01
3.610778219816637e+01
9.880907628629780e+01
9.186328881972624e+01
2.758002184684389e+01
7.897740755182571e+01
9.612469347013379e+01
5.079226444977907e+01
7.142672360475488e+01
2.266001362477430e+01
8.980587771619012e+01
7.617823461824015e+01
2.265647334170363e+01
1.372013753918937e+00
8.102811038541985e+00
7.343082305669357e+01
3.405067316910749e+01
5.673144983906832e+01
4.304677468866425e+01
6.283816712109287e+01
5.756774142271268e+01
8.815152998461924e+01
7.488123074866888e+01
3.814785179595829e+01
3.486003402381206e+01
2.569837352526299e+01
2.452824419575196e+01
2.573736455558677e+01
3.960687277820281e+01
9.923514109069255e+01
8.804312818126898e+01
7.470947670503961e+01
7.878296583834242e+01
4.352842566721534e+01
8.879926152937080e+01
4.803424344772205e+01
1.567421123183994e+01
8.340833642678723e+01
9.497525547397103e+00
4.462935512169700e+01
1.723190490958835e+00
4.990722083016635e+01
5.061524112271854e+01
9.186257943132081e+01
6.529371205963834e+01
2.707894385190631e+01
4.019939160915063e+01
6.340461203986993e+01
1.323925424983690e+00
5.619514829301981e+00
2.007373078729665e+01
8.580540995383888e+01
8.098975912713901e+01
3.192256606739134e+01
9.510132130007321e+01
6.418835239679942e+01
6.464532877534876e+01
2.837379925342919e+01
8.684885040244501e+00
1.025350466848049e+01
5.821365646934773e+01
2.729104544375606e+01
4.455457736950115e+01
3.866726138566959e+01
3.233862418324622e+01
5.153574685171980e+01
3.089414938860300e+01
6.761427734401741e+01
6.016285534024372e+01
6.251498365891863e+01
7.747860927017341e+01
4.752544609248891e+01
5.385179792244536e+01
8.935269773441958e+01
2.677803050110956e+01
1.809345866464705e+01
1.250748369493870e+01
2.015271034098822e+01
7.848140745353020e+01
4.981247696551144e+01
2.082544002720408e+01
1.168007506601516e+01
2.857393917095565e+01
7.258972519663615e+01
3.939446166129525e+01
8.445255089758548e+01
7.382842212628033e+01
8.244273056389892e+01
4.330482587372178e+01
2.832342755437057e+01
4.153585990031057e+01
8.695005238379821e+01
5.306332067263467e+01
9.827103810304358e+01
6.469055314766734e+01
8.180035905996354e+01
3.961532141064076e+01
9.558470253627036e+01
2.282396756244077e+01
2.871647511083469e+01
6.884944563212314e+01
7.678720055929720e+01
6.383428129546078e+01
8.127165007464198e+01
1.412857007893201e+01
9.438874539657903e+01
5.502744212515067e+01
6.735112898394053e+01
7.003322083970215e+01
3.350884957868087e+01
8.784084654778282e+01
2.256999417327810e+01
4.518892464469603e+01
4.672872999065031e+01
2.144162637248711e+01
3.495231006990760e+01
4.009004614320120e+01
6.036549720930191e+01
9.932580771824615e+01
9.878311599548120e+01
9.403566498962961e+01
3.608515194434913e+01
4.889095008787277e+01
2.577510998853255e+01
7.704837018486502e+01
8.358013135547756e+01
6.244396058025023e+01
4.994500686877640e+01
8.379064536829975e+01
9.226454333042005e+00
2.016587183818495e-01
7.561781675350751e+01
7.995701557023311e+01
7.022119335374850e+01
5.944130968276472e+01
9.793485426247813e+01
7.155949770079903e+01
5.395652174668225e+01
6.528598324641864e+01
8.770895362259306e+01
4.344537921410305e+01
4.514685638488590e+01
5.139186240331822e+01
9.646328068173644e+01
4.637808871752493e+01
8.656890503436742e+01
3.032171634506514e+00
8.020996785732450e+01
6.157827911040665e+01
7.767192096341024e+01
8.966742353032689e+01
7.522581465320000e+01
5.772341110637570e+01
2.031407417744122e+01
1.038346710167055e+01
6.024254353728264e+01
4.557615637107573e+01
3.897716106799299e+01
8.557155033832954e+01
8.422352060872294e+01
4.682632444744293e+01
7.813826067286462e+01
2.392113209884666e+00
2.635216476691522e+01
7.358916484452280e+01
1.829893026421728e+01
7.913501340855612e+01
4.634916798507290e+01
8.721459754147315e+01
6.692969103666474e+00
2.742618654269082e+01
2.738162531861180e+01
6.501162898028811e+01
6.568268140111243e+01
8.280603358652724e+01
6.481098517068243e+01
9.387426865001873e+01
4.693535689587488e+01
9.939527595387551e+01
9.052418190544665e+01
2.492428204274005e+01
5.100326195871610e+01
8.680418184343920e+01
9.208089676316870e-01
5.962167836708095e+01
8.057034052003657e+01
2.419345221677490e+00
2.473625630360853e+01
7.500709717860776e+01
3.387768582155820e+01
6.523875988332497e-01
4.917331726717452e+01
8.565411245713668e+01
3.786558799346238e+00
9.066923623470088e+01
7.490549593926663e+01
8.864310448460425e+01
8.161470386274844e+01
7.799571914505015e+01
6.928401275970228e+01
3.074981855729121e+01
9.473483725205755e+01
9.541226089718391e-01
2.246061452779016e+01
7.552235432691981e+01
7.564285731671511e+01
4.624913462728688e+01
1.135439607843496e+01
3.841039675213881e+01
4.564441053459626e+01
8.704774006598058e+01
4.428849860294186e+01
7.147314500597918e+01
3.209567034248992e+01
3.659509734092052e+01
5.805461018255661e+01
5.844552053997550e+01
7.804422950281027e+01
8.279086648616514e+01
1.717009885104844e+01
5.053607423349101e+00
3.610536001441319e+01
6.634341611822295e+01
4.224533110030244e+01
8.574895345873617e+01
6.046394955388455e+01
5.151754741161948e+01
6.720394364893620e+00
5.888116902619655e+01
3.742856166205767e+01
4.831060671634535e+01
4.357754850926695e+01
9.534185104786506e+00
1.785669881750676e+01
7.312454323895487e+01
4.117655066828083e+01
6.354389137753466e+01
1.860111067937739e+00
5.253094674671579e+01
1.002960964573063e+01
2.006298174153221e+01
1.591366064544472e+00
6.727101638320416e+01
3.090825114907150e+01
9.100146661093527e+01
2.994299248323915e+01
9.322519036625754e+01
9.368156450506373e+01
6.806685028973355e+01
9.747402588719224e+01
4.206542579553343e+01
4.370799872265570e+01
6.640567144677307e+01
1.830298496331227e+01
2.571158438255619e+01
6.411629527067592e+01
2.339610272245300e+00
2.133835778633987e+01
3.189072582493104e+01
6.122077929844185e+01
3.409201318123006e+01
7.699498654203256e+01
4.174400840035826e+01
6.442885620725754e+01
2.834141246431573e+01
2.903313000175782e+01
5.121100770831620e+01
5.116730246281591e+01
1.276229210792216e+01
7.389782093181172e+00
3.186306382150532e+01
2.944776035353903e+01
3.787571566080475e+00
8.618117211674394e+01
7.001016865019228e+01
9.911702410276840e+01
1.612416455341697e+01
6.323535901644982e+01
8.715830267740334e+01
2.411138653946639e+01
6.698672746633493e+01
1.117911376579623e+00
4.456743758384485e+01
5.903167238413900e+01
1.942089638645803e+01
5.771141571817520e+01
4.528166723683555e+01
1.175281396682971e+01
2.190657682805628e+01
2.554800381211005e+01
3.944618550103446e+01
5.036371557524600e+01
3.285450978803193e+01
2.573705102584187e+01
5.034389800873767e+01
9.345343992740542e+00
6.529606011011454e+01
8.943594297833551e+00
4.224469416879336e+01
8.341861585314321e+01
8.253248435563057e+01
2.932941458622432e+01
7.924817752989389e+01
2.013633391826243e+01
9.733650302390406e+01
4.393762282279209e+01
9.708634177087170e+01
7.646911408587783e+00
5.576606097433998e+01
5.470333968042551e+01
9.191830455880533e+01
3.712911030143924e+01
4.887820316892034e+00
2.596506160961700e+01
4.376627087768459e+00
2.430871670335006e+01
8.707914593959187e+01
2.062436990468966e+01
3.606153067017976e+01
8.985722721082029e+00
4.220759498058241e-01
6.114992921294175e+00
3.992834721688570e+01
6.835366583818275e+01
4.707136915394635e+01
5.972574234927341e+00
1.999872257932961e+01
3.786487492633279e+01
1.561128185857613e+01
2.971919636694677e+01
2.046286217889882e+01
2.319803523048667e+01
2.144075381636655e+01
4.380402408717388e+01
1.929107625935742e+01
3.533702298781696e+01
9.825065457180638e+01
6.761679261346198e+01
7.190227642278293e+01
5.692703693962052e+01
2.642443232537454e+01
2.423636057611386e+01
8.299936693301395e+01
8.042735130546026e+01
5.032020478989938e+01
4.381458090795883e+00
5.832385740164847e-01
1.822838723577018e+01
8.327095917578366e+01
3.664476929076238e+01
4.861835681303327e+01
9.363448065409180e+01
6.407910681519617e+01
8.085854020009681e+01
7.828575055035098e+01
7.950603709533161e+01
7.919438000730908e+00
6.576025274850440e+01
7.392237278349808e+01
2.158840821198579e+01
2.551929886709866e+00
4.067496705831726e+01
4.431931192256478e+01
9.015124993871490e+01
4.430790955401394e+01
1.465454204690388e+01
3.048032532934115e+01
7.534461369521199e+01
2.075277223286814e+00
1.438371767959731e+01
4.885812743979419e+01
5.872123123087047e+01
2.428318151472284e+01
7.765975016060274e+01
3.970659186118589e+01
7.257775663052581e+01
7.410558586665690e+01
4.028983043520238e+01
5.591427830788972e+01
8.743611205715504e+01
5.212606790108889e+01
4.474833428149500e+01
2.753371262342376e+01
1.561475094203593e+01
1.362268808932169e+01
2.045307486339150e+01
5.167224879920121e+01
3.862456485565033e+01
1.803004649376033e-01
9.576731137734247e+01
5.842885699049982e+01
8.144561703384184e+01
5.850049483520002e+01
2.711953470814951e+01
7.499313078587555e+00
5.981037270268909e+01
3.750572150456986e+01
5.740144413774900e+01
3.463201352145151e+01
5.323707147186486e+01
3.827828193934554e+01
9.918216550684636e+01
3.484605151919930e+01
3.501185338711918e+01
9.826157572598269e+00
8.779224356999261e+01
3.759407868496798e+01
6.120892486591308e+01
1.444608616384030e+01
8.982446267727039e+01
7.270436728033441e+01
9.498365833190441e+00
4.807179930995768e+01
2.380799037581682e-01
5.859763811277116e+01
4.830828693150929e+01
5.766196025426591e+01
8.944515282728018e+01
2.121959697511960e+01
7.674378071760003e+01
5.117641503511761e+01
7.585627132833763e+01
8.530136620872717e+01
5.503006100423171e+01
2.791175480369094e+00
1.274026553739806e+01
3.178727283691395e+01
1.182037620424311e+01
3.872218715898794e+01
3.835044006740229e+01
6.505744772267408e+01
5.497352543984238e+01
6.954264634733211e+01
4.046259184389496e+01
7.510333730611174e+01
9.704601382699144e+01
3.810232241549637e+01
1.108875345023757e+01
4.057772873927733e+01
3.854560402154252e+01
2.688379642874179e+01
6.307553079122470e+01
8.124543967714787e+01
4.246764911453596e+00
8.666244148586991e+01
9.133748062482918e+01
1.867075754267664e+01
1.055798014186229e+01
6.318221639989978e+01
8.160832216106742e+01
7.600908143260008e+01
6.309847294497233e+01
9.887943346932504e+01
3.106961126023420e+01
7.168960560657531e+01
4.610254124091125e+01
4.636966127267557e+01
8.466158629612140e+01
5.792291749172048e+01
8.700657928688757e+01
3.380490510436003e+01
7.315618888156311e+01
6.001781563275392e+01
4.101353620226194e+01
8.586291064781271e+01
6.409790695835739e+00
3.805955002925337e+01
3.383011083762632e+01
2.229184565241069e+00
4.851626653620799e+01
8.796603688409833e+01
8.336547672905283e+01
2.542924281462526e+01
1.732993052216709e+01
2.955974444260809e+01
7.863709078106893e+01
6.366609067826815e+01
8.158495504482880e+01
2.054958665769063e+01
9.856384154342294e+01
1.485433984308240e+01
5.643189300616825e+01
4.675909310894045e+01
2.760723090153524e+01
5.703031055490967e+01
3.223785107593883e+01
2.377199913550727e+01
2.125773356354690e+01
6.369557090275715e+01
7.250534182996738e+01
4.692406526157822e+01
7.642462797296449e+01
5.016675221275852e+01
6.941880894332138e+00
8.229233747454936e+00
1.898625484620512e+01
9.374929130717613e+00
8.356438269073348e+01
6.985977365163144e+01
3.669174315253819e+01
7.611372562875680e+01
3.937269432440991e+01
3.013083279604596e+01
9.322808151749339e+01
5.005059938414516e+01
7.704002916675063e+01
8.492762035919709e+01
4.882502800264630e+01
6.364987872710911e+01
9.177822102409705e+01
4.306550889418717e+01
8.489120010514334e+01
5.873259071201672e+01
5.376219100028379e+00
4.272296407386798e+01
5.093902943233915e+01
3.584392742991631e+01
7.080191423688174e+01
7.737776729156160e+01
5.648083968855479e+01
6.366780943408040e+01
8.503578467529071e+00
7.147613827673538e+01
7.516763958854956e+01
1.544545936186121e+01
6.425321831565965e+01
7.834808322524097e+01
1.352777137119685e+01
4.781760095982700e+01
9.641871382315583e+01
8.541647963478066e+01
3.127838472429588e+01
1.831698744479426e+00
4.771043613912092e+01
2.815515018448008e+01
6.296569428544757e+01
7.352292899672078e+01
5.416280592519921e+00
2.975020498491368e+01
5.458560248584747e+01
6.730551429433073e+01
7.692614639034781e+01
2.143213037468126e+01
7.091667101295511e+01
2.289859811910363e+01
9.970756419920714e+01
2.703670469440366e+01
6.054375384028244e+01
1.421266059121707e+01
4.414471985965256e+00
4.037872890028112e+01
7.607098695639101e+01
1.648491477430096e+01
8.985365977969657e+01
4.146068028242359e+01
3.542575474615477e+00
5.410687804879009e+01
5.841167781428046e+01
2.014336032799601e+01
4.757893814126912e+01
2.159209755323459e+01
8.605549744612327e+01
4.152939177189459e+01
3.628186175426555e+01
9.489613645472383e+01
1.070033414787628e+01
8.024885029543604e+01
9.940409832606282e+01
8.932533496493721e+01
5.454059548421790e+01
4.952987658303691e-02
9.202502630279633e+01
5.241790528056114e+01
5.931842516144664e+00
7.374768428213321e+00
2.975536269590043e+01
8.972280150732157e+00
3.441147316918312e+01
7.493268697286616e+01
3.834180023443969e+01
7.511056497465380e+01
4.267430866261679e+01
5.445485084990731e+01
8.244145199770175e+01
2.246699762645504e+01
2.868076689945569e+01
5.789708190499670e+01
4.235171682310836e+01
1.096021794293086e+01
2.406187417174777e+01
3.500190946972086e+01
7.693113501972107e+01
1.028452697688924e+01
6.600732624810530e+01
2.691337285885279e+01
3.466605364096633e+01
7.051202201773972e+01
8.939635343355889e+01
1.124271206149958e+01
7.666070865311693e+01
1.146366876152515e+01
1.005136250054993e+01
3.124413664045005e+01
6.652354787407609e+01
7.367494542788478e+01
3.723076886368485e+01
2.120329375434820e+01
9.614968620992717e+01
7.194864599590592e+01
2.219316867282296e+01
6.882932384909564e+01
1.185632339299485e+01
5.291633836595171e+01
1.801068406459441e+01
3.609730579708577e+01
9.899579947767585e+01
3.629439721642733e+01
5.217634465181099e+01
4.272466485515454e+01
2.286197576805110e+01
6.656432285279237e+01
1.363075925671997e+01
1.159069734233930e+01
8.666985574488987e+01
1.940644263262229e+01
5.091917512515521e+01
4.253920490971729e+01
5.872487200364698e+01
7.762409503461053e+01
3.055948551304614e+01
8.211455763416112e+01
7.949895857809994e+01
1.904123514846025e+01
7.618028334164075e+01
3.504046152114890e+01
4.592072374463115e+01
5.013354031840970e+01
8.447868460066556e+01
4.207040990799219e+01
8.782956669471672e+01
4.578210653075115e+01
4.810903046657752e+01
6.303342551134220e+01
1.172256861427918e+01
5.939426420228288e+01
9.398366543184206e+01
1.320335972737677e+01
3.367495864335213e+00
2.059233375852570e-02
1.268822746942203e+01
2.622947163238631e+01
7.746608423882448e+01
6.648024784702820e+01
3.651087546558626e+01
6.720107396468570e+01
2.128324225604685e+01
2.740389063367801e+01
5.017490943436273e+01
5.610717975353226e+01
2.013269430963914e+01
6.041928430107389e+01
1.197679034060649e+01
5.198036020248213e+01
2.139643096430061e+01
3.325637794717046e+01
4.823615907143623e+01
7.018861401369266e+01
6.872282939437908e+01
3.631340304217925e+01
4.946832063117452e+01
7.985236490138450e+01
7.795022105702675e+01
9.757735109775204e+01
7.953825494252995e+01
7.672441777620669e+01
