7.837791232316657e+00
7.324507235234840e+01
1.688763374317793e+01
8.301572240098180e+01
9.486167789197604e+01
6.372692485513488e+01
2.334576692587965e+01
2.094503092623550e+01
2.926180461852895e+01
3.098733133216730e+01
9.122578915731320e+01
9.899482009885591e+01
8.265089587431909e+01
5.323707147186486e+01
8.501204698579947e+01
4.003861194478283e+01
7.595187433806801e+01
7.388381337462170e+00
3.177409005899639e+01
5.637573327700409e+01
1.853996059789321e+01
7.209575603348006e+01
9.294546772397378e+01
9.447610154490737e+01
8.566249119381536e+01
9.748747926088399e+01
2.393118535351529e+01
9.526263260993298e+01
9.217678000786191e+01
9.167365356892051e+01
3.510999681200366e+01
7.184473577507062e+01
2.142173062144859e+01
3.937112476647418e+01
3.733821326742797e+01
5.978040376667884e+01
6.922132241037737e+01
9.073422732331521e+01
4.104443068664727e+01
6.222312229789008e+01
9.688689582836204e+01
1.182037620424311e+01
4.403742525914564e+01
2.354230597780194e+01
3.948029393306015e+01
8.687687906756851e+01
6.287547022238162e+01
1.280592000708260e+01
1.221471708836719e+01
5.251810283051716e+01
2.850212623761135e-01
1.654436146679537e+01
2.720657457933136e+01
3.533003946548796e+01
2.070675097438821e+01
1.286906572658059e+01
8.368049519307935e+00
3.495164831865190e+01
5.750080740894229e+01
7.930221836050144e+01
6.155956725662553e+01
7.998429843223855e+01
3.362470922694761e+01
8.160832216106742e+01
7.648995796986388e+01
3.079426350574673e+01
1.541832006323073e+01
2.245347282032179e+01
2.152849078249582e+01
9.236886221560131e+01
2.795702970025923e+01
3.217946739503157e+01
5.792291749172048e+01
2.871402037735750e+01
7.274961912666895e+01
6.411937589948968e+01
6.001781563275392e+01
1.289041471336522e+01
7.955154412405172e+01
2.780561648672708e+01
8.814319213300161e+01
9.323209831175959e+01
8.230958710532150e+01
5.620371408583770e+01
5.726615533105385e+01
3.016338079709717e+00
1.844188888484700e+01
8.594521236882787e+01
8.813254413573655e+01
9.113167398196256e+01
6.938589237136109e+01
4.969211139236209e+01
5.592699467946169e+01
9.989299187431718e+01
8.491418887158584e+00
5.815107606265278e+01
7.125917280617131e+01
5.981585041611262e+01
9.773589069849619e+01
1.528759334016945e+01
1.689210255485592e+01
8.241248581670806e+01
2.893864085382718e+01
9.129893546518821e+01
4.692406526157822e+01
5.316074278818478e+01
4.094317040450088e+01
9.764395663405021e+01
1.287311055365629e+01
2.049471448198646e+01
5.452302203258640e+01
2.545654132284994e+01
4.243083034755235e+01
9.887299998610885e+01
8.166025540868763e+01
3.937269432440991e+01
5.424344090476792e+01
8.848260580025735e+01
2.531790664667166e+01
4.456553018864502e+01
7.604484054075780e+01
5.916655206082694e+01
3.099283619364390e+01
7.049213092331408e+01
6.217715365913564e+01
7.000434024725311e+01
3.785993998770599e+01
3.615067775181992e+01
4.272296407386798e+01
4.990143750323981e+00
2.569087581974030e+01
7.609898204733571e+01
6.979140805536481e+01
7.070974533944845e+01
5.882869775352473e+01
8.503578467529071e+00
7.239800531994459e+01
8.167721805240829e+01
8.452349858569145e+00
9.711354509792921e+00
2.026658264001206e+01
7.976956324641107e+01
3.926137929747877e+00
6.245900442006952e+01
6.446448064617090e+00
1.682815124133050e+01
6.239439871273674e+01
9.961462882329459e+01
4.935757068421579e+01
5.217505840220259e+01
7.745153427936674e+01
9.297513607562293e+01
1.134161041646339e+01
3.896445554632901e+01
2.494697124927629e+01
4.510274764387996e+00
8.985112346236180e+01
8.015001876286696e+01
8.714039562602545e+01
1.127581438574745e+01
3.719136809799418e+01
9.425274091505106e+01
2.079388961232914e+01
6.546078471721187e+01
2.215029160592253e+01
1.326345857850437e+01
7.626917798829692e+01
8.690300206043898e+01
5.774820496223317e+01
4.836967450025011e+01
4.259651435660036e+00
3.300678582536373e+01
1.016133232515367e+00
3.942754731486902e+01
2.087068223434998e+01
6.781800839482714e+00
5.625569855619953e+01
2.475284986419270e+01
3.966780493020444e+01
7.318599409106467e+01
7.692790826639528e+01
8.799256374500347e+01
1.611661474039621e+01
7.764931357356221e+01
9.990075356322376e+01
9.110810141596389e+01
8.215958833795021e+01
8.990065333894485e+01
2.330932571706796e+01
9.707314558190906e+01
3.841576866731782e+00
6.050069381506214e+01
3.381104172850542e+01
3.114781027247562e+01
8.509469143352224e+01
4.504856250483941e+01
7.218797182300499e+00
8.217824673381552e+00
3.959685938414040e+01
6.496700214453368e+01
8.181405737149252e+01
8.011814457369883e+01
2.337867995881414e+01
8.472673687372671e+01
2.769708271496793e+01
4.567199868414178e+01
2.318073190896806e+01
3.953975669086899e+01
6.695174317199353e+01
3.117634264341385e+01
9.931469843690968e+01
4.735275676816364e+01
4.829568185298502e+01
3.949196359119004e+01
3.562227545102233e+01
4.379476562319080e+00
6.999498231801901e+01
3.544398268472589e+01
8.696606433343425e+01
9.330430803508698e+01
3.251712822006881e+01
7.327364397853316e+01
8.883021668942189e+01
9.176655364770747e+01
9.790911045759410e+01
3.889969323710524e+01
6.857234675836393e+01
2.167164255942760e+00
9.905647397928707e+00
9.899579947767585e+01
8.581967367130316e+01
3.705017084118452e+00
7.123730055579790e+01
2.286197576805110e+01
7.770944502097994e+01
5.933987864262419e+01
1.480521984156464e+01
8.666985574488987e+01
4.309230113546005e+01
8.523006838989913e+01
1.111663431446843e+01
5.581805187082759e+01
3.258282515806278e+01
8.847148627437255e+01
3.470493277288272e+01
6.785531782910941e+01
4.231714324202255e+01
4.699915044335609e+00
9.609655760978188e+01
4.592072374463115e+01
6.967917837653272e+01
3.448394152078961e+01
6.497503726974829e+00
5.851424516109481e+01
6.671853226922384e+00
6.936790639039498e+01
9.070891816667697e+01
7.524420003185244e+01
6.573778440511682e+00
3.782643607716376e+01
8.762339599785554e+01
3.367495864335213e+00
7.294786506004066e+01
5.974607312108673e+01
2.622947163238631e+01
8.053121826636196e+01
6.329861756567779e+01
7.633189306423623e+01
7.023930180363325e+01
6.390918654571714e+00
6.156196145413535e+01
2.102013315121649e+01
2.227360551351384e+01
6.008312234658894e+01
4.424511955317348e+01
4.388163101108820e+00
2.554343264808107e+01
3.266506261782025e+01
1.613818296051500e+00
2.796554590014999e+01
1.584547027752058e+01
9.961804142204022e+01
6.118674811962375e+00
8.394560557042510e+01
5.142726625847969e+01
1.279052803888476e+01
8.835221970842790e+01
2.715374507343105e+01
7.110954731288811e-01
9.628961612297669e+00
7.996262045575428e+01
9.124318067507966e+01
9.727579858027204e+01
6.443325712551980e+00
4.719518797807171e+01
4.884612343685987e+01
8.040730561148716e+01
1.428787126871192e+01
1.684607971312761e+01
6.136077957291193e+01
5.536505377635596e+01
8.673997790866530e+01
8.941765780999216e+01
8.288776044868294e+01
8.088476447429730e+01
3.366277731659951e+01
7.980166374696496e+01
4.806410421061521e+01
1.920776288919512e+01
6.874370252189399e+00
7.120019754916439e+01
9.779354925164652e+01
8.103352341849055e+01
3.364968497010399e+01
6.843131136541781e+01
6.318698924183239e+01
2.234966755954068e+01
9.969084835596888e+01
9.034073431526345e+01
7.411526142345521e+01
9.319809968266547e+00
5.455959451131503e+01
3.892275287719571e+01
3.902897939040744e+01
7.605366812835153e+01
6.766145768000811e+01
6.869983923095270e+01
6.901643912727778e+01
3.034506478828614e+01
4.000929931179122e+01
8.887172839086116e+01
9.502329057782110e+01
8.425926965859685e+01
7.125264106842346e+01
3.420211739568138e+01
8.067786161819373e+01
3.102720837622285e+01
4.537560019892435e+01
2.391251322064200e+01
5.125224848801840e+01
4.534253438252142e+01
2.454813985365822e+01
2.558931290432313e+01
7.645278655758723e+01
2.876239569334425e+01
1.688681599539091e+01
8.913576187991341e+00
8.898420649999017e+01
5.080415529702053e+01
8.351055024355209e+01
7.266899448478082e+01
2.513684473239670e+00
3.807014470830101e+01
9.313526418671722e+01
7.464396328415907e+01
5.379693873869113e+01
6.933462436745624e+00
4.334380246854565e+01
5.641000073235948e+01
3.756902950702656e+01
4.247088587957941e+01
3.050648999889684e+01
8.888338645402499e+01
4.226398302347584e+01
1.759131067320300e+00
2.308550380314025e+01
3.603490890750425e+01
3.582513413197600e+01
3.708928489922047e+01
9.087895433925044e+01
7.692874119474028e+01
4.478776755034354e+01
1.546238135335146e+01
3.132342082975591e+01
8.961334549338247e+00
2.457891484935718e+01
9.653867836880437e+01
1.787491073732959e+01
4.782209733865321e+00
9.019681247426050e+01
4.937641236436387e+01
7.041444162391799e+01
4.985651809249843e+01
3.945560568918269e+01
3.765461879673163e+01
5.418522146259678e+01
4.746844780047817e+01
3.407583475768372e+01
5.917162022514810e+01
3.878448486271523e+00
8.215711078706994e+01
6.328783448007322e+01
6.823522251482831e+01
7.444828724230094e+01
3.342228598586390e+01
2.747980120008802e+01
9.412600104423520e+01
2.849366209865253e+01
7.024719643883742e+01
3.121528589688953e+01
7.534801996096411e+01
4.023367648023817e+01
6.372383393520668e+01
1.731508849994982e+01
9.559671636465784e+01
8.470890213954677e+01
8.804455277884591e+01
3.929040890153982e+01
9.056007922187452e+01
2.819122063377463e+01
8.663324252079858e+01
9.617089605711908e+01
6.675789797061957e+01
1.712437067978288e+00
3.140114584537276e+01
9.460955117578132e+01
6.704177575513803e+01
8.498056432464186e+01
3.919763240925857e+01
4.870589112337021e+01
8.997251912484529e+01
9.933046698539074e+01
2.296140618760204e+01
2.985880134154987e+01
9.239524039085732e+01
1.754554301386026e+01
3.339521574480236e+01
3.521863605604443e+01
8.897294531994172e+01
9.670015107686638e+01
1.773652723884980e+01
2.138722507347689e+01
9.952725195303897e+01
3.516453552765983e+01
9.591523068766818e+01
4.725449655542825e+01
5.414552965860140e+01
1.663358440465926e+01
1.897596694481371e+01
5.564986870421556e+01
1.297704075136084e+01
9.734168033923100e+01
4.315754372773578e+01
7.973493876854654e+01
4.209897007890929e+01
2.784462088152981e+01
5.005462302363227e+01
6.998791260178569e+01
5.303285916011448e+01
2.739506253385686e+01
7.059165698969349e+01
3.322760357206110e+01
9.659588895579608e+01
3.068752923546710e+01
3.914301811677544e+01
4.114504602791045e+01
4.800394961983149e+01
4.917072968053200e+01
2.766628736987071e+01
6.517381722348455e+01
6.923838489187806e+01
4.540281465528664e+01
1.565950248188316e+01
9.173301988827671e+01
2.686317582934312e+01
5.436181610187600e+01
1.588749960804707e+01
7.651712730364740e+01
8.110868250071476e+01
9.381156651946323e+00
2.571431432185430e+01
1.774162907048204e+01
1.390187540738931e+01
6.236546335852028e+01
4.890081335273609e+01
5.254191698159181e+01
3.041775819399290e+01
7.036307634337017e+01
2.252982953681137e+01
8.345061740067351e+01
2.692200063118804e+01
4.122363326196728e+01
3.890544028901748e+01
7.567180636137343e+01
6.718636046498378e+01
8.745476807814779e+01
5.883964288925735e+01
4.338723236852663e+01
6.445905783421317e+01
8.867353461155368e+01
4.474422742833580e+01
5.666482576945090e+01
8.988595441444123e+01
3.007601468361728e+01
4.839784561116149e+01
8.092848429499590e+01
8.443783078549329e+01
3.525483367743661e+01
9.775783568516273e+01
1.498981347074258e+01
2.324623983504541e+01
4.484337756635779e-01
9.688517339382562e+01
4.904524984259403e+00
8.583761336553731e+01
3.685473237971530e+01
5.982339752829792e+01
1.625537155953020e+01
1.704629017833913e+01
7.997627154922870e+01
8.009640326727946e+01
2.106658905794220e+01
2.119990476462986e+01
6.223953061841407e+01
9.673839541931561e+01
9.311106726206422e+01
7.752785877209523e+01
1.355524776203337e+01
8.420397922592423e+01
5.649218338378341e-01
5.803838752118795e+01
2.894820665426003e+01
9.816277967680375e+01
6.139517312934397e+01
5.241282207538040e+01
1.932849829053902e+00
6.467347208628127e+01
4.218565963310454e+01
9.156069052012670e+01
4.103314752738603e+01
7.732172826180316e+00
5.550661406270536e+00
8.992453044742557e+01
9.102031518287041e+01
9.092679363252911e+01
7.174107109743221e+01
8.563796546572725e+01
4.837323559838032e+01
5.565165544657580e-01
7.978255389248140e+01
2.834950710104290e+01
2.389060688386234e+01
8.491429504235941e-01
8.392058326113995e+01
4.086641363839917e+00
7.974353850807228e+01
4.266047908117086e+01
7.629209033972215e+01
1.114278608520645e+01
5.591578108999682e+01
3.770558058177381e+01
6.918117360639441e+01
5.516768980546281e+01
7.501979180379760e+01
1.710551544889133e+01
6.393065651130427e+01
5.134624301052943e+01
5.310082917711736e+01
8.352108373470655e+01
3.365066458175455e+01
9.413397675106953e+01
1.274276637134271e+01
3.920132598802509e+01
3.399540741648311e+01
3.449676257301903e+01
4.546239434064477e+01
7.460112593816645e+00
6.791153716291838e+01
7.659957002690042e+01
8.169342199419319e+01
4.769409105539978e+01
2.218513699350186e+01
7.755369817724159e+01
4.548804929735514e+00
7.173454885917462e+01
6.206055267809916e+00
1.746017263152645e+01
1.439502789377935e+01
5.793242988080365e+01
5.727355846076904e+01
7.766973850208788e+01
7.934128021790706e+01
7.279439837336280e+01
3.283742826098457e+01
9.809233765028992e+00
4.687295418552726e+01
1.505820267603649e+00
5.211487927106901e+00
1.467734575955074e+00
7.875491212064163e+01
3.402873819415864e+01
6.954953026471172e+01
5.516250806635362e+01
1.583517115369214e+01
9.966328325665708e+01
3.001249154564575e+01
5.527320250648688e+01
1.518107206336273e+00
2.019327749507189e+01
4.910883239894585e+01
9.501076079672703e+01
8.205001125207637e+01
7.129396939244772e+01
6.892307203678557e+01
8.165488400573604e+01
8.231389382030531e+01
5.056341157786706e+01
6.100329522090186e+01
5.742354609883555e+01
2.665074017208570e+01
1.800558195356539e+01
5.692848519279086e+01
1.399102272186010e+01
3.924561587127187e+01
9.682810208612499e+01
2.975428902066978e+01
3.862018163251699e+01
7.686658775287987e+01
4.861114101885406e+01
1.518914784080775e+01
5.892102464983287e+01
2.524498618452111e+01
2.357119970189929e+01
1.408353266962037e+01
5.616983964860898e+01
8.440196131561044e+01
6.610932325297469e+01
6.021561066630093e+01
8.592006856851283e+01
3.207754135694240e+01
6.517809036428950e+01
7.728944242805682e+01
8.815745752684654e+01
8.061841241112836e+01
2.158182445987213e+01
8.242265739590985e+01
3.875708539912341e+01
9.677592604270947e+01
4.498403223463522e+01
8.107047666845399e+01
5.271767408247928e+00
6.481896553412963e+01
8.804831751065716e+00
7.700380383851184e+01
2.568373644057835e+01
6.873725655895531e+01
1.280691805892015e+01
6.430391807309535e+01
6.730417882432424e+01
4.172386976039218e+01
1.614769148460947e+01
2.292567860471349e+01
8.666304530886144e+01
8.863695901289440e-01
3.177403715987412e+01
2.774320264707469e+01
8.528833090573937e+01
4.073359577019401e+01
1.797579369413471e+00
6.785935120091743e+00
4.247787256840518e+01
1.112202238809411e+01
4.849784180917677e+01
9.056349708259268e+01
9.174043479922248e+01
9.471035627401916e+01
1.891054972955517e+01
1.538736532227479e+01
1.596156932225524e+01
1.797018666657162e+01
5.022237936510815e+01
9.675804967841043e+01
8.278915220070125e+01
2.213153383793846e+01
4.531510050656046e+01
9.389778305492260e+01
3.030846362482219e+01
4.696666856620772e+01
9.485632674529046e+01
6.300444363756312e+01
8.847462916210044e+01
1.100401818333381e+01
1.309139249524632e+01
2.511418970539895e+01
3.709912516041618e+01
4.486542965512044e+01
6.669615845507764e+01
9.717871872576825e+01
6.095222521617647e+01
9.749743323656611e+01
6.838711810688820e+01
8.552366741258822e+01
1.937928005092744e+00
7.550553040369671e+01
4.534885214890765e+01
7.135619496524157e+01
1.159531614351799e+01
2.806997831355314e+01
4.407642737220807e+01
3.081598367114364e+00
6.123734999505680e+01
1.623843373555617e+01
9.983964804552478e+01
4.983265770125792e+01
4.404056907819611e+01
2.945498732358915e+01
1.021010880833962e+01
3.490935942852374e+01
6.835953694226198e+01
3.858676740833874e+01
4.716878437770939e+01
8.059604623382727e+01
8.176881823771113e+01
8.265174323816399e+00
5.710235892660094e+00
6.148117341170142e+01
6.747493304660308e+01
2.437495436723109e+01
7.028415797757178e+01
2.853660114507033e+01
4.090013212566270e+01
6.646052336621122e+01
1.406026851109242e+01
2.051589229168179e+01
9.810657664113984e+01
9.014743295970719e+01
9.140663463222171e+01
7.917700441515865e+01
5.288933392283010e+01
9.571021278189039e+01
5.860888462448906e+01
3.813545845362146e+01
1.194864647088044e+01
8.239050292521273e+01
5.609691494894070e+01
5.028112560989387e+01
3.603281128966846e+00
9.982735565855511e+01
3.444546635004015e+01
9.572469824725981e+01
6.400356495939361e+01
8.161425077431568e+01
9.874459286161911e+01
8.800490870513251e+01
1.471315734773556e+01
8.203098032718104e+01
1.588663799496677e+01
8.229753332319555e+01
9.925845148938636e+01
7.854365817203357e+01
1.083413442169974e+01
9.533750675401535e+01
6.341079220334570e+01
3.704085603218565e+01
6.482098953091585e+01
7.912495447281978e+01
1.504183584593322e+01
5.622762411657144e+01
3.465224068362836e+01
5.426258763962546e+01
1.932091462394265e+01
9.849676401284373e+01
6.052684488730824e+01
4.323240325005371e+00
5.170965788499902e+01
4.997154662849919e+01
9.843930900024218e+01
8.702044379293008e+01
1.645111540167179e+01
3.288477535028233e+01
5.103763726122568e+01
3.866508376722461e+01
5.644442544153166e+01
2.735838169574662e+01
4.287014712713200e+01
2.921218342576744e+01
9.389361976361537e+00
9.235622924396593e+01
4.997982264029785e+01
6.382673665128030e+01
5.022033585711398e-01
2.234385117066272e+01
5.401307873149081e+01
9.001516191755196e+01
4.723825415002101e+01
7.645310092552243e+01
1.482014214378788e+01
6.228008999595423e+01
9.230851255930426e+01
5.629534374750003e+01
2.831851040400495e+01
5.200163966603654e+01
5.391044647149297e+01
5.483926974927972e+00
8.560680364519675e+01
9.444316597396654e+01
5.545547360342717e+01
4.092043994037455e+01
4.975610498793242e+01
2.128189807817428e+01
4.856652996901727e+01
6.291898990185884e+01
4.800818373822057e+01
6.306555604704914e+01
3.997125990687463e+00
7.879783263374020e+00
8.618494592895031e+00
3.754148592126625e+01
6.505619029749938e+01
5.859831723319289e+01
9.303547516140877e+01
7.382158193449564e-01
4.676640357205942e+01
4.704855389289956e+01
3.643340353687918e+01
7.336956154246327e+01
5.309314516051353e+01
1.208790685613076e+01
3.413594757864995e+01
8.670096936947711e+01
6.838325060363078e+01
5.219232912743107e+01
3.777550982207782e+01
4.345943655048471e+01
2.926185160375286e+01
5.291107765068816e+00
8.591320076301378e+01
2.295513382319134e+01
4.621154770544337e+01
3.705637065556663e+00
3.309953149086774e+01
6.886822943057317e+01
6.083453146779655e+01
9.810916767367588e+01
1.425463930436161e+01
9.480357961487191e+01
4.871020985241524e+01
8.154410504807910e+01
5.414605958114660e+01
7.826746673242536e+01
2.799898117221845e+01
5.551428215369316e+01
4.634684210007398e+01
5.413028856466072e+01
1.604674803840311e+01
4.339658270748173e+01
8.370276930914390e+01
5.159685632753971e+01
3.811672131443243e+01
6.314950164554152e+01
6.989009318402508e+01
2.673865641781066e+01
2.333947700603841e+01
5.726759236178714e+01
3.883549335358455e+01
4.460368233015932e+01
4.045767166673097e+01
3.788469454175080e+01
4.046392861775306e+01
2.424907662172293e+01
4.451667444990793e+01
8.777579017345597e+01
8.770184078612451e+01
6.147479441085588e+01
9.876751531789429e+01
9.304525334995486e+00
6.945382667214322e+01
8.438633418846238e+01
7.202776431666118e+00
9.824964296922538e+01
7.914529958700076e+01
1.680080360583998e+01
9.132435540264675e+01
8.397143570891183e+01
8.933204616854529e+01
9.516091644538609e+01
7.295010372668044e+01
1.683189622910316e+01
4.675777272635967e+01
2.699662564648158e+01
6.605630790165454e+00
9.081006836649499e+01
9.822742454625080e+01
2.994510779620386e+01
3.878606778512992e+01
5.019891832498783e+01
3.992691093121046e+01
3.612799441261589e+01
6.960745298751046e+01
9.342517461321557e+01
3.492816027017690e+00
2.967394442747996e+01
1.699482655012739e+01
4.534589976321249e+01
9.114873883833585e+01
6.911590046673822e+00
5.204094948807776e+01
5.364084865601772e+01
1.166805625505189e+01
8.263173232908908e+01
3.285713662992098e+01
3.521001936644782e+01
9.943253593492905e+01
7.923219491691896e+01
1.918145502879352e+01
8.377752969217372e+01
5.151581966854437e+01
8.061359407408796e+00
2.227916383290624e-01
2.411832084139731e+01
3.505798505389038e+01
8.059082379592155e+01
1.492145825872266e+01
9.293982111520126e+00
7.591405239697269e+01
8.883691648432841e+01
9.949685204750710e+01
1.584096328161702e+01
2.463991182141002e+01
6.643781772183152e+01
2.332669041274427e+01
4.263214382465563e+01
9.777558669344316e+01
3.147076518808993e+01
3.661243209457604e+01
8.196260867731768e+01
5.481998466645367e+01
6.372279131958392e+01
3.560345733333540e+01
1.088470444590072e+01
2.296651719276165e+01
1.284419219607683e+01
8.373378202493012e+01
1.741200071639009e+01
6.919909551236736e+01
6.527617888770820e+01
9.606390986408289e+01
1.207603882629240e+01
1.522927759924404e+01
5.252425836051081e+01
1.898850752924965e+01
7.315588322149398e+01
8.238978003262997e+01
5.274146644060568e+01
9.718879046718999e+01
5.830383238303654e+01
2.274688222573459e+01
8.194671738052122e+01
7.108289369898053e+01
4.265155486885996e+01
8.928816737108313e+01
9.747148612396394e+01
9.001893791836638e+01
4.616012170266366e+01
3.973378880868377e+01
1.700779656740269e+00
2.812273037998133e+01
4.418689321921528e+01
6.179337648758356e+01
1.663197982899471e+01
5.438477874472029e+00
8.839008821565196e+01
7.657037990939357e+01
4.290350128100417e+01
3.083992005830627e+01
3.171838975125848e+01
3.368907004300927e+00
6.716368592677810e+01
2.682585046944481e+01
5.934696330658484e+01
8.790575484182023e+00
8.547289808535618e+01
9.175406787160509e+01
6.656551131353039e+01
1.938286382676236e+01
7.137740681477702e+01
4.948418789984854e+01
7.906155832068136e+01
5.615065053857428e+01
2.362898356450209e+01
2.171311318954132e+01
1.375461188785481e+01
4.720208959058024e+01
8.553890561942891e+00
5.069530725045842e+01
8.693587839926401e+01
8.123625772131433e+01
8.109890743209930e+01
1.736732740763916e+01
5.788543515740216e+01
9.773088726109401e+01
3.474234539770630e+01
3.504991682015821e+01
1.911460520658391e+01
3.846133143569405e+01
8.532551777797077e+01
6.488408058177870e+01
2.818616765001144e+01
5.248920365818274e+01
1.021316950685027e+01
4.678435225355641e+01
5.663420048385589e+01
1.684136913010914e+01
4.396007300538945e+01
1.622110047201677e+01
3.622423295687150e+01
3.969130559810032e+01
9.729874390051641e+01
7.835397905593457e+01
4.441091578659179e+01
2.092772746501850e+01
2.777598701779544e+01
3.952594373353102e+01
4.202819710691841e+01
3.021038506655506e+01
2.412349657347589e+01
4.113345059618980e+01
2.864225484833226e+01
2.542256285688959e+00
9.438245421945233e+00
7.530208349940463e+01
9.011473920667299e+01
9.551232172898590e+00
1.035200031956285e+01
7.585754263021869e+01
8.765401155112964e+01
5.120400602519699e+01
2.948444524290247e+01
9.718401911537350e+01
9.904763102487085e+01
6.085291638078769e+01
8.950561368349270e+01
5.568183146216060e+01
7.769428551089685e+01
8.250679144752529e+01
3.496387416262360e+00
1.080088131632697e+01
9.524914468417370e+01
5.109104516501122e+01
9.227249752370291e+01
6.414214845939640e+01
2.172285873523115e+01
6.014301663271292e+01
3.757033773584772e+01
6.375105588871569e+01
7.549013759730856e+00
6.169383430932361e+01
5.582197390302176e+01
3.619126860806312e+01
6.463536851323926e+01
7.604065308162973e+01
4.067329081738055e+01
1.012112796777912e+01
3.852949065087805e+01
2.184535242703061e+01
7.472149267546902e+01
7.843866156341446e+01
5.137885545910282e+01
4.205937871805363e+00
3.508983316602644e+01
3.608277972605209e+01
3.585560067363810e+01
1.959105190801949e+01
2.777882084612679e+01
4.275313976348990e+01
7.824961034499557e+01
2.889377345745162e+00
5.667165823125823e+01
9.734698803971847e+01
4.036364892514592e+01
4.894415570839502e+01
6.148913645254873e+01
3.944791710909825e+01
2.863164000615088e+01
3.654240678834840e+00
1.754425415654865e+01
4.504094517093196e+01
6.075330849772007e+01
7.091105904938236e+01
5.282745470890191e+01
7.990990000772752e+01
4.019248035745346e+01
6.432080681636967e+01
9.423596928559055e+00
2.958913353718311e+01
8.616615924340029e+01
1.023129756107521e+01
2.650591895287201e+01
5.921551769562788e+01
5.828879818240590e+01
9.627653886390689e+01
3.131250707959407e+01
7.949608973203976e+01
2.171965149311333e+01
6.736349727370008e+01
6.957125415539893e+01
2.381749480209197e+01
5.663610103383478e+01
5.579899081764695e+01
7.071667545042777e+01
2.243687576727796e+01
2.786504334205065e+01
8.265361924779305e+01
7.623007412824317e+01
3.695221563659246e+01
6.173601227893308e+01
6.184203320268637e+00
5.358840173743125e+01
4.246640188734345e+01
7.033603064265849e+01
1.226027776126763e+00
8.215685448709729e+01
1.052851100011194e+01
1.058257492751934e+01
9.158045146222248e+01
3.631287656552758e+01
5.690282250610311e+01
1.359618129841806e+01
5.675179509294769e+01
8.458457369570833e+01
1.222570203813990e+01
9.197822985797107e+01
1.415480222280827e+01
7.529506416772263e+00
4.188431102870234e+00
5.425693469785943e-01
2.977873586573579e+01
3.963432430272658e+01
9.688871144172209e+01
8.699623499391425e+00
4.674855016486186e+00
1.701734225126791e+01
4.804795489089934e+01
6.275662661658443e+01
9.555566129067711e+01
1.142035830366442e+01
1.282941867263495e+01
8.932998957546893e+01
2.710528421546579e+01
5.600352322496638e+01
5.647054587326503e+01
4.660224008681357e+01
2.385860203013690e+01
6.223754950903242e+01
4.201028321031960e+01
2.722348576747975e+01
1.607181058082348e+01
6.116062643060490e+01
4.081966706589780e+01
9.641199069861881e+01
7.727896658576977e+01
6.885308384376256e+01
7.888077030837572e+01
2.470981377396258e+01
4.619875869071053e+01
1.322001857367345e+01
5.171871029386237e+01
6.161326126270613e+00
6.071962353806926e+01
2.812070037616449e+01
1.486094962566204e+01
6.024553601641466e+01
4.744628753859843e+01
5.142561651367025e+01
9.206956401098033e+01
4.650630492088679e+01
2.494249899170478e+01
5.606685302037134e+00
3.233193835817833e+01
5.204778320717056e+01
7.938333744154467e+01
8.713460484851831e+00
8.556892391553565e+01
8.827978525696312e+01
5.104003369390966e+01
8.982672784003742e+01
1.269229637118629e+01
9.929786091637698e+01
4.580231278473619e+01
6.450417217076951e+01
1.831435878682619e+00
2.826632076327983e+01
2.236504723428052e+01
4.240460523516154e+01
5.297613453724242e+01
9.874763754138147e+01
4.774641955632084e+01
8.420812351825094e+01
4.908963621085959e+00
1.805363624266053e+01
5.761643669457010e+01
2.655216181955867e+01
9.679446993246417e+01
5.977511143301386e+01
7.119552976041824e+01
2.661818355630067e+01
2.777060215723263e+00
9.613802875212302e+01
9.447071919891550e+01
3.319554777499081e+00
9.249208741471733e+01
3.403870818858906e+01
1.628330103879948e+01
3.375473582826309e+01
9.765903740080959e+01
7.495151645268849e+01
6.698051661578030e+01
5.424203470081186e+01
4.206336072742164e+01
1.278282935395037e+01
6.684049594534584e+00
5.587195654207466e+00
2.835138562524290e+00
3.011904537217647e+01
4.799180088936901e+01
1.219262267099350e+01
2.886668286699182e+01
7.346560748921037e+01
4.001939661801764e+01
3.760343028120856e+01
1.001454135869376e+01
5.234822046586696e+01
3.272195329550745e+01
6.809011244591797e+00
2.839439610410221e+01
2.474108949524401e+01
9.567304514147017e+01
1.490039206803795e+01
2.346263389264356e+01
9.014376429381956e+01
5.000939064193955e+01
4.221856754376486e+01
4.622469201973858e+01
7.392087340071838e+01
2.819665941791453e+00
8.777443034936414e+01
1.799620274361046e+01
2.640112956352584e+01
8.523679249232485e+00
4.222500088728266e+01
9.699473627703020e-01
2.031481527738032e+01
9.652294628160212e+01
3.805085925294592e+00
8.246959973241650e+01
4.758637871015183e+01
5.961635907162742e+01
8.756191287541851e+00
1.798035461361536e+01
9.963575568964507e+01
4.253183777561962e+01
2.799489597230912e+01
2.315870277730688e+01
9.607739755701152e+01
1.840054491460349e+01
6.410730800782670e+01
5.171434788578858e+01
3.047695231180496e+01
9.484826363383246e+01
4.169760520649032e+01
6.464724445931951e+01
4.895931680172650e+01
1.076253536658480e+01
6.684540857879698e+01
2.937964071956447e+00
1.358220130837625e+01
6.820483229505123e+01
5.812833256001041e+01
4.202346785088231e+00
9.663630388520485e+01
3.533334007269393e-01
6.161355039179956e+01
4.640676698014455e+01
3.926905074122784e+01
4.475836425309924e+01
2.629627540069459e+01
8.717982633373693e+01
4.956760446055215e+00
8.328666974943442e+01
1.764152432682063e+00
4.010478921239487e+00
7.758430451042220e+01
6.169101719823248e+01
5.113749846403370e+01
5.661704021348481e+01
8.009156215940210e+01
2.010176299144596e+01
9.448018902655700e+01
9.013158124412018e+01
9.910946311387674e+01
9.772216114109483e+00
5.477882565687355e+01
2.812655378511480e+01
4.694032959963210e+01
3.298240193770378e+01
3.106451785707126e+01
6.868601775201317e+01
4.882564635427001e+01
8.287487182900071e+01
5.058617799104479e-01
3.376217579178613e+01
2.562097628862642e+01
4.145914010771510e+01
8.016894277193069e+01
8.030548541820863e+01
5.586582839296471e+01
9.802395049390566e+01
6.748531170537943e+01
4.111892135865936e+01
4.151768490742784e+01
2.777614962671704e+01
8.030844851411341e+01
6.883875260541159e+01
7.174177988047794e+01
4.265667844687434e+01
9.276369143871761e+01
4.475998135505243e+01
7.069892458184572e+01
9.771081646797751e+01
3.979988924218337e+01
8.901127650822107e+01
4.415066668025715e+01
5.546051373493882e+01
2.166839918199386e+01
7.036200420482177e+01
3.796654680649124e+01
2.899945924477626e+01
2.965029763507205e+01
3.973111870686110e+01
3.488687865197979e+01
3.139039689274058e+01
8.854594504858644e+00
3.749530731583727e+01
4.216622330349228e+01
9.456969164059016e+01
2.385334299125399e+00
7.847215872186803e+01
9.548875549598074e+01
4.665782165092315e+01
3.915097300855022e+01
2.188839964656550e+01
7.443397132420631e+01
1.945942152266364e+01
5.387396954646053e+01
4.743828258823524e+01
5.391943643517766e+00
4.887212112027785e+01
2.645414351786214e+01
6.555806154644026e+01
3.611600153898634e+01
1.264565839089717e+01
9.320404296424428e+01
5.953767614417601e+01
9.509396259444485e+01
1.487244214623815e+01
2.989968034899779e+01
5.968109330147555e+01
6.230084978151174e+01
6.078421546182792e+01
3.477351201454807e+01
7.417518085528873e+01
3.565214734322026e+01
4.362810656597284e+01
2.639905923344151e+01
9.858679855176564e+01
3.265164384276217e+01
1.405582247025139e+01
4.346331504334850e+01
5.903779452621835e+01
6.511498166486388e+01
3.576982321020673e+01
8.092619417278385e+01
6.661211814107938e+01
1.801243495103551e+01
2.125526933057944e+01
6.485899289364879e+01
1.287157191563005e+01
7.614155503741537e+01
7.476042386831735e+01
7.842963346207031e+01
7.834058007148121e+01
7.537212999322085e+01
1.379608256453466e+01
6.578106813401965e+01
6.839296145755470e+01
4.709747310127014e+01
1.030114638167487e+01
2.241009642482274e+01
2.310633828076829e+01
5.646496389827922e+01
5.718360843937080e+01
8.357350373807061e+01
4.863957625284771e+01
4.521096830498938e+01
9.524399186263047e+01
1.366372556130575e+01
3.346335880153969e+01
6.812566750129949e+01
3.775491618446769e+01
2.270877786106839e+01
1.251731138327965e+01
8.910051523200259e+01
3.634971987286104e+00
4.102691404569285e+01
2.951781071234392e+01
4.800586707331513e+01
8.933319439614806e+01
9.746947241829218e+01
5.142987344946241e+01
6.409361821789929e+01
2.081901609004429e+01
2.977045352094362e+01
5.108074799696018e+00
9.588842196198573e+01
9.015771764803571e+01
6.783707792304320e+01
8.171257180241523e+01
2.111623302154068e+01
4.212152456963506e+01
9.111089468519711e+01
4.230342998276625e+01
4.743078278723674e+01
9.431545627038715e-02
9.094300623561395e+01
4.824249774601427e+01
6.992839019276592e+01
4.504068984884801e+01
8.170585659412009e+01
3.851498292689909e+01
4.274108882189779e+01
4.330961464127042e+01
5.103229431017875e+01
3.184160400733426e+01
7.006021238400611e+01
9.466991452252023e+01
8.338483440847361e+01
1.806607941075511e+01
8.400310887210216e+01
2.577421703644759e+01
3.619933693492754e+01
4.578036286206002e+01
4.659323312649188e+01
6.057598644894361e+01
5.320480184313134e+01
8.120833178107083e+01
