9.418159573999307e+01
2.252768805368230e+01
8.992777755014960e+01
5.759634829945692e+01
3.727489432193101e+01
9.100432684226163e+01
9.561393414419793e+00
7.624791859474401e+01
3.110112465503678e+01
2.413682603469902e+01
8.688053585909332e+00
9.808693989090943e+01
7.932594142822825e+01
3.245465072451842e+01
1.160769118536622e+01
8.204784718437486e+01
7.670932164262483e+01
6.577857600794107e+01
7.114731058066121e+00
3.559435742702073e+01
5.063779840741204e+00
2.084252709562077e+01
7.487153102404976e+01
5.903532591603479e+01
7.963187414204323e+01
9.817621717144559e+01
7.902900668747212e+01
4.305869827189422e+01
3.228698290525329e+01
2.163228025735928e+01
2.307421254137261e+01
8.947188900293405e+01
3.063933445636152e+01
2.595374771671078e+01
4.133994730251839e+01
1.360252542123316e+01
1.337224692728941e+01
8.861344716912761e+01
7.353129255284149e+01
8.780340481912875e+00
1.043782840037617e+01
4.193848173224296e+01
6.810653711115314e+01
9.641376924534039e+01
8.341328198249139e+00
2.752480759635791e+01
7.181161701297928e+01
6.381491504787231e+01
2.685478703438062e+01
2.690535878152836e+01
7.570034445994550e+01
5.205214957336530e-01
9.151509319968292e+01
9.435873515641258e+01
1.636731853539465e+01
9.853390683351732e+01
2.213501470262884e+01
1.483295495381251e+01
9.468382438397212e+01
2.267445950893427e+01
8.766531273148270e+01
8.776475679490936e-01
2.101824466186494e+01
7.374224200553365e+01
7.792661473058472e+01
4.694083419020327e+01
4.105989883703175e+01
5.516225474661321e+00
4.085576796944056e+01
7.719521139617787e+01
4.888780468557393e+01
8.520607286375299e+01
5.155312342175894e+01
8.673819396027281e+01
5.104083225645164e+01
7.039020749292811e+01
4.773570739093037e+00
1.286898316483432e+01
3.420512254080042e+01
1.624951014120574e+01
2.182938490148139e+01
8.756376923414123e+01
3.345672890239243e+01
7.956051238792041e+01
3.178244751495423e+01
5.412513220409171e+01
2.292632810907733e+01
5.131037125890627e+01
6.979155888305584e+01
1.330528045692727e+01
8.854198092061188e+01
6.130992400520944e+01
1.607410750169032e+00
4.273035300091392e+01
9.959060889649699e+01
3.257322596971562e+01
2.910618713549626e+01
8.502256715904110e+01
6.815958324268441e+01
4.143103614516139e+01
9.959214478712163e+01
4.847009146980480e+01
3.624682069581320e+01
1.872583786897633e+01
5.490125043080246e+01
4.535097360860136e+01
1.225266336102628e+01
6.403245235049746e+01
7.518190083800903e+01
7.912542702589437e+01
4.930615087473120e+01
5.728319625243693e+01
2.523990065103392e+01
8.276287977712363e+01
1.832293114546823e+01
3.226583219704489e+01
4.621455513230271e+01
6.044482391348333e+01
7.088245077565426e+01
8.937893844646352e+01
7.116064884288267e+01
3.209898347598453e+01
8.558780117220608e+01
2.580726008201356e+01
6.898465723217682e+01
2.564170799480830e+01
2.111267983965235e+01
8.915984462441870e+01
1.956409351879921e+01
9.646993754267224e+01
8.013535480952605e+00
1.272773417305561e+00
2.597944760973540e+01
7.665965411656521e+01
6.135488313685864e+01
7.917904536201574e+01
5.634949596428754e+01
8.782600610881393e+01
7.121263205595902e+01
5.915868471337421e+01
3.571418106356365e+01
4.150187579984864e+01
1.644188091924502e+01
5.301818244765428e+01
4.949101747455588e+01
1.541873953091853e+00
8.993478384331557e+01
1.001467826311229e+01
6.198669786657519e+01
3.059021315099216e+01
3.558322332593762e+01
1.477803337144574e+00
5.441661330611287e+01
9.721535565201908e+01
4.778860139091900e+00
4.781393569326677e+01
3.800264123734210e+01
7.529821301591500e+01
8.383204177200425e+01
6.143876791998687e+01
5.303480110738185e+01
7.177167491604186e+01
3.111057301569291e+01
3.134050892262743e+01
5.449373296205594e+01
9.337408500414998e+01
7.818285630931280e+01
7.154783805438683e+01
8.347623533731151e+01
1.422059816039195e+01
6.794697198455547e+01
9.266646764830988e+01
8.191892378121565e+01
1.161794215981753e+01
4.686039464867692e+01
3.140994120920540e+01
8.623756649263090e+01
4.356394682245513e+01
6.768166439965445e+01
6.988795700943467e+01
4.956897126956329e+01
5.565436084552405e+01
7.044518844710905e+01
3.166874359905196e+01
5.556678676771316e+01
2.469097214038063e+01
7.948267929231872e+01
7.019110916656959e+01
7.803970360105843e+01
1.180987535594491e+01
1.864157464291974e+01
1.592436624501104e+01
5.154904297159475e+01
4.964588859567693e+01
1.576552387129773e+01
7.451555429702418e+01
6.754381543376661e+01
5.222357378910461e+01
4.606339230484487e+01
1.679894897006403e+01
2.872510907646507e+01
2.953113458563161e+01
1.336144102428176e+01
4.049283226043583e+01
4.694076867166011e+01
7.410712795057665e+01
6.189018458215993e+01
4.130446782396383e+01
5.010803963528389e+01
7.059654354611251e+01
5.360186512284068e+01
9.310282016783152e+01
5.954393942819161e+01
6.187624249694694e+01
8.506516557422708e+01
7.625054059375569e+00
3.038058305642595e+01
7.498340880264686e+01
9.140368089610882e+01
7.667436184206716e+01
1.734434930484013e+01
3.346754956686290e+01
2.043609298785966e+01
3.452827843582643e+01
7.681408830770016e+01
8.110716095245778e+01
5.449081401084122e+00
9.300678274268600e+01
7.634971420110655e+01
5.454418657093504e+01
2.620114615475812e+01
3.497078057144339e+01
8.132114316398331e+01
8.847571405976811e+01
8.976096449874387e+01
6.282158292030059e+00
1.502298140666586e+01
5.825910971418913e+01
2.365065446293477e+01
9.187938230665372e+01
9.279587226584361e+01
8.243272299060258e+01
9.155720094757024e+01
3.638311635534424e+01
1.910596267278584e+01
2.260305379638590e+01
4.400817046128594e+01
4.948654577577791e+01
2.303935132130950e+01
7.640883781779969e+01
9.253047238687540e+01
2.322872095891681e+01
5.778441590153817e+01
3.472809420653065e+01
8.001832858660181e+01
8.177450959653339e+01
9.802976502013847e+01
6.760384918544621e+01
5.695560498021338e+01
2.843702576516058e+01
8.094895434610031e+01
5.732945541726866e+00
8.042686170918255e+01
9.598791235871050e+01
6.417794696249904e+01
9.850067854789117e+01
1.176401153754630e+01
4.703847018398273e+01
5.537395186506862e+01
7.050962800649442e+01
8.243317882643694e+01
3.921595608779041e+01
9.230262506394770e+01
6.402613556199994e+01
2.896057536311475e+00
2.846225310511061e+01
9.659343357039309e+01
6.899269780562850e+01
6.800796639547123e+01
7.473504784271822e+01
8.927336846910107e+01
7.116202515138409e+01
5.646995969883630e+00
2.346716053945346e+01
2.816933357537227e+01
2.434264869631391e-01
4.518510757255606e+01
7.553723602347878e+01
3.329815549463879e+01
2.140712552769442e+00
5.823829931124965e+01
7.597148561662598e+00
8.529746373430707e+01
1.424190672777682e+01
9.029886978226661e+01
3.340044381720966e+01
7.561596975457667e+01
8.345997803074306e+00
4.358537543731992e+01
4.745460811418230e+01
2.302350039734668e+01
4.534676114346216e+00
7.681453180351041e+01
3.306254471329159e+01
8.933944631802825e-03
9.493492101083272e+01
7.550481244712360e+01
6.527407926752888e+01
7.439242460503822e+01
7.919905813373582e+01
5.715731627175460e+01
7.519630606993861e+01
2.168162051666603e+01
7.494526196967124e+01
5.253158479581194e+01
9.918909161313860e+01
9.180593974506759e+01
2.046912010780960e+01
7.986369220533581e+00
1.845413396062987e+01
5.796998262310865e+01
6.983557453837039e+01
2.605128252229247e+01
7.377814463050018e+01
4.101100510033360e+01
9.932679748131279e+01
3.446359435769897e+01
2.834922765770426e+01
7.672795237820966e+00
8.761750244890223e+01
3.055263433165505e+01
8.652842109395583e+01
6.667945527782638e+01
4.123189441917087e+00
2.627569326491826e+01
5.559327185880080e+01
2.799377493932553e+01
6.952144348505952e+01
7.307052275774559e+01
3.736832059797287e+01
8.045755167513040e+01
3.775002152554226e+01
6.736049548134231e+01
4.132347900482057e+01
2.931253473708059e+01
7.585319875546415e+01
7.440215273499588e+01
7.488664364204119e+01
9.357408871574984e+01
7.075045810581672e+01
4.572595415903533e+01
6.770856048339445e+01
3.165728311597243e+01
6.562389096507052e+01
5.231274643554946e+01
7.978538655665955e+01
5.897563936141117e+01
5.251012158231350e+01
4.654175953312859e+01
3.047658164542009e+01
6.085586401673773e+01
8.425823989522561e+01
5.497118926372900e-01
2.962251148634707e+00
9.538194467098543e+01
2.989963676310127e+00
9.348633531177711e+01
5.584215463876825e+01
4.418770137437978e+01
2.317021974510058e+00
9.951430982887480e+00
6.719572188667755e+01
2.420370598519393e+01
4.607677974089830e+01
2.420399334477447e+01
4.465419521772032e+01
3.977278696362524e+01
1.663734825171407e+01
6.996670699211150e+01
2.009552112784959e+00
2.248565313522036e+01
2.349138028150954e+01
3.311429164983066e+01
4.400369010120802e+01
2.878987259640818e+01
4.930402103313432e+01
6.494937183565897e+01
3.832329112958317e+00
3.187726579228289e+00
5.206560122411028e+01
3.045129116179947e+01
9.082806538363363e+01
3.098227564756865e+01
5.411619700217442e+01
3.640628919769372e+01
6.678300419206870e+01
6.337977213011112e+01
2.989262446290470e+01
5.034590701123043e+01
2.725705384614740e+01
5.668077294560185e+01
3.842639985421039e+01
5.689519818727635e+01
1.001619454939672e+00
1.771554472749845e+01
5.995562121270021e+01
3.073856082313627e+01
1.189272003802132e+01
8.670477326340264e+01
7.189531441400541e+01
4.018395395958049e+00
8.153357057903594e+01
9.345130663991500e+01
8.171418373552811e+01
1.928368765827440e+01
5.221482573645881e+01
3.560879134368561e+01
7.879521673489140e+01
7.028718612635842e+01
8.639405280649385e+01
4.570551074375655e+01
1.262108926317705e+01
6.893802255808284e+01
4.255980231918385e+01
5.621976356777352e+01
5.344311709210422e+00
2.509388207695162e+01
6.794829287936366e+01
8.201805678290225e+01
5.396538374664512e+01
4.602166490909721e+01
8.205025702810393e+01
1.599274138733407e+01
2.916863096373557e+00
2.688309179008151e+00
3.370828611483252e+01
1.303536967050069e+01
6.453633651348592e+01
1.710016234642834e+00
3.016037961009908e+00
8.096721800089219e+01
1.669625193658110e+01
4.624763002910075e+01
2.746876055722533e+01
5.473158059396389e+01
4.996208113150768e+01
1.130527314325109e+01
6.919660557489684e+01
2.086397186893224e+01
9.347507129119479e+01
6.077286575956870e+01
4.114780278929872e+01
6.096160554371849e+00
3.390296093835633e+01
9.826793116436710e+01
2.848840408422445e+01
8.741506342190088e+01
9.117855033426478e+01
1.693885071060567e+01
7.467483211060745e+01
1.640628651548470e+01
5.648289907559887e+01
1.337366174597929e+01
8.006042259748114e+01
1.877657236474407e+01
1.606197097155357e+01
5.715060516127879e-01
1.370745576625106e+01
2.739395491191836e+01
5.678109929746999e+01
1.344759870015439e+01
4.485549556317530e+01
8.696809131045271e+01
2.646074123981443e+01
9.987825672136539e+01
3.811000703745987e+01
7.189576652454946e+01
6.902366456064566e+01
8.082558544391096e+00
8.712291865941273e+01
8.773427847201670e+01
1.787209064600621e+01
7.900670747226415e+01
8.620537923937914e+01
4.974063991091244e+01
6.098137714945775e+01
1.964486903494451e+01
3.503846546403992e+01
5.893837169694638e+01
8.475919951906390e+01
8.537978319701729e+01
1.107129082599249e+01
6.039322291519177e+01
6.289370207250757e+01
4.862663650355611e+01
5.159932638127326e+01
6.632369168397211e+01
4.919814260173502e+01
9.074199022294115e+01
7.940534310387696e+01
1.255808035496533e+01
9.034530729537146e+00
6.454977531197936e+01
1.319042407590450e+00
3.080255367364853e+01
9.450090955686797e+01
3.423607318393703e+01
3.192029252272113e+01
5.737758207012786e+01
7.357320127709453e+01
4.802013721690520e+01
6.203618317937300e+01
1.527967183630898e+01
4.332982084868933e+01
2.444899320809589e+01
5.487920537352525e+01
6.518861789497949e+01
4.586163058218622e+01
8.511455086298034e+01
4.496122158363519e+01
4.919653327632534e+01
4.161017003544148e+01
1.271972130645053e+01
2.345059943546103e+01
3.277617638594293e+01
7.366397579836844e+01
5.172309994312148e+01
1.309785768999618e+01
6.336923305102123e+01
1.702988209064579e+01
1.133868787965676e+01
3.386002952878365e+01
9.578426298489062e+01
5.529211398926196e+01
4.177416113287870e+01
2.788024206081417e+01
1.925973888452152e+01
1.263330211519883e+01
8.695600791226886e+00
8.018661419869709e+01
3.710946242190406e+01
4.971093495828608e+01
2.089993144427423e+01
4.269922703630255e+01
1.679748954102280e+01
9.116546790635468e+01
3.287860473286295e+01
4.504968889292781e+01
3.955250686945045e+01
8.704490404904118e+01
4.690958794528133e+00
1.366794743280296e+01
3.215368372954134e+00
2.972829808934047e+01
9.635279490442610e+01
5.749340064706905e+01
2.824396185029482e+01
9.997277143410071e+01
8.160786548704276e+01
2.625439224124625e+01
9.270864743399837e+01
8.076044357417173e+01
8.805245966094195e+01
2.875217806024113e+01
7.808285703793301e+01
7.879823910947808e+01
4.424556817125788e+01
4.857042918380836e+01
4.745286817078146e+01
8.921966161076895e+01
9.362314562016313e+01
6.371627750979562e+01
9.512943220098010e-01
3.025871991657592e+01
3.100979776634360e+01
9.994464106855199e+01
1.764112925978430e+01
1.796239852810390e+01
4.080493140071860e+01
6.036952685581964e+01
9.492061501132353e+01
9.503873274430573e+01
8.649913551588503e+00
2.768646503225270e+01
8.518624123427376e+00
9.988707010628984e+01
9.205207698608380e-01
2.256575814567774e+01
4.512010284006600e+01
5.294475772089547e+01
6.105629432064309e+01
4.182460300709335e+00
3.573900039109355e+01
3.477093900310385e+01
4.001660372131346e+01
3.727506847925255e+01
2.929576301448781e+01
2.292787536183739e+01
3.461766440170708e+01
9.713385514781524e+01
3.772040602644925e+01
7.095559005204383e+01
9.740265044262756e+01
5.775567063025928e+01
6.233011822324718e+01
9.397090174908325e+01
8.503933115165650e+01
8.314713820961637e+01
9.192579169381679e+01
4.037129322084193e+00
7.019968525050193e+01
3.640439688991960e+01
5.099686218937713e+01
9.263523197389917e+01
8.796905092334796e+01
8.322081225142853e+01
3.062661258998635e+01
8.323430087567973e-02
2.212815844552971e+01
9.213906856819012e+00
9.651065361523565e+01
9.434633110386615e+01
4.247321684028638e+01
3.224965395976307e+01
2.644430009016968e+01
4.048185005806473e+00
6.951192927989733e+01
8.595450561770913e+01
4.017300211832533e+01
9.963688557019313e+01
8.018947135665894e+01
2.922568182890568e+01
7.017605764333906e+01
7.550410678400850e+01
2.551114052790736e+01
4.037680702301525e+01
5.210251968917555e+00
9.451771811326859e+01
2.008997156288939e+01
2.080068072341414e+01
2.225232637592234e+00
6.264047145966462e+01
9.970989874550602e+00
8.100080447318069e+01
1.982202288686392e-01
7.822774354285922e+00
7.723660267760819e+01
5.937620082841077e+01
3.263157989486660e+01
4.548918532463218e+01
6.670963483243698e+01
2.833285021052363e+01
3.605523963275144e+01
9.945497917917324e+01
7.840988872498734e+01
5.703128825734895e+01
7.999350413679774e+01
1.993086851198732e+01
1.286859932023501e+01
4.148457760060420e+01
1.729017063849148e+01
9.305807067689396e+01
7.571175381341565e+01
9.804587932212551e+01
6.067464065769438e+01
1.845750022607739e+01
3.571366650784093e+01
7.107813072906720e+01
6.901785869571280e+01
3.352659681510487e+01
7.126871872286719e+01
2.074292568524504e+01
1.071668467983449e+01
8.793555325266698e+01
4.543906177647369e+01
1.091490495526926e+01
7.833609430973236e+01
7.014574951964698e-01
2.706656326868877e+00
7.120693762377228e+01
7.936281891510022e+01
7.800317410286664e+01
5.071412341236795e+01
2.159365672692361e+01
6.887127033847908e+01
1.818257338282772e+01
3.204495573045917e+01
2.395212656071043e+01
8.886814261268272e+01
7.548858736431626e+01
4.962210969516174e+01
6.498562952735723e+01
9.434908721332862e+01
1.531683435445504e+01
2.811252047685558e+01
5.732290263163061e+00
7.255611795585422e+01
6.439549991134344e+00
6.196378639990640e+00
5.177625406150531e+01
5.727586683690355e+01
4.067354497531128e+01
4.194096729249738e+01
9.953496074282330e+01
2.312103133793968e+01
7.953603127018364e+01
9.344620690375855e+01
6.532071384849060e+01
7.787407072161979e+01
9.615286323062743e+01
8.077092002181845e+01
2.317302437646921e+01
3.910830898168884e+01
5.148404298884982e+01
6.956686180530436e+01
7.331809656383382e+01
3.389918097942098e+01
4.776150386210601e+01
7.545109995428990e+01
5.784790174004058e+00
5.842201507576835e+00
5.113769073557932e+01
8.648214414086293e+01
5.564163190109731e+01
5.913886174519494e+01
7.307764853959794e+01
7.963567496260427e+01
2.008505604233828e+01
3.444567939007919e+01
8.440389218013915e+01
7.186131010384361e+01
7.856752964601272e+01
7.483598504906334e+01
1.380227734977485e+01
3.889898720146110e+01
4.777190836508382e+01
5.955841637195945e+01
8.612519460084158e+01
3.380678572403583e+01
4.569898026329417e+01
8.227805778490290e+01
4.865924760171178e+01
3.950453784293707e+01
4.013140836736719e+01
1.841751854793053e+01
7.295252903036426e+01
1.344950493120099e+01
5.908728393683550e+00
3.069002671665048e+01
4.813747808716143e+01
6.823252424049775e+00
1.160891256835727e+01
2.079818049482916e+01
1.603382188642110e+01
6.725054446945458e+01
6.892962919963972e+01
4.587140420725169e+01
4.138212042925047e+01
8.800157210230902e+00
6.896155507721079e+01
8.432167642019766e+01
4.205957704319599e+01
7.910924087237066e+01
4.407795162130052e+01
7.667654658512983e+01
8.888493920158825e+01
5.359958198554794e+01
7.768638510149269e+01
7.775699872419098e+01
7.345772337795128e+01
8.193394317381734e+01
4.019148090863204e+01
8.835854185203023e+01
8.385165100165254e+01
1.891150647723652e+01
8.030412186882650e+01
4.257579238273939e+01
5.718345113898788e+01
7.372777498035123e+01
1.953613442347205e+01
5.657530229379204e+01
6.172155116764900e+01
3.114504699182932e+01
3.031227455023317e+01
5.343187058038631e+01
9.839559150785003e+01
6.651378146676057e+00
1.761472007148653e+01
4.034743273646917e+01
7.684964508602845e+01
3.704853338983307e+01
1.690516542499194e+01
1.890922208265831e+01
3.814785179595829e+01
6.098311704629246e+01
1.945668171134623e+01
8.801726120897442e+01
2.756775032149989e+00
3.960687277820281e+01
9.973754324006734e+01
9.509458956080236e+01
3.762558774912058e+01
6.171570730475509e+01
4.445882809556035e+01
4.134725189830515e+01
2.835144476422642e+01
1.931644348395823e+01
2.987931213801695e+01
1.805429696946139e+01
8.955110935007740e+01
3.275349672546307e+01
7.287089860666120e+01
5.283493653537470e+01
6.676856859902320e+01
7.660763840033097e+01
9.229310419982911e+00
2.953942819942694e+01
3.743495421364668e+00
8.381039369097464e+01
5.800785355177143e+01
6.328958969716430e+01
2.940317258676662e+01
2.426079871331379e+01
8.467486271852389e+00
5.900677887676600e+01
5.146184025866065e+01
1.015110137413773e+01
2.061373103438585e+01
9.047768851298731e+01
4.842045719196110e+01
1.631562342695688e+01
2.423835113841964e+01
8.762735551578334e+00
4.983214617233358e+00
2.535653250541376e+01
7.675451896002261e+01
6.258792000011910e+01
3.670247906665433e+01
6.016285534024372e+01
1.298955265106147e+01
3.416297903012623e+01
8.020108667211657e+01
9.205024302566900e+01
2.356153825463799e+01
6.913528538734433e+01
8.902984284284983e+01
3.279084872118703e+01
2.257999620520510e+01
7.378265944951337e+01
9.865917912621944e+01
7.737308832694455e+01
8.643824825363153e+01
2.328808802333106e+01
1.633886993692204e+00
4.349815707816656e+00
3.737967397895626e+01
8.935480047452953e+01
9.237537681701377e+01
8.229397976877819e+01
3.743834730118436e+01
4.079583396240875e+01
9.435449451876547e+00
8.544697751544741e+01
6.816258466251315e+01
9.580471673784997e+01
8.617413406547817e+01
2.608377231568274e+01
3.505450819388707e+01
6.219985422780731e+01
9.668359723719004e+00
7.583381355546128e+01
6.099950334103755e+01
5.089716704138423e+01
3.741750611803378e+01
8.456104164224166e+01
9.783207923072953e+01
1.814138540911553e+01
1.735189031686256e+01
3.307280686361380e+01
3.498660257784026e+01
9.139514383459237e+01
7.802056925279115e+01
5.668354647079647e+01
7.352106607217391e+01
8.752044317662737e+01
6.725289880635817e+01
9.889584546857320e+01
6.953566207994506e+01
4.121452371646395e+01
4.647260478067799e+01
1.991135967891261e+01
9.261486814013443e+01
1.958383997882895e+01
9.242098689657682e+01
7.103676757357864e+01
8.611092347936282e+00
1.708383751897320e+01
1.448859070171071e+01
7.098074237396044e+01
1.553231878929414e+01
7.766519765260871e+01
3.275571485644007e+00
6.713862534013512e+00
2.520371387954975e+01
5.299547354364557e+01
9.127490417625518e+01
1.258702558120108e+01
5.672281494211536e+01
6.655711385726795e+01
8.310577388997459e+01
4.918601924981271e+01
6.648334193345315e+01
9.891531909765457e+01
5.869565674043058e+00
8.434330694579674e+01
7.956035415621491e+01
6.510495974919989e+01
5.114565140155407e-01
1.292308937428663e+01
4.931689973423113e+01
2.527637431643734e+01
7.631550360299437e+01
9.812355199741364e+01
9.008331675551986e+01
3.347299435803341e+00
1.842056699954931e+01
2.994839932301473e+01
2.183231195520252e+01
5.559414371642942e+01
2.751635444700548e+01
5.008793834135305e+01
8.783173486023756e+01
3.134171153946860e+00
3.363585673907578e+01
7.152372299298817e+01
9.290526485671535e+01
8.828071117786723e+01
4.611602902697214e+01
1.751923268545383e+01
3.233259908497920e+01
6.333287966592837e+01
5.468352989046067e+01
4.789686796623136e+01
9.821413289672421e+01
1.394675900877768e+01
7.148061295574560e+01
4.434071865134906e+01
3.710474215313081e+01
6.110311982273270e+01
5.726380807220182e+01
3.730179622643711e+01
3.207397564876544e+01
3.357931162863007e+01
2.693292080747565e+00
1.750474722008442e+01
3.008742524780679e+01
2.671828755490402e+01
6.029619847438121e+01
4.998158824163563e+01
8.501206607791225e+01
6.523875988332497e-01
2.237346243223802e+01
9.455846943639148e+01
9.770182268587025e+01
9.357819095886228e+01
5.204834763521718e+01
5.868033769479037e+01
1.303108074377807e+01
2.195049138830532e+01
1.282243654728981e+01
8.714890423563723e+01
9.473483725205755e+01
6.370313394055847e+01
2.714471678582240e+01
7.552235432691981e+01
4.735682711347790e+01
5.847540561038787e+01
9.056068635106119e+00
6.479572065397899e+01
7.785491378878007e+01
6.985486935351737e+01
9.720019255634407e+00
9.928889390979375e+00
8.271540807686533e+01
3.885504749550254e+01
4.612345301831302e+01
5.220702465260728e+01
2.860264481445898e+01
2.161357049905396e+01
8.989042648574824e+01
6.603512501625117e+01
2.991486775219202e+01
7.461819847795097e+00
8.645851178395493e+01
8.093471554151490e+01
3.695440987914541e+01
7.093031148935218e+01
1.514138025936735e+01
2.842355455664152e+01
9.428825275706512e+01
7.757504898010522e+01
8.125696726201892e+01
9.648086763754527e+01
8.335849167004157e+01
9.469935963614815e+01
1.967603746786529e+01
6.080408928021978e+01
4.312444801587819e+01
1.897548186545050e+01
5.836060245445026e+01
9.585098498307680e+01
5.853615745833896e+01
4.137368544068825e+01
7.140881604114958e+01
8.726395954716205e+01
2.994299248323915e+01
7.458033178680591e+01
1.188334450679056e+01
6.182463814589411e+01
8.608496486492686e+01
9.122983128355342e+01
8.288631647959646e+01
8.254171013019128e+01
5.617999693200923e+01
5.670753766629265e+01
1.547784442802791e+01
2.339610272245300e+00
2.904529898848631e+01
4.877939310333663e+00
3.384398707833326e+01
5.762738737167203e+00
3.598266096598593e+00
1.510095429378606e+01
2.905175463717979e+00
2.373117116453646e+01
7.757384124098991e+01
1.524209655599766e+01
4.673707580507597e+01
1.106406562545526e-02
6.276372566947887e+01
7.201405245438872e-03
8.529307971954955e+01
2.001818559133363e+01
9.437755746505110e+01
6.727086508985184e+01
5.111761775385477e+01
6.925449919386510e+01
5.548950189514527e+01
2.082799501755647e+01
5.037114319874492e+01
2.843736797964078e+01
9.272698517550108e+01
8.599867438245504e+01
2.822024464990024e+01
7.675587193889352e+01
6.389863787400473e+01
6.137248597171740e+01
9.584578475721450e+01
6.048941694222829e+01
7.031447611298155e+01
4.558574424385360e+01
7.839050943888282e+01
3.285450978803193e+01
6.543673736296442e+01
3.261173289856488e+01
2.412294550990823e+01
8.935785884473373e+01
2.775564181048220e+01
7.086002136155032e+01
1.585446145192462e+01
3.978370988731445e+01
5.341574738426867e+00
2.124798690026998e+01
2.614061489055893e+00
5.723641908598896e+01
4.644777953924974e+00
5.592603159878684e+01
1.201042188890764e+01
6.013427984907026e+01
2.817403256342469e+01
1.703956230405698e+01
4.452333461703888e+01
8.444444792552126e+00
8.324603879975436e+01
2.553352295678739e+00
4.489485395368880e+01
5.373734927444595e+01
6.574911305948585e+01
3.130947636967035e+01
9.528911746818997e+01
9.840358844883907e+00
6.448874742001702e+01
2.788524209888896e+01
1.340784216924004e+01
4.709076110603789e+01
4.893585427149006e+01
2.687740313209472e+01
9.010133966342609e+01
1.432289630841599e+01
5.855367638103369e+01
4.775630177359856e+01
6.573954837664010e+01
4.093433154790399e+01
6.370913854972885e+01
7.090699866921966e+01
9.034155513641497e+01
6.835391650365382e+01
6.365311605094611e+01
1.120337746627786e+01
9.971100906827999e+01
8.996703759299919e+00
2.824293977033484e+01
7.404411671405849e+01
7.379387271301535e+01
1.148897857008920e+01
7.659746900973724e+01
4.904212739739666e+01
1.820785315623873e+01
6.410178638254376e+01
7.074328072869372e+01
4.604354135042221e+01
6.690930159152919e+00
2.560534799732517e+01
5.924495433422036e+01
5.400712362211529e+01
4.245310283380239e+01
2.891992900004607e+01
9.144461666766769e+01
7.392237278349808e+01
3.210890536760395e+01
6.357220013792263e+01
9.520586356297407e+01
3.979722971087193e-02
9.210776248579276e+01
3.900988760358183e+01
7.094679589893053e+01
8.386217867204090e+01
8.234400911365822e+01
5.733340869533522e+01
5.218540805028072e+01
2.305479567640219e+01
5.872123123087047e+01
9.624414280813380e+01
7.741751497491147e+01
8.484195200020538e+01
7.733121331656874e+00
3.269660381260170e+01
7.280933566987949e+01
2.103875182617397e+01
9.395095156224023e+01
1.186062107414967e+01
4.474833428149500e+01
6.418816748270214e-01
9.614128051145994e+01
1.955065411494610e+00
5.464900529694231e+01
2.258546283588999e+01
5.751705568168175e+01
1.582211368522705e+01
6.762116144766154e+01
7.793935531654365e+00
8.641232423782922e+01
2.080048509910725e+01
8.176185697399167e+01
9.502367027803496e+01
3.038227368629644e+01
8.897253414102482e+01
3.060856304625448e+01
5.664427096799215e+01
4.630594278979392e+01
8.279397109653520e+01
3.590690495255725e+01
2.745374572810426e+00
8.240876406543364e+01
3.435231923794016e+01
5.283756025733312e+01
5.033331040774160e+00
8.210345952869554e+01
5.105618091814973e+01
5.030527159120201e+01
9.519345219954543e+01
5.829479375774730e+01
3.252133421251612e+01
9.583533387437245e+01
4.056104134794372e+00
9.760184520743873e+01
5.048433912474864e+01
2.789402637998296e+01
8.993294918440886e+01
4.389255779976610e+01
9.500329242786546e+01
3.547048463275213e+01
9.810374751598748e+01
2.234767187496073e+01
6.280528598595657e+01
2.522210447360859e+01
5.125636553915980e+01
5.177782008041526e+01
1.214448609954886e+01
3.600144201703437e+01
9.544641640756578e+01
7.576671805035635e+01
6.954264634733211e+01
4.186161674645805e+01
1.719327593091562e+01
4.933427653710091e+01
9.469917705035729e+01
2.356033140027911e+01
6.432238578066341e+01
7.651294948370800e+01
7.816886458460655e+01
4.577022932738542e+01
8.879514764472616e+01
1.860717074880710e+01
4.160556315519175e+01
8.769769737855424e+01
8.292043911429142e+00
9.930447307382919e+01
9.812681516545211e+01
5.250317214639074e+01
9.720203159246688e+01
1.354565588456842e+01
7.463316241029332e+01
4.067312979170732e+01
2.780379086164934e+01
3.364947761113265e+01
1.957843686434367e+00
2.687994201056657e+01
4.986950212617847e+01
4.056553400147964e+01
4.965876152257378e+01
8.650522897322905e+01
8.848456511669073e+01
8.178839817726444e+01
4.190989073454863e+00
3.027021392726815e+01
1.069919537319764e+01
5.955594585256462e+01
6.835207113453750e+01
9.802629966196898e+01
4.678700405489048e+01
6.389364076959605e+01
2.354462422595575e+01
5.289955928591059e+01
7.208257549073667e+01
8.628963548051642e+01
2.313234802481362e+01
6.550317838112971e+01
2.054958665769063e+01
2.125916314369960e+01
1.687929570529577e+01
1.086290092713335e+01
2.770064250924654e+01
9.535724799863866e+01
5.729004398793450e+01
6.359397031534182e+01
3.473370835871143e+01
2.125773356354690e+01
6.369557090275715e+01
9.054436175643670e+01
1.840874553583970e+00
3.022532329439434e+01
9.526318083296678e+01
8.168488302346546e+01
2.953670887720618e+01
2.278081147129685e+01
8.157971183842966e+01
1.657717107635791e+01
5.499920340022035e+01
1.467346810487726e+01
3.450872159307297e+01
4.297453744475475e+01
6.201918058191388e+01
9.322808151749339e+01
9.587409673066534e+01
6.893228044218025e+00
2.548565935598950e+01
7.544016445774592e+01
7.646998021587263e+00
8.044362286126410e+01
2.491517505837380e+01
3.135977495990683e+01
9.087306744925355e+01
8.808623123359224e+01
3.095513956200105e+00
4.570151997995634e+01
1.656692010190660e+01
5.394121103637908e+01
6.716127873731837e+01
5.358903717882421e+00
6.269916289611680e+01
6.774241899500714e+01
6.769254825436163e+01
5.796234368251746e+01
2.547151014463581e+01
8.656898019209922e+01
7.847198395918682e+01
1.291585956370265e+01
2.000007169321183e+01
7.185078457549716e+01
1.607701755877445e+01
7.781202843310872e+01
1.506740879969085e+00
6.374322658579016e+01
3.586537420557131e+01
2.122365018409847e+01
6.477074705286452e+01
5.906890740574753e+01
9.359743743836761e+01
4.504874569598993e+01
3.873557487443815e+01
6.929613084965204e+01
3.807646047234370e+01
7.091667101295511e+01
5.833460970704193e+01
1.472155056648029e+01
7.115481461917740e+01
5.084843889383992e+00
8.056423351194907e+00
7.558512765708618e+01
6.979335871049825e+01
2.495535478226624e+01
4.458728090142239e+01
1.714468361676889e+01
5.855537176064931e+01
4.017886865892395e+01
5.410687804879009e+01
3.051092742500404e+01
5.924574735539302e+01
3.331159932227414e+01
4.520344354454588e+01
6.063830007828693e+01
1.968738721669064e+01
2.392033954333530e+01
1.217496316515606e+01
4.504695769634422e+00
7.169969392553888e+01
8.482730248236437e+01
2.844481581283958e+01
9.210876966459153e+01
2.016362776987424e+01
1.627335977567051e+01
2.597181490900545e+01
5.824008824221794e+01
7.374768428213321e+00
7.993619729761788e+01
1.235530055703376e+01
3.263363020151557e+01
2.050281885103454e+01
3.834180023443969e+01
2.400172032602211e+01
6.349330552084991e+01
9.116731015554038e+01
6.858900127401063e+01
9.310082303970159e+00
2.963333988079491e+01
4.303156865901853e+01
6.383112499668781e+01
6.399904757924334e+01
4.964622689860231e+01
4.888765423041194e+01
7.454976857386053e+01
7.822676658547798e+01
4.928784773186214e+00
6.932900583805936e+01
3.466605364096633e+01
7.051202201773972e+01
9.828738695862116e+01
9.286382333043210e+00
5.168313023246970e+00
5.824154590174627e+01
2.945001010291745e+01
5.993765655902106e+01
6.624165972054082e+01
1.598320501669459e+01
5.476820303814868e+01
1.419323310916928e+00
8.412929139292299e+01
1.632129462264539e+01
4.973033925040175e+01
6.882932384909564e+01
6.724200773390103e+00
7.914467648563192e+01
7.373322270518786e+01
7.879306035060112e+01
7.663902564749077e+01
6.097472289622515e+01
2.824561518069618e+01
2.817837392360827e+01
6.085599789435789e+01
6.387556691834496e+01
2.999845665413815e+01
5.510531726996663e+01
1.991643804121597e+00
1.114016725269154e+00
3.387587449228199e+01
4.361511172895092e+01
1.817164431240952e+00
2.611126463213529e+01
1.395094749236058e+01
4.605333364850532e+01
1.994752475058079e+01
4.340095759527802e+01
8.596940840872442e+01
3.500954962103141e+01
3.723308864852092e+00
1.479918841030411e+01
5.026749267720966e+01
2.596647852378268e+01
8.782956669471672e+01
5.626462505025073e+01
9.798196339885796e+01
1.733234055216067e+01
6.948826982150239e+01
2.932334636772207e+01
8.111862143553729e+00
6.947136147388787e+01
9.472768348396183e+01
2.437101608345798e+01
7.838684901519997e+01
7.412101904587868e+01
4.196281034590807e+01
8.385305622771991e+00
4.502637602622917e+01
6.665226638626879e+01
5.274117810313644e+01
2.486532229225399e+01
6.582983749258790e+01
3.521918553636372e+00
9.584251413859543e+01
3.511467386740943e+01
9.765451820458030e+01
9.461330645466843e+01
3.810473249205609e+01
8.022683992992474e+01
1.067971140643568e+01
4.540954252956879e-01
5.030759132947195e+01
7.720630102660800e+01
6.704948054023528e+01
1.924094549344897e+01
8.892868402829798e+01
9.803687631992479e+01
7.576018202852465e+01
8.967278967130594e+01
