9.390830271593683e+01
8.940123132867795e+01
6.227472748713322e+01
5.759634829945692e+01
7.186541895934633e+01
1.562867090833777e+01
1.628608904606015e+01
7.624791859474401e+01
7.579364104931878e+01
9.338445393060542e+01
5.402352360730224e+01
9.047133596170291e+01
2.591237240746262e+01
2.612341597030098e+01
1.160769118536622e+01
8.403186224588746e+00
7.670932164262483e+01
6.577857600794107e+01
4.806410421061521e+01
1.920776288919512e+01
6.693245846169650e+01
2.965401351901424e+01
9.779354925164652e+01
1.982156025237477e+01
6.126513698197209e+01
1.844974547552399e+01
9.592683813345005e+01
8.861329736589141e+01
9.529029330950711e+01
8.619733815370003e+01
1.903150184966228e+00
2.382150805733237e+00
7.559856943581187e+01
2.470571427825173e+01
8.274074349680018e+01
8.204189519492996e+01
6.165263110848732e+01
2.316321955209748e+01
8.985044401597719e+01
1.595634972488338e+01
9.241128647346575e+01
4.193848173224296e+01
8.571011856464209e+01
4.821954357820542e+01
8.128227669805396e-01
1.803537682538637e+01
6.779941174564856e+00
5.110245405282008e+01
4.537560019892435e+01
5.484404543174619e+01
8.323545362019699e+01
6.130711411186825e+01
7.186968246096265e+01
7.300920857722369e+01
6.661443368839772e+01
3.709091340987520e-01
4.675571110414142e+00
1.279571713544229e+01
3.897964667481354e+01
4.580364615926689e+01
9.615647420108154e+01
6.563223184348654e+01
1.867652182405653e+01
7.175504359032729e+01
7.802781550121858e+01
8.182317921045384e+01
5.379693873869113e+01
5.910640845964961e+01
4.440978171509214e-01
2.281337786596891e+01
5.654895424682132e+01
4.499569807434254e+01
8.304220837682588e+01
8.673819396027281e+01
5.104083225645164e+01
9.532090793145863e+01
1.333626052985725e+01
7.663562059245800e+00
5.072082013390996e+01
8.858752361898661e+01
4.184246954593922e+01
8.624501730606194e+01
4.989463768428873e+01
1.542709414634253e+01
3.910450261975848e+01
4.326080216246694e+01
4.684697140327048e+01
8.229580036471403e+01
2.930478846156262e+01
4.782209733865321e+00
9.019681247426050e+01
2.372987816283939e+01
7.041444162391799e+01
6.337498163961571e+01
2.113145590812501e+01
3.805424647315137e+00
5.418522146259678e+01
7.492839469338227e+01
4.215237728420290e+01
1.673448105190624e+01
9.774177255935118e+01
2.352730795905334e+01
9.589865342522909e+00
1.872583786897633e+01
3.520828538351147e+01
4.046139812118439e+01
3.906811528795777e+01
3.719926934558864e+01
6.945719489336814e+01
5.186580496461401e+00
2.108523916503658e+01
6.033614918605246e+01
5.649221369833322e+01
1.134574791013531e+01
7.576324333239498e+01
9.559671636465784e+01
9.497308875200017e+01
5.050963333365956e+01
7.711347293905609e+01
4.679448369275521e+01
1.436899537889706e+01
9.620726229446348e+01
9.617089605711908e+01
1.730725519233721e+01
9.029935211422823e+01
1.730235191867796e+01
4.172732426865367e+01
3.601810607873747e+01
9.223074661206023e+01
1.284662667328800e+01
8.192614623435128e+01
4.262904526788232e+01
1.154795820431223e+01
8.609346448727580e+01
3.371972652791055e+01
2.364890231920821e+00
7.140013020085178e+01
7.278784181586832e+01
6.518082789386662e+00
5.915868471337421e+01
4.303503825470575e+01
4.150187579984864e+01
1.644188091924502e+01
9.952725195303897e+01
6.617618541520843e+00
2.507233779182301e+01
9.512396827113068e+01
1.493898188459639e+01
7.562113626656175e+01
2.094451120167249e+01
4.698664771718283e+01
8.999013164545882e+01
9.425458023057067e+01
4.315754372773578e+01
7.973493876854654e+01
8.243776717336745e+01
6.045989569297987e+01
3.989773836913413e+01
8.866551080190833e+01
5.269064225847397e+01
9.726542201697147e+01
8.119388580377860e+00
3.111057301569291e+01
9.659588895579608e+01
3.738815707032948e+01
7.638288791122982e+01
4.096157087057902e+01
7.620087190354283e+01
4.917072968053200e+01
2.983389172229631e+01
7.576718929957933e+00
9.220576793523773e+01
8.613776694337733e+01
8.438885290380048e+01
9.173301988827671e+01
9.275538553146431e+01
2.003883087078055e+01
8.685698811284126e+01
9.294754955589191e+01
5.618883383282872e+01
8.799140615760879e+01
3.993419727307474e+01
5.905913610898850e+00
3.166874359905196e+01
8.309174100081052e+01
4.890081335273609e+01
5.124407124297883e+01
4.355163664722426e+01
4.336004077613356e+01
2.944367547959261e+01
9.624227895226436e+01
7.040876321047953e+01
1.050123898801452e+01
3.890544028901748e+01
9.005443802571596e+00
4.678589745740681e+01
1.528832815368116e+01
5.883964288925735e+01
8.665698910442042e+01
6.445905783421317e+01
9.744666833311631e+01
8.561049545445037e+00
4.527100643388508e+01
4.762692360562595e+01
7.910009523811754e+00
2.516009864637633e+01
6.189018458215993e+01
6.259921065652706e+01
3.525483367743661e+01
9.109242744329032e+01
3.149178471951363e+01
2.324623983504541e+01
5.951152935601376e+01
8.795391907354534e+01
7.454694899476458e+01
1.554662395061302e+01
3.685473237971530e+01
5.982339752829792e+01
6.592141700252957e+00
4.106066238184491e+01
8.914150278509665e+01
2.333409032939658e+01
1.146942554575830e+01
2.670456679850098e+01
6.223953061841407e+01
3.907069421330034e+01
7.742057902618338e+01
7.752785877209523e+01
7.044188402148052e+01
8.984192511525094e+01
4.198691655974226e+01
8.658387166754522e+01
8.407563310306317e+01
8.738145520323025e+01
8.259770417706935e+01
5.126941304247333e+01
8.286052326804982e+01
2.896186012260702e+01
3.850202380609793e+01
5.158456869031516e+01
8.947609667176199e+01
3.380007717469711e+01
9.446277408602776e+01
9.509184551196725e+01
5.648649551742081e+01
1.412998764502350e+01
4.782713695793745e+01
1.857516598821393e+01
7.395338517332142e+01
5.565165544657580e-01
4.525254706165406e+01
4.802356741764749e+01
2.389060688386234e+01
4.067284429477194e+01
8.392058326113995e+01
8.613013750227640e+01
7.974353850807228e+01
6.134116224075722e+01
6.365799622780550e+01
2.843702576516058e+01
6.975594915903916e+01
6.477522340825537e+00
6.340780633660397e+01
5.183062844529312e+01
4.296655070174790e+00
2.563292026782079e+01
6.393065651130427e+01
4.703847018398273e+01
9.049339922633646e+01
4.160206529386438e+01
3.365066458175455e+01
2.607371533572381e+01
1.274276637134271e+01
9.308581296032565e+01
3.399540741648311e+01
5.293394529862979e+01
5.333131363304858e+01
5.237449754605745e+00
9.310549120097676e+01
2.728469880637000e+01
8.016629148282403e+00
6.927040753386467e+01
9.710634597442409e-01
3.190723607871087e+01
7.560127371717303e+01
8.489164672088421e+01
6.064356773190367e-01
7.934841126173195e+01
3.329815549463879e+01
6.274497451388509e+01
5.083410043773898e+01
2.838178245741025e+01
8.734028259634053e+01
1.392874867372622e-01
2.237500125652878e+01
6.525766386895332e+00
6.024741724145013e+01
2.547504274429522e+01
4.298318063047863e+01
1.467734575955074e+00
6.707710803815961e+01
5.657046430584531e+00
7.681453180351041e+01
6.845405090993924e+01
1.583517115369214e+01
7.953401905462799e+01
3.001249154564575e+01
6.916648483330687e+01
6.697279045682996e+01
2.311798274662252e+01
1.937818900653077e+01
7.519630606993861e+01
8.205001125207637e+01
4.523066936304359e+01
2.691799682887178e+01
6.471296542543590e+01
7.010697655850416e+01
4.181067330847060e+01
7.236962107586191e+01
2.854670268881447e+01
2.665074017208570e+01
3.794414048918716e+01
7.389341521723820e+01
7.377814463050018e+01
3.924561587127187e+01
9.682810208612499e+01
5.627960341809299e+00
1.243346445841410e+01
6.583754441972708e-01
4.861114101885406e+01
8.758630463275421e+01
8.652842109395583e+01
8.452409258322980e+01
7.599547802284150e+01
7.894706706467414e+01
4.108015738477938e+01
3.796890533434642e+01
8.959558610319887e+00
1.024664217152011e+01
4.941695744610250e+00
3.207754135694240e+01
2.227982963541515e+01
9.466382763100036e+01
1.412755256245264e+01
4.120072817485814e+00
2.158182445987213e+01
9.578243656818869e+01
8.643396663779112e+01
6.315291270760489e+01
8.965519880394228e+01
1.498066932660559e+01
9.318793504181687e+01
7.479131369608982e+01
1.961936932970740e+01
4.148670511389464e+01
1.403692952079555e+01
6.873725655895531e+01
3.624293340195107e+01
1.554995310285592e-01
6.939563204971870e+01
1.510997946146409e+01
8.774180421034889e+01
1.314738309623086e+01
9.963407204469389e+01
9.538194467098543e+01
6.812985505355981e+01
3.387351447431068e+01
1.614395976818351e+01
2.931996208118273e+01
1.485999488032423e+01
3.317872245478384e+01
2.434890164264892e+01
8.335067740797562e+01
2.784255003921806e+01
8.693868968958905e+01
4.465419521772032e+01
3.977278696362524e+01
8.272112621121161e+01
8.847865187026498e+01
1.596156932225524e+01
1.640435080807859e+01
5.022237936510815e+01
9.149504317505986e+00
1.429817155669358e+01
8.488616239507039e+01
3.800860458892240e+01
2.833510107748914e+01
3.832329112958317e+00
2.913538014010311e+01
2.849060060851770e+01
3.045129116179947e+01
9.055343921787731e+01
1.623240477230046e+01
1.309139249524632e+01
8.899558949703146e+01
3.709912516041618e+01
1.172852931159014e+01
4.959687080681179e+00
1.338541042682967e-01
8.559902542531445e+01
8.393995174390263e+01
3.842639985421039e+01
5.841016250588473e+01
8.763720248250161e+01
6.222818119555161e+01
4.534885214890765e+01
3.644494588321305e+01
8.107042777401881e+01
2.806997831355314e+01
2.818451362111816e+01
9.955543410012287e+01
4.430166973932724e+01
9.345130663991500e+01
8.203793260363766e+01
4.530618369826404e+01
5.856997643530833e+01
2.004653719256005e+01
1.021010880833962e+01
3.490935942852374e+01
9.429807518343351e+01
3.870070941685732e+01
9.517378187513621e+01
4.016597286805789e+01
7.486317245050481e+01
8.265174323816399e+00
1.941526728654991e+01
2.509388207695162e+01
5.313060397893684e+01
2.437495436723109e+01
6.265702017706680e+01
3.872962935768516e+01
6.732448631307319e+01
6.365413608199644e+01
9.713979186356990e+01
5.496168874900867e+01
9.810657664113984e+01
4.248864396591142e+01
9.140663463222171e+01
5.353703492020119e+00
7.055862227946456e+01
6.309329050737120e+01
7.620900151143269e+01
3.813545845362146e+01
3.296780420139795e+01
8.688594614476243e+01
4.996208113150768e+01
2.904289477925883e+01
4.900466373609595e+00
8.650573384319699e+01
9.347507129119479e+01
5.654581000867570e+01
6.892128440966889e+01
6.096160554371849e+00
3.041854762957364e+01
5.206546147915789e+01
5.035600743738748e+01
1.815986010160291e+01
1.588663799496677e+01
2.970689517897875e+01
4.253481446883400e+01
7.854365817203357e+01
5.925144369679105e+01
9.859300735341058e+00
8.006042259748114e+01
5.639123551379481e+01
2.481712038853072e+01
5.715060516127879e-01
1.370745576625106e+01
2.739395491191836e+01
2.228776250141103e+01
3.626101209607954e+01
6.691045251996744e+01
9.849676401284373e+01
2.140244525922576e+01
3.842099031359935e+01
8.088726689149033e+01
6.625894679048049e+01
1.118352981805034e+01
8.578773331166605e+01
5.780500129694352e+01
9.731838940517902e+01
4.233354327377562e+01
2.672628566004628e+01
2.325139754603216e+01
4.107813608882862e+01
6.098137714945775e+01
7.360740502998577e+01
5.923799619043153e+01
4.242454471179496e+00
4.435745014080659e+01
1.772810659265523e+00
5.124904278258283e+01
3.608893791031509e+00
3.244851037508273e+01
9.001516191755196e+01
8.672110288716904e+01
7.645310092552243e+01
3.312592000380435e+01
5.888000873796643e+01
7.940534310387696e+01
5.541368250521537e+01
7.875438089424482e+01
8.250345572945823e+00
1.319042407590450e+00
9.505124655321764e+01
5.632487999104191e+01
2.261356442357114e+01
6.347689682779689e+01
2.082237076052575e+01
1.310469196788254e+01
2.128189807817428e+01
8.700940450048512e+01
6.291898990185884e+01
4.332982084868933e+01
8.524214647954430e+01
3.997125990687463e+00
9.858886804365966e+01
6.728946569715136e+01
6.323512218111899e+01
6.505619029749938e+01
6.216385162536234e+01
6.500793284038451e+01
2.503733929481233e+01
1.493379660646142e+01
7.755958720928039e+01
8.233259435851713e-02
7.525593888724966e+01
4.951682875376047e-01
3.320825259816286e+01
3.413594757864995e+01
8.976318411983698e+00
8.862193514994435e+01
6.245445798265490e+01
3.777550982207782e+01
9.109162734406611e+01
4.200642339047344e+01
9.410038985968585e+01
7.733009493785448e+01
5.214570274210800e+01
2.322864393853985e+01
9.791554156593770e+01
6.367396137848216e+01
2.089993144427423e+01
6.083453146779655e+01
3.111390710394546e+01
9.369087628726422e+01
6.483165745848402e+01
2.243701183350618e+01
2.931109072142797e+01
2.806677959303687e+01
4.690958794528133e+00
9.319102083947092e+01
9.307471247998751e+01
4.826136075344931e+00
8.446830421894244e+00
6.971475671497861e+01
4.908468669703449e+00
8.370276930914390e+01
2.418283295081129e+01
3.811672131443243e+01
5.762579574139127e+01
8.581772031533426e+00
1.602697713115577e+01
9.406150392911466e+01
4.635728185361125e+01
6.927103799268185e+01
7.864010337676858e+01
4.045767166673097e+01
2.082379614972686e+01
9.639127095993202e+01
2.424907662172293e+01
4.763367983868051e+01
2.356965198347794e+01
3.825667194940926e+01
3.209282789942475e+01
4.264789640095453e+01
9.304525334995486e+00
4.537515744817217e+01
8.438633418846238e+01
9.084863038307458e+01
1.505225734554802e+01
9.378951331311349e+01
8.403965122254549e+01
1.151006096578672e+01
1.351523358072864e+01
9.248648164443973e+01
6.354695109815660e+01
8.887990437861527e+01
7.858729431339879e+01
4.338088205241639e+01
2.699662564648158e+01
9.402796779481135e+01
1.504830672175079e+01
4.234958139357603e+01
2.989901482588565e+01
3.878606778512992e+01
2.300632005697410e+01
6.596694214547377e+01
7.924373945186089e+01
9.713385514781524e+01
9.342517461321557e+01
3.492816027017690e+00
1.412412739085226e+01
1.699482655012739e+01
9.854270210421770e+01
3.510044181491268e+01
6.810879445081055e+01
7.847227439213185e+00
8.965819663817911e+01
5.720734892282977e+01
9.869585782228776e+01
7.629882505922524e+01
3.521001936644782e+01
3.980501226140419e+01
7.923219491691896e+01
1.918145502879352e+01
3.062661258998635e+01
4.027130694141206e+01
8.061359407408796e+00
5.141124150315824e+01
9.651065361523565e+01
3.505798505389038e+01
4.543920925140344e+01
1.654710672634985e+01
8.879326716474876e+01
3.505014559954877e+01
5.533317451147977e+01
1.179958717515673e+01
7.272159786555990e+01
1.221321076723431e+01
7.577450176504185e+01
6.614677247877549e+01
7.804668884633421e+01
7.619874927969591e+00
2.640892366245804e+01
4.037680702301525e+01
1.500650081551005e+01
5.481998466645367e+01
4.445965953378923e+01
4.664697453689155e+00
1.088470444590072e+01
4.315551730951086e+01
9.265747363337198e+01
4.609472381234855e+01
5.967584217883453e+01
8.046635961181781e+01
6.527617888770820e+01
9.915829040070916e+01
3.182219664185410e+01
7.333753829511699e+01
1.885290733485152e+01
3.619435966768971e+01
3.325059755391003e+01
9.796346765848038e+01
4.414526999189764e+01
5.703128825734895e+01
7.999350413679774e+01
7.444745631629949e+01
5.712203795887625e+01
9.044541739413768e+01
4.265155486885996e+01
9.039541775844778e+01
5.659218982634702e+01
8.072128490578443e+01
8.454066840211892e+01
7.450014062901033e+01
3.488523007132356e+01
7.343136420167581e+01
9.455377347513743e+01
8.219744781134532e+00
3.697017907955226e+01
5.438477874472029e+00
4.948893750528289e+00
9.817032059569392e+01
5.153320173338670e+01
8.595406407767631e+01
6.291384602101233e+01
7.014574951964698e-01
3.195293696222498e+01
3.150738069392153e+01
8.473022747073799e+01
8.447719532273578e+01
7.814941246907665e+01
9.854244217208701e+01
8.244066293465005e+01
7.098691741516204e+01
5.477944163362469e+01
7.097430530515234e-01
7.906155832068136e+01
4.719610188491461e+00
7.872199629373941e+01
2.171311318954132e+01
9.511502799350536e+01
4.720208959058024e+01
2.434398048759624e+00
7.745216799781292e+01
3.153761496373341e+01
1.976811500255396e+01
8.197469933981760e+01
5.398956088069340e+01
7.963340328057920e+01
1.045611855129531e+01
2.122149710600334e+01
9.195538363044867e+01
5.266334817403152e+01
3.846133143569405e+01
8.678375328275550e+01
8.603487735895202e+01
3.070787206790776e+01
1.237366069684441e+00
3.776894716442048e+01
4.541763083330245e+01
2.993884693362697e+01
3.839812848642381e+00
7.811679922887906e+01
5.065508589644687e+01
2.700131550757276e+01
3.969130559810032e+01
5.136482894949840e+01
6.062873828254116e+00
4.312258066754908e+01
6.995482652911675e+00
2.777598701779544e+01
5.564163190109731e+01
5.419757224349192e+01
9.756363895608283e+01
9.335630247060037e+01
4.113345059618980e+01
6.897729745552749e+01
8.397733209839899e+01
5.102385513066494e+01
3.153999151268042e+01
2.465087702714413e+01
7.224535223666828e+01
1.805037670678011e+01
7.585754263021869e+01
5.955841637195945e+01
6.882884682567271e+00
4.994533725545990e+01
3.283275618815457e+00
8.470392426694926e+01
1.457770569928815e+01
4.870090645211791e+01
1.848436180431599e+01
1.841751854793053e+01
6.583397768709528e+01
6.844641294723675e+01
5.908728393683550e+00
3.235228500904156e+01
5.109104516501122e+01
5.149879164597895e+01
1.160891256835727e+01
8.310792547795359e+01
2.376046405348949e+00
1.628914452916437e+01
4.860460471762559e+01
1.640930516478108e+01
3.443443217986936e-01
4.563889896759712e+01
6.232737016972497e+01
3.232105739057113e+01
9.666275409826206e+01
9.792779674657052e+01
2.951369696739767e+01
8.559188525452832e+01
1.597817345335063e+01
5.371239551050235e+00
3.623496291052316e+01
4.450969963544500e+01
3.694663803882275e+01
7.415717899527270e+01
3.465112207208346e+00
5.128953189183470e+00
9.313630619698033e+01
2.125643925799822e+01
3.164972743561945e+01
8.245546840245625e+01
8.019366635949987e+01
2.945520013079755e+01
2.643855364361711e+01
9.514094055403998e+00
4.243271986135874e+01
8.736509619623661e+01
9.845017674306882e+01
2.863164000615088e+01
3.654240678834840e+00
1.073427671135137e+01
4.504094517093196e+01
4.051094220043669e+01
4.022289856347390e+01
1.142875040482206e+01
9.251434523263683e+01
4.019248035745346e+01
9.356547104826451e+00
2.133763116846682e+00
2.578436556541564e+01
2.533472055817708e+01
4.171488966872678e+01
7.393741634392059e+01
3.629893252453717e+00
3.124135347606677e+01
9.627653886390689e+01
1.279635574333200e+01
4.445882809556035e+01
8.186516975139509e+01
6.736349727370008e+01
4.424374231334950e+01
2.907607482237558e+01
1.805429696946139e+01
9.746050001003803e+01
7.071667545042777e+01
9.699974995898071e+01
9.568748017572216e+01
5.808177160009824e+01
5.788066557509855e+01
3.184636232063470e+01
6.173601227893308e+01
8.473662016202537e+01
8.979727741787083e+01
2.246954479369779e+00
7.033603064265849e+01
1.226027776126763e+00
2.552869311791318e+01
8.577507305227921e+01
1.058257492751934e+01
9.158045146222248e+01
1.015110137413773e+01
3.591729548569643e+01
6.375287895265636e+00
6.584274599600711e+01
2.714146972966449e+01
2.423835113841964e+01
3.468333745127699e+00
3.423647523589268e+01
1.614922062314545e+01
8.123414059227059e+01
7.114260437485883e+01
5.831406221646539e+00
3.395817961262455e+01
4.942682550727708e+01
1.636179872619072e+01
4.674855016486186e+00
3.679283183850014e+01
9.564807088842991e+01
6.275662661658443e+01
4.187650202860893e+01
4.040440308880266e+01
1.675249166635447e+01
9.971712166430294e+01
3.020168046010737e+01
4.976683959819695e+01
2.169694389295622e+01
3.142770828280025e+01
7.529553271611013e+01
2.892524699164799e+01
4.201028321031960e+01
4.765336851014447e+01
6.523812355717557e+01
7.792757869601603e+01
7.233533490092276e+01
8.838521092589255e+01
9.435449451876547e+00
5.680019592717299e+01
5.291804436264469e+01
1.598567744530071e+01
9.577689743404132e+01
2.676144387887858e+01
8.776401965309121e+00
6.284350285438984e+01
6.071962353806926e+01
5.820322747258619e+01
6.647295507903814e+01
8.635664004197187e+01
9.511266960534857e+01
9.125458052905955e+01
3.028807157198343e+01
6.120394312832688e+01
5.336413711931749e+01
5.264374406665738e+01
9.456701031633048e+01
4.724905255588193e+01
7.938333744154467e+01
1.296374626130040e+01
7.053714057921299e+01
7.210293555264498e+01
4.188899325294839e+01
2.931954382421428e+01
8.875668453460405e+01
7.127116763557828e+00
1.161352354642634e+01
9.560887170751062e+01
8.000258588232221e+01
7.465112981137406e+01
2.035029359178166e+01
2.098497563087613e+01
9.063680730324090e+01
4.169599150386452e+01
4.774641955632084e+01
9.941320926855002e+01
2.864556793526074e+01
8.466043047823964e+00
1.055078846893776e+01
9.511852306086502e+01
4.077025136946247e+01
6.224623958684795e+01
1.319297673795045e+01
7.105832294144589e+01
8.752544507734731e+00
5.976497794490540e+01
1.809888617978379e+01
3.319554777499081e+00
9.461884591477869e+01
1.490628896975251e+01
1.628330103879948e+01
5.664690512076341e+01
2.231849344555219e+01
2.304811893172940e+01
1.366285072344488e+01
6.207014897934634e+01
1.429926693174023e+01
4.690468560294466e+01
7.631550360299437e+01
4.656443649277298e+01
2.155581541431873e+01
6.726187088864943e+01
1.842056699954931e+01
1.104624500081234e+01
8.957862345947820e+00
1.636046977544225e+01
3.012830588506921e+01
3.760343028120856e+01
8.783173486023756e+01
6.922226858754748e+01
8.309058210956425e+01
1.303544869322118e+01
9.290526485671535e+01
8.996150227727439e+01
8.643592893445675e+01
5.139564073243906e+01
3.409070159964762e+01
6.333287966592837e+01
5.629070073193437e+01
4.221856754376486e+01
6.224819871701682e+01
5.982390849842872e+01
7.683545349949759e+01
5.277069548739618e+01
4.705455854863606e+01
6.167747865509124e+01
8.523679249232485e+00
8.329561379891615e+01
9.982304228461490e+01
3.357931162863007e+01
7.032588635120814e+01
1.750474722008442e+01
5.412395468639394e+01
7.101327416999884e+01
4.233060229678200e+01
9.142746207836431e+01
6.947229167887582e+01
5.393643418975940e+01
2.903089235957288e+01
9.040001322999596e+01
2.315870277730688e+01
7.671407348323336e+01
6.809909444679464e+01
4.446784953794808e+01
5.171434788578858e+01
5.453502333468526e+01
9.484826363383246e+01
7.030558100450112e+01
3.570946391472102e+01
3.838887104689557e+01
2.623523074492590e+01
7.075633097940886e+01
9.821277954532430e+01
4.252486817656311e+01
6.820483229505123e+01
6.053426445486688e+00
4.378431199294716e+00
7.672851159084985e+01
9.720019255634407e+00
1.278451104312414e+01
9.193624043461691e+01
5.995104855855510e+01
2.147685024956095e+01
4.751368227764670e+01
6.782140329844384e+01
8.525309301226078e+01
4.758152977916483e+01
1.361471084580510e+01
3.918952715545405e+01
9.486419455840448e+01
4.396563020719477e+01
6.234822993276092e+01
8.063698032900550e+01
1.206472460742329e+01
1.697544083789710e+01
2.123115459514370e+01
6.659974798867468e+01
1.182370442516343e+01
9.772216114109483e+00
3.554400058255717e-01
5.021257547205899e+01
5.343161167271045e+01
3.298240193770378e+01
4.842535497081715e+01
9.595647989583969e+01
1.187234232755021e+00
5.836060245445026e+01
9.585098498307680e+01
7.791574582360487e+01
6.808062171008467e+01
7.140881604114958e+01
6.985198621165566e+01
8.030548541820863e+01
6.447139436587290e+01
4.425782633212294e+01
5.663431503653261e+01
6.150148755940678e+01
4.871817708421414e+01
2.777614962671704e+01
7.487813121400686e+01
8.619938371060387e+01
7.174177988047794e+01
8.994791893751729e+01
6.683636399304325e+01
8.380650448790124e+01
4.948555619897579e+01
6.990375135555107e+01
5.040625243000976e+01
7.145582375650099e+01
7.554136224814754e+01
1.263232343487084e+01
2.166839918199386e+01
8.538510328409501e+00
4.561472537257463e+01
2.606291427559355e+01
1.106406562545526e-02
4.680195960532965e+01
3.472809136599679e+01
4.616210816715011e+01
2.471770538236839e+01
9.427245217108748e+01
4.216622330349228e+01
7.542364312122746e+01
9.373682816221232e+01
3.174225940915861e+01
3.155223514491330e+01
5.456717258997595e+01
3.915097300855022e+01
4.891864645710152e+01
5.591892937939564e+01
3.610373914060357e+01
5.387396954646053e+01
4.617575115811813e+01
3.705957496401834e+01
8.148700421745284e+00
2.998225559945323e+01
2.174821920774329e+01
4.558574424385360e+01
2.970655738828078e+01
9.320404296424428e+01
6.502605153481757e+01
4.112326383643004e+01
5.464279123332481e+01
2.966561682041064e+01
6.262010189826604e+01
8.496619634561530e+01
6.501797603676933e+01
4.852116934420596e+01
1.969428766504596e+01
5.642057520170722e+01
5.404604741094916e+00
1.856131228551330e+01
9.858679855176564e+01
4.724913418630564e+00
1.981663830569789e+01
9.661885020165650e+01
2.817403256342469e+01
4.439164392854629e+01
3.576982321020673e+01
9.247107784844519e+01
1.882561520618648e+01
5.522924473287036e+01
4.634504734833960e+01
6.500136636430462e+01
1.554239271932393e+01
2.170115333129705e+01
9.498362196375784e+01
7.963016004284385e+01
4.714146421623484e+01
3.537182925984814e+01
3.229760682782978e+01
9.891646266864448e+01
6.839296145755470e+01
1.958984649721060e+00
1.030114638167487e+01
3.060366401011295e+01
1.713226456992899e+00
4.775630177359856e+01
9.246603478326743e+01
8.739697085106604e+01
1.671181927281982e+01
2.621256561307822e+00
6.605582957437998e+01
9.250620971084862e+01
7.346170026504514e+00
8.587246788007788e+01
8.912505986593899e+01
5.089860141784819e+01
6.025627877575172e+01
2.489488302957960e+01
4.336967921972725e+01
9.055901900425508e+01
8.012412776244996e+01
8.971472661463298e+01
1.820785315623873e+01
2.706077011630906e+01
1.435423135494545e+01
9.132791487096246e+01
1.479588309991913e+01
3.745022087239205e+01
5.924495433422036e+01
9.829990388746369e+01
1.081508663986581e+01
3.509300627517188e+01
1.603069203720926e+01
7.688044257316758e+01
4.298971250792486e+01
2.959029680564548e+01
5.861506902548255e+01
3.458755930633636e+01
9.999747024848939e+01
5.253448018456552e+01
3.720881591421031e+01
7.038931547216573e+01
4.504068984884801e+01
4.455498594071482e+01
7.946881576416493e+01
3.416574966822088e+01
9.545358735856301e+01
5.103229431017875e+01
5.906063274436659e+01
3.882326653172414e+01
8.237522089964487e+01
6.652816132014998e+01
2.853799309979099e+01
7.490834736959467e+01
3.665423287854262e+01
5.811110216104942e+01
3.741640846124683e+01
6.418816748270214e-01
9.614128051145994e+01
8.105140662801051e+01
4.207791222356163e+01
1.869888530052215e+01
2.388987924153446e+01
5.810860426077089e+01
1.062299041572166e+01
1.396200429366995e+01
9.204600024597998e+01
5.938937103347358e+01
4.854956364657244e+01
6.273011726454371e+00
2.496450763426931e+01
8.575837956078274e+01
7.666232719862010e+01
5.664427096799215e+01
5.549331873445460e+01
9.045923319200948e+00
4.847894154883872e+01
2.536266540426885e+01
8.756909826191566e+01
1.117477426825779e+00
6.459021929865247e+01
3.676198815776128e+01
9.922437230088951e+01
9.312821244500959e+01
3.155963943878172e+01
9.519345219954543e+01
7.317231221737913e+01
9.735176768030588e+01
9.095874246720166e+00
5.308563544092962e+00
8.438304284791603e+01
5.998584728687343e+01
4.137074031930917e+01
5.939720806637649e+00
6.109945274009344e+01
9.500329242786546e+01
2.495647697940305e+01
2.354638423935808e+01
2.123179012966891e+01
7.175683871459069e+01
2.522210447360859e+01
7.935717109560835e+01
5.420966830766278e+01
6.365117703734487e+01
9.817559090357999e+00
1.149958712584320e+01
1.367058121304520e+01
8.641815454997968e+01
1.028998648295644e+01
6.026619857189534e+01
7.083614998070344e+01
7.488020578160891e+01
1.691749064108240e+01
5.057677717440612e+01
1.754356409308667e+01
5.576934989344764e+01
5.939127321326699e+00
6.580979999425345e+01
5.312111752718739e+01
1.503500156804687e+01
9.304471332255970e+01
8.722035860979015e+01
9.208990227994039e+01
3.441545359530274e+01
9.316007946299393e+01
5.214436769119667e+01
9.313010754675145e+01
8.940116972168963e+01
9.104911093183287e+01
4.752277096152434e+01
4.639000112488400e+01
1.957843686434367e+00
5.064530412230888e+01
7.085549266583077e+01
1.137332595483089e+01
6.046286321266687e+01
2.024579533387245e+01
2.504390721444222e+01
3.779139427365335e+01
3.053578181682889e+01
3.611854428244687e+01
4.209555133343467e+01
9.586732862324794e+01
3.338910366100683e+01
7.777439494513646e+01
7.342440577849020e+01
8.915845355445448e+01
2.481805250272996e+01
5.289955928591059e+01
5.587585650192381e+01
6.515018738114749e+01
2.313234802481362e+01
3.224111508216761e+01
2.423783928353239e+01
2.125916314369960e+01
1.687929570529577e+01
7.483016912584667e+01
1.191670266534980e+01
9.151245811558908e+01
6.587928001111339e+01
3.611546179098797e+01
1.723490693477677e+01
8.912302753381573e+01
8.879198361597582e+01
8.757951813171596e+00
8.567343930978022e+01
5.167336759701062e+01
3.966338315031649e+01
6.152578502033175e+01
2.953670887720618e+01
2.278081147129685e+01
2.010066081774452e+01
5.673432664793652e+01
9.155233208628015e+00
5.068036427287402e+01
7.273465533402501e+01
8.257963898711822e+01
5.219352932283353e+01
5.805334581902872e+01
9.870316558457128e+00
8.492778906828156e+01
2.396005854194987e+01
4.834624521822960e+00
6.715396906582359e+01
7.739196851728110e+01
4.689992756904100e+01
2.452629372688303e+01
5.377417549201016e+01
1.875044066400753e+01
7.280954135247019e+01
7.803825125006877e+01
1.656692010190660e+01
9.004444828724696e+01
4.276783282066129e+01
9.825064260431130e+01
4.226986339421471e+01
6.900215329090233e+01
4.547427168370889e+01
1.620558063322938e+01
4.807706160846961e+01
1.058676885933930e+00
3.304649099383805e+00
5.533087353935971e+01
2.453588392796734e+01
2.910005954517986e+01
2.166748690496548e+01
9.727053926199234e+01
1.167969848573194e+01
3.049728573788763e+01
4.677159578854758e+01
8.864473602205736e+00
4.924349395988672e+01
9.992572502229629e+01
1.369909812402869e+01
1.772456379501362e+01
7.731769349301126e+01
6.059902569306968e+01
7.589403543430103e-01
3.348872085730020e+01
8.851792383404351e+01
7.356848175337933e+01
9.749721889267546e+01
5.084843889383992e+00
6.361292999406017e+01
4.026505166677062e+01
1.044374760726641e+01
5.087125834583829e+01
7.316554532068108e+01
6.747601896872558e+01
2.871792988326304e+01
2.124260688258456e+01
5.514553359483626e+01
9.461084990511221e+00
5.924574735539302e+01
7.968141752280361e+01
5.665253431380379e+01
9.765277989099397e+01
7.695195673822982e+01
7.845538485723333e+00
7.102923005401587e-01
6.261000780510251e+01
9.851133227279007e+01
6.613461024413565e+00
6.253573278083267e+01
6.108783467723422e+00
8.831822773829020e+01
1.247230875886619e+01
6.670780916079310e+01
5.824008824221794e+01
4.596102961616639e+01
2.681249707323150e+00
5.149212156026258e+01
4.345824846227572e+01
1.957458263243296e+01
2.625857979350657e+01
6.012130158959017e+00
9.585852674015729e+01
9.116731015554038e+01
6.858900127401063e+01
8.704675817258970e+01
4.376927974809393e+01
7.250387509004393e+01
4.219229172085984e+01
9.845970780516960e+01
9.967341497525265e+01
4.888765423041194e+01
7.454976857386053e+01
7.863959785487484e+01
2.404798857124894e+01
5.387043280241566e+01
2.672921308629644e+00
8.206246471128541e+00
4.628011819267651e+01
7.869013402550021e+01
4.099082389892583e+01
5.238890166039993e+01
9.022211408718587e+01
5.346313265779201e+01
1.909671082119304e+01
5.608552985642363e+01
9.942416227395840e+01
2.177796052851619e+01
4.539890216914886e-02
8.036616588028434e+01
9.591774106766924e+01
2.045712281039782e+01
2.660571077214820e+01
6.778105416697498e+01
9.867494958391177e+01
6.455702547196161e+01
5.482781229299857e+01
3.355764007827158e+01
6.162600850762148e+01
9.702010401385841e+01
3.201734783687505e+01
4.108148824473912e+01
1.294648885398474e+01
5.885363102837169e+01
7.817387910474737e+00
1.114016725269154e+00
3.230137565746036e+00
6.041059985775994e+01
8.159749702624860e+01
3.085731478913562e+01
4.055064084965300e+01
2.258832087860830e+01
1.994752475058079e+01
4.340095759527802e+01
7.605145353640032e+01
7.397873232792072e+01
2.400748404860845e+01
7.547561576379259e+01
9.575669285643691e+01
8.237571207917097e+01
1.408448485382110e+01
6.767922028325461e+01
2.736547152854757e+01
9.637152128683940e+01
3.546027440366348e+01
6.321801057235245e+01
2.845829335435214e+01
9.028808669666205e+01
8.045349571874993e+01
5.325910684338729e+00
8.730819066395433e+01
5.558368137831972e+01
1.926209191757352e+01
6.202003781777808e+00
7.314641432517507e+01
2.707947982804825e+01
6.562754798942598e+01
2.486532229225399e+01
8.893998669876716e+01
3.237652198056529e+01
8.137543065537486e+01
2.949062754842016e+01
6.986747522366581e+01
8.673455728531562e+01
6.936303953144841e+01
9.505007047906986e+00
6.071328956667021e+01
6.941625385983673e-01
4.758089322018479e+01
7.524102464096669e+01
8.306987461776933e+01
3.448918104846458e+01
2.853394082213470e+01
1.043534609975076e+01
4.295613348621695e+01
8.176101985469508e+01
