6.196032001728207e+00
2.878369387648240e+01
9.573284787858503e+01
6.065643781826665e+01
9.113586996269220e+01
7.876933500113400e+01
9.561393414419793e+00
2.204643214216755e+01
5.748457468928982e+01
4.407630793008781e+01
5.208803776283192e+01
6.985571983729290e+01
2.591237240746262e+01
3.245465072451842e+01
7.510836090664769e+01
4.479415456056323e+01
3.215888660967298e+01
6.754828596839135e+01
6.047613432653068e+01
3.171016463623856e+00
7.749316127854081e+01
4.308234357418602e+01
5.407041127517373e+01
1.101104910998188e+01
4.066545303941958e+01
2.777627959278239e+01
4.104039098184574e+01
6.236005516832697e+01
9.354613399763878e+01
4.602622135822951e+01
1.903150184966228e+00
8.292642737875060e+01
6.358259402382308e+01
1.843630066999993e+01
4.133994730251839e+01
7.915498198902002e+01
7.570424819165107e+00
2.789660074184490e+01
5.123483857663108e+01
1.595634972488338e+01
9.590732962633824e+00
3.341080026394259e+01
2.200821718294556e+01
2.163506989443445e+01
7.439313245676138e+01
9.711657813615938e+01
1.789180418378292e+01
4.010598703292477e+01
8.700302047049767e+01
8.995894714722361e+01
2.000001790933312e+01
2.231608392778602e+01
9.038822501450228e+01
5.866978804518924e+01
5.594115297121049e+01
8.682334930022402e+01
5.051335284975980e+01
2.320191609822303e+01
3.350702241692088e+01
8.190902112140741e+01
8.766531273148270e+01
9.051798958821129e+01
3.527553511563480e+01
7.374224200553365e+01
9.658107124109803e+01
1.870665620952223e+01
8.734476742676681e+01
6.435415854880314e+01
8.138487682742294e+01
2.745865058501188e+01
3.405769720396851e+01
5.335778549935566e+01
2.553534089845389e+01
9.607528666782905e+00
3.886689019336686e+01
7.039020749292811e+01
6.904362382788379e+01
5.037402247561795e+01
3.420512254080042e+01
8.858752361898661e+01
6.952464173991450e+01
2.786473316506703e+01
3.345672890239243e+01
3.072119459077772e+01
3.178244751495423e+01
1.650907132612032e+01
1.862145611952127e+01
6.837268069776366e+01
9.077371004539249e+01
2.818371589676650e+01
6.559870823547183e+01
8.372334576385252e+01
1.103897206999314e+00
2.469304503160205e+01
4.025557545956949e+01
6.172214414073254e+01
4.571875401107536e+01
9.392238557055703e+01
6.815958324268441e+01
9.128659711744943e+01
7.020210389522934e+01
2.867986235240468e+01
2.905416019682501e+01
7.054147732934983e+01
4.127849044337798e+01
7.275599766185321e+01
4.492030448509394e+01
3.998185616917063e+01
8.806621352586254e+01
7.041438853853121e+01
4.930615087473120e+01
6.174597770988288e+01
6.744365816351197e+01
9.754362194684502e+01
3.923391221986800e+01
4.040299283359339e+01
9.497308875200017e+01
2.606487000643503e+01
1.468258961787568e+01
2.427787716699665e+01
5.570527066276654e+01
3.622534327964547e+01
1.840750045068911e+01
1.730725519233721e+01
7.895569628055938e+01
2.564170799480830e+01
5.489110250719409e+00
4.596661815697635e+01
2.465713486292266e+01
7.898407321375984e+01
7.147013618213597e+01
4.969120409790948e+01
6.363426785154002e+01
3.811199452640116e+00
1.166844955257534e+01
7.732979905667240e+01
7.140013020085178e+01
5.287053606140918e+01
8.489191517461646e+01
9.969721720539835e+01
3.048948945034737e+01
7.244014375491075e+01
3.319853550437769e+01
6.909695503725528e+01
1.996589317916236e+01
3.476481206471325e+01
1.540686395736731e+01
4.877230285144052e+01
9.940474168369768e+01
1.017478737522605e+01
3.921685905159305e+01
1.180919423317965e+01
1.254122183310856e+01
2.480466017723300e+01
6.066511318118549e+01
4.781393569326677e+01
4.544462731361605e+01
9.720771578010531e+00
3.015386873397691e-01
5.546279752415735e+01
6.190709074116643e+00
4.608301932275436e+01
7.543810418594539e+01
7.856008111432199e+01
9.263446493662636e+01
9.246545615255155e+01
3.986299589269934e+01
5.256292412642526e+00
2.377580004920056e+01
5.279549199752299e+01
5.142730448927139e+01
4.706072460257482e+01
8.191892378121565e+01
9.990227976809362e+01
1.179865762209457e+01
7.804958204647973e+01
8.376828715380668e+01
4.356394682245513e+01
4.373650874185213e+01
5.012658627244019e+01
4.820991887161970e+01
2.232722655047068e+01
1.717324877026176e+01
3.166874359905196e+01
9.549664202867851e+01
2.469097214038063e+01
2.358509508128515e+01
4.574571142240693e+01
7.823430592111978e+01
7.748653603600643e+00
1.124830637650951e+00
3.261148209339542e+01
1.200087634474080e+01
3.108104119593326e+01
1.576552387129773e+01
8.609222089224133e+01
9.537796783045771e+01
5.340638107313140e-01
2.482024311312486e+01
1.679894897006403e+01
8.117533232140137e+01
4.626546355256134e+01
4.781098018764099e+01
3.488375876791950e+01
5.316457941809882e+01
3.501246219268649e+01
6.189018458215993e+01
3.096908281136727e+01
6.872404546883145e+01
5.824763861403225e+01
8.896966562092755e+00
8.405818458835510e+01
7.774397268786281e-01
5.319743163566917e+01
1.103989780463273e+00
2.983436413567251e+01
3.339695256827257e+01
7.498340880264686e+01
3.240066735651375e+01
8.038151491451147e+01
1.639891421254674e+01
5.581661525918945e+01
3.256702815767704e+01
2.674208964535132e+01
6.881305951104176e-01
7.966647747888531e+01
4.708027758033959e+01
6.270827332637658e+01
4.847674260310677e+01
8.554396470335497e+01
8.728875000369212e+01
4.460323161659912e+01
1.284584263937820e+01
9.698459277720405e+00
9.710305519267128e+01
4.447820360980844e+01
8.286052326804982e+01
4.448788871266316e+01
4.758662611599389e+01
5.218682771184800e+01
8.432484906368184e+01
1.908879714044221e+01
6.933819915602831e+01
1.312932978064256e+00
1.050362410512922e+01
6.900972308079234e+01
4.400817046128594e+01
4.390057667340179e+01
2.303935132130950e+01
5.056561965056026e+01
1.304508499477295e+01
5.348203072952201e+01
5.778441590153817e+01
1.025512153760303e+01
5.702406980890039e+01
4.790746013070804e+01
4.679580100197149e+01
9.561118166689351e+01
2.570625488912047e+00
7.116708516663270e+01
9.278732654302722e+01
5.732945541726866e+00
2.407976557690639e+01
1.495692758586115e+01
8.690502102808330e+01
8.949420018563708e+01
4.691172845052170e+01
8.023708508360995e+01
5.489110707067471e+01
2.235901487169741e+01
3.894080223466307e+00
1.904329742260431e+01
9.230262506394770e+01
2.226682171331105e+01
5.446165495294223e+01
3.150661426200839e+01
3.006235925949288e+01
9.848338528465638e+01
3.559790832716874e+00
9.200322725437732e+01
8.223515613108647e+00
9.912633621093182e+00
5.817456187595360e+01
3.233342679791777e+01
5.797996560948899e+01
2.509327699667461e+00
5.160637099836318e+01
2.239707467257841e+01
3.329815549463879e+01
2.553491258320162e+01
5.083410043773898e+01
1.277751755564358e+00
7.848530974168577e+01
3.082985646595706e+01
2.289296710998424e+01
1.495212279956421e+01
6.102816260467664e+01
1.557471096309587e+01
1.056783083387084e+01
5.074081646778659e+01
7.787425423873322e+01
7.906195287549028e+01
7.054471041566912e+01
5.721647821237169e+01
4.661756052943764e+01
9.798009265120146e+01
6.663150729920319e+01
9.276096257044047e+01
6.970359430168924e+01
7.890224371985637e+01
2.530323975966463e+01
7.519630606993861e+01
3.539158377581816e+01
7.494526196967124e+01
7.150706642843181e+01
3.813131942326730e+01
4.180484388107659e+01
4.181067330847060e+01
7.472632759005126e+01
4.860213154396141e+01
5.061050148243573e+01
4.783472285970799e+01
2.245532703700258e+01
8.427757280146591e+01
1.721268012989903e+01
2.699594377865826e+01
7.178588401143713e+00
8.342103272835773e+01
9.474282790661921e+01
9.152474319167656e+01
5.231622106037857e+01
8.652842109395583e+01
4.989510972513590e+01
1.634732797571799e+01
3.143697592031070e+01
3.962401591223851e+01
4.582489358532470e+01
1.196385915948258e+01
5.354675559957826e+00
3.207911929678131e+01
6.874815154296725e+01
3.132452654248315e+01
1.856994303808079e+00
1.702755280631946e+01
2.036831310036048e+01
6.273020341188190e+00
2.545158705927971e+00
2.716131956650006e+01
3.820076339794358e+01
8.965519880394228e+01
2.143983553230755e+01
6.770856048339445e+01
3.165728311597243e+01
7.398135232458885e+01
2.345777061928891e+01
4.206932473092774e+01
2.645465504678648e+01
2.661608840646971e+01
9.221885101507364e+01
8.364404848946447e+01
1.190735763493337e+01
6.989609430073578e+01
5.497118926372900e-01
2.962251148634707e+00
1.267407257700063e+01
9.263575127936702e+00
4.178947216914477e+01
5.849896616232533e+01
2.285673326014389e+01
8.598432991932347e+01
9.951430982887480e+00
3.588801638031752e+01
7.267664027059294e+01
1.843054756449095e+01
1.947229328540726e+01
2.100208831066363e+01
3.977278696362524e+01
1.663734825171407e+01
4.902750726278289e+01
1.256555854928007e+01
7.741245277105480e+01
6.253559811158832e+01
7.063426015462460e+01
1.429061871687445e+00
3.678476765602118e+00
8.423095144528475e+01
4.243905406558842e+01
6.452362638177519e+01
6.078625878355757e+01
9.447890468615986e+01
5.356648510953713e+01
9.706905470093203e+01
1.894529662977219e+01
4.359867425803034e+01
7.962639372778423e+01
3.700658196443998e+01
2.875445328129197e+01
8.024591881793268e+01
1.943825870726177e+01
1.944792681347948e+01
2.832497923091286e+01
8.087159873958286e+01
5.689519818727635e+01
6.398947954363631e+01
2.694837843391503e+01
4.929344730884463e+01
1.802151921113092e+01
9.662973442889272e+01
4.629652637350211e+01
7.559232510421069e+00
4.514775846393209e+01
4.549203815194407e+01
7.766962800066435e+01
7.018969420818132e+01
9.339512278949614e+01
6.877230422979794e+01
6.470594702507645e+01
6.514764738508856e+01
4.807040898505151e+01
2.507041828942970e+01
9.227176541102666e+01
2.097097887702797e+01
4.452087252611335e+01
1.293229251770875e+01
7.796986819150385e+01
4.019727871762462e+01
1.700223796861350e+01
6.794829287936366e+01
3.523693621868125e+01
6.081032765135650e+01
7.062793721939806e+01
6.323808411287054e+01
9.316913773918949e+01
8.872034456055627e+01
9.141595172296090e+01
3.356969129926045e+01
2.438692866097527e+01
8.743134210232242e+01
2.264448815148533e+01
7.006353422536679e+00
8.737603644252570e+01
2.425552598398902e+01
2.849266958818430e+00
3.468814912936099e+01
8.688594614476243e+01
4.396594550645256e+00
1.130527314325109e+01
8.583628464761949e+01
2.926104642882060e+01
5.392631546311375e+01
7.223033740754721e+01
4.114780278929872e+01
7.114418101084613e+01
2.996925885322004e+01
9.987898324610617e+01
2.442507544738477e+01
4.651267167484047e+01
5.153479354993198e+01
6.790235297191066e+01
9.880545977447436e+01
1.640628651548470e+01
6.836785938049101e-01
4.531152334311582e+01
5.845582213180877e+01
9.512151838053089e+01
1.606197097155357e+01
5.507108301626103e+01
6.342434876757876e+01
9.730640034997202e+01
1.771232393463716e+01
6.526142883359522e+01
4.485549556317530e+01
3.440857587121827e+01
3.465112495918345e+01
1.264598589048068e+01
7.113955648203360e+01
3.904771950982870e+01
1.137370034650606e+01
9.091003248044757e+01
7.063495059061560e+01
1.256109448734722e+01
4.170647060578059e+01
5.245676103628089e+01
4.620706520332353e+01
7.973890741343558e+01
6.751711809426412e+01
2.646500795449364e+01
2.625373039685829e+01
4.963685681560862e+01
4.453351364682126e+01
1.159211942534527e+01
1.281622704715292e+00
1.950492394133700e+01
5.644863343632250e+01
4.862663650355611e+01
5.950821426674175e+00
6.632369168397211e+01
8.198348050098096e+01
8.083231564649954e+01
4.540725948540832e+01
1.534874998747779e+01
3.479998914282768e+01
3.920221842788263e+01
5.083280422297902e+01
6.945111410201113e+01
9.450090955686797e+01
4.097068078861138e+00
1.843406284155048e+01
1.932799165105819e+00
2.058889419799153e+01
8.906901343216607e+01
2.946600552157778e+00
6.257036526807135e+01
6.708655462930284e+01
4.382839367903229e+01
1.339183524874590e+01
8.805073932188132e+01
6.860944590000877e+01
9.181288443124521e+01
1.482547466402197e+01
3.542549411553214e+01
7.168425613627036e+01
1.610709736873726e+01
2.345059943546103e+01
9.512774813693377e+01
5.383455704610542e+01
2.620394668830742e+00
6.145143977433975e+01
2.130194917381832e+01
1.702988209064579e+01
6.414620734944297e+01
6.199574091564666e+01
7.236483407782616e+01
2.869598261485620e+01
1.282854509205955e+01
1.427359549062028e+01
1.486166194773356e+00
4.899502873839579e+00
5.214570274210800e+01
5.886374826490123e+01
1.944443048883436e+01
4.215017181921293e+01
5.164452849498230e+01
6.253332680209229e+01
7.541344742077098e+01
2.459589085755679e+01
1.383271828006614e+01
9.122163159363980e+01
1.355485618745669e+00
6.434604463369867e+01
9.593451651555230e+01
5.553462973587896e+01
2.587053478968820e+01
9.224050859559351e+01
2.666817522918255e+01
8.305907346450681e+00
7.512130317051025e+01
9.356396509966066e+01
2.704485521048533e+01
2.625439224124625e+01
3.112880998809301e+01
9.058418389902644e+01
4.659645601482897e+01
2.875217806024113e+01
1.988704517478451e+01
1.581638912475500e+00
4.302577355086141e+01
4.308393734650870e+01
3.407196292377634e+01
9.562437403743360e+01
8.454555318902506e+01
4.151727824542545e+01
5.694270248382478e+01
2.712614369910496e+01
9.656825130645569e+01
4.348844412876687e+01
1.997399540616851e+01
4.165625155049202e+00
8.909855451858535e+01
2.711631964292206e+00
9.412275915691758e+01
8.982795243609135e+01
3.795361534597055e+01
8.161096474230800e+01
6.811783540440622e+01
5.002708409448484e+00
3.599237237870338e+01
3.676258597372220e+01
7.858729431339879e+01
6.303722763575485e+01
5.316447743827686e+01
1.100298194727068e+01
5.574310452479082e+01
6.919145456943264e+01
8.657963899270614e+01
1.539424565406248e+01
2.696836368505301e+01
8.589966124198384e+01
1.719927267041023e+01
9.713385514781524e+01
8.080539092459036e+01
1.761589144245530e+01
4.563015398831580e+01
2.195247193889342e+01
6.233011822324718e+01
5.337078229215498e+01
6.544091606766028e+01
1.557024517821625e+01
3.926606696996189e+01
4.845678040220252e+01
2.309655049959968e+01
4.934129181752973e+01
7.434020148326653e+01
8.136935629014362e+00
6.185793846932144e+01
9.969686442040693e+00
8.769402424231825e+01
5.010574951307184e+01
3.999350845813449e+01
1.005648039749660e+01
5.922283477113714e+01
5.104027909740818e+01
9.851397275855483e+01
1.871963884621842e+01
8.467873096683934e-01
2.647097153890457e+01
1.386495214601278e+01
6.009941620756845e+01
4.017300211832533e+01
4.284271436875812e+01
9.264785330400237e+01
9.022228423982034e+00
6.435994113067163e+01
4.403398565204534e+01
5.992440463040229e+00
6.641021942086994e+01
5.210251968917555e+00
1.800961802620889e+01
5.245032978823889e+01
6.238603338710313e+01
8.581027634712414e+01
6.264047145966462e+01
3.457817143508148e+01
5.997530573977870e+01
6.546796153554132e+01
8.046635961181781e+01
5.014925051953143e+01
9.030245476882087e+01
3.962880696152747e+01
7.866136141990376e+01
3.160554190706720e+01
5.196099628320010e+01
4.118303802850798e+01
9.945497917917324e+01
9.964274177311117e+01
6.821856189901874e+01
5.490822016955737e+01
7.068556922985501e+01
9.050715253246349e+01
8.141310870713234e+01
7.934892935648044e+01
9.399818391259676e+01
9.911273904103449e+01
1.946262075540732e+01
9.633878259749095e+01
4.547534237870730e+01
3.571366650784093e+01
8.136356704931872e+01
9.997186600229324e+01
5.923761174047255e+01
7.126871872286719e+01
2.074292568524504e+01
4.537817199964923e+01
7.966706095247858e+01
6.608128606624962e+01
6.230640586572997e+01
6.021313251006097e+01
7.337735005346003e+01
7.625651884649717e+01
7.708836201442794e+01
8.379468339672064e+01
7.525131189043229e+01
4.837142925167988e+01
2.159365672692361e+01
5.864664249059122e+01
1.818257338282772e+01
1.950441441475619e+00
2.395212656071043e+01
3.404113339914062e+01
5.522851927915053e+00
5.536159111902192e+01
7.538902399846774e+01
9.434908721332862e+01
9.082741937172945e+01
7.072588348329342e+01
7.745216799781292e+01
5.180438810577821e+01
6.439549991134344e+00
8.514808764920947e+01
4.123132589330493e+01
6.567716173160689e+01
5.585549215593166e+00
4.194096729249738e+01
9.195538363044867e+01
7.623936132352770e+01
8.865536837310314e+01
9.836967661900896e+01
1.369811660316685e+01
7.787407072161979e+01
4.393564921055717e+01
2.526327223762091e+00
7.597273312321525e+00
6.556915438993329e+01
5.969558533266912e+01
7.811679922887906e+01
2.788814079383767e+01
5.354415432249390e+01
7.743253073535512e+01
3.036446633300021e+01
7.767562520582025e+01
7.452824650077532e+01
5.113769073557932e+01
2.874560702068061e+00
7.602424559929605e+01
7.895491070996734e+01
1.459466461771851e+01
4.115346700006792e+01
7.091373250396632e+01
8.466416661844784e+01
2.309168475824021e+01
6.303517383664621e+00
2.339318493539150e+01
2.731440697205924e+01
1.380227734977485e+01
9.922771160454849e+01
3.553768249020804e+00
5.955841637195945e+01
3.758772371224487e+01
3.916650197429885e+01
5.131364523028658e+00
8.785248016372904e+01
9.159133112597807e+01
9.857758819059357e+01
4.013140836736719e+01
6.041795074027868e+01
7.295252903036426e+01
8.228763690324857e+01
5.908728393683550e+00
5.967763450913021e+01
7.155543117390732e+01
7.811032406897765e+01
1.160891256835727e+01
2.079818049482916e+01
7.279375566765374e+01
6.725054446945458e+01
7.288942745555632e+01
3.558440647813697e+00
4.099264235281974e+01
8.796602133101132e+01
3.813570730301352e+01
1.799441851582118e+01
2.065977720574465e+01
5.747946037793506e+01
4.224359851434995e+01
7.667654658512983e+01
2.345910040822769e+01
5.837410402408526e+01
2.508441983958912e+01
7.775699872419098e+01
3.367172090041997e+00
5.640718613583930e+01
5.722897190471598e+01
9.188188616739674e+01
6.348124941041752e+01
3.148913492052310e+01
1.658036835332418e+01
2.304541953981175e+01
5.278310862033773e+01
4.816660156853804e+01
8.303346716940099e+01
7.466179848400029e+01
3.668984898211893e+01
4.305965893113039e+01
6.569484116774743e+01
9.350438937242347e+01
9.839559150785003e+01
4.611997122230007e+00
8.367225904188690e+01
4.766319880618862e+01
4.022289856347390e+01
7.994209024121150e+01
1.690516542499194e+01
4.278013517278253e+01
3.352816651273899e+01
6.098311704629246e+01
1.736784294125058e+01
8.672273982629306e+01
6.684554278238003e+00
5.569164462186939e+01
2.265377632465855e+01
1.964941724187202e+01
4.510533998026761e+00
6.171570730475509e+01
4.445882809556035e+01
3.076189389953478e+01
4.669379873512955e+01
6.698737683100038e+01
8.492395495293846e+01
1.805429696946139e+01
9.539541816124479e+01
2.956590365132592e+01
3.918455915487583e+00
5.283493653537470e+01
6.863377716794319e+01
6.057240956489575e+00
1.618015911252245e+01
9.012717729905955e+01
3.743495421364668e+00
9.573812233085657e+01
3.345783112266000e+01
2.007373078729665e+01
2.085892703424158e+01
4.409568321150527e+01
8.017708448701403e+01
6.629528364459765e+01
5.146184025866065e+01
6.464532877534876e+01
2.061373103438585e+01
2.376531400893131e+01
3.569602432460339e+01
9.140990129271984e+01
4.565718646424691e+01
9.138912665256724e+00
6.834428318233428e+01
3.233862418324622e+01
3.335383885230582e+01
6.258792000011910e+01
9.263713000930713e+01
4.677373326698957e+01
5.516405331677014e+01
7.747860927017341e+01
2.915395979264470e+01
7.357464538587939e+01
2.248908417415297e+01
3.299977394426231e+01
6.609127356954444e+01
3.279084872118703e+01
9.393858662524195e+01
4.276138890663226e+01
3.781348738717544e+01
9.279704833999138e+01
2.169694389295622e+01
2.544577202081949e+01
2.297013351832057e+01
7.299667404638448e+01
8.286056224389959e+01
1.583780051015215e+01
2.758427235651029e+01
5.066281885405203e+00
3.743834730118436e+01
8.124393484613111e+01
8.503583366285815e+01
2.740021093161786e+01
6.068570164995533e+01
2.651802521502507e+01
8.795309722793898e+01
3.322362216805276e+01
6.259844641322197e+00
8.727909824218560e+01
6.082788601556229e+01
8.083309795746258e+01
9.636283330449966e+01
6.404613347912493e+01
9.511266960534857e+01
2.236895776464090e+01
1.749450965667819e+01
8.918344093914304e+01
7.923166625165923e+01
6.394502449033085e+01
8.540799230588972e+01
8.381851123823715e+01
4.885190122241708e+01
8.000207249075271e+01
9.264283212490513e+00
9.510368834952996e+01
3.585897085064042e+01
8.297469973702668e+01
6.611234464967268e+01
9.530497798477532e+01
5.867665254449316e+01
1.975435471150761e+01
9.261486814013443e+01
2.104897299830288e+01
8.185207847592052e-02
7.704837018486502e+01
8.495913957476576e+01
4.568998522390145e+01
1.575601497467422e+01
7.806927453636624e+01
1.286369744355962e+01
7.766519765260871e+01
7.561781675350751e+01
4.992754335977489e+01
7.022119335374850e+01
8.563160662801546e+01
8.382758269264716e+00
7.765003548825628e+01
6.234197801088075e+01
2.574633109650869e+00
4.279322398025227e+01
4.344537921410305e+01
7.143293571259497e+01
9.164512520266935e+01
3.141384759518032e+01
8.434330694579674e+01
3.393678513073213e+01
7.494447574715338e+01
3.702623631666705e+00
3.908649144651671e+01
2.470598887871298e+01
6.237927622272599e+01
9.340965896537978e+01
5.302480582754352e+01
6.342104378315668e+01
3.347299435803341e+00
1.380225858362497e+01
5.506514127136447e+01
1.238037087599764e+00
8.557155033832954e+01
2.751635444700548e+01
4.476956987975611e+01
8.783173486023756e+01
5.054278683408293e+01
7.216442570656744e+01
9.183931089557676e+01
9.735985784668469e+01
8.828071117786723e+01
1.694094078472859e+01
4.835867464931620e+01
9.191877385225091e+01
2.742618654269082e+01
2.962478158512376e+00
8.857170976166228e+01
7.975070643227114e+01
3.437632575369269e+01
3.793531881549178e+01
9.503612778849720e+01
2.775645038474186e+01
4.590302558890685e+01
3.296076009653544e+01
3.730179622643711e+01
7.117939990534418e+01
9.624249171290663e+01
1.291602897127905e+01
1.750474722008442e+01
6.224007879488174e+01
2.671828755490402e+01
7.313603319839390e+01
3.095575558531832e+01
5.537172609724651e+01
8.466166387529191e+01
7.284607047813296e+01
2.365691946989713e+01
4.856644116740974e+01
5.369904490825675e+01
1.629784056744438e+01
3.606080582181961e+01
9.841721951887813e+01
2.463108698121788e+01
5.252744166763846e+01
6.375386927451652e+01
9.600741290301430e+01
8.646792144815805e+01
2.714471678582240e+01
1.201725630649238e+01
4.735682711347790e+01
9.873387277998677e+01
9.778457241961014e+01
6.786140458093091e+01
1.820287067359447e+01
6.985486935351737e+01
9.720019255634407e+00
4.438903385046359e+01
3.887069511174722e+01
7.562488428113279e+01
6.231693921718604e+01
8.556101093327673e+01
2.860264481445898e+01
3.809731869869741e+01
8.940127612529382e+01
8.344128955315858e+01
3.219155004815736e+01
6.916171087378716e+01
5.168923742682172e+01
7.149885528325049e+01
6.046394955388455e+01
9.661940797074671e+01
2.607235658265294e+01
5.226944165875643e+01
9.428825275706512e+01
6.378763358285075e+00
6.761917381902187e+00
1.692759279018622e+01
8.335849167004157e+01
2.414634093835314e+01
7.424055644042816e+01
8.672065403625399e+01
4.312444801587819e+01
1.746060984090930e+01
1.002960964573063e+01
2.006298174153221e+01
5.853615745833896e+01
1.197351725398261e+01
3.090825114907150e+01
6.841836346705368e+01
2.994299248323915e+01
9.322519036625754e+01
1.174718514631837e+01
5.663431503653261e+01
8.608496486492686e+01
1.773770945972656e+00
5.061670893366296e+01
3.857072910227381e+00
4.196154654117373e+01
2.571158438255619e+01
4.900140713388166e+01
8.391926441524143e+01
3.664409906447125e+01
6.042724384946154e+01
2.130205306285156e+01
2.553112098273408e+01
8.245298833700502e+01
4.076649571804632e+01
9.556605913469851e+01
1.879054695311494e+01
8.538510328409501e+00
5.121100770831620e+01
7.328680934071858e+01
2.220894485814913e+01
3.270270644347310e+01
2.786886791133735e+01
9.586204904870226e+01
3.378465270334140e+01
9.437755746505110e+01
3.040473616235179e+01
6.186478271235934e+01
1.680179383456791e+01
7.544014508623637e+01
2.239463651664305e+01
1.831785743977775e+01
7.531851631371237e+01
4.652764212644084e+01
6.620647649569739e+01
3.610373914060357e+01
7.588579597691344e+01
3.808870387174594e+01
6.844743130190643e+01
7.822540624915874e+01
5.629984929985360e+01
6.408776732351993e+01
6.513179892913057e+01
1.365847592878085e+01
6.768603346668465e+01
5.344714208200907e+01
4.175868311047493e+01
5.164505674114687e+01
9.899395606433691e+01
5.700077966647259e+01
9.390672500892856e+01
5.265040577047058e+01
7.626074067142827e+01
9.153126119241642e+01
4.984702921931028e+01
4.465275245935318e+01
5.212072611419518e+00
6.614794026415234e+00
9.662179746507751e+01
7.646911408587783e+00
2.455185438718268e+01
1.387757659604660e+01
1.344390400380078e+00
4.421137443008431e+01
8.152302451502672e+00
2.047670936234142e+01
3.243046767657179e+00
1.601285371743741e+01
1.816651877861774e+00
8.738067070365915e+01
4.282467702535199e+01
1.422676617010812e+01
5.762948326656105e+01
6.448874742001702e+01
2.788524209888896e+01
8.456661341924529e+01
7.256881486278438e+01
5.732211664194340e+01
1.999872257932961e+01
9.827807363973841e+00
1.561128185857613e+01
1.319131092782659e+01
2.128349073290988e+01
3.924387159722107e+01
7.812126138160063e+01
4.305976775617328e+01
1.374805407307486e+01
9.083226420489710e+01
5.040748973861685e+01
3.037705814017777e+01
7.857082336143164e+01
2.848819630615795e+01
8.355166231447443e+01
7.559869269635468e+01
4.312100719805854e+01
4.147273443707858e+00
6.232944497015767e+01
4.265472187784255e+01
9.606612077730993e+01
1.330563044795097e+01
6.410178638254376e+01
8.121782056112671e+01
8.267644005020914e+01
4.540526594287030e+01
9.064636462863831e+01
9.823987362824374e+01
8.256838078730199e+01
4.245310283380239e+01
5.723056488541447e+01
4.678965604248906e+01
4.452380321199252e+01
2.158840821198579e+01
5.944635069903283e+01
9.228010498559107e+01
7.391126895039866e+01
9.087083073839118e+00
6.881828749031681e+00
6.373014993208002e+01
8.386217867204090e+01
4.879012664258020e+01
3.847559198666159e+01
3.782455392080571e+00
9.466038327415491e+01
5.872123123087047e+01
4.413048212608810e+01
7.765975016060274e+01
8.792267836999274e+00
5.361646025144330e+01
6.689018139936505e+01
7.090824738652829e+01
1.714542304032735e+01
9.395095156224023e+01
1.186062107414967e+01
5.221286516273993e+01
5.262651785864798e+01
5.283886941747687e+01
5.152230395540703e+01
5.464900529694231e+01
2.642328074501049e+01
6.608601187639218e+01
2.900473178783652e+01
7.114807938744690e+00
6.958383799976848e+01
7.939431382314969e+01
2.080048509910725e+01
2.387428191670882e+01
3.965966675414688e+01
5.175445780705402e+01
4.770157674686125e+01
9.607364907677920e+01
8.462912895932287e+01
4.402414338850609e+01
3.827828193934554e+01
1.593807172772385e+01
7.899997573299332e+01
4.213094662042845e+01
9.414018960396768e+01
6.368835948579402e+01
4.986406795208531e+01
6.120892486591308e+01
6.168725810092281e+00
1.072835270814987e+01
2.324124869110121e+01
6.932606690997541e+00
7.461801165464242e+01
5.324908781482331e+01
5.308563544092962e+00
8.515536179074802e+01
7.295201009742543e+01
7.183732850096996e+01
1.000550217461097e+01
6.109945274009344e+01
9.500329242786546e+01
6.843435916511079e+01
2.406898239816957e+01
5.503006100423171e+01
1.709896066090975e+01
8.927140295937257e+00
2.588493471307910e+01
6.579353556306732e+01
7.405160445442964e+01
2.157274252808315e+01
9.961347193439186e+00
8.154497038644971e+01
6.954264634733211e+01
1.270672176624961e+01
1.719327593091562e+01
7.936880391993039e+01
8.322081402094142e+01
7.686315764526984e+01
1.319794781189316e+01
5.245567562638581e+01
6.186712894675653e+01
4.577022932738542e+01
1.243071975765318e+01
5.378655784474060e+01
3.760597009100298e+01
5.781503424878001e+01
9.518024786151025e+01
4.036520046198982e+01
1.663780050195651e+01
8.463818066969429e+01
9.847572506334433e+01
9.313010754675145e+01
3.030518485713060e+01
8.089629513253286e+01
3.507537307919719e+01
7.471971189357328e+01
7.667033894763810e+01
8.231869651112645e+01
5.533970643549213e+01
8.907555532133000e+01
2.757256111482743e+01
2.519298611450614e+01
7.047942516881946e+00
9.721648050342523e+01
9.362909481564029e+01
3.292134885346580e+01
9.535893187642047e+01
3.221839192892350e+01
5.963310508971713e+01
7.777439494513646e+01
7.384982522290657e+01
3.815801201302465e+01
8.636961485555842e+01
5.289955928591059e+01
7.208257549073667e+01
8.147289104828280e+01
1.038077967724799e+01
8.158495504482880e+01
2.200832964014650e+00
2.125916314369960e+01
1.485433984308240e+01
6.631783180232989e+01
6.175755195401494e+01
9.572054035762349e+01
5.729004398793450e+01
2.680707426127375e+01
2.377199913550727e+01
3.261777825309792e+01
8.879198361597582e+01
9.054436175643670e+01
6.503971147585646e+01
8.866867613451028e+00
7.070586619465885e+01
5.736232700634856e+01
7.451120925811642e+01
3.602966281400512e+01
9.028367585981437e+01
4.636305605357655e+01
7.653995653453281e+00
5.563638571446593e+01
6.858466661934958e+00
4.297453744475475e+01
8.180069238031315e+01
5.161013722029055e+01
7.295012822046417e+01
9.951236224710586e+01
9.976016613643624e+01
1.900644470891284e+01
7.646998021587263e+00
6.455460855018097e+01
4.361866719257956e+01
4.586981136625158e+01
2.637557081243748e+00
8.142516179076637e+01
2.085008766541727e+01
7.105731376030357e+01
9.674859745276561e+01
7.080191423688174e+01
7.737776729156160e+01
1.801853697654723e+01
3.175903848919972e+01
4.064912970208056e+01
9.531326577780455e+01
8.623133296437157e+01
2.547151014463581e+01
8.656898019209922e+01
4.061736098519403e+01
6.010603460488191e+01
9.734918707858267e+01
1.953295293242342e+01
4.388043328369056e+01
8.545763934285270e+00
6.157568053415775e+00
6.593063365012902e+01
9.391297124974102e+00
7.459099272945477e+01
7.352292899672078e+01
1.976932139125156e+01
9.096735892396764e+01
2.223199201851710e+01
1.111246226872898e+01
9.795242440791448e+01
7.123192077094314e+00
3.038559766969905e+01
5.189538707579271e+01
5.411521231481583e+01
8.480733315684242e+01
2.446087958498899e+01
7.988101955497685e+01
9.547424507116631e-01
4.945213540897338e+01
4.991134863808348e+00
3.433465046544310e+01
8.985365977969657e+01
2.871792988326304e+01
8.312377030175355e+01
5.410687804879009e+01
9.461084990511221e+00
2.702590628854274e+01
5.540389700578707e+01
4.520344354454588e+01
2.086751760023996e+01
1.798265581856606e+01
7.282091308050830e+00
5.480799081493542e+01
1.102570854640832e+01
1.781990938718427e+00
7.657665846709938e+01
2.844481581283958e+01
9.210876966459153e+01
5.775592087663520e+01
4.102295955690693e+01
1.819493045015025e+01
2.961095423885200e+00
3.404670159055232e+01
6.309784895884705e+01
7.914372267161669e+01
4.544264676302795e+01
5.324043722508496e+01
8.117862696814286e+01
3.882594515514837e+01
6.352176278062247e+01
9.643237297257053e+01
8.244145199770175e+01
5.502345783404235e+01
6.731752886777629e+01
5.122666459122052e+01
5.837149194365902e+01
3.524277435394133e+01
4.964622689860231e+01
4.049029831797364e+01
3.902786930046410e+01
1.962629008089485e+00
8.428587125813863e+01
6.932900583805936e+01
1.141334139342110e+01
7.466302596715420e+01
9.115861462948779e+01
1.124271206149958e+01
4.383597818381897e+01
4.804672927039058e+01
2.945001010291745e+01
5.481784071531978e+01
7.434997804199810e+00
6.257529657454010e+01
5.420067978752808e+01
4.277119987773299e+01
8.412929139292299e+01
3.510633825096597e+01
5.900036695366742e+01
3.651702233427997e+01
5.008953853980152e+01
7.914467648563192e+01
1.162443291937207e+01
8.914152015426266e+01
6.600412380229874e+01
9.747164910541458e+01
3.191491534556957e+01
2.817837392360827e+01
8.633197554682009e+01
6.387556691834496e+01
7.706602820058635e+01
8.536300202150038e+01
1.991643804121597e+00
1.114016725269154e+00
4.864203992702162e+01
4.361511172895092e+01
1.742111240393534e+00
5.367327749434545e+01
6.081866480448221e+01
4.557808942421250e+01
7.949895857809994e+01
9.077480276616980e+01
5.613148610858781e+01
4.574061825207463e+01
9.885850185475242e+01
2.406488001535874e+01
8.678173957708373e+01
7.577793983545989e+01
9.457226795822953e+01
1.368765938733130e+01
2.278127694631986e+01
4.127100098006008e+01
9.283233587296323e+01
4.548694093035857e+01
2.885665159153596e+01
2.584510959025710e+01
5.111774711456045e+01
7.808724347412922e+01
1.268822746942203e+01
9.350575962732815e+01
5.354925480370841e+00
7.946950540853176e+01
4.502637602622917e+01
7.584011921465402e+01
5.274117810313644e+01
6.439028483088607e+01
6.582983749258790e+01
1.201749411971192e+01
1.239896286856335e-01
4.425467091810641e+01
1.637230907397918e+01
6.720604173243328e+01
6.936303953144841e+01
9.505007047906986e+00
9.670378961446872e+01
1.002353947145098e+01
2.781415829798866e+01
7.720630102660800e+01
4.946832063117452e+01
1.422182890317488e+00
2.926763562917133e+01
5.142747426937683e+01
7.576018202852465e+01
8.176101985469508e+01
