4.703643678083850e+01
8.671801075652149e-01
9.622924942347652e+01
7.398159200045354e+00
3.727489432193101e+01
2.224231279559541e+01
2.924806951975826e+01
9.686150806809846e+01
2.359788023102930e+01
6.228926985631197e+01
3.389001406444703e+01
9.942766055438092e+01
5.192950058352645e+01
4.656399532526918e+01
1.468862766152650e+01
9.185018357441304e+01
6.880732209831817e+01
4.386333201260461e+01
9.227872322885260e+01
3.817036158320045e+01
7.619844375932516e+01
5.464078372094817e+01
1.328769778520227e+01
9.472837890252860e+01
6.886582927259887e+01
7.656255125839382e+01
5.377968566202544e+01
6.765677322058788e+01
5.339913529036527e+01
6.388792398566749e+00
8.000803295523302e+01
1.124116052465567e+01
2.370816037231505e+01
5.668999313222710e+01
4.735202782198415e+01
8.741547804671129e+01
3.974057880218167e+01
2.747498994109919e+01
5.940458972910633e+01
2.388124476367665e+01
2.534755022514032e+01
2.118391027729209e+01
4.448937510349293e+01
2.163506989443445e+01
8.128227669805396e-01
2.122066003327289e+01
6.206734062268740e+00
3.662921955652033e-01
1.640036493372189e+01
5.616308322928989e+01
4.006161929111072e+01
7.701129651489262e+01
5.429640140118841e+01
9.650302887731372e+01
2.746772511278639e+01
4.641477779783997e+01
6.187833615666178e+00
2.875080165860746e+01
1.104294173933703e+01
3.760574941411882e+01
7.268365503879434e+01
5.332210122296684e+01
2.101492649922843e+00
5.528208154965289e+01
2.325684820453490e+01
4.488899640035303e+01
2.095609112687227e+01
1.706770286758789e+01
8.067718752691391e+01
9.582381252936266e+01
3.084619670680081e+01
4.385975433693256e+01
4.975371027819519e+01
5.455774755895033e+01
4.027352358227294e+01
8.385503114380643e+01
3.021927495962907e+01
4.713766041544157e+01
5.072082013390996e+01
1.786545245808803e+01
6.968959689591527e+01
8.160433796309137e+01
5.861791649768963e+01
8.874777154473018e+01
1.292713499298651e+01
2.034792696142007e+01
5.982814811162098e+01
3.433336952437338e+01
9.855107143453839e+01
1.330528045692727e+01
6.874459477548702e+01
7.010988158644638e+01
7.008757757492717e+01
2.134557982038035e+01
3.101231149910591e+01
1.677877670935298e+01
3.030745560783309e+01
9.212478859914690e+00
8.387118525983355e+01
6.151661410067073e+01
9.485892248100552e+01
6.393471321274280e+01
9.589865342522909e+00
6.578434555129350e+01
9.081693207417472e+01
8.919642171319406e+00
5.446576040911757e+01
4.153192557465840e+00
8.435647496225148e+01
1.573479176300335e+00
4.990591995879353e+00
7.248982762568157e+01
8.435523942315729e+01
9.241514750403125e+01
6.294919734958057e+01
6.142166422746222e+01
3.111754545528327e+01
6.867552458712622e+00
6.759229990075916e+01
4.133145499105167e+01
4.980729443477806e+01
3.209898347598453e+01
7.397714423666575e+01
4.386868865409339e+01
7.406212122834387e+01
1.997143077662747e+01
4.412333119852623e+01
8.322717122883870e+01
1.421826077355922e+01
1.284662667328800e+01
2.120805122945833e+01
3.713835256040951e+01
3.785189447824466e+01
2.364447499795094e+01
1.166844955257534e+01
3.895861093837703e+01
8.557929628788460e+01
8.291589765945258e+01
8.779324972433655e+01
5.461759607056975e+01
1.081727431659460e+01
6.672813774399839e+01
9.234827761182017e+01
8.927662115976057e+00
3.988247576164197e+01
3.520265102163081e+01
6.834692231768133e+00
4.220378424143595e+01
7.562113626656175e+01
7.867309622404775e+01
4.284649577124347e+00
2.128790590040754e+01
1.077207965346616e+01
4.388667384343533e+01
1.722538825926622e+01
2.236160706838668e+01
9.295279183096848e+01
9.275579158810703e+01
3.133728687248066e+01
8.500136951217492e+01
2.704872243434597e+01
1.976143974799730e+01
6.469333733650545e+01
1.769412263189169e+00
4.524073845019598e+01
1.463232455525190e+01
1.398828156012496e+01
7.792317237608283e+01
2.458330617499692e+00
5.897436060894950e+01
5.844394604603013e+01
4.260137776965340e+01
7.639450583439064e+01
7.296007195159795e+01
5.664034618839637e+01
8.519444758314380e+00
7.189531208569898e+01
6.347503842016451e+01
9.267399799668881e+01
9.164022337256010e+01
6.583999081786722e+01
4.575555000722201e+01
6.281023861971229e+01
5.292021425111230e+01
9.148327507613379e+01
3.044656032251500e+01
1.713685715437720e+01
4.274957750120646e+01
9.470627181916790e+01
7.701843715134004e+01
8.654194608635359e+00
6.949373584682762e+01
3.756306405997046e+01
8.014234159148407e+01
9.094521859239099e+01
5.215502458259231e+01
4.488572191674528e+01
6.148095729829788e+01
4.606339230484487e+01
2.901987821283745e+01
9.524557967448867e+01
8.422111681859062e+01
8.667412991014967e+01
8.128436751723493e-01
2.643548419067426e+00
1.440393566824679e+01
8.110187113336375e+00
3.479339142087539e+01
5.433075132515782e-01
8.797072725741693e+01
1.932418459063591e+01
5.919879565909449e+01
5.205826733822854e+01
8.180804647589477e+00
7.693152561640903e+01
1.967085228286258e+01
8.487682611908616e+01
2.092441679952872e+01
3.803982396518803e+01
4.106066238184491e+01
7.921465373561468e+01
5.104224204599962e+01
8.530200765715075e+01
4.481363554709294e+01
5.190958723049126e+01
6.330167081360783e+01
4.952223023843124e+01
6.025041656580308e+01
2.353526666925069e+01
1.937355474539732e+01
4.211044876934515e+01
1.436201614065190e+01
1.924788002821052e+01
2.685869118518135e+01
9.143533105563155e+01
5.120132647045018e+01
7.596958427502288e+01
8.295243493418788e+01
2.548051598737041e+01
9.187938230665372e+01
8.432484906368184e+01
4.193028437063577e-01
5.877153946029560e+01
5.029550127233169e+01
6.715803373007012e+01
9.918423746674519e+01
6.163166056463106e+01
7.717162607105990e+00
3.837958864792231e+00
1.842370434590788e+01
1.630826686337044e+01
1.670733560654676e+00
2.031330830432163e+01
9.979997524050994e+01
5.150583877763982e+01
2.700116318976561e+01
1.282844469548596e+01
1.969361855634191e+01
1.376655335247822e+01
3.108474124739167e+01
8.917871508243434e+01
2.348065051412240e+01
7.143851484704693e+01
1.495692758586115e+01
6.368817089297257e+01
5.279262780807569e+01
4.718923878259456e+01
3.130961541613080e+01
2.040819899198050e+01
8.524940679094260e+01
6.203955517245436e+01
5.260055631054591e+01
5.747889553079331e+01
6.717596681191398e+01
7.559907248970077e+01
2.837406137416794e+01
4.900797733525186e+01
6.623068515501483e+01
7.568256839908780e+00
4.943242205746119e+01
5.529207869213637e+01
2.711344329971514e+01
8.549011931078979e+01
1.971722441712265e+01
9.066600570951869e+01
1.882424355429795e+01
1.135414122201230e+01
7.008125268392324e+01
7.409895498962092e+01
5.324064057936921e+01
2.327041482705177e+01
3.987394759425612e+01
7.721156416331026e+01
9.470892967409870e+01
8.058455888209146e+01
2.797212154975725e+01
1.451145047997658e+01
3.004364721944726e+01
4.361749130469630e+01
1.150258821970904e+01
1.276525254955760e+01
7.855442770689467e+01
5.317632339577020e+01
4.230602110843454e+01
4.274977401026980e+01
9.716798947060853e+01
8.216936391879310e+01
9.803456570861609e+01
5.854671576924003e+01
3.626313704823290e+01
9.508249638373148e+01
1.373761799826176e-01
3.845731724913107e+01
9.744721054911949e+01
8.848039288468678e+01
8.128616129108060e+01
7.159018287043561e+01
6.681660924424260e+01
7.472632759005126e+01
6.315227717307967e+01
2.173208725719344e+00
3.125678404758535e+01
5.746323455006966e+01
7.615806971497744e+01
2.652043370833641e+01
7.865215767112196e+01
3.524955480138285e+01
1.413908564212690e+01
9.129077088613565e+01
2.768138722874289e+01
8.685201885497757e+01
3.154725419895130e+01
5.111185570764908e+01
9.791974439188826e+01
8.844165387025180e+01
5.743743034891664e+01
8.416203087389563e+01
1.379415407487850e+01
3.239368369448635e+00
1.286132261755938e+00
9.502893956146620e+01
2.657805952549822e+01
2.332161395965219e+01
8.092731134077874e+01
1.007652278527456e+01
9.797210064622206e+00
7.975120911363103e+01
6.653127827054415e+01
9.632231886327375e+01
5.316015731224798e+01
1.488255360856771e+01
9.849552763555923e+01
3.607251692380407e+01
4.696348851870908e+01
5.036505090555411e+01
1.411849791841512e+01
7.796304536888518e+00
5.043404998743629e+01
5.444722392337733e+01
7.433287155550573e+01
4.925091650767760e+01
8.756175012679851e+01
9.912886661436822e+00
8.003468768672770e+00
9.063484780054300e+01
1.521483870000338e+01
6.544089911758941e+01
4.359468088652691e+01
4.129225250393723e+01
4.604660637958283e+01
2.215646692652091e+01
6.719572188667755e+01
3.287498561333631e+01
6.244324648866581e+01
4.621485166541061e+01
2.186618764971671e+01
2.369385725990583e+00
4.786324237839470e+01
8.847865187026498e+01
1.657637470242398e+01
1.788189030153765e+00
5.946696096075092e+01
1.138353059598409e+01
1.405004840998447e+01
5.017959403348137e+01
3.800860458892240e+01
4.482597310320752e+01
1.036974555364332e+00
8.344927354876384e+01
3.463843829680162e+01
7.676120101323407e+01
8.936151749890368e+01
4.582663106072071e+01
6.242217918039401e+01
7.607427238303902e+01
5.182810935742599e+01
9.683925425486605e+01
5.632481973447130e+01
9.676363169996237e+01
3.159146221894373e+01
8.393995174390263e+01
9.664129414439262e+01
6.062726567528549e+01
6.788429853873527e+00
3.931361666848586e+01
6.444795381484923e+01
8.601711401064746e+01
2.216654947128452e+01
9.859932637708230e+00
1.320683337431719e+01
4.502270661528348e+01
2.487143782194305e+01
9.368372843306685e+01
8.036868277954342e+00
9.515340938007152e+01
8.952451804165007e+01
2.004653719256005e+01
5.605811698178673e+01
6.847994218975303e+01
6.336762488976476e+01
9.079839214254096e+01
1.506567621373836e+01
7.719400109592546e+00
6.711066554631603e+01
4.310626277844713e+01
9.396674767786951e+00
4.282425285448518e+01
9.202357194946313e+01
1.800034694280491e+01
5.943369076560889e+01
3.064949625667627e+00
2.702124017617723e+01
9.577460838285023e+01
2.929013479933615e+01
5.390207518539489e+01
6.095275132029911e+01
6.986322587815263e+01
6.490667227884134e+01
5.614468755952301e+01
8.295162710498629e+01
1.142055891054708e+01
6.273293558635420e+01
8.375987679872657e+01
5.715016422660564e+01
7.579356821989342e+01
9.078743964936000e+01
3.573004456038123e+01
9.824878880672566e+01
5.728485945485758e+01
9.979368387711871e+01
5.780698268572194e+01
6.465321619280297e+01
7.595896747706409e+01
3.270401327531040e+01
3.453255558131848e+01
1.906523020894510e+01
3.738503760536436e+01
4.720224833451316e+01
9.053871766223513e+01
5.580127102127358e+00
4.791418809812245e+01
9.360366728790275e+01
3.409286897354427e+01
6.925355860463044e+01
9.545580097262551e+01
7.986155174666156e+01
3.493167252043806e+01
9.542124867226055e+01
4.906826831822669e+01
9.689195030224134e+01
3.791590860947776e+01
7.051194886235145e+01
9.066178611976177e+01
5.708541858805596e+01
9.574962896096969e+01
2.270108373961462e+01
1.210130109083899e+01
9.751307167928344e+01
6.799684547260256e+01
3.835579596383301e+01
1.629204699596951e+01
3.519131170361830e+01
9.446404501537981e+01
4.620706520332353e+01
3.724370810074905e+01
8.285746256953918e+01
1.131624463541258e+01
4.071720616925378e+01
4.497545577817385e+01
2.857499859695090e+01
8.537978319701729e+01
3.102643225855494e+01
9.545862953898433e+01
3.244851037508273e+01
8.198777012619551e+01
6.237779751530746e+01
6.234265983213795e+01
2.273503286891386e+01
8.214235151286347e+01
1.679009106792048e+01
5.794770860017636e+01
1.591120451498367e+01
1.593580009226492e+01
1.617360008702315e+01
4.801378340833531e+01
4.208778792158132e+01
2.980063167857035e+01
9.165587103537092e+01
3.388000723620877e+01
1.068368750190534e+01
2.197390944788880e+01
9.762132847570875e+01
8.353176139459562e+01
1.754079289619848e+01
8.524214647954430e+01
3.825959192507881e+01
4.760708974097254e+01
6.449295071162886e+00
1.805924797340261e+01
9.889454394527458e+01
2.888239618804417e+01
1.078102719540755e+01
2.194437548608723e+01
3.762886814662668e+00
9.512774813693377e+01
8.759056031126089e+01
2.620394668830742e+00
2.443154855837652e+00
3.249765598797130e+01
8.379725100649392e+01
2.508153171515163e+01
6.199574091564666e+01
3.544878695879541e+01
4.874424019304301e+01
2.554603057240417e+01
8.560550980530935e+01
5.247987324953073e+01
3.918772751427615e+01
2.342802375714668e+01
8.025066134531548e+01
8.868436556713858e+01
1.754139876809968e+00
9.678016612156301e+01
9.183601811148041e+01
1.929493281957458e+01
7.694002970910633e+01
7.797919692377523e+01
2.243701183350618e+01
9.836251162847621e+01
6.866982377537984e+01
7.310833408176356e+01
9.147494234679031e+01
9.431723584156356e+01
1.291867946876152e+01
1.042965571881722e+01
2.170748590571223e+01
1.192075857516413e+01
5.106972998523607e+00
7.117777851930715e+01
8.754727714115161e+01
9.186088940681000e+01
8.216429901410093e+01
5.570178840109230e+01
7.450497884978772e+01
4.126228808484147e+01
2.430898757852101e+01
7.599398269131500e+01
4.857042918380836e+01
7.766067426542783e+00
2.239877824783268e+00
8.240796028748525e+01
8.687248727626749e+01
2.507746481573091e+01
2.389492328460092e+01
3.274805798788930e+01
5.898217081976225e+01
4.790917404364291e+01
3.828754417518506e+00
2.898342317388553e+01
8.626258083910801e+01
4.883617388495997e+01
4.173890573053570e+01
4.369760302067623e+01
2.244160977305920e-01
2.756696107218366e+01
1.658306984071763e+01
8.824781109031653e+01
2.256575814567774e+01
1.041409555376232e+01
4.392672290277049e+01
6.636179530358025e+01
4.182460300709335e+00
9.116113134248235e+01
3.541745489249818e+01
7.475790776068247e+01
7.922557610051035e+01
8.415123623989115e+01
5.023755866579598e+01
1.517748200110043e+01
1.242834544388035e+01
1.882507410777038e+01
7.026456448727500e+01
7.653895750480656e+01
3.367800853852090e+01
1.066731196393599e+00
7.162796001491508e+01
3.540655767331205e+01
4.067523174019308e+01
2.135927296306904e+01
4.037129322084193e+00
7.403782684078340e+01
7.330319964015074e+01
7.263423487201065e+01
3.538686848962068e+01
8.796905092334796e+01
7.334299612480355e+01
1.329843360618615e+01
9.273066324774672e+01
8.046635015889366e+01
1.969461698070849e+01
5.465201626282745e+01
1.443426050917910e+01
4.530054859132531e+01
1.871963884621842e+01
3.911029968369300e+00
6.539835155261603e+01
3.807015923693318e+01
2.617545054581736e+01
7.693254052518520e+01
9.963688557019313e+01
6.367259880698872e+01
9.410140905254586e+01
5.895233613390118e+01
6.679327323417797e+01
5.898034710389578e+01
4.087310863699443e+01
2.607229087784527e+01
7.459871250884548e+01
7.333451475637709e+01
1.911279774229638e+01
6.351628539316183e+01
9.028965681339133e+01
5.237050496617822e+00
7.114777694044065e+01
2.167553502213002e+00
2.511305083758805e+01
4.898595532820837e+00
9.915829040070916e+01
8.407307038273339e+01
7.239561265911702e+01
1.659024805603095e+01
5.918966925665256e+01
3.224907877494073e+01
4.432229220137106e+01
9.822148089214297e+00
4.407317272577117e+01
6.684711490145284e+01
3.591272087577391e+01
7.936234645515789e+01
9.616937655777176e+01
6.292466258766347e+01
2.600955633726416e+01
2.030203101239262e+01
2.921566410419329e+01
5.595651550961496e+01
3.938864713506244e+01
2.234440242049489e+01
7.691984096398569e+01
2.245194591695999e+01
8.219744781134532e+00
5.149289018078376e+01
5.717698766718479e+01
9.980877181506193e+01
7.429979284028512e+01
9.380375104667793e+01
4.166057568120797e+00
9.332866188759388e+01
8.067751372264583e+01
2.357118689621388e+01
8.194591686220184e+01
1.011560103395749e+01
3.568219576761229e+01
6.734147284521789e+01
1.697930619911259e+01
7.691555427243727e+00
9.135247859701164e+01
6.886258622112804e+01
3.327134951635792e+01
4.257485719517565e+01
9.991227355781582e+01
1.278475174344366e+01
4.823654813144195e+01
5.636406645940806e+00
8.521990402844730e+01
1.951073860726819e+01
5.480631909091320e+00
4.050458122068299e+01
3.765201379435696e+01
3.554256597326257e+01
5.177625406150531e+01
5.547195377548781e+01
1.045611855129531e+01
4.129388581090322e+01
6.970367094953716e+01
2.783778595171766e+01
1.236145618015968e+01
5.967461460254836e+01
1.998362858778966e+01
2.001849330031243e+01
9.615286323062743e+01
1.032585837427800e+01
1.627134979528904e+01
9.974153181525949e+01
5.969558533266912e+01
4.886216067190382e+00
6.724672655912430e+01
5.206881698782966e+00
6.297290458482360e+01
7.545109995428990e+01
2.528344440519970e+01
1.419121069563144e+01
8.846517148821856e+01
6.600252658408253e+01
9.253319785582516e+01
6.812472407153096e+01
2.299387195286987e+01
4.733124843208643e+01
1.331110108332294e+01
4.256860806726321e+01
8.440389218013915e+01
4.151151396404556e+01
6.772800193528086e+01
2.718920401632283e+01
1.853910140625159e+01
1.012478541122972e+01
5.837227183318338e+01
9.233137447961205e+01
5.664411050111246e+01
6.837414026650328e+01
4.205409951603697e+00
8.120250798817841e+00
6.120813189130655e+01
9.210016084467068e+01
4.784721217483618e+01
3.807447237804274e+01
6.583397768709528e+01
1.510797162312454e+01
8.301187245315494e+01
5.827756661841532e+01
9.464275403630117e+01
7.316878162006326e+01
7.883021891062624e+01
7.547401556534415e+01
2.376046405348949e+00
6.580702707441851e+01
1.535138441964583e+01
2.696648632500623e+01
7.371693419931313e+01
9.573333454119663e+01
5.955119536237381e+01
8.661162307793816e+01
1.556144678758525e+01
2.606549669339577e+01
9.619417884209854e+00
5.473361883998551e+01
5.217706693903406e+00
7.554618105084923e+01
2.393431697224002e+01
1.858677217671032e+01
6.954553125870672e+01
7.492507988350702e+01
1.240527956392862e+00
9.188188616739674e+01
7.817677132700419e+00
4.078521418421772e+01
8.890882511106730e+00
6.310803921106645e+01
5.984303190365575e+01
4.367548722944943e+01
6.654301107234461e+01
5.657530229379204e+01
4.024132901813896e+01
2.259195932307837e+01
6.861977282381607e+00
3.820683669215386e+00
1.673664665629000e+01
1.609139154483163e+01
5.452926892532467e+01
4.889350060787680e+01
5.701542834612327e+01
9.635518453845529e+01
6.545424673960277e+01
2.733623735948291e+01
3.515268482042136e+01
6.063943661779139e+01
1.775870971277296e+01
9.024430317349932e+01
6.684554278238003e+00
6.228641707556621e+01
9.183681923515947e+01
1.934072818576392e+01
4.809459529262715e+01
6.582187929461799e+01
7.915231412237152e+01
6.657276547819970e+01
8.208512816675247e+01
2.270787634081574e+01
9.062566463399011e+01
7.481344946418585e+01
1.122814184577583e+01
6.752174774535081e+01
4.524014538398019e+01
6.797076653128991e+01
1.504519861892108e+01
6.799986505322153e+01
4.154150934961694e+01
7.811114577488561e+01
9.428873196909611e-01
2.807541500221725e+01
6.391238806020114e+01
2.007373078729665e+01
9.733222378293621e+01
7.631443793713788e+01
8.577507305227921e+01
4.594151826852072e+01
1.301305043185737e+00
7.310834167204254e+01
8.726761047135462e+01
1.181769189975117e+01
7.747119906240665e+01
2.318189201093367e+01
6.360876954328677e+01
2.556579435503380e+01
2.416129583686651e+01
7.200449196249455e+01
6.207655149608689e+01
3.089414938860300e+01
2.072647526894066e+01
6.263715725514906e+01
4.489965748270026e+01
4.140192365339115e+00
1.284580915833163e+01
5.385179792244536e+01
6.464101074479566e+01
4.393143157657769e+01
1.498050150227756e+01
5.650509235286390e+01
1.675249166635447e+01
9.971712166430294e+01
9.893588414366165e+01
5.451600516890921e+01
4.027400665929262e+01
9.626810788003174e+01
1.495411108012968e+01
7.837530308327419e+01
8.286056224389959e+01
1.061452413472092e+00
9.928602655384971e+01
2.512029401265098e+01
6.785470799908727e+01
4.153585990031057e+01
4.052925731080084e+01
3.176544668700800e+01
7.861638971539978e+01
6.469055314766734e+01
1.052675550362410e+01
1.376308012463296e+01
6.376919465315025e+01
6.394634990205353e+01
6.366625850259617e+01
9.305473733369948e+01
9.263910217799204e+01
5.433759840872958e+01
5.195432112177569e+00
9.125458052905955e+01
2.347288374950778e+01
6.727393305267856e+01
1.735189031686256e+01
4.845173435679252e+01
2.507031388816904e+01
6.251379342866773e+01
5.051577405562428e+01
2.428902924260545e+01
4.672872999065031e+01
2.176022693596791e+01
9.568061148546664e+01
3.330885206037613e+01
7.506092450351497e+01
7.244647912329366e+01
1.519144909232457e+01
4.739625935787161e+01
7.736581087921085e+01
5.053643642484045e+01
6.559941054582569e+01
6.077745280264758e+01
3.991583871651247e+01
1.695801150843408e+01
4.384967239752862e+01
1.217719256513621e+01
7.403346066085317e+01
8.078242804891543e+01
1.055078846893776e+01
6.473412614536198e+01
8.911414183169330e+01
2.375191781844568e+01
9.793485426247813e+01
6.846567735470165e+01
3.091491583311694e+01
1.748150876605953e+01
2.765639942495916e+01
7.609803852443491e+01
9.461884591477869e+01
5.139186240331822e+01
3.141384759518032e+01
4.313153011870176e+01
8.345768525426168e+01
3.492583513023603e+01
4.704862029619916e+01
7.475898185500827e+01
5.093451656910335e+01
7.241789618153959e+01
4.442389288191865e+01
8.513899635762860e+01
5.355014244725469e+01
4.570614590575273e+01
9.459817320788193e+00
7.432950822372433e+01
2.734147861010464e+01
5.330948971831682e+01
1.935444228321055e+01
4.682632444744293e+01
8.808603318784667e+01
5.054278683408293e+01
2.669942943691249e+01
3.153072550498448e+01
2.614403102833034e+01
8.067570113608413e+01
8.758171190860760e+01
1.317901821489400e+01
9.815720990214368e+01
9.232339989036480e+01
7.941369315582034e+01
6.329990721461359e+01
1.174133583518739e+01
3.437632575369269e+01
6.151597479428909e+01
6.578253818013824e+00
1.448150790039520e+01
6.110311982273270e+01
3.770602323939373e+01
2.311455482762053e+01
3.352101595770615e+01
1.293183784602761e+01
2.948780596698066e+01
4.105613969315595e+01
9.469098942107101e+01
5.353074798059219e+01
2.473625630360853e+01
7.876208498085015e+01
9.230830636448614e+01
5.028298690462623e+01
2.498243419685515e+01
7.783249881017605e+01
5.267510011451091e+01
3.364539385477332e+01
7.212644581316339e+01
7.469442923306228e+01
7.627774750640512e+01
7.799571914505015e+01
8.787344744795629e+01
6.229470081734224e+01
7.610288107586227e+01
9.541226089718391e-01
4.775712455052748e+00
8.784421691104967e+01
2.412711266620416e+01
3.164241981303432e+01
9.056068635106119e+00
9.282276476399170e+01
8.899810439394699e+01
8.111617103271008e+01
1.336615314398247e+01
2.251912030508701e+01
6.199225721042243e+01
4.640483541712391e+01
1.108414470734268e+01
2.161000958718826e+01
5.548307181125650e+01
9.447312564331718e+01
3.813331096346179e+01
7.823644530877306e+01
6.171030013901662e+01
7.256396402258611e+01
4.224533110030244e+01
8.574895345873617e+01
1.769604762908818e+01
7.979169421819583e+01
6.456808460157741e+01
8.978402646714078e+01
3.574218397761797e+01
3.780397690730354e+01
4.249452163581481e+01
3.145970787455315e+01
3.004010656384756e+01
1.473420896322197e+01
1.757724504805041e+01
3.652591073723785e+00
6.863741361006974e+01
1.746060984090930e+01
3.903978063680221e+01
5.763551795745060e+01
8.731547919442667e+01
4.137368544068825e+01
9.235676470788044e+01
6.358362327496690e+01
5.323559411486406e+01
6.666777905387235e+01
4.515028891393463e+01
6.806685028973355e+01
8.259142464147480e+01
8.485553119557702e+01
1.351756789419687e+00
7.487813121400686e+01
4.273995060601269e+01
4.896273917935916e+01
1.547784442802791e+01
6.683636399304325e+01
6.209146467134891e+01
6.467169726485000e+01
9.277484537697157e+01
3.409201318123006e+01
7.826336169534520e+01
9.155310252288035e+01
3.128145017255165e+01
7.592239071425162e+01
8.116496283615238e+01
4.966525875482021e+01
3.560265788603697e+01
4.980237639965600e+01
3.270270644347310e+01
7.201405245438872e-03
4.213586474868276e+01
6.964021826611841e+01
4.902859979729568e+01
4.658387654767552e+01
8.539729755623140e+00
3.794644821339587e+00
5.548950189514527e+01
5.422324922598118e+01
9.150874912343396e+01
2.639904894232706e+01
1.117911376579623e+00
5.591892937939564e+01
5.903167238413900e+01
4.184484497729915e+01
6.111408428340874e+01
8.011182797146581e+01
6.204908744527449e+01
5.221124633783998e+01
2.057121271294132e+01
6.512574947677821e+00
6.728468861770102e+01
2.542990307576484e+00
8.192896008581341e+00
6.448729809582574e+01
7.138042620913146e+00
8.031460050508129e+01
1.727556810587438e+01
4.259834384666679e+01
3.028900941381650e+01
6.316138532159915e+01
9.172155749598591e+01
4.659812955493020e+01
8.876682817412859e+01
9.946246980664435e+01
3.371383558666047e+01
8.750752875930981e+01
7.980466055674695e+01
5.578633982491975e+01
7.338492249761937e+00
9.485365212655331e+01
4.452333461703888e+01
5.556127967106238e+01
4.378216734332133e+01
2.754798877404443e+01
3.805843267499397e+01
8.911844994366098e+01
8.926914613194258e+01
8.083511971907463e+01
4.910326914354380e+01
3.619375733481430e+00
9.644127529880092e+01
7.282503152863356e+01
5.525925660285132e+01
5.679837798550650e+01
8.591340830824963e+01
1.001497088466537e+01
8.211505058320009e+01
3.182304032697484e+01
5.721333984155829e+01
7.933573866232099e+01
8.553727226589679e+01
2.144075381636655e+01
1.493578004414950e+01
4.814744719683539e+01
4.982315890948435e+01
7.331251891949798e+01
9.064102936100262e+01
6.530256334939159e+01
5.692108508987403e+01
6.221616722746573e+01
7.555555965544450e+01
3.380151187712397e+01
5.077109432349498e+01
3.658214883719671e+01
6.784720261015333e+01
6.571736189802986e-01
5.826153469191004e+00
5.711634874209592e+01
3.664476929076238e+01
6.999724952969572e+01
4.996061052659555e+01
1.776187350869266e+01
4.300652073836257e+01
7.563164079358413e+01
7.506850663342910e+01
8.724858196789800e+00
6.576025274850440e+01
2.968137759234820e+01
4.421357100094369e+01
4.999829300213526e+01
4.726912721398712e+01
1.764617758693461e+01
1.069987467988388e+01
2.621268286659041e+01
3.121947410107565e+01
3.239442828688512e+01
6.084005183579403e+01
5.733340869533522e+01
8.180117312902640e+01
4.885812743979419e+01
3.655968603517846e+01
2.242174345181405e+01
2.247663257758908e+01
9.456360917285252e+01
1.739497688477625e+01
6.410457466920120e+01
8.339313612477535e+01
2.103875182617397e+01
1.017182316173418e+01
6.220295082880322e+01
4.704818457693243e+00
6.933777382100828e+01
9.369267620783891e+00
1.955065411494610e+00
4.496941461459241e+01
8.887530471611549e+01
8.097433349163008e+00
3.641403123569397e+01
4.257749954358559e+00
7.375840995170103e+01
8.641232423782922e+01
2.774613831552963e+01
5.854171349599105e+01
2.408961408030689e+01
6.391959253881107e+01
4.657655146279212e+01
4.761861937475327e+01
3.837172083480830e+00
8.868176140295424e+01
2.941979245721353e+01
4.859631394436411e+01
3.873430506267319e+01
2.423816757474009e+01
1.332441988090259e+01
5.637573327700409e+01
1.601655549184259e+00
5.858913741940127e+01
5.197064250333730e+01
6.721518797204605e+01
7.270436728033441e+01
4.826623590116679e+01
2.136282819386703e+01
7.335590714279371e+00
3.852449899470643e+01
2.414234775311423e+00
5.766196025426591e+01
3.150096094771333e+01
2.142173062144859e+01
1.169142327815826e+01
9.357562553769705e+01
6.507573275131907e+01
6.922132241037737e+01
9.073422732331521e+01
9.367720931473990e+01
1.045118007364272e+01
2.332433053447135e+01
1.182037620424311e+01
6.365117703734487e+01
7.056835669584962e+01
9.544641640756578e+01
7.269710035654580e+01
9.240882848035955e+01
8.527477657668049e+01
7.394320074186810e+01
1.800957183260916e+00
5.665415895946984e+01
7.364600388037321e+00
6.432238578066341e+01
6.080028147473945e+01
8.285695658198416e+01
4.430975562162220e+01
2.279839474838152e+01
3.406409091971074e+01
4.208421699799793e+01
9.133748062482918e+01
3.020474553583411e+01
3.087795899756158e+01
6.715495310125638e+01
5.250317214639074e+01
9.720203159246688e+01
1.969703157418270e+01
9.815215682524823e+01
4.571128033367511e+01
2.591391630746141e+01
7.289936015051759e+01
9.998404798097165e+01
8.855704976644230e+01
5.792291749172048e+01
7.386740300518805e-01
4.195769258865979e+01
4.396270375883333e+01
6.322769320720234e+01
2.293000408584718e+01
8.170801949766839e+01
3.611854428244687e+01
3.805955002925337e+01
6.714730116871526e+01
7.799150230269484e+01
7.201319843158741e+00
2.262804239179382e+00
5.257129061621208e+01
5.569962763958593e+01
8.678762032035162e+01
5.000469496008228e+01
9.113167398196256e+01
6.902165634977709e+01
2.527517100110425e+01
8.907661959020263e+01
3.617660945103346e+01
8.052009115019818e+00
6.148514173062758e+01
2.319163290001062e+01
9.535724799863866e+01
1.307908944463315e+01
2.275127872021463e+00
7.035253894066091e+01
5.570933015817280e+01
1.120305019952499e+01
9.129893546518821e+01
6.002256854438343e+01
9.017433705282134e+01
3.742351338147350e+01
5.670626971717284e+01
6.486021124984147e+01
8.478976790084959e+00
2.733317163183036e+01
4.963346237765321e+01
2.116979613023335e+00
5.068036427287402e+01
5.805552883914464e+01
3.937269432440991e+01
3.453897220759604e+00
1.070623365729406e+01
1.971690930412938e+01
3.708202109536250e+01
2.548565935598950e+01
8.873856565390646e+01
2.039390058275028e+00
7.739196851728110e+01
6.833737998657738e+00
2.503880030710194e+01
2.335653091937142e+01
8.078881608358995e+01
5.197853415830924e+01
9.678830108455769e+01
3.897160181727801e+01
9.540838175239432e+01
5.151092491648669e+01
8.291860859977017e+01
3.634509110653079e+01
6.774241899500714e+01
5.547802101610137e+01
8.167721805240829e+01
6.823976317804295e+01
5.642995981333310e+01
2.414191450185232e+01
9.557293480987332e+01
4.769775408678584e+01
8.943347893163258e+01
7.483041285296456e+01
8.729484225031679e+01
1.506740879969085e+00
3.115612763499660e+01
2.122425177191582e+01
6.106332077694280e+01
8.077885940707236e+01
7.278731338343924e+01
9.962215838004935e+00
2.204779746106258e+01
6.679680355209709e+01
3.700100692780735e+01
9.293054202242314e+01
2.734529377303333e+01
1.566620697996868e+01
7.347416513295573e+01
7.284857089298245e+01
4.220173984868534e+01
6.328668643873496e+01
6.659223151700211e+01
9.918286628051794e+01
5.504051454134310e+01
3.433465046544310e+01
7.108188977981075e+01
3.605478184113967e+01
6.289262681402854e+01
4.969469190095304e+01
3.379819762604227e+01
1.714879461431354e+01
9.199415230750765e+01
2.375649522233591e+00
9.765277989099397e+01
9.820235911673045e+01
2.270238097882940e+01
9.825036614120489e+01
1.110162162738928e+01
7.320696756858703e+01
6.627202330449225e+01
6.253573278083267e+01
7.777686676838289e+01
3.158140742759286e+01
6.563278188259936e+01
2.387027341121355e+01
8.590242256685274e+01
3.602533039451825e+01
3.973834809834992e+01
7.297572767034906e+01
7.050075869564934e+01
3.381104172850542e+01
4.535531920630267e+01
6.012130158959017e+00
5.413536394673184e+01
7.512889838550653e+01
7.817872943271824e+01
8.399182398989416e+01
1.335463720064361e+01
8.181405737149252e+01
2.071903507258698e+00
8.408730937358332e+01
6.018036327333206e+01
7.105560762391221e+01
6.637469710147693e+01
4.882986589746078e+01
4.761010848340118e+01
5.997218152506845e+01
2.200291679334031e+01
7.206091050620233e+01
9.268505582245302e+01
8.208100045196758e+01
3.941236484768445e+01
7.934679341472071e+01
8.442499376108171e+01
3.143739110391466e+01
4.882382613086320e+01
6.094899264208460e+00
6.161937050596782e+01
8.598888627532352e+01
4.929043527193853e+01
8.036616588028434e+01
6.818845591889156e+01
2.478755611217933e+01
6.724200773390103e+00
2.446625541172282e+01
3.451629366470328e+01
6.180919821458366e+01
6.846843560620603e+01
9.948329585580309e+01
4.140807331605259e+01
4.148294382797692e+01
2.232266297672068e+01
5.242559805159718e+01
9.886628985352176e+01
6.049104903847493e+01
7.634134393946330e+01
1.940644263262229e+01
3.074813654215454e+01
3.648500956431264e+01
7.216723061733285e+01
9.453793596221969e+01
4.848996556759344e+01
3.749095324310053e+01
5.974255551572077e+01
9.077480276616980e+01
5.504684949063083e+01
9.609655760978188e+01
2.400748404860845e+01
5.078271760176063e+01
1.478838930595126e+01
6.208509754486619e+01
5.851424516109481e+01
7.745356684432065e+01
3.641369516794276e+01
1.375304535671745e+01
3.770571431969559e+01
3.800926643331035e+01
2.215903467599258e+01
8.430797228790260e+01
6.604521310238411e+01
7.932334033740840e+01
5.335394342120455e+01
6.483654466682884e+01
4.341810827302658e+01
7.084820422849068e+00
5.234993242302441e+01
8.182579133744620e+01
7.957141277360330e+01
2.261950076679676e+00
6.816602776207310e+01
4.306111379669100e+01
6.289259640634647e+01
6.239007099642887e+01
8.911444744519630e+01
2.554343264808107e+01
3.266506261782025e+01
6.658301598698972e+00
6.954454820116263e+01
5.089939476498374e+01
4.291719898717347e+00
6.118674811962375e+00
6.929784946576592e+01
1.924094549344897e+01
7.127821513976819e+01
8.061482821619829e+01
9.027050006681611e+01
3.087587604805635e+01
