6.367121267303415e+01
1.592754172902905e+01
6.695753674346840e+01
4.452901344957250e+01
3.348872085730020e+01
2.237408422975525e-01
7.356848175337933e+01
9.749721889267546e+01
4.746331723754449e+01
7.197357410191259e+01
2.038151557575051e+01
4.571395979528965e+01
7.648040828131158e+01
7.316554532068108e+01
4.913107247517028e+01
2.282062742059148e+01
3.596077386101744e+01
6.746213918899285e+01
8.885085754508658e+01
1.342166886358599e+01
5.811826752411121e+01
1.314397813433035e+01
1.188926832372754e+01
7.695195673822982e+01
1.781365876915569e+01
6.575798949494865e+01
8.333211978121294e+01
9.044599732870515e+01
7.805749535470153e+01
2.851640331955459e+01
9.270589691247135e+01
2.862417862220862e+01
1.267393334427566e+01
6.670780916079310e+01
9.132987302324264e+01
2.705938184031257e+00
5.442241167389900e+01
6.264564984601254e+01
3.266952351325635e+01
9.977450245049526e+01
7.686806604120324e+01
3.996432639656790e+01
6.023169684234620e+01
5.334847427594870e+01
1.426267685101492e+01
8.704675817258970e+01
8.246931581872950e+01
1.734151496428136e+01
3.530097149093680e+01
4.449788529635308e+01
9.600381711311816e+01
2.187370919709732e+01
5.771141571817520e+01
2.060639007045254e+01
8.595563954951039e+01
8.872100989740389e+01
8.559797112159336e+01
6.387801797309798e+01
6.900139822112462e+01
9.588243746938298e+01
4.099082389892583e+01
5.238890166039993e+01
5.055074829168187e+01
4.751977797016491e+01
1.909671082119304e+01
4.188062126835837e+01
4.980041712978874e+01
6.097529249311206e+01
7.064249695774284e+01
4.288241068966799e+01
9.765553120414519e+01
4.857141652543630e+01
2.436718927899710e+01
6.778105416697498e+01
3.741405258766098e+01
7.496357642810958e+01
3.877717663477043e+01
5.145180367466612e+00
4.195030384787838e+01
9.223665063839250e+01
3.201734783687505e+01
5.752202922362929e+01
1.889381316438961e+01
2.342568851235588e+00
2.062436990468966e+01
8.330843741228266e+01
8.734859250828093e+01
6.222341026283027e+00
9.596934928371074e+01
5.634999068283941e+01
8.696931641873407e+01
3.596053995935272e+01
4.323564923519066e+01
8.955117268001248e+01
7.605145353640032e+01
8.116821492145220e+01
7.943838773269131e+01
7.547561576379259e+01
6.111703299037974e+01
8.712913542386570e+01
4.238415511436023e-01
7.729234298565069e+01
2.320591361411191e+01
8.873216136765302e+01
6.763962696662156e+01
5.228857558792856e+00
1.932504075547915e+01
9.370200256523769e+01
7.321494122651170e+00
6.127534460335753e+01
1.409711517118714e+01
7.080384547393949e+01
5.050346578960468e+01
6.202003781777808e+00
9.450348079879930e+01
7.383880092475508e+01
5.368516484912725e+01
4.861835681303327e+01
8.750637163757644e+01
5.518979814610900e+00
3.543243260841464e+01
2.883310952635161e+01
3.745733692192348e+01
8.673455728531562e+01
8.604526537752024e+01
6.679540503155226e+01
6.071328956667021e+01
2.551929886709866e+00
6.237167826032810e+01
5.646998237654100e+01
4.883894321920301e+01
4.430790955401394e+01
2.414920261322949e+01
1.043534609975076e+01
5.749058288405211e+01
7.747440174104385e+01
9.728389368266048e+01
6.811848551412973e+01
7.117640425971543e+01
5.445070129560805e+01
6.109992203353900e+01
3.720575428437709e+01
6.141079755565655e+01
5.887806464865713e+00
4.340775806615490e+01
9.840096104815646e+01
7.169583545611046e+01
3.678571071326067e+01
2.776037698041665e+01
2.659498188951751e+01
6.115893696488763e+00
2.000396983698195e+01
5.542809141586912e+01
9.555213623473054e-01
6.554902147760103e+01
3.841857208796710e+01
3.388310500135790e+01
7.060759517858159e+00
6.401470734924763e+01
2.383236425175907e+01
7.425026412785531e+00
7.409263824768952e+01
8.977194171853920e+01
9.057833295808096e+01
6.416317637272327e+01
4.241523265019769e+01
4.728942147795549e+01
1.341481321184655e+00
9.711160212620702e+01
8.419255078034128e+00
4.464753858961516e+01
4.606764174349031e+01
9.783288887601014e+00
9.805397335349302e+01
2.556721299214624e+01
7.780049744891025e+01
5.129034079205726e+01
2.518917872812095e+01
6.208760839052852e+01
7.905071777247392e+01
4.399173904396209e+01
6.632814228829376e+01
5.567057549751856e+01
7.026265373931389e+01
1.893348033490287e+01
8.501110048266645e+01
7.090081049636976e+01
7.252766437480584e+01
7.585627132833763e+01
9.759790589921079e+01
7.143723651368042e+01
7.439127837977897e+01
5.108568139890474e+01
1.026604185358903e+00
2.078701924569300e+01
2.202415886429332e+00
1.723461831791076e+01
1.728465273849883e+01
9.841524558068032e+01
1.800797521975263e+01
8.775895288575391e+01
4.306278412372934e+01
4.891119983462207e+01
2.215169222194314e+01
1.269741594451359e+01
4.743710274223103e+01
9.995218967085341e+01
6.205772890805161e+00
3.594909428430213e+01
4.508192792771474e+01
5.134126546389483e+01
2.451816621446897e+01
5.878125785793237e-01
6.339233781369046e+01
7.669345935652659e+01
8.199336723517318e+01
3.192348672632290e+01
1.202503592335854e+01
6.216936412368405e+01
1.887239782087151e+01
4.361346794460596e+01
1.483752439489473e+01
4.027450645355252e+01
4.854514778058284e+01
3.557556636425460e+01
6.106152569924552e+01
5.185955546417252e+01
6.295268063570963e+01
9.127051550488477e+01
2.724610307591320e+01
6.106983155993271e+01
6.672474712446554e+01
6.518925394173210e+01
4.408122712936309e+01
7.494254278714887e+01
6.665482254077439e+01
2.324006018379706e+01
9.139456990705550e+01
2.531297953115449e+01
8.661255072178903e+01
4.640028851404799e+01
8.712443480599879e+01
6.139759843302779e+01
9.460175414318300e+00
8.947708489814637e+01
6.010365572762846e+01
9.145354264949148e+01
7.754907909666611e+01
6.247931069809912e+00
2.122979649399863e+01
2.760723090153524e+01
4.986139901441587e+01
7.455826023340144e+01
5.911532959859601e+01
7.399640887696128e+01
3.194098665003711e+01
3.424528321914621e+01
7.165868499859175e+01
6.697009297412359e+01
6.641166930385477e+01
2.965138388315746e+00
8.027254975413557e+01
3.402490212303815e+01
7.287555331032516e+00
8.058661468354362e+01
4.699231895943745e+01
1.766357934924941e+01
3.125007107446439e+01
4.831067954577072e+01
1.104292474270003e+01
1.786262179625343e+01
5.005059938414516e+01
1.420756015656868e+01
2.899333873251143e+01
5.158122230860462e+01
8.280450323727192e+01
7.425254307419646e+00
9.562468612362849e+01
4.344596687864790e+01
7.188030293764560e+01
6.331432427433986e+01
5.677505915834339e+01
8.324564722517769e+01
3.787258450774131e+01
3.893493513527090e+01
2.811553661158100e+01
2.415869954235791e+01
4.281444304753768e+01
4.037575858662639e+01
6.647544301416512e+01
4.160583840757880e+01
1.754440400635097e+01
1.472575506881148e+01
2.355143848040674e+00
1.234052903593542e+01
8.154632071105127e+01
3.422430536440774e+01
7.133286403088498e+01
6.989880044474211e+01
8.253498491017845e+01
9.841598942802101e+01
4.956204949392101e+01
7.724595292343103e+01
9.689598032128811e+01
9.018973330510303e+01
8.141709639756806e+01
2.694182513604957e+01
9.761498761252267e+01
9.730338835963207e+01
4.005406575279966e+01
8.779263393384993e+01
5.780162217924448e+01
6.280113200787507e+01
7.134603502757197e+01
7.561267617885615e+01
6.303915766209325e+01
7.293305512188610e+01
4.037872890028112e+01
7.943832798834812e+01
3.525099611619999e+01
9.827868845233633e+01
1.654296941894245e+01
3.750416526454695e+01
5.332700309964223e+01
1.889811326698312e+01
3.811846922064129e+01
9.863584106724515e+01
5.442794461475124e+00
5.514218344126930e+01
3.285578732977426e+00
3.802418133151912e+01
1.369422157932735e+01
4.958930800184110e+01
2.494842918820141e+01
5.261695815837800e+01
9.303115047189927e+01
3.508789829681064e+01
9.029068536604321e+01
1.335154055308157e+01
7.407458036862061e+00
4.949237268860097e+01
5.041088822782547e+01
8.969640777897854e+01
7.899560703849215e+01
2.968661362756352e+01
7.261792019597158e+01
4.203476465401928e+01
5.199490862525763e+01
7.693575461252394e+01
9.889410142735304e+01
6.862162513128558e+01
1.786164237086738e+01
1.232650536686485e+01
2.192497412763768e+01
7.946264770788264e+01
5.786737527598971e+01
4.276638331020548e+01
1.750337854842813e+01
4.394392918047678e+01
2.261518604243881e+01
8.588899480453181e+01
1.230430696732565e+01
1.328161964811460e+00
6.231440951224157e+01
6.631576030809235e+01
9.612798010750114e+01
3.730697633573179e+01
1.587419277796251e+01
4.494790851368937e+01
9.500781381270281e+01
5.191463993485768e+01
7.644465937113605e+01
1.076533594670023e+01
7.246611205510149e+01
3.618535307989705e+00
7.209304211293023e+01
7.441398272030708e+01
3.619069598437785e+01
1.590024913470272e+00
5.549541765614200e+01
1.697558435470591e+01
2.735606237657185e+01
6.326201719383803e+01
5.328695804499414e+01
1.920080702714660e+01
4.272466485515454e+01
8.046536626315925e+01
8.937898138043423e+01
9.035099762973888e+01
6.126901435724880e+01
5.557119848931729e+00
2.343589487645584e+01
6.144694083437646e+01
8.606830038412861e+01
4.536353570658878e+01
3.164911108633927e+01
3.055948551304614e+01
1.361995149106716e+01
1.049843277339751e+01
8.797743161580406e+01
8.402860685439249e+01
6.728804626841473e+01
6.442209094037399e+01
6.388130097830729e+01
7.884678103907351e+01
7.395274614633655e+01
3.597434309123752e+01
7.374782081402272e+01
1.828326672235656e+01
6.835937456617103e+00
6.218736798604362e+01
8.955449233276514e+01
2.806376480872918e+00
1.616744949303914e+01
2.943651607699530e+01
7.078406329768899e+01
3.489163058572059e+01
6.603976211791847e+01
4.114710257442067e+01
7.936606615752264e+01
1.144909230594015e+01
9.886542931146242e+01
8.621618467672550e+01
4.462789280555579e+00
2.695882754724418e+01
7.778728058458645e+00
7.532901371611702e+01
5.118020593709321e+01
8.301967521338709e+01
9.070242004967407e+01
1.818442736667787e+01
8.969429344390252e+01
5.890874846787599e+00
4.287772758066548e+01
1.068697846992266e+01
5.473697569907502e+01
5.915700991598750e+01
4.834824621134822e+01
7.995398006399813e+01
7.426609921933436e+01
8.225946150825334e+01
3.665955804132836e+01
4.987932492507590e+01
3.912194973748268e+01
3.683670034484784e+01
9.325710762909479e+01
8.802757770196888e+01
3.230534216030750e+00
7.443368061186452e+01
9.609984597009600e+01
2.381826402797283e+01
3.371770304335174e+01
9.313008277357095e+01
6.527499866917496e+01
2.380031036390006e+01
9.915948049126169e+01
9.524350752832531e+01
4.589227426140209e+01
1.166655105150610e+01
5.790900437063957e+01
7.572530548820519e+01
2.419265626193614e+01
3.767096490490761e+01
6.206880508087054e+01
3.785794020530672e+01
2.005809448662125e+01
2.024418852303372e+01
7.261433674609957e+01
3.340463742306672e+01
6.335283204137945e+01
1.534392797171321e+01
1.396936649175797e+01
1.952251532092808e+01
9.406848167724371e+01
9.691734812078874e+01
3.437892060465129e+01
7.553926947318915e+01
9.843242810966095e+01
5.321184948701963e+01
6.639777508862214e+01
5.663398888736683e+00
5.881515944321415e+01
1.154781319738730e-01
3.930909276907756e+01
4.065049124911916e+01
2.906514319082030e+01
9.020801200075448e+01
7.975764762598912e+00
2.950827899831733e+01
8.452596063005085e+01
1.640036493372189e+01
8.403097846732986e+01
4.274527856276617e+01
5.098052111034306e+01
2.323203115874530e+00
9.237378127517820e+01
4.749930796562662e+01
7.362951472104970e+01
9.733270457821558e+01
2.352249376639840e+01
2.513205633737709e+00
2.139462345344695e+00
9.852825310012709e+01
5.478647754284854e+01
8.076766914723798e+01
1.198221790230936e+01
4.398240933380202e+01
2.762822361086878e+01
2.677670620697397e+01
8.372298813598370e+01
9.834818653685421e+01
8.108590127950809e+00
4.325840987416841e+01
2.198529887105585e+01
9.760613934956777e+01
5.810091242105743e+01
6.344722833644936e+01
1.148662372095819e+01
6.215142224084187e+01
6.087262977886601e+01
3.406211688838066e+00
9.345245356366618e+01
2.814056697680642e+01
2.272368689194494e+00
2.227307358862510e+01
5.737011905637110e+01
5.940484137246611e+01
2.741081469106060e+01
9.047669516432877e+01
5.673754595068169e+01
4.044510290978714e+01
8.658902947166423e+01
7.205335869083804e+01
4.632105331230958e+01
1.502562170616613e+01
9.373460290661761e+01
4.559926443994011e+01
1.799522150214539e+01
5.022984261169556e+01
8.161979819723395e+01
8.962988564261696e+01
6.151661410067073e+01
6.106942080011098e+01
5.744749436036102e+01
9.713354543649291e+01
3.460943374531783e+00
9.648078461013770e+01
3.559723037090023e+01
9.636231893504147e+01
4.420850046174996e+01
8.937052594934150e+01
4.525191874487881e+01
2.477060669323923e+01
7.089699049056367e+01
4.929825847470121e+01
6.962405297422039e+01
2.221331201596805e+01
7.693391897572852e+01
4.883378145696305e+01
6.321826496311382e+01
1.177716381464953e+01
9.721588203553850e+01
5.679907931797164e+00
2.531868467355086e+01
7.437216633668736e+01
2.106424347547081e+01
8.716247658578794e+01
5.925179582985667e+01
8.191249220721075e+01
8.364862789569824e+01
7.303756795499361e+01
2.868935062023315e+01
8.612526258738956e+00
2.375748829159769e+01
6.281670162585410e+01
7.561651108582342e+01
4.248878589947186e+01
9.409544011303012e+01
4.114407209732759e+00
8.566899690109724e+01
9.912986638915254e+01
3.342595795794668e+01
2.638580222911472e+01
4.086940649006022e+01
6.639262957796112e+01
9.555037393958791e+01
8.602422852349664e+00
2.968238812390826e+01
9.843361503371672e+01
4.427363748861180e+01
9.928524279933667e+01
6.449571431823806e+01
1.851049760287185e+01
9.003332168331059e+01
3.784071865391020e+01
1.124641025031284e+01
2.567068032253100e+01
5.442620760501652e+01
8.487566974241085e+01
7.529720080797431e+01
8.269168575419657e+01
9.933469793728305e+01
1.949378634779425e+01
2.098855488979656e+01
6.279921916443818e+01
2.367220522075528e+01
4.524073845019598e+01
5.952212831914524e+01
3.058601237395127e+01
4.090556965251713e+01
3.504842288561558e+01
4.068880353155024e+01
8.819714141460003e+01
2.321242151000184e+01
9.740792643158134e+01
9.877242641466317e+01
2.557738471104642e+01
7.468274704864377e+00
6.628520119296630e+01
6.467585091696859e+01
3.968628176473374e+01
8.465290473990743e+01
3.637419964018008e+01
2.795783194152537e+01
2.103976440664370e+01
7.032149814549904e+01
7.184450578496070e+01
9.370184708093379e+01
2.783247424654312e+01
9.535461417183029e+01
2.216899857026013e+01
5.368886345703567e+01
7.015694904614098e+01
6.575484916835784e+01
5.219282240243295e+01
2.585173054870764e+01
2.269319748631362e+01
8.898398489178344e+01
4.488572191674528e+01
7.586618791141836e+01
4.716149747705157e+01
3.107554005974696e+01
3.046387486647064e+01
3.672324877079728e+01
8.667412991014967e+01
5.653757711711227e+01
1.197651373780170e+01
2.779897936982986e+01
5.610927550872289e+01
4.842014561799361e+01
4.793236318413744e+01
9.261704310431007e+01
4.629498531403718e+01
1.565474617092626e+01
7.695617181107224e+01
9.695719419836867e+01
2.096119486771580e+01
7.646233536138308e+01
3.797984148281619e+01
9.928310220096405e+01
4.646670494529731e+01
2.120084176827261e+01
4.167687154453102e+01
6.000684856437466e+01
9.215354057594834e+01
8.490409799148519e+00
1.536469464905779e+01
1.484673801569582e+01
6.148265840554734e+01
1.911783950362254e+01
8.337587429367746e+01
3.502676325618604e+01
4.018456132159780e+01
3.693073468139895e+01
1.119080801084210e+01
2.685869118518135e+01
4.710776915173408e+01
1.870475384346431e+01
4.601549079921818e+01
4.095295590392917e+01
3.253019267345321e+01
9.894621074150606e+01
2.964937436843728e+01
7.882517798749041e+01
6.505878319268059e+00
2.753565093853308e+01
2.288905555516903e+01
1.665775283084146e+01
8.306788149432646e+01
9.495080909456630e+01
1.168035572007315e+01
2.972117500832359e+01
3.818091137249996e+01
8.058679410283770e+01
4.716692606320927e+01
7.497606239047650e+01
2.364360979927872e+01
2.588764630532248e+01
1.445517927150018e+01
2.100308929616729e+01
5.963665086759098e+01
5.693476421615797e+01
9.547064858277824e+01
6.087963406968845e+01
4.239681337140352e+01
6.661456547054209e+00
3.144076267790085e+01
2.918791274036650e+01
7.677117342910319e+01
7.270338957789512e+01
6.894087026312057e+01
4.856710659738961e+01
8.426232374471721e+01
8.065985705734224e+00
6.407458477843301e+01
9.076820211055139e+01
9.774825349345257e+01
2.038273998553992e+01
1.823527529753525e+01
3.636548031883569e+01
2.785197520994208e+01
5.087776898912981e+01
5.727533207148096e+00
7.606059474687120e+01
5.205063319394861e+01
9.061347660171496e+01
5.403378035595351e+01
9.793202378690803e+01
3.322733996120623e+01
7.816494585860751e+00
7.409895498962092e+01
3.132268857738129e+01
8.013330077758678e+01
1.506599705436546e+01
2.615837954271509e+01
5.377442867205219e+01
7.313241664000434e+01
1.456892430529414e+01
1.203469657899565e+01
5.219117228509447e+00
8.099359217146113e+01
2.617473952759743e+01
3.991432568985704e+01
6.525591591617832e+01
3.060610500658215e+01
4.286571300721994e+01
7.995163871904445e+01
8.543985434129828e+00
6.815913765139837e+01
3.681592267789688e+01
2.406556802991106e+01
3.878639225791506e+01
6.794335230623529e+00
9.096959288742839e+01
1.784411017682595e+01
1.864615861263413e+01
2.581211893158597e+01
8.410065150079348e+01
5.330685780071973e+01
7.604869086111369e-01
4.126186172536661e+01
2.802161827125662e+00
7.492103477703455e+01
1.581018879814548e+01
4.991905696220652e+01
5.939644251921980e+00
5.736638463910967e+01
3.760227702446388e+00
8.799128396808695e+01
5.037499952613144e+01
4.454214346806619e+01
1.984250443980214e+01
5.204550784642134e+00
4.746348059152415e+01
3.424079196259417e+01
2.382180580115961e+01
9.839093433618123e+01
1.697385148935665e+01
4.018731426456353e+01
9.023392982326165e+01
2.217933848601735e+01
3.160088906604838e+01
3.999561124481056e+01
1.619312894353323e+01
1.964446120878889e+01
7.297805793256408e+01
6.299877416482138e+01
5.012019381398344e+01
4.941292621633640e+01
7.753129451420683e+01
4.152043910767904e+00
1.833578474742164e+01
9.465699665930913e+01
2.921882012356949e+01
5.675211327930545e+01
2.404150339962985e+01
6.146429537863670e+01
1.411849791841512e+01
4.106780110908105e+01
7.309931124239196e+01
4.400127290003061e+00
8.560994462371335e+01
1.741446080497208e+01
2.146556275964973e+00
6.906089753334453e+01
9.510881211380885e+01
2.819258097009388e+01
5.441806365475900e+01
4.294615729849141e+01
7.361379814036833e+01
5.630414935588098e-01
9.453628724186508e+01
7.609691679295941e+01
7.769366278205703e+01
3.531923612361738e+01
7.866254517746276e+01
4.059272005250338e+01
8.992022866845141e+01
8.466725306802768e+01
4.137777864997172e+00
4.282581994441609e+01
9.945956668791341e+01
8.421432021270242e+01
1.482186411266302e+01
9.993076794777567e+00
4.982049914534227e+01
5.939791773417868e+01
1.803380014283294e+01
6.526874353423192e+01
7.496024639111025e+01
8.559079234748650e+01
9.486532993375572e+01
4.155166016032531e+01
2.049778724112445e+01
9.974264861072537e+01
3.281996670776045e+01
5.955107224152939e+01
7.687159905995783e+01
6.503062134842882e+01
2.988321838429347e+01
7.918337671048165e+01
7.627131420945344e-01
3.911544887307819e+01
2.599921674746983e+01
8.766543054378845e+01
9.669185490193397e+01
3.931361666848586e+01
6.868399021620117e+01
5.451230367390081e+01
1.892776583271463e+01
8.079401081464906e+01
3.875713010260702e+01
1.906285249584487e+00
8.623128849371862e+01
3.934492400816871e+01
5.562212446500646e+01
1.607753323208426e+01
4.868193229133353e+01
9.235449535416183e+01
3.315288835817617e+01
8.462210087320865e+01
9.738518670079540e+01
3.241251857597964e+01
7.399979144055386e+00
1.257217424575806e+01
5.194394199733806e+00
2.080039336383361e+01
6.069496672632869e+01
1.005305480680105e+01
9.811734296293805e+01
7.820632363586050e+01
1.313296706095942e+01
4.487338417436619e+01
6.112865664117442e+01
5.047230820659190e+01
7.281090634540232e+01
7.535414210304346e+01
8.978592492164388e+01
6.141587303085991e+01
3.729201552332007e+01
3.945592517939207e+01
1.566629578157621e+00
2.939337842603837e+01
1.529749627937446e+01
2.483232441583291e+01
7.276393974794259e+01
3.062840086902883e-01
7.697431877114546e+01
4.260505183721197e+01
1.345688896880340e+00
9.029627139228222e+01
6.479542011618400e+01
5.780698268572194e+01
2.021117039034663e+01
3.794218927526018e+01
3.435176333149512e+00
2.540556463664657e+01
1.847864478755679e+01
9.622700302685936e+01
9.886589008330643e+01
6.010841082786601e+01
9.219167478950306e+00
4.890296610486832e-01
6.162263306864661e+01
3.801161564793978e+00
7.059973821537557e+01
5.340656463681095e+01
2.493202538459191e+01
4.751258084900331e+01
8.121319659110773e+01
4.111857043631309e+01
6.090379187879329e+01
8.492876802800632e+01
5.996878089381791e+01
7.620128815816776e+01
3.999369635246401e+01
3.885881404339281e+01
5.054876271195187e+01
1.696801512360946e+01
9.751307167928344e+01
5.722667880227169e+01
6.875174547021824e+01
4.426064009045281e+01
5.595755439994743e+01
1.179986517494538e+01
3.038128802104913e+01
7.719899917822285e+01
2.905222779561404e+01
7.279710987247393e+00
9.897436308626754e+01
8.384326127536747e+01
4.389878457593675e+00
1.733826180796058e+01
6.817535290875256e+01
7.491701151007646e+01
9.496432239886575e+01
1.347893174434031e+01
7.124993464502037e+01
1.989634773689152e+01
2.273503286891386e+01
6.512877254985681e+00
7.703984937492750e+01
2.189530447213692e+01
9.983366359948818e-01
9.817187883806037e+01
9.323972467949600e+00
6.197719907480162e+01
7.077711823898234e+01
6.520496237334095e+01
9.832044122662415e+01
1.849455871549182e+01
7.859818319724788e+01
8.712722667824814e+01
9.339101141942247e+01
1.495876964878234e+01
4.051093107113192e+01
7.715556462162900e+01
6.218640835126229e+01
9.512756536487842e+01
2.601549738366878e+01
2.769002794646194e+01
1.367268581580030e+01
2.672631341345902e+00
2.603020054569012e-01
2.194437548608723e+01
6.876957093773855e+00
6.013046510523673e+01
8.936436636809462e+01
3.217663780421793e+01
1.589014116483281e+01
7.555896634029176e+01
8.816224550277100e+01
4.813659975684089e+01
8.522290256117606e+01
3.544878695879541e+01
1.035565785614571e+01
8.256611078165757e+01
6.595777932831915e+01
5.307436597211024e+00
5.534666229754065e+01
1.775509762473176e+01
5.443780797274681e+01
3.394484544822240e+01
8.115680938640461e+00
7.191197242211177e+01
6.916120791303049e+01
4.862661200977239e+01
6.947801083767693e+01
3.732330055782725e+01
9.007152639798425e+00
8.927268832422453e+01
9.985234593034367e+00
5.190385796684021e+01
5.641956997868584e+01
6.145045923136662e+01
2.186947135341795e+01
7.288546686660753e+01
8.895263387307182e+01
5.437502644694179e+01
1.732282546224204e+01
3.118410777821397e+01
4.806864315088310e+01
1.444751262406237e+01
8.297555608813444e+01
9.876295700611685e+01
1.837613164371631e+01
9.333121399084628e+01
3.625097644340758e+01
8.687476631574089e-01
4.835571215877110e+01
2.179284087465743e+01
2.908794708973167e+01
8.240796028748525e+01
2.976634643495378e+01
5.708289144424856e+01
9.052778598411372e-01
3.274805798788930e+01
5.898217081976225e+01
8.665563184146566e+01
5.345234808207133e+01
6.798932345956067e+01
7.412550457479689e+01
7.607634424980560e+01
6.791441937345752e+01
8.366110691971197e+01
8.502548364225099e+01
6.325994309189726e+01
5.746398398534580e+01
2.652838771535474e+01
4.850102804997052e+01
7.478680944758784e+01
5.067902847690463e+01
4.864773682721319e+01
8.216895120319396e+01
4.601257715654214e+01
4.874230551009174e+01
9.597563552482782e+01
6.804852186145658e+01
4.180294691668961e+01
9.465055791412040e+01
5.582083270690442e+01
3.599174764752004e+01
9.159246817770995e+01
3.023317122377137e+01
8.759964964706435e+01
6.589461186243901e+01
2.827510495124157e+01
6.791730768415951e+01
1.860194272296594e+01
1.050453717378180e+01
3.831896634694141e+01
8.905013561670209e+00
9.848880283464156e+01
7.470385393812501e+01
6.452468254814143e+01
3.437745167611980e+01
9.382796729627437e+01
7.392161971606389e+01
2.583598309468291e+01
2.822199232327844e+01
2.777973926988418e+01
6.238403393066676e+01
6.935919405396990e+00
9.861995060863903e+01
7.646210681482316e+01
5.503286069959069e+01
6.265130236868342e+01
3.175845133688229e+01
1.368193901781083e+01
4.385712125518225e+01
7.758907642103223e+01
6.460114217577555e+01
3.427080443793479e+01
1.702372213686990e+01
7.803071363737374e+01
8.848945772670650e+01
1.840226036422060e+01
9.169162674420123e+00
5.640676536429988e+01
8.132434407310763e+00
3.462984787050162e+00
5.728477065325005e+01
7.082250182089513e+01
8.621801249041130e+01
2.898814516560554e+01
2.699326850799530e+01
9.415871584515959e+01
6.597184388245077e+01
8.924343254847612e+01
9.543977188665409e+01
7.387504082819217e+01
7.876591686101906e+01
1.524392604606409e+01
3.045777302722343e+01
2.084671003783434e+01
9.170603286088725e+01
8.016285425059631e+01
8.349801240651774e+01
6.446375142059464e+00
1.823301344096335e+01
2.779727802974977e+00
6.306546128497713e+01
9.660120680769961e+01
6.503480824876335e+01
6.387468006642288e+01
5.604227239081742e+01
7.077684997151459e+01
1.460043304348385e+01
6.374808962631416e+01
2.338375440956268e+01
2.564495216386624e+01
7.566816712527917e+01
5.413391145604379e+01
4.686646929330494e+01
1.423171717404933e+01
4.709763133297565e+01
8.268760749264044e+01
2.053383920366589e+01
9.537367359519642e+01
2.977962942318042e+01
8.458815439817874e+01
3.301202446828225e+01
6.446128066836916e+01
4.950000650691801e+01
1.118962434641534e+01
9.199416259862211e+01
8.151370537537788e+01
3.304113980058634e+01
3.602340069414275e+01
6.373149904596224e+01
3.188691005664268e+01
1.325910613558213e+01
6.721359424628950e+01
7.068489416068647e+01
8.168303318400078e+01
8.668065298659758e+01
1.961839013715200e+01
3.869342517046883e+01
1.842015237473890e+01
2.828883213377037e+01
9.004283076619861e+01
4.006885236132371e+01
8.772564185211698e+01
9.889180283010556e+01
9.280784865506358e+01
3.189772732178574e+01
3.163819370401939e+01
1.854476347497886e+01
1.637726375664457e+01
3.263598560944013e+01
7.975807785045265e+01
1.863310449693031e+01
3.209733130973639e+01
3.857539055802645e+01
6.813311100384831e+01
4.437549134920141e+00
1.579340501492536e+00
1.873436491877510e+01
7.245412043875741e+01
7.038534361421380e+01
4.125215208216205e+00
1.802418423724556e+01
8.821820797781378e+00
6.837575732189033e+01
7.773298140509660e+01
2.375198105524852e+01
9.993446459990668e+01
4.508532436801369e+01
9.828483275989296e+01
6.566113977025316e+01
4.892086589193012e+01
8.832766347952544e+01
4.375944954518204e+01
6.867618563988999e+01
8.295952811975010e+00
1.165728564916984e+01
7.785855307144045e+01
2.540272424249105e+01
7.107795419687309e+01
8.373574767435703e+01
3.500231715617809e+01
1.141901305477089e+01
3.933890189013393e+01
9.488955964096336e+01
4.999440365936347e+01
8.376726111572574e+01
7.980265961019445e+01
4.881753076278490e+00
1.905781771943803e+01
1.308344272574570e+01
6.614555239963605e+01
7.616236930534353e+01
7.260401941491477e+01
2.917238652201946e+01
2.721440201961175e+01
4.293552173438274e+01
4.546148080633090e+01
5.621800169172604e+01
2.775271242845464e+01
6.799214764870337e+01
4.674677557626124e+01
6.013269324793140e+01
3.207397695261704e+01
4.204261621555435e+01
2.371275398121809e+01
9.490757588991316e+01
8.713728482236029e+01
4.084659732917631e+01
2.165977471585375e+01
5.821523901923338e+01
2.458234495696721e+01
6.954553125870672e+01
1.117780805154601e+00
3.610778219816637e+01
4.369472076357096e+01
8.217600895193220e+01
4.923075262886973e+01
4.846101130752871e+01
6.389090887452053e+01
2.806704408864818e+01
8.260954463975948e+01
4.960763498656807e+01
1.560032219421134e+01
7.198989087342746e+01
9.579548532878771e+01
7.788910780935041e+01
7.285500325861153e+01
5.692791224314269e+01
9.639090318064714e+01
6.051121170656346e+01
5.723292895463898e+00
6.411513875430224e+01
9.704213035155188e+00
3.779726984808094e+01
3.053384140624378e+01
9.461982752877279e+01
5.802344482300033e+01
4.042856825535585e+01
3.546642481138297e+01
9.708841093680282e+01
4.269997689067385e+01
2.983985716935241e+01
1.314666821302225e+00
5.627620385786341e+01
4.474658567679421e+00
5.107713544325770e+01
2.797892700320991e+01
6.732853551736500e+00
9.635127559134330e+01
8.995447325983758e+01
8.994863889643393e+01
7.996459965592464e+01
8.326301522704912e+01
1.386955404368674e+01
3.220613898346487e+01
9.186257943132081e+01
5.426910899312659e+01
7.056583150781962e+01
1.279068356975479e+01
7.036050053795823e+01
2.013735129504341e+01
1.851397646521869e+01
4.581536401334003e+00
7.486830520204654e+01
3.962237883341609e+01
5.660125061711355e+01
6.948813268425323e+01
1.731034592600090e+01
7.368481628302709e+01
2.837379925342919e+01
9.215244715667910e+01
6.245685371684695e+00
5.821365646934773e+01
2.216700158182858e+01
9.241731846351982e+01
2.720885133706446e+01
2.873703834076274e+01
5.193026040304930e+00
3.089414938860300e+01
7.028261100420849e+01
9.598653488605588e+01
9.747003484399525e+01
4.242489144318965e+01
9.325387659168518e+00
5.385179792244536e+01
2.487560735311154e+01
6.178644353607038e+01
1.495843320850210e+01
4.363880136219728e+01
9.305504234184279e+01
4.078481264448948e+01
6.701224654308159e+01
2.172259139908598e+01
1.168007506601516e+01
1.236535451019432e+01
2.638391788414862e+01
2.184014894153930e+01
5.163735707832377e+01
2.575515263050569e+01
5.997687636873540e+01
5.659191457395997e+01
2.436872819642011e+01
4.153585990031057e+01
2.159524183794634e+01
2.096576579891414e+01
2.272796087094022e+01
1.056858576395017e+01
6.928151248455117e+01
7.803458807898434e+01
9.558470253627036e+01
2.526834282338076e+00
7.074540591367771e+01
9.305473733369948e+01
7.828668704176633e+01
8.706038337529655e+01
4.690653520957871e+01
4.921538953167172e+01
9.584310957968380e+01
5.445674879218301e+01
8.205531140885097e+01
4.845173435679252e+01
3.350884957868087e+01
3.436337548045599e+01
4.861317088297250e+01
3.906566595615152e+01
4.672872999065031e+01
3.631063282317977e+01
7.707820016754707e+01
2.312281202670318e+01
5.734683426904811e+01
9.691953989533687e+00
8.298613246669348e+01
8.171556246546821e+01
3.687828902009795e+01
1.309968392043360e+00
3.469544096602846e+01
7.918996311686466e+01
8.820594287859552e+01
2.955406547037608e+01
1.851576828328695e+01
8.379064536829975e+01
3.118274641743989e+00
1.968606422640666e+01
2.913476197474392e+01
9.627204639663549e+01
8.677309355082599e+01
9.572025197358813e+01
9.662026548600768e+01
8.876947671583363e+01
7.877935999016248e+01
4.420149747477914e+00
9.741776860198833e+00
4.463500629395014e+01
3.967199783756956e+01
5.754759910402242e+00
5.747713416697324e+01
2.681426570136765e+01
7.889185900748328e+01
6.707551207722886e+01
1.924927216919571e+01
4.562101142742718e+01
8.092902809424746e+01
9.109469446870251e+01
2.351711589075490e+01
4.745007178161762e+01
3.106851937764721e+01
9.748837887192535e+01
6.528773338780167e+01
6.405291746559223e+01
2.734147861010464e+01
3.797211392688198e+01
2.554673060101770e+01
3.229358267611525e+01
8.669720664000940e+01
2.540549776768568e+00
7.989675885992905e+01
1.410413729683689e+01
9.826080175035671e+01
4.103322501342428e+01
9.073408557601928e+01
4.843780242299559e+01
2.325842474738994e+01
5.383150393787376e+01
8.951710899803653e+01
5.968566940151419e+00
9.787927875196529e+01
7.321778120157205e+01
4.641767891422737e+01
5.575336364831467e+01
4.445485521315358e+01
6.841599413585662e+01
1.374375029175717e+00
2.538388326083491e+01
3.911595383617838e+01
6.218931258758032e+01
2.966930537003526e+01
8.298017107089059e+01
3.495385755549830e+01
5.503906237661796e+01
2.473625630360853e+01
6.330335413259610e+01
7.813641125249509e+01
8.718982673584941e+01
8.744611138824658e+01
1.433105306435891e+01
5.267510011451091e+01
1.988289925264330e+00
9.986886247055087e+01
8.799117826297469e+01
8.161470386274844e+01
2.140954668699277e+01
3.642898063940414e+01
7.558289406615444e+01
1.097174315292935e+00
3.028534517171110e+01
8.433602754228563e-01
6.136101580288308e+00
8.950629839184987e+01
6.685050580038247e+00
6.188946522860297e+01
7.572751151198871e+01
7.510104471589487e+01
4.906041931782868e+01
2.769043726273367e+01
6.114890820400273e+01
1.588197453687059e+01
2.287838576495572e+01
5.708741832388910e+01
8.213809546182775e+01
2.438468678127261e+01
1.343855681523614e+00
7.684962194266247e+01
7.702353516454973e+01
1.284550936559472e+01
8.398269977606027e+01
7.023412416234339e+01
2.575885878212697e+00
8.597098970132461e+01
3.743401795506199e+01
9.056706414118739e+01
7.345217693292172e+01
7.116270296795419e+01
6.380995412534566e+01
5.883952833658063e+01
5.388313064066838e+01
