6.715039618646279e+01
2.613946237887231e+01
6.538820465346249e+01
2.475741599907978e+01
8.561153900139571e-01
3.169050455637765e+01
5.110210788021894e+01
7.974490871641082e+01
3.550074707507191e+01
9.338445393060542e+01
5.402352360730224e+01
3.993534531441301e+00
2.094134782484795e+01
7.962891253625457e+01
1.468862766152650e+01
8.753921198078395e+01
3.215888660967298e+01
2.691462437012914e+01
7.264082253567913e+01
2.282435895075293e+01
7.619844375932516e+01
5.407259024403645e+01
9.766905070173976e+01
1.982156025237477e+01
6.126513698197209e+01
4.659563854643871e+01
8.499770471127597e+01
6.724593060428553e+01
1.106624026366800e+00
6.388792398566749e+00
7.145318308447170e+01
8.947188900293405e+01
2.370816037231505e+01
6.768243250794822e+01
5.639800157230255e+01
1.360252542123316e+01
4.694802707384714e+01
8.547335285016958e+01
6.716038671655599e+01
2.529993486837481e+01
9.459955985406393e+01
2.118391027729209e+01
4.065049124911916e+01
5.251825035201304e+01
9.058633404345546e+00
2.122066003327289e+01
5.480785353798785e+01
9.600137104094092e+01
4.529191928230781e+00
2.238111571519688e-01
1.140751410806902e+01
8.585225189377192e+01
5.429640140118841e+01
2.409919617888480e+01
6.661443368839772e+01
5.374527180276125e+01
1.287445529032240e+01
1.279571713544229e+01
5.406927985794343e+01
9.542238837826177e+01
3.200513554364682e+01
3.541017260188710e+01
1.867652182405653e+01
9.646796816795504e+01
4.398240933380202e+01
1.417265274290585e+00
6.641327532306931e+01
1.706770286758789e+01
8.051411755406956e+01
7.719521139617787e+01
6.080336117223062e+01
1.140224962094903e+01
8.304220837682588e+01
8.673819396027281e+01
3.087153277866148e+01
9.352682553861608e+01
1.508274391064548e+01
3.422755893982368e+01
6.130106116705624e+01
1.786545245808803e+01
3.445137009697564e+01
1.570105897993830e+01
8.004466974178547e+01
4.876673447376431e+01
1.106565739543441e+01
3.028872238019887e+01
4.684697140327048e+01
6.337220187455984e+01
4.897569960401193e+01
2.964040065633152e+01
2.572247219538431e+01
4.505866814640289e+00
3.914871930105087e+01
5.340846211342535e+00
3.505216596417696e+01
1.320352745857254e+01
1.629038323475531e+01
2.571022288208372e+01
3.027123032616043e+01
1.673448105190624e+01
6.106942080011098e+01
8.269633053927511e+01
7.691078250152560e+01
1.872583786897633e+01
1.548400051681511e+01
8.667651148823859e+00
5.446576040911757e+01
3.998185616917063e+01
2.729460761290724e+01
5.222357132109979e+01
2.201864506212000e+01
9.740753495013692e+01
8.474667616409560e+01
5.876471198106405e+01
3.614493721916570e+01
7.744379433684227e+01
2.270386983766400e+01
5.050963333365956e+01
1.177716381464953e+01
2.427787716699665e+01
1.436899537889706e+01
7.331006902889817e+01
7.437216633668736e+01
5.351771467994793e+01
9.029935211422823e+01
5.362076896877064e+01
7.069424943565123e+01
4.369576836176950e+00
4.419946304718007e+01
4.310707843075836e+01
6.225097759731625e+01
2.267641384279188e+01
3.647416696719554e+01
3.079791657198123e+01
4.248878589947186e+01
2.364890231920821e+00
7.125931469316562e+01
8.782600610881393e+01
8.779324972433655e+01
9.740009913099934e+01
3.921576456130285e+01
2.853672785150666e+01
7.954530444906341e+01
8.481331313253068e+01
6.245204911681454e+01
3.147398677257541e+01
6.834692231768133e+00
4.427363748861180e+01
5.610392361697924e+01
7.867309622404775e+01
4.284649577124347e+00
9.003332168331059e+01
5.751458362560466e+01
3.743193728729707e+01
4.350784632540673e+01
8.243776717336745e+01
1.740232203966115e+00
8.191322166561766e+01
8.691133735091954e+01
2.955772365888475e+01
6.529524534255977e+01
1.976143974799730e+01
5.223413750167663e+01
2.486763150657882e+01
3.738815707032948e+01
4.300617954833721e+01
3.986299589269934e+01
7.703829280894170e+00
3.504842288561558e+01
4.747965365996568e+01
6.794697198455547e+01
4.260137776965340e+01
7.037409193365559e+01
7.296007195159795e+01
1.064441307012197e+00
8.519444758314380e+00
3.508751403311617e+01
2.588029677322148e+01
2.920224286113039e+01
9.744026944853378e+01
6.583999081786722e+01
5.888492383942238e+01
3.000631883275058e+00
5.142569898228426e+01
5.793962984249909e+01
2.915794501507559e+01
7.948267929231872e+01
9.104551779620607e+01
4.336004077613356e+01
1.782923723469919e+01
3.821534297345920e+01
9.375871200755178e+01
3.759067698269649e+01
5.234296296366629e+00
6.067106796459810e+01
7.591826379109093e-01
9.298257496812501e+01
4.933500152515946e+00
6.985132455353221e+01
1.679894897006403e+01
5.820571144959224e+01
4.448747767344465e+01
8.042792299782295e+01
3.571584915542782e+01
9.304523295399045e+01
6.647703524980557e+01
3.855493177592518e+01
5.670060112918755e+01
4.056735646006063e+01
9.109242744329032e+01
9.822293380192617e+01
8.495064209445874e+01
5.760699415468005e+01
4.283953539228045e+01
1.716548908369871e+01
1.438699882216146e+01
7.247587133779929e+01
2.092441679952872e+01
6.242042983063517e+01
4.106066238184491e+01
8.914150278509665e+01
9.070004340759481e-01
8.530200765715075e+01
4.481363554709294e+01
9.880396826137043e+01
1.743124575234542e+01
7.352798710275813e+01
1.309057055650771e+01
7.044188402148052e+01
6.948509647952631e+01
9.933747937871958e+01
3.497078057144339e+01
1.284584263937820e+01
5.770042462167350e+01
9.468525233431032e+00
9.274643580091485e+01
2.889115858305765e+01
5.272610897790925e+01
3.402382248734302e+01
5.158456869031516e+01
1.549608382186670e+01
6.124861308431654e+00
8.201874833648036e+01
6.235173487213986e+01
6.715803373007012e+01
9.918423746674519e+01
7.638436745683866e-01
2.367560049690102e+01
5.888206467911697e+01
9.694646769061055e+00
7.926955939236542e+01
7.340894689476535e+00
7.972343092771406e+01
1.267271908590231e+01
1.490656114877507e+01
4.147093605318616e+00
6.064285727247729e+01
4.065377737425909e+01
7.388291809423031e+01
3.108474124739167e+01
6.775499538879608e+01
2.348065051412240e+01
9.897329360198849e+01
5.183062844529312e+01
6.368817089297257e+01
5.279262780807569e+01
8.291261558556585e+01
4.703847018398273e+01
8.191402171827575e+01
5.509116633566617e+01
3.894080223466307e+00
9.581406824095829e+01
8.219832744551745e+00
5.556316643746717e+01
5.816580306653204e+01
5.293394529862979e+01
5.909103907602422e+01
5.237449754605745e+00
4.057184520204171e+01
8.513488731586136e+01
5.319400655720104e+01
7.799328662361637e+01
5.014817297931210e+01
8.038807543012689e+01
5.431281661349946e+01
2.487630719546057e+01
1.327465945541610e+01
2.670020797601911e+01
7.409895498962092e+01
8.170408866447588e+01
5.160031861234471e+01
3.054104653677952e+00
6.922249685471063e+01
5.377442867205219e+01
9.029886978226661e+01
6.525766386895332e+00
1.451145047997658e+01
1.557471096309587e+01
4.361749130469630e+01
6.487636308412830e+01
7.885562580956874e+01
7.855442770689467e+01
7.294234878986252e+01
5.379530254462516e+01
7.995163871904445e+01
1.462482489395180e+01
1.453897148116444e+01
3.424330173723553e+01
6.970359430168924e+01
7.919905813373582e+01
9.508249638373148e+01
7.519630606993861e+01
9.284997302705887e+01
7.847783387567748e+01
5.253158479581194e+01
2.288368391938679e+00
9.914451157634356e+01
4.181067330847060e+01
7.236962107586191e+01
7.289635402750986e+01
8.027556602855938e+01
3.125678404758535e+01
3.630298978476925e+01
8.419724846454210e+01
5.736638463910967e+01
4.776210428577015e+01
7.178588401143713e+00
4.032872600496222e+01
9.129077088613565e+01
8.761750244890223e+01
6.154004603696058e+01
1.705094520796600e+01
2.460446680179074e+01
6.605495841524329e+01
8.844165387025180e+01
7.427975236171845e+01
2.799377493932553e+01
1.379415407487850e+01
7.307052275774559e+01
3.108457090849270e+01
9.502893956146620e+01
1.262931228272119e+01
8.314087264386046e+01
9.846504786911655e+01
1.007652278527456e+01
9.797210064622206e+00
9.016728093389762e+01
3.761747551039675e+01
1.318433941955880e+01
6.253690196319339e+01
8.181183737787038e+01
8.927330220549987e+01
8.161611621343350e+01
2.404150339962985e+01
5.036505090555411e+01
7.978538655665955e+01
4.106780110908105e+01
4.866529351503835e+01
9.568514618821682e+01
5.440071316175196e+01
6.410645789658020e+00
4.952817892168098e+01
5.780529331313693e+01
2.962251148634707e+00
2.062060405529132e+01
6.812985505355981e+01
2.471774654682621e+01
3.267147477374947e+01
5.025294052914388e+00
6.107084777256048e+01
2.215646692652091e+01
5.384893601473837e+01
7.308706598034457e+00
1.843054756449095e+01
1.222781413804172e+01
8.994204443411066e+01
4.687977705471207e+01
4.137777864997172e+00
8.847865187026498e+01
3.461876406083757e+01
9.919551177844195e+01
2.613809058728539e+01
3.311429164983066e+01
8.081162794530933e+01
7.114414445643507e+01
6.400051729939902e+01
4.482597310320752e+01
1.156042283939217e+00
6.437197447026706e+01
3.463843829680162e+01
8.706464901895479e-01
5.301398036676178e+01
4.226808326424476e+01
3.893714120562055e+01
8.899558949703146e+01
9.690274069872812e+00
1.107789977038181e+01
5.632481973447130e+01
1.338541042682967e-01
4.039786185156454e+01
1.463291119534192e+01
3.842639985421039e+01
1.376119834080394e+01
6.398947954363631e+01
6.222818119555161e+01
7.665623294965188e+01
8.601711401064746e+01
9.662973442889272e+01
4.629652637350211e+01
5.598382095619283e+01
4.502270661528348e+01
4.549203815194407e+01
7.766962800066435e+01
7.170178264924408e+01
4.711281417268925e+01
8.952451804165007e+01
7.324911936803215e+00
8.031054073027826e+01
6.767128499582003e+01
3.503209838412334e+01
8.690981841036576e+01
1.506567621373836e+01
1.257217424575806e+01
5.831087793144903e+01
5.621976356777352e+01
7.265518213280252e+01
2.509388207695162e+01
7.935088778815739e+01
7.820632363586050e+01
7.667257603102949e+01
3.064949625667627e+00
2.702124017617723e+01
7.331387012885598e+01
5.307974850436661e+01
6.275714634114743e+01
2.507663267901010e+01
6.630008754613813e+01
5.221825300353498e+01
8.674808078759726e+01
4.083976347038512e+01
7.153712952115440e+01
2.225108021975080e+01
2.844366521036423e+01
4.126130428223932e+01
9.740753769753852e+01
1.432291931208359e+01
3.573004456038123e+01
7.732588903853944e+01
6.999917517881802e+01
6.701734325243967e+01
4.069351392830420e+01
4.248348457854404e+01
8.208301946617803e+01
7.037915693148000e+01
5.206546147915789e+01
7.406791950299774e+01
3.073729715810031e+00
1.602678667568918e+01
3.026421695494290e+01
9.280447200536935e+00
4.873949394036992e+01
8.900928967120558e+01
3.260136727830459e+01
4.451410227665404e+01
3.395115790606996e+01
2.493202538459191e+01
6.781232341556452e+01
1.370745576625106e+01
2.739395491191836e+01
9.689195030224134e+01
3.483888629583591e+01
6.691045251996744e+01
2.133471929530367e+01
6.328255155276626e+01
3.925025124999241e+01
9.067095648062926e+01
7.140833790013956e+01
1.983526368617791e+01
1.920235642194858e+01
3.835579596383301e+01
4.116837812642026e+01
8.849833532632250e+01
1.555808503905222e+01
3.321179153081579e+01
7.698369104274721e+01
1.986960960546024e+01
7.360740502998577e+01
4.790092331725216e+01
5.859922178024390e+01
3.049563431669754e+01
5.438625680021302e+01
7.356478524094670e+01
5.276994498109908e+01
3.244851037508273e+01
1.807888751760073e+01
3.473708244726858e+01
2.000214169733326e+01
3.041444580555635e+01
9.967092811114664e+01
4.698942343098550e+01
3.632113106377475e+01
1.591120451498367e+01
1.593580009226492e+01
7.925186901318462e+01
8.474577953328648e+01
4.667133588654517e+01
6.844556521086282e+00
9.165587103537092e+01
2.082237076052575e+01
7.484140199368885e+01
9.706864617628447e+01
6.199074888694600e+01
1.588934330078277e+01
4.871812115829351e+01
8.351660016156575e+01
6.065293683700866e-01
1.319329850990013e+01
6.449295071162886e+00
5.677823054454208e+01
9.091794327409842e+01
8.304257322244466e+00
8.758248481321264e+01
6.868479576366245e+01
4.969562424798292e+01
2.142018159917564e+01
2.083210182414954e+00
2.756790645772960e+01
1.910730782854711e+01
3.249765598797130e+01
8.379725100649392e+01
1.888219417020781e+01
6.214576445619844e+01
9.578426298489062e+01
6.522035317738558e+01
8.912868163973498e+01
5.758222921638853e+01
6.423960959736240e+01
1.370519172107111e+01
2.342802375714668e+01
9.389813011228020e+01
3.394484544822240e+01
6.367396137848216e+01
8.149991663242686e+01
9.183601811148041e+01
7.844776668513556e+01
6.501651674742648e+01
1.383271828006614e+01
8.549497909168478e+01
9.836251162847621e+01
9.087820467114365e+01
7.310833408176356e+01
5.553462973587896e+01
2.587053478968820e+01
8.557560531682130e+00
8.887281370762400e+01
2.368766466327369e+01
3.392273841142782e+00
5.106972998523607e+00
5.715974073724809e+01
1.919876710474434e+01
5.245460916890512e+01
8.760871383715826e+01
2.631683667484523e+01
7.450497884978772e+01
3.235916501486636e+01
7.118604428655749e+00
3.208720801961012e+01
4.835571215877110e+01
3.794381652862943e+01
9.244509953653677e+01
7.809940514997551e+01
1.941702776561353e+01
6.081956227348165e+01
3.825667194940926e+01
8.856271178860344e+01
4.348844412876687e+01
4.123482473252101e+01
3.828754417518506e+00
7.567189097202936e+01
3.802930192930125e+01
9.189482829156091e+00
4.173890573053570e+01
4.369760302067623e+01
3.506001761884429e+01
1.351523358072864e+01
3.591298318277718e+01
6.354695109815660e+01
2.691008519703061e+01
4.397662158309325e+01
4.515481653863323e+01
1.398533536772492e+00
3.583751094333712e+01
6.519506665188590e+01
4.234958139357603e+01
5.381245322237371e+01
4.245066872912025e+01
5.779509966159011e+01
8.589966124198384e+01
7.225930386793767e+01
7.294891177348276e+01
1.716886852736067e+01
2.529658294529495e+01
8.438239273819252e+01
3.367800853852090e+01
5.777871332027890e+01
3.510044181491268e+01
6.810879445081055e+01
8.314713820961637e+01
3.926606696996189e+01
7.683415151053768e+01
9.389054542122899e+01
2.436561590263882e+01
1.423481624305007e+01
3.980501226140419e+01
1.987600034097024e+01
7.334299612480355e+01
7.571799544418137e+01
9.273066324774672e+01
4.716873059383069e+01
9.213906856819012e+00
9.296773513451578e+01
5.458923618057242e+01
8.922097277325623e+00
9.806112861170486e+01
9.039039928018599e+01
8.543114274993127e+01
1.386495214601278e+01
9.153070207290850e+01
5.139808489540503e+01
4.170049589206488e+01
4.506641353716442e+01
4.990797026544249e+00
3.750979375909539e+01
5.198243118449227e+01
5.898034710389578e+01
3.189560809726623e+01
4.485100132639101e+01
2.090732502793303e+01
7.333451475637709e+01
1.911279774229638e+01
9.842403409929203e+01
9.843749930078047e+01
5.237050496617822e+00
3.840596067644933e+01
3.062434887076931e+01
9.677845099790881e+01
9.723292849829092e+01
8.212318559276088e+01
6.418710028016339e+01
2.501266772160897e+01
9.951636167220602e+01
1.581613161406300e+00
3.224907877494073e+01
2.456024392720323e+01
8.016285425059631e+01
2.001087554730981e+00
7.999350413679774e+01
3.591272087577391e+01
5.712203795887625e+01
3.926077840815335e+01
4.083978158460920e+01
2.249961584922840e+01
4.809121691998617e+01
9.533685953139181e+01
8.454066840211892e+01
5.450610711914771e+01
2.234440242049489e+01
5.609874443900713e+01
1.957465159686965e+01
4.694067269886875e+01
5.460033107297511e+01
8.121364134420345e+01
9.980877181506193e+01
4.220722957617009e+01
9.380375104667793e+01
7.387883671274355e+01
6.414246292046386e+01
7.974182003165680e+01
5.064796742547675e+01
9.473604266286644e+01
1.011560103395749e+01
7.577288047213708e+01
2.306889287339006e+01
1.697930619911259e+01
2.768230998315025e+00
2.229468241440816e+01
6.955082815585230e+01
6.750773343607213e+01
8.820838131392765e+01
5.592573329616604e+01
4.962210969516174e+01
7.538902399846774e+01
6.791657524552038e+01
8.521990402844730e+01
3.652842842812111e+01
6.009130741473814e+01
1.653153962294177e+00
3.765201379435696e+01
2.361045490187148e+01
5.398956088069340e+01
7.963340328057920e+01
8.967647742930636e+01
1.956539043205110e+01
2.997085849287494e+01
2.783778595171766e+01
6.463635687932202e+01
1.408863533944294e+01
6.211032516421299e+01
9.776370618388229e+01
8.478488348647248e+01
2.749375674291223e+00
1.543809953864575e+01
2.993884693362697e+01
3.839812848642381e+00
8.781863366617758e+01
5.065508589644687e+01
5.193510416519600e+01
5.736946177546376e+01
9.743175147913012e+00
5.832896351736456e+01
4.312258066754908e+01
8.846517148821856e+01
2.097908720419700e+01
5.564163190109731e+01
6.812472407153096e+01
1.211343799350478e-01
9.335630247060037e+01
2.854272989953995e+01
6.897729745552749e+01
8.397733209839899e+01
2.938366622169673e+01
6.382168236366551e+01
3.901717711194287e+01
2.769501755372389e+01
9.696949589856411e+01
7.941551836180293e+00
5.881577472147335e+01
3.368651365567302e+01
3.380678572403583e+01
7.883426802178577e+01
8.785248016372904e+01
7.869999868734739e+01
2.012040485633556e+01
8.215654505517172e+00
1.841751854793053e+01
6.583397768709528e+01
3.156314121166390e+01
1.971879784004707e+01
1.408194588221700e+01
9.464275403630117e+01
5.149879164597895e+01
3.908293691421064e+01
2.463488943159343e+01
4.883275495322084e+01
6.725054446945458e+01
4.860460471762559e+01
3.558440647813697e+00
6.799214764870337e+01
4.563889896759712e+01
8.822260726626152e+01
5.622573334547958e+01
6.764756164869645e+01
1.752768345993370e+01
9.825601298280806e+01
4.548857274720844e+01
5.217706693903406e+00
7.210960154054203e+01
5.617870658458151e+01
3.965759917146415e+01
5.112863269221440e+01
7.492507988350702e+01
8.221310706912218e+00
9.880907628629780e+01
7.573750898043509e+00
3.019944016365309e+01
2.354647173711400e+01
7.340772863170491e+01
5.661821228294550e+00
7.142672360475488e+01
2.643855364361711e+01
7.483642034923491e+01
8.095399177677650e+01
4.779902880443215e+01
9.788734591467649e+01
8.102811038541985e+00
4.642769798935750e+01
4.981072035143651e+01
5.452926892532467e+01
6.019328784206569e+01
6.283816712109287e+01
1.762500136048766e+01
8.306161224984639e+01
5.109645661483354e+01
5.736331928398614e+01
9.203416565062207e+01
1.945668171134623e+01
1.407049121990357e+01
5.159947217982238e+01
5.569164462186939e+01
3.629893252453717e+00
3.932987490637688e+01
3.999522805213706e+01
6.594763941408490e+01
4.445882809556035e+01
9.808947141193295e+01
8.208512816675247e+01
4.424374231334950e+01
9.380831708843276e+01
9.116384670658216e+01
4.462935512169700e+01
1.723190490958835e+00
2.024332388315505e+01
9.568748017572216e+01
7.810658778907107e+01
2.884632932434153e+01
4.288689328492009e+00
2.246120470690597e+01
9.732770616995529e+01
1.323925424983690e+00
3.573517712565846e+01
3.319866761248497e+01
1.583379996746490e+01
2.552869311791318e+01
4.740996814677955e+01
4.594151826852072e+01
1.301305043185737e+00
3.530715593849642e+01
1.872101799525368e+01
8.992571695238618e+01
8.950022579613153e+01
2.318189201093367e+01
6.360876954328677e+01
2.556579435503380e+01
3.423647523589268e+01
2.873703834076274e+01
6.207655149608689e+01
7.114260437485883e+01
2.072647526894066e+01
1.031021536808005e+01
4.342351520593441e+01
9.667024426007190e+01
7.951927044406500e+01
3.679283183850014e+01
1.257747077037462e+01
4.393143157657769e+01
1.809345866464705e+01
6.568832111809790e+01
6.393765521419126e+00
9.971712166430294e+01
9.893588414366165e+01
4.976683959819695e+01
3.664159115247502e+01
9.663442992448546e+00
7.529553271611013e+01
2.241666415818812e+01
5.507323520959971e+00
3.093530201862347e+01
2.254246492988545e+01
8.058733827461830e+01
7.233533490092276e+01
1.071255943305444e+01
6.153807396140791e+01
3.176544668700800e+01
7.861638971539978e+01
7.883681029958501e+01
1.052675550362410e+01
2.608377231568274e+01
6.259844641322197e+00
6.284350285438984e+01
7.806927043854691e+01
5.475199080759287e+01
4.877794512956308e+01
4.034715645962728e+01
8.480720971003510e+01
8.940304028308161e+00
3.028807157198343e+01
2.900668328116028e+00
6.357790933157220e+01
4.845173435679252e+01
6.242445719541258e+00
6.251379342866773e+01
6.806115855838227e+00
2.428902924260545e+01
5.788635497814341e+01
8.317720092980993e+01
3.495231006990760e+01
2.931954382421428e+01
1.423962382331473e+01
9.161737495642964e+01
5.673048070479673e+01
1.780688106911578e+01
9.467279398565776e+01
1.826855461963851e+01
6.559941054582569e+01
2.366023423320625e+01
7.014794557827895e+01
5.980625965623476e+01
3.388181511959146e+01
8.379064536829975e+01
7.209502401393605e+01
1.077289288433869e+01
5.788280398486313e+01
7.995701557023311e+01
5.112004934396597e+01
8.349201007908769e+01
2.201423902158357e+01
4.603580722866384e+01
5.779605738716016e+01
9.719024873207800e+01
2.726163781586180e+01
1.228820952227721e+01
9.665293595597750e+01
5.139186240331822e+01
5.774741790152500e+01
8.434330694579674e+01
8.345768525426168e+01
2.304811893172940e+01
1.679083188846280e+01
6.229985429081128e+01
2.470598887871298e+01
9.922629678585861e+01
9.466408290651817e+00
5.347761681930982e+01
6.199602506216431e+01
2.981670188243347e+01
2.555125636307116e+01
7.432950822372433e+01
2.734147861010464e+01
7.871168878800781e+01
3.012830588506921e+01
4.682632444744293e+01
2.096044329039773e+01
2.392113209884666e+00
5.434061105099535e+01
7.720017497297384e+01
1.595023196002014e+01
8.934414074260003e+01
3.275629581546238e+01
5.139564073243906e+01
9.191877385225091e+01
1.744359993256796e+01
6.625902171538166e+01
5.968566940151419e+00
6.224819871701682e+01
6.216026645254357e+01
8.896639146328270e+01
5.277069548739618e+01
1.448150790039520e+01
6.708037777202222e+01
1.484084446674252e+01
4.441772985477826e+01
6.630667451131470e+01
4.898484346875215e+01
4.580118648978006e+01
5.655623560610983e+01
2.204451133592264e+01
6.865159630247001e+01
2.855099222089676e+01
7.876208498085015e+01
1.623128038655560e+01
2.926717709250151e+01
2.498243419685515e+01
3.719172367695334e+01
7.034417422038698e+01
3.525336228090029e+01
7.490549593926663e+01
7.767563098002022e+01
3.913961967413296e+01
8.485428191947484e+01
8.787344744795629e+01
8.793391207602524e+01
3.166379920750102e+00
9.666563807831409e+01
4.267602839631775e+01
6.677985571640536e+01
8.612895160267546e+01
3.164241981303432e+01
5.424163036711590e+01
6.053426445486688e+00
6.509757240540235e+01
4.913609644823526e+01
3.697741056651688e+01
2.729665251788527e+01
9.338972763781889e+01
4.640483541712391e+01
2.147685024956095e+01
8.530756220468672e+01
4.131022805409051e+01
2.161357049905396e+01
8.508835746212320e+01
5.053607423349101e+00
6.171030013901662e+01
4.131724719950801e+01
8.645851178395493e+01
8.267932091033055e+01
4.303446977540593e+01
7.979169421819583e+01
6.720394364893620e+00
8.217408944953888e+01
6.464597613767069e+01
5.540112753184565e+01
9.153673559964483e+01
7.439669495187546e+01
1.752363951761445e+01
3.299714812682809e+01
1.930392473903667e+01
2.490758659546617e+01
5.764385622816340e+01
6.132574289167567e+00
8.214958602662644e+01
9.585098498307680e+01
2.515048008651960e+01
6.808062171008467e+01
8.766204332358299e+01
6.358362327496690e+01
5.323559411486406e+01
4.865294562124319e+01
4.515028891393463e+01
6.405806185866616e+01
4.529348846771451e+01
4.871817708421414e+01
4.509038545428328e+01
3.263262344181194e+01
8.619938371060387e+01
6.032844048940038e+01
6.411629527067592e+01
9.233191762693781e+01
8.584085217949043e+01
4.948555619897579e+01
9.277484537697157e+01
4.119767897818129e+01
3.343471481159083e+01
9.155310252288035e+01
8.488708086539390e+00
2.241032320186977e+01
6.577682335198709e+01
4.368999974973966e+01
3.926393377560374e+01
2.342067953358436e+01
3.173295535693548e+01
6.289901545406273e+01
4.616210816715011e+01
5.688343544345508e+01
6.570515794013868e+01
6.727086508985184e+01
7.542364312122746e+01
9.373682816221232e+01
9.086498529224889e+00
5.422324922598118e+01
9.150874912343396e+01
5.437998699693940e+01
5.998809461481315e+01
5.591892937939564e+01
7.934266374415843e+01
4.184484497729915e+01
8.496439428299870e+01
6.929058263510959e+01
7.680629942417438e+01
9.380155340479759e+01
1.877613878751925e+01
5.972836798044311e+01
2.970655738828078e+01
6.066081582599357e-01
5.128147050332347e+01
8.136203963372951e+01
4.607314572021046e+01
6.495533327802798e+00
2.505203933690304e+01
7.213606004237015e+01
3.028900941381650e+01
4.852116934420596e+01
5.017747592654893e+00
9.983839676707909e+01
5.404604741094916e+00
9.211936862772301e+01
2.444082811681593e+01
3.622938982966793e+01
3.719390786122247e+01
2.455185438718268e+01
2.817403256342469e+01
1.344390400380078e+00
9.243181314898273e+01
8.444444792552126e+00
1.470133132054533e+01
7.848281780187172e+01
4.489485395368880e+01
1.526713451150206e+01
7.487407218426189e+01
8.083511971907463e+01
8.985722721082029e+00
7.963016004284385e+01
1.329984442018897e+01
4.648064228076517e+01
4.731619346296237e+01
8.841400406715181e+01
2.784268186792856e+01
1.581297582751744e+01
4.051375907869718e+01
3.426485431113506e+01
5.721333984155829e+01
7.933573866232099e+01
5.997292998245588e+01
2.144075381636655e+01
6.280192726422192e+01
8.819062839643593e+01
1.356012239752343e+01
7.331251891949798e+01
9.064102936100262e+01
3.977684706439118e+01
4.968333549317128e+01
1.636317945847436e+01
7.523264325001865e+01
3.380151187712397e+01
6.874339080822813e+01
3.658214883719671e+01
4.381458090795883e+00
8.882952699848894e+01
1.068963674394863e+01
5.711634874209592e+01
1.435423135494545e+01
1.489484138549065e+01
7.388104455260608e+01
1.776187350869266e+01
1.125060353020700e+01
9.829990388746369e+01
6.211020227619922e+01
8.141301371222967e+01
2.787707030208645e+01
7.688044257316758e+01
4.298971250792486e+01
7.339572122944320e+01
9.228010498559107e+01
6.346319674675501e+01
2.593510836639214e+01
4.145575102486450e+01
1.396636451313568e+01
3.239442828688512e+01
7.623115045774316e+00
2.075277223286814e+00
8.180117312902640e+01
6.455015198539485e+01
8.506919754905124e+01
4.090226396960312e+01
2.247663257758908e+01
8.255169465325386e+01
6.908219390040365e+01
4.526471753849868e+01
3.052774957871425e+01
9.858324709282408e+00
1.017182316173418e+01
7.693459972596476e+01
8.980318875508532e+01
6.418816748270214e-01
9.369267620783891e+00
5.386308941704365e+01
6.324447903933213e+01
4.639641803055835e+01
3.527610308270720e+01
6.245570344033451e+01
9.557932787368975e+01
3.276597733272518e+01
2.448418085672156e+01
4.761315116082000e+01
5.854171349599105e+01
1.234743255765523e+01
2.700889842911107e+01
5.270865282635607e+01
9.077902724537022e+01
1.717927442732233e+01
4.977685401671420e+01
9.738761684735661e+01
3.590690495255725e+01
3.484605151919930e+01
3.501185338711918e+01
6.487072881537989e+01
5.847044897194507e+01
7.996613796798798e+01
6.764563874697575e+01
5.105618091814973e+01
8.982446267727039e+01
2.237686222529824e+01
4.826623590116679e+01
2.136282819386703e+01
3.030797747443802e+01
5.859763811277116e+01
2.414234775311423e+00
5.998584728687343e+01
7.184473577507062e+01
2.142173062144859e+01
9.958480154144802e+01
3.781493727016027e+01
2.495647697940305e+01
1.448755088005567e+01
2.286815635062203e+01
2.791175480369094e+00
1.045118007364272e+01
7.935717109560835e+01
5.049275222723035e+01
6.365117703734487e+01
7.056835669584962e+01
2.696061973784148e-01
7.949995672306976e+01
5.713850956276922e+01
4.130280378335286e+01
1.451181006362280e+01
2.200923833158297e+01
6.237414468190360e+01
3.203709476256608e+01
1.338876034756599e+01
1.754356409308667e+01
9.132160809418262e-01
4.430975562162220e+01
8.368049519307935e+00
4.686229431389938e+01
6.971696977024757e+01
8.223403607599160e+01
6.018659153961884e+01
2.970281701055487e+01
6.136015088360763e+01
6.444469274228656e+01
5.318935497346769e+01
9.313010754675145e+01
7.463316241029332e+01
7.673573921282578e+01
1.345036794126517e+01
4.610254124091125e+01
9.756139437554468e+01
8.572413599385142e+01
2.890562854190619e+01
1.271784706633438e+01
4.027504052048318e+01
4.040521566774939e+01
9.668370121935554e+01
9.741355008325239e+01
8.170801949766839e+01
7.062690191465751e+01
1.942278836826924e+01
4.280927667525097e+01
5.303603497009540e+01
8.524617519473945e+01
1.341089266976849e+01
1.513165049959517e+00
2.481805250272996e+01
2.506119898756091e+01
7.135312337025680e+01
9.453502231954364e+01
6.902165634977709e+01
3.224111508216761e+01
5.419789955681092e+01
7.276146038098329e+01
8.052009115019818e+00
6.736780911095805e+01
7.125917280617131e+01
3.240562245827430e+01
3.732818809213498e+01
6.191204160540925e+01
2.377199913550727e+01
5.082845923063739e+01
9.252208345221452e+01
9.129893546518821e+01
6.742558584894314e+01
9.017433705282134e+01
1.427930058645052e+01
5.670626971717284e+01
9.519387972317350e-01
2.328607203591898e+01
9.808231205590177e+01
5.228347519984631e+00
2.116979613023335e+00
1.816938026722957e+01
3.450872159307297e+01
4.297453744475475e+01
5.219352932283353e+01
8.170586693180067e+01
2.223534165985665e+01
7.704002916675063e+01
5.315412923374871e+01
2.600599593762588e+00
6.364987872710911e+01
8.044362286126410e+01
6.833737998657738e+00
7.520597822740952e+01
8.010440928866360e+01
1.875044066400753e+01
2.039604825917447e+01
9.678830108455769e+01
8.306394395561141e+01
5.394121103637908e+01
7.930649499376607e+01
2.836601083556470e+01
6.269916289611680e+01
6.497993425698016e+01
5.547802101610137e+01
7.543842409524993e+01
9.920931151099937e+01
1.058676885933930e+00
8.074315515381430e+01
2.415004858009054e+01
2.923931341117216e+01
2.054338032405050e+01
2.577147401206730e+01
7.781202843310872e+01
1.468976415446483e+01
3.049728573788763e+01
3.586537420557131e+01
3.692510581432148e+01
7.075175739394118e+01
9.992572502229629e+01
2.282653810588016e+01
3.440163607448415e+01
9.645982966593458e+01
7.281571392566697e+01
9.293054202242314e+01
3.038559766969905e+01
7.214674641012529e+01
6.558969903997597e+01
9.399683624226452e+01
1.626425763418165e+01
6.328668643873496e+01
6.038512618298881e+00
1.256813635703555e+01
6.943355806611179e+01
4.458728090142239e+01
7.227581188654332e+01
3.605478184113967e+01
9.867231850450501e+01
5.404499911425869e+01
3.610915398975329e+01
5.924574735539302e+01
9.734830595429442e+01
2.159209755323459e+01
7.760297128819069e+01
1.583841201655493e+01
3.628186175426555e+01
9.274909435433759e+01
9.638563892635780e+01
2.510604063286727e+01
6.627202330449225e+01
6.253573278083267e+01
9.210876966459153e+01
2.016362776987424e+01
3.985342622727781e+01
2.593000602253247e+01
5.824008824221794e+01
7.596911614573054e+01
1.619016137728009e+01
5.149212156026258e+01
9.882546523531221e+01
9.931668331814775e+01
2.041172390822867e+01
6.811961208848265e+01
5.646160289480425e+01
1.096477485772445e+01
9.500445513753428e+01
9.749434920842496e+01
3.020084990663494e+01
5.789708190499670e+01
4.995837446765898e+01
6.199864147324051e+01
9.967341497525265e+01
2.769708271496793e+01
3.653096805165102e+01
1.962629008089485e+00
7.827738708736254e+01
9.847010811719584e+01
2.200291679334031e+01
8.206246471128541e+00
9.268505582245302e+01
4.661393591510781e+01
3.941236484768445e+01
3.043138456085296e+01
8.377429208893994e+01
9.468760019852203e+00
4.882382613086320e+01
8.877992946132083e+01
8.154070069153826e+01
2.094539344354784e+01
1.852339763125563e+01
3.184795753650738e+00
9.587808041641399e+01
8.771017472618733e+01
1.918077744505404e+01
6.857234675836393e+01
1.162443291937207e+01
3.609730579708577e+01
4.968350909169927e+01
9.948329585580309e+01
7.121147819385467e+01
8.318866220451363e+01
6.085599789435789e+01
6.348912383592181e+01
1.294648885398474e+01
1.997073638251551e+01
1.991643804121597e+00
4.414629132679956e+01
3.406308108664261e+01
4.746724062015640e+00
6.674897403770544e+01
1.651550336578651e+01
5.766083335395010e+01
4.557808942421250e+01
5.974255551572077e+01
5.075529378408346e+01
5.504684949063083e+01
5.691968116765827e+01
2.400748404860845e+01
3.460316310385389e+01
4.290856739641566e+01
9.226567181398426e+01
9.993225201029901e+00
7.745356684432065e+01
4.780053582405697e+00
6.303342551134220e+01
7.524420003185244e+01
3.800926643331035e+01
2.215903467599258e+01
3.681797168069424e+01
8.045349571874993e+01
2.336619981721332e+00
9.764973544406227e+01
3.103833088233989e+00
5.354925480370841e+00
7.084820422849068e+00
2.307456947074950e+01
8.182579133744620e+01
7.582978032335164e+01
6.485992728958834e+01
1.201113439724368e+01
3.237652198056529e+01
8.137543065537486e+01
9.438434713258610e+01
3.806270651429086e+01
2.664772673819574e+01
4.611612323025061e+01
1.143003055426759e+01
4.582335606488556e+01
7.065000700328964e+01
3.996900820171880e+01
5.108037397781404e+01
1.298449230984994e+01
5.757411842121469e+01
8.892868402829798e+01
9.002410266083857e+01
7.576018202852465e+01
5.836685158236271e+01
