5.531193737653640e+01
3.433419304636037e+01
9.622924942347652e+01
2.475741599907978e+01
7.186541895934633e+01
8.741849921057863e+01
5.110210788021894e+01
7.624791859474401e+01
5.430371861639605e+01
6.228926985631197e+01
8.688053585909332e+00
9.047133596170291e+01
2.591237240746262e+01
3.245465072451842e+01
1.160769118536622e+01
8.403186224588746e+00
7.670932164262483e+01
2.691462437012914e+01
5.238349877874530e+00
1.104122186593768e+01
3.328434873059594e+01
1.570659923167275e+01
2.068226072969021e+01
1.982156025237477e+01
6.126513698197209e+01
6.705490358502367e+01
7.708217551795867e+01
5.844827231878800e+00
9.529029330950711e+01
3.329202618137563e+01
8.000803295523302e+01
3.873970971384072e+01
3.690632727784399e+01
2.470571427825173e+01
9.852771689115451e+01
8.577781733394498e+01
4.694802707384714e+01
8.656672820754663e+01
5.419078704630527e+00
2.529993486837481e+01
1.043782840037617e+01
6.490044205677717e+01
6.427685640020149e+00
4.821954357820542e+01
5.176271742757537e+01
1.803537682538637e+01
6.864136833168629e+00
2.844422018548670e+01
5.256953577165005e+01
6.186107968066869e+01
5.741259276746428e+01
7.146165038992727e+01
7.967343278214030e+00
7.300920857722369e+01
6.661443368839772e+01
9.853390683351732e+01
5.051335284975980e+01
1.279571713544229e+01
5.406927985794343e+01
7.294457642032978e+00
9.884709450362581e+01
6.656685507230779e+01
6.108500033667544e+01
1.091325446540176e+01
7.802781550121858e+01
1.417265274290585e+00
4.105989883703175e+01
2.497584252849959e+01
4.085576796944056e+01
6.933377732957423e+01
5.654895424682132e+01
5.129359636981673e+01
4.975371027819519e+01
7.474029351712218e+01
5.104083225645164e+01
4.173525410785119e+01
6.367997436955570e+01
4.713766041544157e+01
3.832236874770484e+01
7.959572811592172e+01
2.163832104841169e+01
1.412707763450550e+01
8.932710289458143e+01
8.874777154473018e+01
1.106565739543441e+01
1.650907132612032e+01
6.579293881812735e+01
8.229580036471403e+01
5.658772311014483e+00
2.964040065633152e+01
3.736022172372799e+01
5.969226549365198e+00
9.352192855138422e+01
2.469304503160205e+01
7.278622871860220e+01
1.677877670935298e+01
1.629038323475531e+01
2.239693339094377e+01
7.854743184454153e+01
6.996195510493682e+01
8.756852093505138e+01
6.393471321274280e+01
7.691078250152560e+01
8.947561420010199e+01
1.548400051681511e+01
5.051987136272707e+01
9.935376276232012e+01
4.153192557465840e+00
7.518190083800903e+01
3.807840842664167e+01
2.201864506212000e+01
6.174597770988288e+01
8.474667616409560e+01
1.134574791013531e+01
5.891065325537262e+01
7.744379433684227e+01
3.111754545528327e+01
2.606487000643503e+01
9.876315426023824e+01
2.524087001813616e+01
4.980729443477806e+01
2.692437047461251e+01
8.558780117220608e+01
1.730725519233721e+01
5.874583723896455e+01
9.337036646593845e+01
3.980674629090668e+01
3.601810607873747e+01
5.803947935720881e+01
1.284662667328800e+01
2.052688799823024e+01
5.845438561330288e+01
8.778162486282253e+01
7.665965411656521e+01
7.956342370229001e+01
3.265625333071512e+00
7.125931469316562e+01
7.360754649788493e+01
1.485432955196795e+01
9.740009913099934e+01
7.169156226873936e+01
1.742014522544115e+01
6.538335302164003e+01
6.429526361836831e+01
3.988247576164197e+01
3.476481206471325e+01
4.383103830918252e+01
3.183853716209463e+01
8.365039056336991e+01
6.081723457240371e+01
3.921685905159305e+01
1.477803337144574e+00
6.361576987598826e+01
3.743193728729707e+01
3.390201029083785e+01
8.243776717336745e+01
4.544462731361605e+01
3.989773836913413e+01
9.923455179633319e+01
7.976142777118899e+01
5.303480110738185e+01
5.545734961305622e+01
6.344275589261332e+01
3.859668063865820e+01
3.738815707032948e+01
9.246545615255155e+01
4.096157087057902e+01
1.769629992437376e+01
3.504842288561558e+01
4.747965365996568e+01
6.794697198455547e+01
9.363517407031506e+01
3.376984458126586e+00
8.438885290380048e+01
1.064441307012197e+00
1.426326097653399e+01
6.128995966226326e+01
5.420748337833560e+01
3.241614943017073e+01
9.119143769666154e+01
5.300182455824773e+01
8.894739592864522e+01
5.905913610898850e+00
5.292021425111230e+01
5.793962984249909e+01
4.968990364563181e+01
2.235157653798888e+01
3.570261040502349e+01
3.409878045045714e+01
1.180987535594491e+01
2.714991719794921e+01
7.040876321047953e+01
3.756306405997046e+01
7.416973047618276e+01
4.803892203981007e+01
4.678589745740681e+01
5.198451459965879e+01
2.289524959535117e+01
9.134851330488385e+01
7.993414480236086e+01
9.744666833311631e+01
2.918422325941930e+01
4.527100643388508e+01
1.250175419845700e+01
6.967912319567013e+01
2.654726739346388e+01
6.189018458215993e+01
8.723261081019072e+01
6.872404546883145e+01
9.109242744329032e+01
3.149178471951363e+01
4.287820539571261e+01
8.057486516450292e+01
3.739769837697860e+01
1.716548908369871e+01
9.173240735741911e+01
7.247587133779929e+01
5.553856047593921e+01
6.592141700252957e+00
7.667436184206716e+01
6.997498952316819e+01
5.212772090552734e+01
8.530200765715075e+01
2.674208964535132e+01
8.689765645512270e+01
1.743124575234542e+01
4.067474945479759e+01
2.754003462732771e+01
4.168515500691028e+01
3.502676325618604e+01
4.018456132159780e+01
6.788855235459681e+01
8.580469004148836e+01
7.884076939841768e+00
9.615741167038559e+01
5.126941304247333e+01
5.224303940881185e+01
4.448788871266316e+01
7.544728646774185e+01
3.849687531520467e+01
3.558031615595348e+01
1.908879714044221e+01
8.201874833648036e+01
9.509184551196725e+01
8.993727834426672e+01
2.260305379638590e+01
7.638436745683866e-01
8.763789994997806e+01
3.837958864792231e+00
7.881643049363812e+01
9.253047238687540e+01
4.802356741764749e+01
7.413722960005386e+01
4.302386508464062e+01
9.644854264168467e+01
8.177450959653339e+01
1.282844469548596e+01
4.065377737425909e+01
6.213853878999992e+01
9.657020685103265e+01
8.094895434610031e+01
6.477522340825537e+00
9.897329360198849e+01
5.183062844529312e+01
5.377437130258157e+01
2.918791274036650e+01
8.291261558556585e+01
7.270338957789512e+01
8.031798441909159e+01
5.487182566657282e+01
6.871755727041399e+01
5.260055631054591e+01
1.003904431594491e+01
2.226682171331105e+01
2.116556084769105e+01
8.389265638957390e+01
4.324254088254764e+01
8.050360320159402e+01
6.800796639547123e+01
7.473504784271822e+01
5.279602042995209e+01
8.431623325884166e+01
5.014817297931210e+01
5.248231196425963e+01
9.498804993694093e+01
9.264437816694583e+01
4.084349285850464e+00
2.670020797601911e+01
7.765869529808811e+01
6.274497451388509e+01
5.083410043773898e+01
7.597148561662598e+00
3.150944366655752e+00
1.424190672777682e+01
9.029886978226661e+01
8.514637927764393e+01
6.024741724145013e+01
8.345997803074306e+00
1.211335352254722e+01
5.074081646778659e+01
7.885562580956874e+01
2.601855421719074e+01
3.949898269004141e+01
5.379530254462516e+01
7.477357088344803e+01
1.462482489395180e+01
1.453897148116444e+01
3.424330173723553e+01
5.509968523639239e+00
2.043548325096978e+01
1.937818900653077e+01
7.519630606993861e+01
3.539158377581816e+01
8.490603788984289e+01
2.514060704276925e+01
6.471296542543590e+01
3.754115502235533e+01
5.582927007033921e+01
7.404185755832208e+01
2.740581274377453e+01
4.555647775789558e+00
6.983557453837039e+01
2.605128252229247e+01
7.377814463050018e+01
5.736638463910967e+01
9.932679748131279e+01
7.178588401143713e+00
6.720776877701644e+01
4.660440857829731e+01
4.378275058408396e+01
4.101999054710380e+01
8.652842109395583e+01
4.469668438876825e+01
3.305885397505893e+01
3.162479020265154e+01
2.616593750480839e+01
9.062030291679329e+01
8.848324501350673e+01
3.359034496061054e+01
4.941695744610250e+00
6.397148434257670e+01
2.227982963541515e+01
8.460188507316721e+01
3.783219328049206e+01
2.429560386775788e+00
6.273020341188190e+00
2.545158705927971e+00
9.901835611044353e+01
6.315291270760489e+01
6.253690196319339e+01
1.051382953790661e+01
8.927330220549987e+01
1.899436238174995e+01
5.395455637665212e+01
9.933786005682211e-01
4.496007610343401e+01
4.106780110908105e+01
5.251012158231350e+01
2.388650501327892e+01
2.661896204884115e+01
6.126920718758796e+01
5.539313194127433e+01
5.780529331313693e+01
9.963407204469389e+01
2.062060405529132e+01
5.570445640743917e+01
3.387351447431068e+01
3.371798146223555e+01
2.931996208118273e+01
2.317021974510058e+00
3.912163252901362e+01
8.637180006428240e+01
7.112147974368254e+01
1.843054756449095e+01
1.947229328540726e+01
8.994204443411066e+01
5.093423461119377e+01
4.137777864997172e+00
7.387245207739642e+01
3.461876406083757e+01
1.640435080807859e+01
7.689872359712548e+01
7.063426015462460e+01
1.004513912370668e+00
6.430449479459995e+00
2.930744752721277e+01
8.894817782051311e+01
4.935029742743368e+01
1.587772030191390e+01
3.463843829680162e+01
5.329969392777406e+01
2.564118161128889e+01
8.416661721848260e+01
3.893714120562055e+01
7.826476948254964e+01
6.678300419206870e+01
1.172852931159014e+01
3.814759558911789e+01
4.559008313603238e+00
3.159146221894373e+01
8.856176449384623e+00
3.956412083449034e+01
8.441675067153608e+01
4.239838381409569e+01
7.204684772158360e+01
7.665623294965188e+01
8.643674761356635e+00
6.864977933869221e+01
5.619334152722422e+01
1.643088148740627e+01
7.492257662812368e+01
4.549203815194407e+01
8.445795615411268e+01
8.171418373552811e+01
7.994973151010915e+01
7.833746898841926e+01
2.004653719256005e+01
7.090189078399068e+01
6.767128499582003e+01
3.503209838412334e+01
1.678213477916184e+01
2.097097887702797e+01
6.067327999541223e+01
5.831087793144903e+01
7.740393317183663e+01
5.139486466133728e+01
2.509388207695162e+01
3.764265623765190e+01
8.201805678290225e+01
5.396538374664512e+01
3.064949625667627e+00
2.997715549076775e+01
6.365413608199644e+01
4.031115301899200e+01
4.675486686022713e+01
2.507663267901010e+01
6.147009076619059e+01
6.453633651348592e+01
8.674808078759726e+01
8.295162710498629e+01
7.153712952115440e+01
6.273293558635420e+01
1.916950993201207e+01
2.746876055722533e+01
5.473158059396389e+01
1.432291931208359e+01
2.577657519177374e+01
4.773758028062879e+01
8.650573384319699e+01
2.966502887646902e+01
4.675895504036870e+01
4.248348457854404e+01
5.063600775349699e+01
5.245949665664672e+01
6.608466821074703e+01
6.231592412214536e+01
3.073729715810031e+00
2.853292493546983e+01
3.026421695494290e+01
9.280447200536935e+00
4.890296610486832e-01
4.759233759138377e+01
3.260136727830459e+01
9.143612137596874e+01
3.395115790606996e+01
2.481712038853072e+01
2.361173193138639e+01
1.370745576625106e+01
2.739395491191836e+01
1.635291088202638e+01
1.344759870015439e+01
6.691045251996744e+01
3.440857587121827e+01
9.032860588763310e+01
3.842099031359935e+01
2.307612873757078e+01
5.185006216720215e+01
9.751307167928344e+01
5.506481325955355e+01
7.425287457846704e+01
4.116837812642026e+01
2.229596363487466e+01
1.555808503905222e+01
3.321179153081579e+01
4.974063991091244e+01
1.986960960546024e+01
6.782034880845825e+01
4.071720616925378e+01
5.859922178024390e+01
3.314300162398396e+00
8.537978319701729e+01
3.438175163901492e+01
3.812523611733934e+01
3.201560221240651e+01
1.337298188049951e+01
8.672110288716904e+01
4.251487536472961e+01
2.273503286891386e+01
6.530678219409045e+01
6.101491817320460e+01
3.632113106377475e+01
1.840336356237687e+01
8.250345572945823e+00
7.124342213908371e+00
6.661155729862467e+01
4.667133588654517e+01
7.826389874250810e+01
6.131019329713201e+01
2.082237076052575e+01
1.310469196788254e+01
4.843311190997861e+01
8.977432795324098e+01
1.588934330078277e+01
1.754079289619848e+01
5.030315651106795e+00
6.218640835126229e+01
8.561424616985687e+01
5.884955146296394e+01
5.639477039519454e+01
9.091794327409842e+01
3.542549411553214e+01
8.758248481321264e+01
2.503733929481233e+01
3.001179761719508e+01
9.463048493239586e+01
7.366397579836844e+01
5.172309994312148e+01
4.951682875376047e-01
6.584008953806017e+01
2.061648691101768e+01
4.748459171852311e+01
6.214576445619844e+01
4.713423589576698e+01
6.522035317738558e+01
5.303442131403574e+01
4.200642339047344e+01
2.406273178014100e+00
7.800067806523326e+01
1.532445089673831e+01
4.466526091316029e+01
3.394484544822240e+01
1.046436462107318e+01
8.149991663242686e+01
6.215571605700801e+01
4.862661200977239e+01
4.977900723450771e+01
1.383271828006614e+01
4.504968889292781e+01
2.931109072142797e+01
6.967709994394197e+01
3.987276481458581e+01
9.147494234679031e+01
9.431723584156356e+01
2.186947135341795e+01
1.042965571881722e+01
2.368766466327369e+01
3.834643887278924e+01
8.063638400316069e+00
4.245199879745580e+01
3.063785644743492e+01
5.762579574139127e+01
7.166742471590052e+01
1.602697713115577e+01
9.406150392911466e+01
4.587629784172228e+01
7.118604428655749e+00
3.208720801961012e+01
9.659877461222874e+01
3.794381652862943e+01
9.466929901143037e+01
9.581913109674079e+01
4.763367983868051e+01
9.697008561201864e+01
6.526729281305676e+01
6.707916383961177e+01
4.348844412876687e+01
8.718211207873287e+00
3.091538559222379e+00
6.508490823446070e+01
3.347543433004778e+01
9.412275915691758e+01
4.957673049046505e+00
4.369760302067623e+01
3.506001761884429e+01
1.351523358072864e+01
1.473542145208242e+01
6.354695109815660e+01
1.558550764601003e+01
4.512010284006600e+01
4.515481653863323e+01
5.316447743827686e+01
3.583751094333712e+01
3.796328796910275e+01
6.681726005245804e+01
1.776695154503312e+01
4.245066872912025e+01
6.725797111506479e+01
6.734528358436435e+01
2.011907092301132e+01
1.242834544388035e+01
3.025998781912960e+01
3.520397447757608e+01
3.184537320949388e+01
6.910134687512245e+01
9.249582439311585e+01
1.713045072608183e+01
6.810879445081055e+01
4.067523174019308e+01
3.926606696996189e+01
4.037129322084193e+00
9.168926551551058e+01
7.199097139387902e+01
1.882819585447581e+01
7.537831686221917e+01
7.884780535420767e+01
7.451467354526496e+01
3.062661258998635e+01
9.790316494084111e+01
4.716873059383069e+01
1.969461698070849e+01
5.465201626282745e+01
7.151720257080962e+01
4.542699691160908e+01
4.012517753994334e+01
6.820073764221777e+01
4.048185005806473e+00
4.152097978699998e+01
6.334615632116149e+01
9.144130851674885e+01
1.221321076723431e+01
7.577450176504185e+01
9.917885032444207e+01
7.804668884633421e+01
4.199213978927217e+01
2.640892366245804e+01
1.063048607233469e+00
9.393831807837743e+01
8.132434407310763e+00
8.540935259564284e+01
7.768049015555553e+01
4.451504617208384e+01
8.363528274168972e+01
1.805765373541864e+01
2.721929132343237e+00
5.878788561503770e+01
8.046635961181781e+01
5.014925051953143e+01
9.915829040070916e+01
8.407307038273339e+01
2.501266772160897e+01
9.951636167220602e+01
2.833285021052363e+01
1.161068832111111e+01
3.175286153878684e+01
4.414526999189764e+01
9.383775670725749e+00
7.999350413679774e+01
2.122416669559859e+01
5.712203795887625e+01
1.121426285766729e+01
6.553491655063578e+01
7.692079342758321e+01
1.958097332137682e+00
9.533685953139181e+01
7.713981269725589e+01
5.871944881916021e+01
3.488523007132356e+01
5.535021547942898e+01
1.957465159686965e+01
4.694067269886875e+01
5.413391145604379e+01
1.799868569616167e+01
9.185502752282424e+01
8.793555325266698e+01
4.507096644727093e+01
7.387883671274355e+01
7.107824379162781e+01
3.312734930456027e+01
8.574610859423228e+01
4.821553325663113e+01
1.011560103395749e+01
7.101536945952817e+01
4.571376198237471e+01
1.697930619911259e+01
7.691555427243727e+00
1.718493933658345e+01
6.964470467979308e+01
7.097430530515234e-01
2.985482654993181e+01
1.775368443585638e+00
4.910943459212288e+01
5.113304385502499e+01
2.548728795977649e+01
9.771332666171404e+01
3.652842842812111e+01
3.869342517046883e+01
3.153761496373341e+01
3.600661532767425e+01
6.196378639990640e+00
6.007923281755263e+01
3.262057874008109e+01
4.067354497531128e+01
6.197425157854997e+01
9.953496074282330e+01
5.266334817403152e+01
8.543910644270439e+01
1.408863533944294e+01
8.603487735895202e+01
3.070787206790776e+01
4.059678532210960e+01
5.149100928171119e+01
9.037021765968308e+01
1.161215473507166e+01
5.148404298884982e+01
4.214067894133770e+01
5.065508589644687e+01
7.762999114470091e+01
6.693649178693839e+01
1.090502809309635e+01
7.484817648066588e+00
4.312258066754908e+01
9.869386446601425e-01
2.874560702068061e+00
4.451742700511470e+01
1.012257747823493e+01
3.380192850427792e+01
9.335630247060037e+01
2.854272989953995e+01
1.320423186440218e+01
1.861947542923478e+01
1.214505835070510e+01
6.867618563988999e+01
4.203027963732848e+01
1.201389451139322e+01
9.138027987972846e+01
4.208949075177754e+01
5.955841637195945e+01
5.246849192887009e+01
3.590090881842231e+01
4.913432022982013e+01
9.306527725097969e+01
4.768044359408340e+01
3.950453784293707e+01
6.539724127640820e+01
1.841751854793053e+01
8.931916225204205e+01
1.905781771943803e+01
5.484635525143070e+01
1.408194588221700e+01
9.464275403630117e+01
7.811032406897765e+01
9.615340572602740e+01
2.463488943159343e+01
7.759367217197719e+01
7.136341671988528e+01
4.860460471762559e+01
6.599752528872226e+01
3.443443217986936e-01
9.573333454119663e+01
1.568481880970524e+01
8.432167642019766e+01
2.065977720574465e+01
5.219415652202171e+01
9.903810634232968e+01
9.873097678587351e+01
5.217706693903406e+00
6.746626331818581e+01
1.354939351489273e+01
3.965759917146415e+01
5.112863269221440e+01
7.415717899527270e+01
3.465112207208346e+00
5.128953189183470e+00
9.186328881972624e+01
7.977545483958696e+01
8.795401853879635e+01
9.612469347013379e+01
5.661821228294550e+00
7.142672360475488e+01
1.868118686540107e+01
5.320929179583177e+00
4.639228686987995e+01
4.537322993640473e+01
3.031227455023317e+01
5.343187058038631e+01
4.019831011081036e+01
7.586577743099340e+01
1.761472007148653e+01
4.600524327066040e+01
8.466593464122431e+01
1.762500136048766e+01
2.965839772003628e+01
7.138301686913847e+01
3.515268482042136e+01
2.133763116846682e+00
1.945668171134623e+01
6.843556373772937e+01
4.171488966872678e+01
7.762416269519560e+00
2.983985716935241e+01
7.092455782504965e+01
9.718047533984318e+01
7.095005506228193e+00
5.390640867590272e+01
3.076189389953478e+01
6.521323726755251e+01
1.931644348395823e+01
9.301650304953405e+01
4.540690358048627e+01
4.462935512169700e+01
1.732594939755553e+00
2.024332388315505e+01
6.797076653128991e+01
5.724558050615973e+00
7.818766966377743e+01
3.184636232063470e+01
2.246120470690597e+01
6.186261603695462e+01
4.946108239212123e+01
6.103407100822500e+01
2.007373078729665e+01
2.940317258676662e+01
2.552869311791318e+01
8.017708448701403e+01
7.319711925145104e+01
3.845314320104809e+01
3.530715593849642e+01
1.869612690931937e+01
8.992571695238618e+01
6.584274599600711e+01
9.140990129271984e+01
4.565718646424691e+01
3.468333745127699e+00
3.423647523589268e+01
6.869717928054612e+01
3.423022764466248e+01
5.715270813421937e+01
2.072647526894066e+01
3.651302356110561e+00
8.091950289947889e+01
7.463316608901749e+01
6.341072733672836e+01
8.922190917153931e+01
1.257747077037462e+01
4.393143157657769e+01
6.609127356954444e+01
4.442383309100933e+01
6.415427874967189e+01
4.276138890663226e+01
9.382964307154977e+01
7.737308832694455e+01
4.805724269154354e+01
1.236535451019432e+01
1.633886993692204e+00
2.506921488096435e+00
5.394180158802392e+01
1.061452413472092e+00
2.254246492988545e+01
7.012817271525421e+01
7.233533490092276e+01
6.170690523539991e+01
7.311123519815096e+01
5.680019592717299e+01
2.898744029411461e+01
6.705987847738893e+01
1.052675550362410e+01
3.961532141064076e+01
3.820248285224777e+01
9.596885796448629e+01
8.168589048166103e+01
3.598673578164854e+01
9.636283330449966e+01
8.635664004197187e+01
9.511266960534857e+01
9.125458052905955e+01
3.028807157198343e+01
2.900668328116028e+00
9.546726974447597e+01
4.845173435679252e+01
3.194482979920918e+01
9.742859722926683e+01
9.680740283653485e+01
4.288403691858241e+01
7.053714057921299e+01
3.517704263104919e+01
4.883914689945018e+01
2.931954382421428e+01
1.423962382331473e+01
9.932580771824615e+01
4.647260478067799e+01
1.780688106911578e+01
1.398233897703809e+01
1.826855461963851e+01
2.035029359178166e+01
7.185613050677634e+01
8.358013135547756e+01
1.708383751897320e+01
3.388181511959146e+01
3.864736423764721e+01
7.897069383364669e+01
3.477654342296373e+01
1.338092508417597e+01
7.367616117637425e+01
7.022119335374850e+01
5.299547354364557e+01
2.325973334874014e+00
1.258702558120108e+01
8.620935216835205e+00
9.719024873207800e+01
3.068376496931714e+01
1.228820952227721e+01
7.921135033444099e+01
6.899233002634362e+01
5.774741790152500e+01
1.533435006408689e+01
5.651277315640486e+01
3.168385132759989e+01
8.020996785732450e+01
6.229985429081128e+01
2.470598887871298e+01
3.003475271632651e+01
9.009574935310323e+01
4.656443649277298e+01
5.673319332149494e+01
1.038346710167055e+01
2.555125636307116e+01
1.104624500081234e+01
4.594389286169032e+01
1.636046977544225e+01
3.012830588506921e+01
2.491458669533701e+01
4.426868341130609e+01
2.392113209884666e+00
5.434061105099535e+01
1.303544869322118e+01
9.290526485671535e+01
3.252115800628492e+01
3.275629581546238e+01
5.139564073243906e+01
2.971140669179680e+01
1.744359993256796e+01
5.629070073193437e+01
6.501162898028811e+01
6.568268140111243e+01
6.216026645254357e+01
1.270712493579235e+00
6.578253818013824e+00
1.448150790039520e+01
4.590302558890685e+01
9.193758815151527e+01
6.135382548037629e+01
1.969085155040531e+01
8.680418184343920e+01
4.407093061323787e+01
2.360433271322601e+01
9.469098942107101e+01
6.043729980496564e+00
2.855099222089676e+01
5.065678360436894e+01
6.947229167887582e+01
2.926717709250151e+01
8.582323681834303e+01
3.719172367695334e+01
7.034417422038698e+01
4.058147880275803e+01
5.209798610401246e+01
7.767563098002022e+01
4.424766122561305e+01
1.870808797828298e+00
9.586349031695327e+01
8.793391207602524e+01
3.166379920750102e+00
2.879982661865644e+01
9.390247901617664e+01
4.753156972468438e+01
7.564285731671511e+01
7.147128706400808e+01
5.424163036711590e+01
3.841039675213881e+01
6.509757240540235e+01
4.913609644823526e+01
9.720019255634407e+00
7.555783110463891e+01
9.338972763781889e+01
6.486322188976371e+01
2.147685024956095e+01
8.530756220468672e+01
9.993558339771609e+01
2.161357049905396e+01
4.051340680593318e+01
6.775821050058966e+00
4.773311570646852e+01
4.830478227152712e+00
8.645851178395493e+01
1.807728988028937e+01
8.063698032900550e+01
7.382853765684577e+01
6.720394364893620e+00
6.748384813195274e+01
6.464597613767069e+01
5.540112753184565e+01
9.153673559964483e+01
7.439669495187546e+01
7.206885152127074e+01
7.312454323895487e+01
2.710319348941706e+01
2.490758659546617e+01
5.309017209945720e+01
5.643890516666644e+01
2.559980993419877e+01
9.585098498307680e+01
2.515048008651960e+01
1.830970073040095e+01
9.413956249791177e+00
5.082698634398495e+01
2.803167022207364e+01
2.912643483333589e+01
6.605388995541907e+01
2.031925656847621e+01
9.747402588719224e+01
4.871817708421414e+01
4.509038545428328e+01
3.263262344181194e+01
4.196154654117373e+01
5.670753766629265e+01
8.994791893751729e+01
3.973592405195159e+01
2.904529898848631e+01
2.868437982568721e+01
2.499367521376986e+01
2.333355169898530e+01
6.787548291863664e+01
4.174400840035826e+01
2.905175463717979e+00
8.695675781320629e+01
6.881929145605270e+00
4.220425395397668e+01
9.188530388841653e+01
3.066401334044711e+01
9.864315912064312e+01
7.233688573927473e+01
4.213586474868276e+01
5.688343544345508e+01
3.409845104166234e+01
8.759253266621033e+01
6.737119484104738e+01
9.373682816221232e+01
9.086498529224889e+00
3.155223514491330e+01
5.456717258997595e+01
5.437998699693940e+01
4.545308046296848e+01
6.867710187503933e+01
3.610373914060357e+01
1.942089638645803e+01
8.219069153172461e+01
6.929058263510959e+01
7.680629942417438e+01
9.380155340479759e+01
6.717189339323522e+01
9.621621900993223e+01
5.599859000928634e+01
6.768603346668465e+01
5.128147050332347e+01
4.112326383643004e+01
2.880270617492623e+01
8.031460050508129e+01
7.701998426440171e+01
4.274070050695013e+01
9.307689261300345e+01
3.978370988731445e+01
5.017747592654893e+00
7.167762353628763e+01
5.404604741094916e+00
3.339926303988288e+01
4.500423564808641e+01
9.708634177087170e+01
2.402132638917366e+01
1.781232544119112e+01
2.817403256342469e+01
3.033966837932340e+01
3.712911030143924e+01
3.807057283728876e+01
2.196455948146273e+01
7.177447684657503e+01
2.430871670335006e+01
9.929226622883802e+01
7.487407218426189e+01
8.083511971907463e+01
5.388068796781855e+01
4.220759498058241e-01
6.114992921294175e+00
3.537182925984814e+01
4.731619346296237e+01
5.679837798550650e+01
6.798356215841302e+01
1.958984649721060e+00
4.904672924850450e+01
4.362416763027392e+01
9.586570965864961e+01
2.046286217889882e+01
8.278602365534103e+01
2.144075381636655e+01
1.671181927281982e+01
3.752578633722187e+01
4.463338989048889e+01
6.171605492090622e+01
9.064102936100262e+01
8.587246788007788e+01
9.971100906827999e+01
2.642443232537454e+01
6.025627877575172e+01
3.303555964167955e+01
4.147273443707858e+00
5.032020478989938e+01
7.659746900973724e+01
4.904212739739666e+01
3.728056812532273e+01
5.711634874209592e+01
9.321196213979832e+01
1.489484138549065e+01
3.541199017102457e+01
3.745022087239205e+01
5.924495433422036e+01
9.829990388746369e+01
3.636668349447040e+01
8.141301371222967e+01
6.504385092530579e+01
7.688044257316758e+01
4.298971250792486e+01
6.278127541895084e+01
7.583401812046488e+01
4.431931192256478e+01
9.087083073839118e+00
9.912399696145393e+01
5.808350320816204e+01
2.194529651754782e+01
3.167976328715671e+01
2.075277223286814e+00
8.180117312902640e+01
6.455015198539485e+01
8.506919754905124e+01
2.428318151472284e+01
5.263853592455319e+01
8.792267836999274e+00
8.251343131182409e+01
4.526471753849868e+01
3.052774957871425e+01
7.490834736959467e+01
8.743611205715504e+01
3.133739872432193e+01
3.741640846124683e+01
6.418816748270214e-01
4.909927223301459e+01
6.737521908589417e+01
5.464900529694231e+01
2.972901581308293e+01
9.233110402353624e+01
3.641403123569397e+01
9.576731137734247e+01
6.958383799976848e+01
9.247754173934345e+01
5.850049483520002e+01
8.176185697399167e+01
1.675720234250520e+00
2.496450763426931e+01
4.869457490215757e+01
8.553789890629142e+01
1.717927442732233e+01
5.549331873445460e+01
2.941979245721353e+01
3.590690495255725e+01
7.503696068890251e+01
7.388381337462170e+00
3.435231923794016e+01
7.285650538879284e+01
3.676198815776128e+01
8.210345952869554e+01
5.105618091814973e+01
5.290224088956707e+01
7.270436728033441e+01
6.719658759757718e+01
4.594907818639143e+01
2.460364034613764e+01
3.321043315027395e+01
5.663740996114789e+01
5.998584728687343e+01
4.929732300774069e+01
8.993294918440886e+01
9.587267245905132e+01
4.487665088143044e+01
6.974414082697785e+01
2.354638423935808e+01
2.670445531918875e+01
7.175683871459069e+01
5.750348389032459e+01
7.935717109560835e+01
2.252101838706109e+01
7.014170972171320e+01
3.793921300114096e+01
1.642859471795549e+01
2.373423414478741e+01
9.905584366016828e+01
9.542857045094881e+01
1.719327593091562e+01
2.200923833158297e+01
4.700761197461169e+00
3.203709476256608e+01
5.057677717440612e+01
7.651294948370800e+01
4.847713012643025e+01
4.430975562162220e+01
8.368049519307935e+00
3.488050454057777e+01
8.666244148586991e+01
8.223403607599160e+01
1.867075754267664e+01
3.087795899756158e+01
9.812681516545211e+01
5.250317214639074e+01
5.318935497346769e+01
3.044869700933280e+01
1.757890485114367e+01
7.673573921282578e+01
5.899436593008897e+01
7.289936015051759e+01
1.957843686434367e+00
8.572413599385142e+01
2.890562854190619e+01
1.271784706633438e+01
4.195769258865979e+01
4.040521566774939e+01
7.585234575711766e+01
3.779139427365335e+01
4.190989073454863e+00
3.719385477583570e+01
1.942278836826924e+01
3.221839192892350e+01
5.303603497009540e+01
7.777439494513646e+01
1.341089266976849e+01
5.257129061621208e+01
4.904745693739851e+01
5.289955928591059e+01
6.408932170089768e+01
8.558367839343086e+01
2.313234802481362e+01
2.499936089152440e+01
4.440607789177731e+01
1.415498662467813e+01
8.052009115019818e+00
5.643189300616825e+01
2.770064250924654e+01
7.475501809956275e+01
4.301412554598139e+01
3.223785107593883e+01
3.107312677012436e+01
5.082845923063739e+01
3.880109732914767e+01
9.129893546518821e+01
8.567343930978022e+01
3.279712392613158e+01
3.966338315031649e+01
5.670626971717284e+01
5.877975703160267e+00
7.509554367284082e+01
9.764432934934474e+01
5.228347519984631e+00
5.583475546717399e+01
3.161157948505672e+00
1.460347069176076e+01
3.292928903034390e+01
3.453897220759604e+00
5.805334581902872e+01
1.971690930412938e+01
2.198528620506883e+01
5.315412923374871e+01
4.882502800264630e+01
6.364987872710911e+01
9.177822102409705e+01
6.038558872434571e+01
5.313483954087591e+00
5.377417549201016e+01
8.808623123359224e+01
7.827543382452589e+01
9.678830108455769e+01
8.306394395561141e+01
5.394121103637908e+01
8.892493312662697e+01
8.291860859977017e+01
6.767856095343761e+01
1.153349341430398e+01
7.309294565259150e+01
8.193324654453119e+01
9.920931151099937e+01
1.058676885933930e+00
7.872624610491388e+01
7.602093698271593e+00
9.734918707858267e+01
2.054338032405050e+01
1.607701755877445e+01
3.731939510317491e+01
5.119300421848567e+01
5.879357320200352e+01
2.119794037248843e+01
2.714960539115109e+01
5.057059477575616e+01
7.967302453688953e+01
9.359743743836761e+01
3.440163607448415e+01
1.740443148529363e+00
3.386304529098004e+01
5.307811687378125e+01
9.920465764552572e+00
2.289859811910363e+01
6.558969903997597e+01
7.115481461917740e+01
1.626425763418165e+01
1.076950268390100e+01
6.007974769923824e+01
1.044374760726641e+01
3.120788095109532e+01
4.458728090142239e+01
4.827167119284704e+01
5.774820496223317e+01
9.867231850450501e+01
5.452104269271765e+01
3.379819762604227e+01
5.924574735539302e+01
8.065275111266075e+01
5.665253431380379e+01
8.605549744612327e+01
8.489833329101015e+01
3.882390402202676e+00
2.467672197365981e+01
9.638563892635780e+01
4.274987319612404e+01
6.613461024413565e+00
6.253573278083267e+01
5.454059548421790e+01
8.565815248790111e+01
3.985342622727781e+01
6.886773266311164e+01
3.873626936168236e+01
3.999274384230038e+01
4.101447902667079e+01
1.235530055703376e+01
9.882546523531221e+01
2.050281885103454e+01
7.549712088680693e+01
4.568429922018400e+01
4.267430866261679e+01
3.632170750588259e+01
3.202958001384027e+01
9.310082303970159e+00
1.988523999223730e+01
7.250387509004393e+01
4.995837446765898e+01
1.096021794293086e+01
2.406187417174777e+01
2.975782669603723e+01
3.653096805165102e+01
9.732619481968050e+01
4.756551075147721e+01
4.437650653737435e+01
2.672921308629644e+00
8.206246471128541e+00
6.799195756576580e+01
9.286382333043210e+00
1.947310795982979e+01
8.909020996144517e+01
2.945001010291745e+01
3.143739110391466e+01
4.929132310174933e+01
8.877992946132083e+01
3.723076886368485e+01
2.955176356693346e+01
9.614968620992717e+01
3.184795753650738e+00
5.900036695366742e+01
1.648300020791730e+01
4.676348029019473e+01
1.322364477125166e+01
3.294939526028438e+01
7.879306035060112e+01
6.823219823103035e+01
6.097472289622515e+01
1.256437642153556e+01
8.318866220451363e+01
2.111899015545798e+01
4.741168117495798e-01
1.294648885398474e+01
3.540576642165229e+01
3.424424581892986e+01
9.331944849962342e+01
3.406308108664261e+01
4.664565112751241e+00
4.270219273991054e+01
3.085731478913562e+01
8.847148627437255e+01
3.749095324310053e+01
2.801544229873244e+01
1.904123514846025e+01
5.613148610858781e+01
9.384299590896956e+01
8.161653172300035e+01
1.651875787252503e+01
6.534285799848980e+00
4.207040990799219e+01
9.457226795822953e+01
1.368765938733130e+01
8.687265370361165e+01
3.971513148383942e+01
4.745678214703536e+01
6.321801057235245e+01
9.612540090276181e+01
1.320335972737677e+01
8.907443056305611e+01
5.325910684338729e+00
9.764973544406227e+01
5.114787349065201e+01
3.240802056733892e+01
8.270762068345566e+01
3.651087546558626e+01
6.665226638626879e+01
1.704754075829291e+00
2.261950076679676e+00
7.194779807326746e+01
2.227360551351384e+01
2.837321475538109e+01
9.438434713258610e+01
6.986747522366581e+01
9.461330645466843e+01
6.936303953144841e+01
3.325637794717046e+01
1.067971140643568e+01
4.540954252956879e-01
5.030759132947195e+01
6.061174541740294e+01
3.159055031444437e+01
3.454127611338220e+01
3.471898270524991e+01
6.274611505807663e+01
6.699721471732353e+01
7.672441777620669e+01
