3.415513026255888e+01
9.585386630885949e+01
8.992777755014960e+01
5.841351997033392e+01
9.834614819770033e+01
8.741849921057863e+01
2.278208957183272e+01
7.674790093523818e+01
9.531191554633523e+01
6.228926985631197e+01
8.688053585909332e+00
3.693403179614527e+01
7.932594142822825e+01
7.610567900170837e+01
7.510836090664769e+01
4.479415456056323e+01
7.011919509159364e+01
7.723104249557063e+01
6.243072783687652e+01
5.623730940569067e+01
4.654702658138565e+01
6.420117251770625e+01
7.487153102404976e+01
5.045642859789376e+01
6.067160147273521e+01
9.817621717144559e+01
3.390983242257956e+01
7.926952828619142e+01
6.420472379038330e+01
3.329202618137563e+01
2.307421254137261e+01
1.124116052465567e+01
3.063933445636152e+01
5.668999313222710e+01
4.133994730251839e+01
7.915498198902002e+01
2.758961074407660e+01
8.656672820754663e+01
7.353129255284149e+01
8.684162427058519e+00
4.885599801729247e+01
8.221934613875082e+01
2.200821718294556e+01
9.641376924534039e+01
8.341328198249139e+00
9.711657813615938e+01
7.181161701297928e+01
3.662921955652033e-01
5.256953577165005e+01
7.366113284307585e+01
2.005222440699685e+01
3.514427465160576e+01
3.786230536078210e+01
9.076564763242642e+00
5.955584741176844e+01
2.475073571538121e+01
8.563911602163647e+01
9.346567988091414e+01
8.655882216364090e+01
5.457613154061890e+01
4.575745595887185e+01
6.656685507230779e+01
2.101824466186494e+01
6.681700216923700e+01
2.683139533122601e+01
8.437028112093465e+00
4.105989883703175e+01
4.020364225851542e+01
4.085576796944056e+01
2.745865058501188e+01
4.888780468557393e+01
9.481578459721793e+01
6.204887929467898e+01
2.578991028749845e+01
4.105736619842116e+01
9.878148515652004e+00
6.367997436955570e+01
4.713766041544157e+01
3.832236874770484e+01
1.624951014120574e+01
1.643252503892059e+01
5.425734694779727e+01
3.345672890239243e+01
9.387072045070617e+01
1.167670069806124e+01
7.632587904870783e+01
2.292632810907733e+01
6.837268069776366e+01
6.979155888305584e+01
1.330528045692727e+01
8.854198092061188e+01
5.969226549365198e+00
1.607410750169032e+00
9.560225582476809e+00
7.278622871860220e+01
1.677877670935298e+01
2.978260793247382e+01
8.502256715904110e+01
3.808945144437693e+01
4.143103614516139e+01
3.792249077834305e+01
6.393471321274280e+01
3.624682069581320e+01
1.272218390960348e+01
7.318915998246015e+01
8.919642171319406e+00
9.935376276232012e+01
5.099369662394454e+01
7.518190083800903e+01
3.767613146345882e+01
4.930615087473120e+01
4.536319181572794e+01
3.338277397369163e+01
4.503190389137338e+01
3.923391221986800e+01
6.142166422746222e+01
3.111754545528327e+01
5.785536833938927e+01
7.088245077565426e+01
8.937893844646352e+01
7.116064884288267e+01
5.942443164970000e+01
7.397714423666575e+01
2.734455444260712e+01
6.898465723217682e+01
3.963456770388157e+01
3.980674629090668e+01
8.322717122883870e+01
6.335028268552863e+01
7.253945380101887e+01
8.013535480952605e+00
1.272773417305561e+00
2.597944760973540e+01
8.930835094736346e+01
9.074838766397367e+01
6.642829029188877e+01
8.557929628788460e+01
9.010215037972766e+01
3.603774189764529e+01
2.680316936541496e+01
2.777828179662036e+01
1.742014522544115e+01
1.412642640719490e+01
4.541302800430591e+01
5.904506242789564e+01
7.461962428624724e+01
8.993478384331557e+01
9.356959457209780e+01
8.365039056336991e+01
6.081723457240371e+01
4.198076261299698e+01
2.553302544426779e+01
3.581918344638272e+01
4.324107204714840e+01
4.778860139091900e+00
6.421664294983104e+01
3.800264123734210e+01
9.275579158810703e+01
8.416355856888163e+01
1.352923922870739e+00
5.303480110738185e+01
5.536996724799740e+01
3.100431395275719e+01
3.134050892262743e+01
4.467831814879473e+01
4.267276350533253e+01
7.818285630931280e+01
7.154783805438683e+01
2.458330617499692e+00
1.422059816039195e+01
8.346774232735287e+01
1.122731813752433e+01
7.639450583439064e+01
7.345932515964812e+01
6.427269958158615e+01
6.242204688602222e+01
5.405705271012013e+01
5.420748337833560e+01
3.241614943017073e+01
4.152233267273863e+01
1.502471795073930e+01
8.894739592864522e+01
6.329887693901494e+01
5.292021425111230e+01
5.556678676771316e+01
1.144269896272696e+01
2.358509508128515e+01
2.365282514302657e+01
1.266334355467155e+01
1.180987535594491e+01
1.864157464291974e+01
6.569814466205339e+01
6.717984260394230e+01
7.416973047618276e+01
1.576552387129773e+01
1.185816070617091e+01
9.231865214757559e+01
9.923135088720888e+01
4.606339230484487e+01
5.102005077107812e+01
2.872510907646507e+01
2.953113458563161e+01
8.042792299782295e+01
3.460021723741676e+01
4.287844563037085e+01
3.706826913965320e+01
7.344677214205581e+01
5.670060112918755e+01
5.010803963528389e+01
7.059654354611251e+01
9.919004300571514e+01
9.577946876910491e+01
6.151728241775059e+01
6.103317237507234e+01
8.506516557422708e+01
9.173240735741911e+01
3.038058305642595e+01
5.553856047593921e+01
3.240066735651375e+01
4.304392661109750e+01
6.734843587845025e+01
3.346754956686290e+01
4.753614694231010e+01
3.452827843582643e+01
9.880396826137043e+01
5.345446460575539e+01
4.638643918856347e+01
7.518109543024613e+01
7.634971420110655e+01
5.454418657093504e+01
3.474684727133571e+01
5.561102882754572e+00
4.581886187466740e+01
8.847571405976811e+01
5.395839421728551e+01
1.610083482977973e+01
1.502298140666586e+01
5.825910971418913e+01
5.779914770172869e+01
9.187938230665372e+01
2.746981681672382e+01
6.124861308431654e+00
9.547778907952727e+01
5.029550127233169e+01
3.920398924462683e+01
9.108944544153728e+01
4.400817046128594e+01
3.963390502130329e+01
3.837958864792231e+00
4.066968003319096e+01
9.253047238687540e+01
4.549005015077537e+01
7.413722960005386e+01
6.247636450569908e+01
8.001832858660181e+01
2.813921045890972e+01
7.990761025804449e+01
6.760384918544621e+01
5.695560498021338e+01
9.657020685103265e+01
4.743013430732774e+01
4.851340062381392e+01
7.143851484704693e+01
6.675364434102255e+01
1.687576627213311e+01
9.663199740305171e+01
4.718923878259456e+01
5.864710894350294e+01
6.382233740939868e+01
6.946192759529777e+01
5.052649125015666e+01
5.260055631054591e+01
6.121602769066394e+01
7.399037972744105e+01
6.985752492670785e+01
2.914500698873075e+01
5.528479169834628e+01
6.757855767737075e+01
6.800796639547123e+01
5.912275060970465e+01
9.601608072222028e+01
4.277937684337579e+01
4.028989423079877e+01
2.346716053945346e+01
7.243456876484424e+01
3.026510171138919e+00
5.160637099836318e+01
2.716157693749367e+01
2.664819426212842e+01
7.275236415339278e+01
5.040299480334064e+01
9.431095742355610e+01
8.529746373430707e+01
2.780583641855318e+00
9.029886978226661e+01
9.536107601381887e+01
1.281262143180362e+00
6.978757282243463e+01
5.400818491075569e+01
8.235296089311734e+01
2.302350039734668e+01
2.601855421719074e+01
3.949898269004141e+01
9.180819987869272e+01
8.933944631802825e-03
9.356507570183140e+00
2.331481409413499e+01
9.660236751502489e+01
1.677523232846299e+01
4.083910446653100e+01
5.715731627175460e+01
4.723356447519435e+01
1.200112957134895e+01
9.156251325810445e+01
5.253158479581194e+01
8.443569833619320e+01
7.797177218737629e+01
5.582927007033921e+01
1.159727522712074e+01
1.845413396062987e+01
6.061720869532656e+01
6.983557453837039e+01
5.746323455006966e+01
3.910251839044621e+01
7.261615818022571e+01
8.735644146211280e+01
3.446359435769897e+01
7.389742036997220e+01
8.525021285063131e+01
4.378275058408396e+01
6.577399357490893e+01
1.690566340317282e+01
6.980130484784083e+01
8.734291055581667e+01
2.627569326491826e+01
6.981023879247263e+01
2.799377493932553e+01
1.379415407487850e+01
6.641260626093141e+01
3.736832059797287e+01
2.932234943347161e+01
7.424428550258479e+01
8.460188507316721e+01
4.132347900482057e+01
4.918954742568990e+01
9.524604752438425e+01
2.575917729444763e+01
2.716131956650006e+01
5.107531754815733e+01
6.527960722580533e+00
7.576345111046146e+01
9.045300124699855e+00
1.899436238174995e+01
6.562389096507052e+01
3.088622560300223e+01
4.496007610343401e+01
6.624395985447055e+01
5.251012158231350e+01
5.370560556357056e+01
7.997580565511053e+01
9.629287221296359e+01
8.756175012679851e+01
2.942876314252092e+01
6.609417701423828e+01
2.062060405529132e+01
8.943008351578847e+01
9.348633531177711e+01
3.371798146223555e+01
4.418770137437978e+01
2.091289508198988e+01
3.912163252901362e+01
7.351005080785139e+01
3.354220736471108e+01
2.402887629532668e+01
1.483352976610583e+01
6.937957823713290e+01
3.829644524412996e+01
1.663734825171407e+01
6.996670699211150e+01
2.009552112784959e+00
7.794915958212184e+01
3.007066106892687e+01
1.105485228405094e+01
5.482259209026703e+01
6.430449479459995e+00
4.930402103313432e+01
6.494937183565897e+01
6.172051842404554e+01
1.587772030191390e+01
1.865497735266340e+01
5.356648510953713e+01
1.217059246831136e+01
2.913217201322884e+00
2.736489606432845e+01
3.640628919769372e+01
5.182810935742599e+01
6.337977213011112e+01
1.416918519612829e+01
4.424883054767215e-01
3.159146221894373e+01
2.832497923091286e+01
6.202735764068894e+01
7.671046539987925e-01
5.655325067069067e+01
1.771554472749845e+01
1.560063442010462e+01
8.601711401064746e+01
9.145283689324411e+01
5.836826160474133e+01
1.643088148740627e+01
4.018395395958049e+00
4.300948979473183e+01
9.668627274068365e+01
1.540192599194214e+01
1.928368765827440e+01
4.219609463689667e+01
6.470594702507645e+01
9.225740506884522e+01
3.916613014376077e+00
8.639405280649385e+01
9.227176541102666e+01
1.852745936183607e+00
6.893802255808284e+01
4.255980231918385e+01
2.921764204707818e+01
5.139486466133728e+01
6.302432816616461e+01
7.147348745329002e+01
6.556404985746558e+01
5.396538374664512e+01
3.954404836499321e+01
8.205025702810393e+01
1.599274138733407e+01
4.031115301899200e+01
3.860350765222847e+01
3.370828611483252e+01
4.464777640283470e+01
5.543673795435426e+01
2.358065406958603e+00
1.210512896632083e+01
8.096721800089219e+01
5.728411630600883e+00
4.624763002910075e+01
5.601292916387922e+01
2.113033762254302e+01
6.553131773394128e+01
4.875257222389456e+01
9.981336304909240e+01
9.970098794424021e+01
7.178984590423751e+01
7.223033740754721e+01
4.248348457854404e+01
7.595896747706409e+01
3.390296093835633e+01
5.845366807582494e+01
2.848840408422445e+01
8.741506342190088e+01
2.853292493546983e+01
1.693885071060567e+01
8.174960789352171e+01
4.791418809812245e+01
1.585970926837051e+01
3.260136727830459e+01
4.481390362829617e+01
9.545580097262551e+01
7.151564004435932e+01
2.514440744423513e+01
5.270583958025362e+01
5.745772922293177e+01
2.750247285119373e+01
6.644038677515481e+01
6.887828813347886e+01
4.524802772572638e+01
5.708541858805596e+01
4.448795506939662e+01
5.525145025702727e+01
7.189576652454946e+01
6.902366456064566e+01
5.506481325955355e+01
7.798866223450223e+01
1.629204699596951e+01
4.170647060578059e+01
7.900670747226415e+01
6.316849261669838e+01
4.974063991091244e+01
3.746037550152297e+01
6.782034880845825e+01
7.979965609488993e+01
4.963685681560862e+01
8.475919951906390e+01
8.590034087463297e+01
3.438175163901492e+01
6.039322291519177e+01
1.881247322019770e+01
2.581787296841753e+01
9.091443046504372e+01
9.032811326455703e+01
5.096228041265266e+01
4.259414400094848e+01
6.363009198737800e+01
7.846475326384639e+01
5.555295872294948e+01
2.026314871397947e+01
9.550222027837401e+01
6.002452604473779e+01
4.208778792158132e+01
3.423607318393703e+01
3.192029252272113e+01
1.932799165105819e+00
8.930088649005671e+01
6.955576695946779e+01
8.977432795324098e+01
5.138565416046681e+00
4.856247438516584e+01
5.294282052337324e+01
5.487920537352525e+01
8.602284988668880e+01
2.076316928526534e+01
2.754200460740459e+01
4.496122158363519e+01
6.305737656683539e+01
3.439031170419898e+00
7.934297322265010e+01
4.676446735242590e+01
9.512774813693377e+01
5.160846191067643e+00
9.467731727970640e+01
4.142232329650890e+01
5.612312660372031e+01
4.521453871634534e+01
2.508153171515163e+01
3.458787986756670e+01
5.424906944588249e+01
5.473797212109807e+01
1.357250279447646e+01
1.427359549062028e+01
7.308141052400758e+00
4.780857597841349e+01
4.090859770817151e+01
4.466526091316029e+01
3.710946242190406e+01
1.046436462107318e+01
3.443958881983514e+01
4.224802788451687e+01
5.902683905280514e+01
9.191321655731332e+01
9.712723325804212e+01
4.504968889292781e+01
9.836251162847621e+01
6.042060934026754e+01
9.001091047656298e+01
1.366794743280296e+01
9.909972404087881e+01
1.291867946876152e+01
2.666817522918255e+01
5.749340064706905e+01
7.512130317051025e+01
4.523303273377616e+01
4.245199879745580e+01
3.063785644743492e+01
7.450310866092477e+01
8.076044357417173e+01
6.522573631500161e+01
2.875217806024113e+01
2.610512395673670e+01
7.879823910947808e+01
4.957833199276511e+01
5.115387018358049e+01
2.660681508789156e+01
9.048692970093663e+01
4.246855924952243e+01
6.689729865961583e+01
9.512943220098010e-01
6.235349581686476e+01
3.100979776634360e+01
5.997813337481494e+01
1.764112925978430e+01
3.091538559222379e+00
5.027822221176616e+00
2.578670788825802e+01
9.492061501132353e+01
3.452577550640599e+01
3.945465532106098e+01
5.299935832293674e+01
6.439261639695270e+01
4.662087817984674e+01
4.761612324398762e+00
2.256575814567774e+01
4.512010284006600e+01
6.192135306164685e+01
6.105629432064309e+01
4.182460300709335e+00
6.735444398008028e+00
3.477093900310385e+01
1.776695154503312e+01
7.922557610051035e+01
1.356917806601579e+01
6.734528358436435e+01
5.515122937744075e+01
6.989827923006298e+01
5.783221323873485e+01
6.223710447653993e+01
3.892270663702987e+00
5.878350756074465e+01
9.249582439311585e+01
3.841697878130571e+01
1.876164088899346e+01
1.013695360633403e+01
7.291698449892783e+01
4.037129322084193e+00
3.592366149459205e+01
6.783759946368522e+01
1.882819585447581e+01
6.390907618399202e+00
8.796905092334796e+01
8.322081225142853e+01
7.526538692194288e+01
6.657667451844395e+01
1.283071577215135e+01
2.038548971544276e+01
5.465201626282745e+01
7.151720257080962e+01
8.628123350733948e+01
1.871963884621842e+01
6.934657463307799e+00
4.048185005806473e+00
4.152097978699998e+01
7.211750181024777e+01
4.893039583644382e+01
7.938953166799132e+00
8.018947135665894e+01
2.530233856537488e+01
7.017605764333906e+01
8.408174202036194e+01
8.800918938965033e+01
6.267188198988879e+01
9.393831807837743e+01
6.770830278643794e+00
2.008997156288939e+01
7.812723646784538e+01
9.019284727526495e+01
6.264047145966462e+01
9.970989874550602e+00
4.420006910534579e+01
8.411081390646790e+01
6.605490542298878e+01
9.084753416983760e+00
9.179175141816575e+01
3.263157989486660e+01
3.037378100230069e+01
5.443198716008663e+01
5.215301213420602e+01
4.641082102731374e+01
9.945497917917324e+01
4.602468830813872e+01
1.926293024758944e+01
7.009110905699949e+01
1.993086851198732e+01
1.286859932023501e+01
6.771035830849333e+01
2.786982167878645e+01
2.600955633726416e+01
7.071025942950988e+01
9.804587932212551e+01
7.615331503383504e+01
5.871944881916021e+01
6.681864399780456e+01
8.136356704931872e+01
1.957465159686965e+01
3.352659681510487e+01
7.446301322172536e+01
9.605057253318400e+01
1.071668467983449e+01
5.455639355562460e+00
4.543906177647369e+01
2.636990776582151e+01
1.327841370984838e+01
7.974182003165680e+01
2.357118689621388e+01
8.662203857052235e+01
3.278582316487368e+01
6.550779909151969e+01
3.877505065816224e+01
7.919664419218742e+01
3.155072309614658e+01
9.384856903639090e+01
4.085658697451306e+01
1.641832106579948e+00
3.404113339914062e+01
6.492036462990583e+01
4.910943459212288e+01
3.210683447872606e+01
2.778492478084980e+01
1.531683435445504e+01
6.303150880291663e+01
3.511824795748957e+01
7.255611795585422e+01
8.632938260507275e+01
6.196378639990640e+00
6.007923281755263e+01
7.323799811920057e+01
4.658666073651363e+01
7.807791851371429e+01
9.953496074282330e+01
7.209649522420787e+01
8.022253312180869e+00
2.590486846207868e+01
2.608695380673136e+01
2.001849330031243e+01
9.615286323062743e+01
1.270899233068758e+01
2.317302437646921e+01
7.715877610126454e+01
5.148404298884982e+01
6.956686180530436e+01
8.709499150844989e+00
3.389918097942098e+01
8.562326812447201e+01
1.035133125742494e+01
4.850356134050692e+01
5.842201507576835e+00
7.745324861139676e+01
7.077041974792742e+01
4.451742700511470e+01
6.731441014786922e+01
3.380192850427792e+01
4.115346700006792e+01
3.987052805715731e+01
3.833306857307119e+01
8.440389218013915e+01
4.046118289253729e+01
1.482706536298016e+01
6.999299557413579e+01
1.380227734977485e+01
9.267898774364916e+01
4.208949075177754e+01
9.154992578157686e+01
8.612519460084158e+01
6.817644460507502e+01
5.012823503936093e+00
8.227805778490290e+01
8.088543693576261e+01
2.818584788040530e+01
8.215654505517172e+00
3.236947992461243e+01
5.110904129739341e+01
7.546238111120761e+01
1.038462250045716e+00
3.069002671665048e+01
4.379294349057272e+00
2.955167774555817e+01
1.722901846153150e+01
1.615219051770502e+00
4.883275495322084e+01
6.174644546664621e+01
6.892962919963972e+01
1.139560067625511e+01
4.099264235281974e+01
7.019826693935239e+01
6.896155507721079e+01
2.721417398527925e+01
8.671708227448029e+01
8.377386461187800e+01
9.720716960598116e+01
5.586185439297084e+01
5.217706693903406e+00
7.095623676243994e+01
9.028090252088425e+01
3.840278519243132e+01
3.432260324914130e+01
9.238366153667852e+01
4.019148090863204e+01
8.835854185203023e+01
7.891976054707531e+01
1.939730435581752e+01
2.072802173007653e+01
8.383758551619835e+01
5.661821228294550e+00
2.176648398012225e+01
1.868118686540107e+01
5.320929179583177e+00
5.182218963830834e+01
3.591020532693258e+01
6.936148231353680e+00
5.575379592168788e+00
9.765665079357878e+01
4.740070227878201e+01
5.452926892532467e+01
3.903877117626312e+01
8.466593464122431e+01
8.652580850130217e+01
6.625294520810850e+01
7.138301686913847e+01
7.029967306661405e+01
6.098311704629246e+01
7.011399360844585e+01
9.024430317349932e+01
2.756775032149989e+00
6.039489608276399e+01
6.838348930160677e+00
9.509458956080236e+01
3.515667018255063e+01
5.188568795653325e+01
5.390640867590272e+01
7.872987928741139e+01
1.655631000947036e+01
1.931644348395823e+01
2.987931213801695e+01
8.774694939504701e+01
4.108292746408048e+01
7.229269471591930e+01
7.906069037460755e+01
6.967266386825250e+01
5.724558050615973e+00
8.599683860596123e+01
9.229310419982911e+00
1.896908232894218e+01
1.270861910316563e+01
9.343508169680604e+01
5.800785355177143e+01
8.955826418919408e+01
7.996089015154210e+01
2.426079871331379e+01
1.791156750075126e+01
3.035686585603136e+00
1.301305043185737e+00
8.802556110919713e+01
1.869612690931937e+01
4.328546735611067e+01
4.842045719196110e+01
2.553447583948005e+01
3.838005687034692e+01
7.085269450715403e+01
2.269348149313288e+01
9.929599021528661e+01
1.689442112897263e+01
3.924979150260323e+01
1.861243365267871e+01
4.677373326698957e+01
4.489965748270026e+01
9.667024426007190e+01
7.908372091086756e+01
6.158369260913864e+01
2.356153825463799e+01
3.961524462309444e-01
7.804708158506411e+01
5.224097382847265e+00
1.936523477517312e+01
8.034955266879386e+01
9.865917912621944e+01
7.737308832694455e+01
6.990781681142180e+01
7.862006923119542e+01
1.633886993692204e+00
2.506921488096435e+00
3.737967397895626e+01
8.935480047452953e+01
8.280395724941229e+01
4.757675935867092e+01
2.243754464315136e+01
1.071255943305444e+01
7.311123519815096e+01
8.054005740235563e+01
8.902640994127206e+01
9.580471673784997e+01
1.052675550362410e+01
1.598686511441454e+01
3.505450819388707e+01
7.881126402821917e+01
3.183073905847536e+01
4.804406084494855e+01
5.814384238708013e+01
5.089716704138423e+01
3.741750611803378e+01
8.456104164224166e+01
2.347288374950778e+01
5.058439637095872e+00
1.735189031686256e+01
3.307280686361380e+01
8.540799230588972e+01
6.172984156838145e+01
7.802056925279115e+01
4.448933119163352e+01
7.001521306578779e+01
8.752044317662737e+01
8.384929424331024e+01
1.090074000456405e+01
7.687524365115689e+01
4.121452371646395e+01
1.389619028842831e+01
1.991135967891261e+01
9.261486814013443e+01
1.958383997882895e+01
3.724778994789710e+01
6.077745280264758e+01
1.538855667011279e+01
6.690309521132292e+01
4.583445859413336e+01
3.249174921423744e+01
1.553231878929414e+01
9.669199241171218e+01
4.821410050998167e+01
6.713862534013512e+00
8.544407299973260e+01
3.858142953299984e+01
6.118802850189993e+01
1.258702558120108e+01
5.672281494211536e+01
5.392399321027285e+01
1.072284230530394e+01
7.609803852443491e+01
6.648334193345315e+01
6.899233002634362e+01
3.141384759518032e+01
4.000440795906093e+01
5.651277315640486e+01
8.102376017767179e+00
5.090514796362498e+01
3.338801676099562e+01
4.931689973423113e+01
6.070280031333808e+01
9.009574935310323e+01
5.302480582754352e+01
8.028664029216704e+01
2.734353930100032e+01
2.364024940116343e+00
8.658554762908516e+01
2.183231195520252e+01
8.938765762810952e+01
4.611826177971356e+01
9.392733596913858e+01
8.607965003982170e+01
5.054278683408293e+01
3.363585673907578e+01
7.152372299298817e+01
1.595023196002014e+01
8.828071117786723e+01
4.611602902697214e+01
3.514680561383572e+01
9.815720990214368e+01
5.423715722478794e+01
5.468352989046067e+01
9.406701549611381e+01
2.312056856375214e+01
3.437632575369269e+01
9.401365513634573e+00
5.472690600656295e+01
9.948128550289259e+01
6.110311982273270e+01
8.811492281412470e+01
9.059331384049418e+01
9.354464327615902e+01
7.821067212066178e+01
2.693292080747565e+00
6.462100155866752e+01
5.554211375095980e+00
2.671828755490402e+01
4.483034952768607e+01
9.126790104958596e+01
8.635500473266234e+01
4.715903585178733e+01
1.045063729884598e+01
9.492627084018955e+01
5.101984774275677e+01
6.911209941334656e+01
5.204834763521718e+01
3.387621605483639e+01
3.840102578438866e+01
9.816437666218931e+01
1.282243654728981e+01
4.794501040500822e+01
7.935724629990628e+01
9.223612970311015e+01
8.121591968518493e+01
2.560031233616188e+01
9.807945969425117e+01
9.061728519881949e+01
8.032721838929095e+01
6.479572065397899e+01
8.484037573674711e+01
7.793417679049735e+01
3.616175536818884e+01
9.858320751161463e+01
2.691902021268337e+01
3.885504749550254e+01
6.320420907028216e+01
5.220702465260728e+01
9.993558339771609e+01
5.631333331405806e+01
7.682891193629658e+01
3.835733916533987e+01
2.991486775219202e+01
1.212989665201395e+01
1.888196380756887e+01
8.093471554151490e+01
5.570703724199302e+01
7.093031148935218e+01
1.514138025936735e+01
9.410806307294781e+01
6.909468810497536e+01
7.757504898010522e+01
8.125696726201892e+01
1.509943023095812e+01
1.805750365278567e+01
6.247288694720384e+01
1.967603746786529e+01
2.729918967341035e+01
5.309017209945720e+01
2.408398269865847e+00
2.559980993419877e+01
5.763551795745060e+01
8.731547919442667e+01
6.176156530238761e+01
8.015463830910373e+01
1.750335265766054e+01
6.166127513240152e-01
2.912643483333589e+01
6.971037731026783e+01
4.452897731425659e+01
8.259142464147480e+01
7.189899015794461e+01
8.288631647959646e+01
8.254171013019128e+01
8.402888680995856e+01
1.768280287165325e+00
6.347642562514005e+01
3.973592405195159e+01
7.269859177651750e+01
7.861780588450739e+01
8.772003794448452e+01
4.179327983492672e+01
7.826336169534520e+01
5.527468070167800e+01
9.556605913469851e+01
8.593298657142230e+01
4.997404029126001e+01
1.524209655599766e+01
6.308881373288521e+01
4.980237639965600e+01
6.507272779246453e+01
7.201405245438872e-03
9.800303163845233e+01
3.361426509619424e+01
9.437755746505110e+01
8.759253266621033e+01
5.111761775385477e+01
3.471506379298636e+01
1.387062390049483e+01
5.422324922598118e+01
7.924404110724295e+01
7.531851631371237e+01
4.652764212644084e+01
6.213035758683940e+01
6.463398354343791e+01
9.349249666253687e+01
1.857061312467354e+01
6.844743130190643e+01
1.649179594427896e+01
6.755415767783028e+01
7.031447611298155e+01
6.513179892913057e+01
7.839050943888282e+01
9.883457440828653e+01
6.543673736296442e+01
7.883615408969864e+01
7.950953011378158e+01
8.935785884473373e+01
7.701998426440171e+01
4.259834384666679e+01
7.367459189783530e+01
8.970348610994569e+01
4.319690705425893e+01
7.167762353628763e+01
5.198851411789121e+01
7.729535809592127e+01
3.419066217457441e+01
2.451559269079733e+01
1.201042188890764e+01
6.013427984907026e+01
1.387757659604660e+01
9.125446299615059e+01
7.433310769234464e+01
3.807057283728876e+01
5.338482053642386e+01
1.585668130584838e+01
5.389771538502431e+01
9.689202285226995e+01
9.425002257071901e+01
3.130947636967035e+01
4.910326914354380e+01
6.456449863713443e+01
8.165402378963960e+01
1.556343353146847e+01
2.754457622186494e+00
4.709076110603789e+01
4.893585427149006e+01
9.291737228302162e+01
4.615623678367410e+01
1.432289630841599e+01
9.773742449364505e+01
3.282216677107949e+01
6.573954837664010e+01
7.812126138160063e+01
6.370913854972885e+01
3.913752336014878e+01
9.336078404139764e+00
6.610526375756845e+01
6.365311605094611e+01
1.120337746627786e+01
9.971100906827999e+01
8.355166231447443e+01
2.824293977033484e+01
7.404411671405849e+01
4.395688103696186e+01
1.148897857008920e+01
7.979767377478893e+01
6.189372137277095e+01
8.682599742283392e+01
6.410178638254376e+01
9.321196213979832e+01
4.604354135042221e+01
3.541199017102457e+01
7.486598588287178e+01
9.823987362824374e+01
3.816644779321107e+01
4.245310283380239e+01
2.891992900004607e+01
9.144461666766769e+01
1.205808655920349e+01
5.320643147137315e+01
6.278127541895084e+01
7.583401812046488e+01
1.764617758693461e+01
4.169346147295715e+01
2.621268286659041e+01
8.765932302347352e+01
2.194529651754782e+01
8.234400911365822e+01
5.733340869533522e+01
8.180117312902640e+01
8.205501813537209e+01
3.073332297184194e+01
7.367998253259806e+01
5.609913484943058e+01
8.484195200020538e+01
7.733121331656874e+00
4.526471753849868e+01
8.339313612477535e+01
4.072223088737681e+01
3.089524825610930e+01
1.186062107414967e+01
8.676577228436516e+01
5.262651785864798e+01
7.772268870739392e+00
1.955065411494610e+00
8.776562967699283e+01
7.991907190527724e+01
5.751705568168175e+01
4.216638418946712e+01
6.762116144766154e+01
7.375840995170103e+01
4.947659561851834e+00
7.416237684626243e+01
6.448351529635653e+01
1.234743255765523e+01
1.261819378129123e+01
4.657655146279212e+01
7.788560082106180e+01
9.288327609788779e+01
4.430363771706057e+01
8.279397109653520e+01
9.330772086666325e+01
7.503696068890251e+01
5.647395358256714e+01
4.940685566952771e+01
3.074566872359518e+01
5.033331040774160e+00
8.210345952869554e+01
5.472951403573598e+01
4.575556197471710e+01
6.097020369999586e+01
2.543816423296843e+01
3.693824272460222e+01
2.460364034613764e+01
3.321043315027395e+01
9.760184520743873e+01
4.101471744525001e+01
8.397517604007160e+01
9.131732284618417e+01
1.169142327815826e+01
5.254207847292631e+01
6.507573275131907e+01
4.884021740818406e+01
2.234767187496073e+01
6.280528598595657e+01
5.731892020316744e+01
6.399629603326148e+01
3.056871659614552e+00
5.806979944839598e+01
5.650192352780230e+01
9.544641640756578e+01
8.748959195217564e+01
7.281764381230698e+01
4.186161674645805e+01
2.737997152254915e+01
7.575150363880745e+01
6.237414468190360e+01
3.241330260988944e+01
6.432238578066341e+01
8.723105824889200e+01
7.816886458460655e+01
7.297465911739258e+01
4.370953708128516e+01
1.860717074880710e+01
9.757829946353021e+01
8.223403607599160e+01
8.292043911429142e+00
4.036520046198982e+01
6.715495310125638e+01
5.250317214639074e+01
9.720203159246688e+01
1.354565588456842e+01
3.369547772859013e+01
4.067312979170732e+01
3.589332775952915e+01
3.364947761113265e+01
4.954073212553782e+01
8.714969329868894e+01
7.711609680071292e+01
2.595661768035806e+01
4.222605947508759e+01
2.299515205574927e+01
9.668370121935554e+01
5.475550613121852e+00
6.485676884877346e+01
3.027021392726815e+01
4.036813627014315e+01
5.955594585256462e+01
3.356553289739673e+00
4.083775716872781e+01
4.678700405489048e+01
5.257129061621208e+01
2.998311143833358e+01
3.667649069646210e+01
6.408932170089768e+01
6.857925814975950e+01
6.902165634977709e+01
6.113313104078784e+01
2.665483589594012e+01
1.415498662467813e+01
6.372817147696771e+01
1.108076195748558e+01
2.770064250924654e+01
9.535724799863866e+01
9.970414941185346e+01
6.359397031534182e+01
6.941647304660476e+01
5.265874231823662e+01
5.074366356746465e+01
8.724362281488423e+01
6.002256854438343e+01
3.022532329439434e+01
1.023877482406738e+01
9.887031833588627e+01
2.847429580449792e+01
2.328607203591898e+01
2.733317163183036e+01
5.228347519984631e+00
8.985120583784358e+01
3.161157948505672e+00
1.460347069176076e+01
3.627363752400206e+01
4.968209366764971e+01
3.990198100912477e+01
7.295012822046417e+01
2.198528620506883e+01
2.548565935598950e+01
4.623060209966759e+01
7.239640642534773e+01
4.194729670041581e+01
6.038558872434571e+01
3.612457785574932e+01
8.841147603858796e+01
8.808623123359224e+01
6.067467334711676e+01
6.824656858492949e-01
5.168020150236795e+01
6.462135383143152e+01
9.374366067058577e+01
7.106320777491815e+01
5.186497659974963e+01
7.923645446041434e+01
2.826290159871006e+00
5.544017406899490e+01
6.823976317804295e+01
8.704265863031273e+00
3.719929509665784e+01
1.291585956370265e+01
7.137708983913859e+01
6.857745189619132e+01
8.976086512662511e-01
8.129595940992979e+01
5.328927810922697e+01
5.879357320200352e+01
2.548933700913998e+01
2.122365018409847e+01
7.265233927064219e+01
7.967302453688953e+01
9.096735892396764e+01
4.504874569598993e+01
3.873557487443815e+01
3.487739089637873e+01
8.117332355173926e+01
3.488862376422092e+01
9.387785740842943e+01
1.472155056648029e+01
7.284857089298245e+01
4.056662159998278e+01
7.934290439791182e+01
6.007974769923824e+01
6.979335871049825e+01
2.495535478226624e+01
3.433465046544310e+01
1.714468361676889e+01
9.331163237491234e+01
1.742297486282092e+01
1.331152762906232e+01
3.051092742500404e+01
3.033883442652358e+01
7.980247963210684e+01
4.594020128526735e+00
1.800930756982849e+01
8.990368130146697e+01
3.882390402202676e+00
1.217496316515606e+01
4.517672422583063e+01
2.895838112056180e+01
8.482730248236437e+01
2.484974871615402e+01
9.024958838254659e+01
2.987604813178817e+01
6.718039068727772e+01
9.104977724656918e+01
3.873626936168236e+01
3.602533039451825e+01
8.561185434721962e+01
8.986494042438685e-01
2.631700878325710e+01
8.434200528279972e+01
7.549712088680693e+01
6.811961208848265e+01
6.349330552084991e+01
3.632170750588259e+01
3.202958001384027e+01
9.310082303970159e+00
2.963333988079491e+01
4.945255487666119e+01
6.244788573237503e+01
6.014426730579895e+01
6.018036327333206e+01
4.363360458222851e+01
6.637469710147693e+01
2.620724128848279e+01
4.928784773186214e+00
6.932900583805936e+01
5.506674309962744e+01
7.206091050620233e+01
6.799195756576580e+01
8.685250570385368e+01
2.984613181550341e+01
5.824154590174627e+01
5.308555506779140e+01
5.993765655902106e+01
4.929132310174933e+01
3.708000077730045e+01
2.141647218792535e+01
2.922752039936721e+01
8.990584895476040e+01
1.632129462264539e+01
6.426090903778604e+01
2.478755611217933e+01
4.676348029019473e+01
1.322364477125166e+01
3.134138301543025e+01
2.817990953483615e+01
2.253372707522182e+01
6.097472289622515e+01
7.121147819385467e+01
8.139675901336444e+01
2.744037980560231e+01
8.037004483880942e+00
8.318700244798652e+01
5.510531726996663e+01
9.618608006098590e+00
7.327167274117082e+01
3.579725494412578e+01
7.262645031913483e+01
1.817164431240952e+00
2.611126463213529e+01
7.737093008000913e+01
3.516462917214475e+01
2.801544229873244e+01
9.077480276616980e+01
9.510228573116581e+01
7.730676544704789e+01
1.305643893454989e+01
1.651875787252503e+01
6.534285799848980e+00
2.962287842744164e+00
4.038617463800412e+01
5.626462505025073e+01
9.798196339885796e+01
1.733234055216067e+01
6.948826982150239e+01
2.932334636772207e+01
8.111862143553729e+00
9.202199694329035e+01
9.029806926394724e+01
2.437101608345798e+01
1.112661739398102e+01
7.855812692016276e+01
4.196281034590807e+01
7.946950540853176e+01
9.504202888116336e+01
6.665226638626879e+01
1.704754075829291e+00
8.082363101692108e+01
3.927871665883750e+01
3.521918553636372e+00
2.837321475538109e+01
6.239007099642887e+01
3.868654772578112e+01
8.491586399493546e+01
3.810473249205609e+01
1.143003055426759e+01
2.693880834939834e+01
5.089939476498374e+01
4.603319370468761e+01
7.845435765499917e+01
5.491292106682105e-02
1.924094549344897e+01
3.471898270524991e+01
9.803687631992479e+01
9.917289814873268e+01
4.207252480186174e+00
