1.785669881750676e+01
2.986774236423324e+01
9.191497838679467e+00
6.686264591611113e+01
6.319484168812393e+01
1.149171670502597e+01
3.380490510436003e+01
7.315618888156311e+01
7.487240046023969e+01
5.549127490049754e+01
3.524168493935917e+01
5.662579776562089e+01
8.271635532505640e+01
3.383011083762632e+01
3.730298529253480e+01
2.874434489232690e+01
8.796603688409833e+01
4.332772299802291e+01
8.636961485555842e+01
6.640567144677307e+01
5.832107242118617e+01
7.496333121087557e+01
1.188926832372754e+01
3.741557977041955e+01
2.054958665769063e+01
9.865907900904263e+01
3.773068154125041e+01
9.044599732870515e+01
8.862311611353564e+01
4.285437345637678e+01
9.738744306256409e+01
2.163945684285809e+01
8.266846378458126e+01
6.759229990075916e+01
5.290080027324184e+01
7.701056337776154e+01
7.908401660578512e+01
8.738488833763864e+01
5.016675221275852e+01
9.267722596073395e+01
1.924200193921197e+01
3.602966281400512e+01
3.802723020223306e+01
8.356438269073348e+01
3.646049538462446e+01
8.715830267740334e+01
8.403602311575600e+01
2.713267860334957e+01
2.993373197034640e+01
1.934789331599506e+01
7.236260942759114e+01
1.720201630015020e+01
5.771141571817520e+01
4.528166723683555e+01
5.461759607056975e+01
1.081727431659460e+01
4.361866719257956e+01
8.489120010514334e+01
8.927662115976057e+00
2.056432739857786e+01
1.449283911590131e+00
5.612003372801470e+01
5.055074829168187e+01
1.787111475964594e+01
3.492076403224876e+01
9.510458456124393e+01
9.385455958259040e+01
3.920103485658813e+01
6.340519094998258e+01
1.722538825926622e+01
1.359164375513403e+01
6.425321831565965e+01
4.393762282279209e+01
5.161887400393321e+01
4.781760095982700e+01
3.032039251659084e+01
3.877717663477043e+01
6.469333733650545e+01
4.195030384787838e+01
7.252477112809417e+01
4.790414913925535e+01
2.981568050096542e+01
8.972678742824438e+01
7.835245513280502e+01
3.712267374485856e+01
2.223199201851710e+01
5.411487606080010e+01
6.222341026283027e+00
6.151699920255551e+01
9.809739161194180e+01
8.962821247504476e+01
8.572476035250572e+00
6.542585578999754e+01
6.054375384028244e+01
7.137524693802709e+01
3.466197756801824e-01
2.693658118459237e+01
8.362098642793529e+01
1.435140041371407e+01
8.985365977969657e+01
8.463746406353893e-01
2.103340691934964e+01
5.410687804879009e+01
9.470627181916790e+01
2.891121694301778e+01
1.544900425497862e+01
8.535911328408827e+01
6.768839362435433e+01
5.660054667694519e+01
6.127534460335753e+01
2.438152666407708e+01
6.418357224398459e+01
1.229541591009843e+01
8.186103486542639e+01
9.450348079879930e+01
4.941808965495699e+01
2.620541827110826e+01
3.645809746182435e+01
1.848197468485775e+01
6.289807933517643e+01
2.980314839156491e+01
2.883310952635161e+01
5.133315699702742e+01
9.522900418156246e+01
3.707329399747461e+01
2.270840393505451e+01
3.882594515514837e+01
2.551929886709866e+00
8.180804647589477e+00
9.927024324390583e+00
5.337542251375290e+01
1.301022256399050e+01
3.096043129030635e+01
2.538161725987755e+01
3.733451107392764e+00
7.978868395080263e+00
2.654551329395990e+01
2.876011539658537e+01
2.758834470416808e+01
6.110447457111648e+01
1.123985075915225e+01
1.972259214135008e+01
7.087142708286244e+01
2.353526666925069e+01
1.124271206149958e+01
1.340745441308592e+01
6.313022368733316e+01
2.778904523131859e+01
4.511321119270902e+01
9.143533105563155e+01
9.068712461306114e+01
3.861890511522950e+01
9.954551821553406e+01
2.548051598737041e+01
7.014536371927026e+01
7.984449387520762e+01
5.004033425359071e+01
6.572098767651291e+01
4.336625665583008e+01
9.437949214800238e+00
7.564801200090349e+01
9.241329575535529e+01
6.724831823597118e+01
3.750572150456986e+01
4.223979685559859e+00
8.633197554682009e+01
1.458731168629011e+01
1.363075925671997e+01
5.040964728706034e+01
7.684884982968161e+01
7.963808550482526e+01
1.098173549910157e+01
9.783288887601014e+00
9.787259027262805e+01
2.556721299214624e+01
2.275761548558139e+01
9.350835699285770e+01
7.949895857809994e+01
6.208760839052852e+01
5.639325587842300e+01
9.890568959475759e+01
8.195804533639833e+01
3.130961541613080e+01
9.845120776372552e+01
9.644540604038416e+01
1.454979135401071e+00
3.793890971594439e+01
5.747889553079331e+01
7.585627132833763e+01
4.430537668257271e+01
1.570003438540736e+01
4.282397876625134e+01
2.697666270051927e+01
7.687602288875543e+00
4.943242205746119e+01
2.074445771088100e+01
5.393012196474248e+01
7.746608423882448e+01
4.105776606176876e+01
5.367200670469180e+01
6.195390087643355e+00
6.805892925153437e+01
6.439028483088607e+01
6.809363866601774e+01
5.610717975353226e+01
9.917074437214562e+01
3.157551411147021e+01
1.043326408156811e+00
6.641102864705539e+00
2.284643483480738e+01
3.360481999516712e+01
5.546792412897009e+00
7.018861401369266e+01
6.491443541129792e+01
9.593909005445386e+00
4.946832063117452e+01
7.985236490138450e+01
4.193690984600079e+01
6.972193693263546e+01
7.953825494252995e+01
8.249881122377646e+01
8.542197136460895e+01
4.027450645355252e+01
1.321894918252665e+01
6.837032398598750e+01
2.580178213575938e+01
3.238639730605595e+01
7.067773629477142e+01
7.834617843774436e+01
3.714425169729826e+01
7.597245260885566e+01
9.601690596715403e+01
4.308010220671078e+01
5.081626593638969e+01
8.203453742062419e+01
9.920850372836389e+01
3.979693913822851e+01
9.568605874464198e+01
2.531297953115449e+01
9.415314853850433e+01
1.853249353288323e+01
7.747543988631826e+01
5.198483441583106e+01
2.333697370408893e+01
8.474244120751622e+01
5.598283454588746e+01
9.856384154342294e+01
5.111185570764908e+01
3.062647359009202e+01
5.301952038566560e+00
8.465723706626204e+01
9.072713991195296e+01
8.806608979965844e+01
6.102659714456023e+01
9.738098010298842e+01
5.488142154872484e+01
8.682837928031961e+01
2.926156559459007e+01
6.697009297412359e+01
7.664989511326417e+01
6.640581729188833e+01
1.198513890243375e+01
2.609821163401856e+01
4.944566215828325e+01
8.717575626781944e+01
4.696346309360278e+01
5.845728379602417e+01
3.779027971336165e+01
3.246340431853356e+01
5.379511534878757e+01
8.422832171629571e+01
5.005059938414516e+01
8.644291492479059e+01
3.621315608556064e+01
7.181091004601257e+01
4.925091650767760e+01
8.429017867161434e+01
8.348626591427544e+01
4.344596687864790e+01
9.011573497677023e+01
1.521483870000338e+01
8.502000928158873e+01
7.427776585066587e+01
7.096223592337326e+01
4.604660637958283e+01
7.165874590708816e+01
3.952642839379908e+01
2.342585181976941e+01
3.003132856918095e+00
6.496521321356539e+00
9.524880680034348e+00
9.368692808490570e+00
1.472575506881148e+01
8.219168171388641e+01
6.516687342206335e+00
1.901511290064785e+00
1.896902728777799e+01
3.499882311327328e+01
3.957846874351542e+01
1.627919823689349e+00
8.879393846206085e+01
2.380679045981113e+01
2.428329457728346e+00
5.881630119812502e+00
3.973602696309613e+01
7.676120101323407e+01
7.571150016771233e+01
2.402620563471047e+01
8.667408767467090e+01
7.607427238303902e+01
4.233167210702396e+01
5.926794333349352e+01
5.947990750869732e+01
1.660943791112371e+01
8.523005064820408e-01
7.140887951078306e+00
2.230829495112798e+01
5.607383668239873e+01
4.001587356441462e+01
9.127131667512995e+01
1.928840038333480e+01
3.346247399852727e+01
1.953423620179958e+01
2.308324879178929e+01
3.173243595833538e+01
2.128983150296371e+01
6.350251667364618e+01
5.458394370720906e+01
3.176107175264558e+01
6.444990661202461e+01
2.133894852424923e+00
5.119978699423363e+01
9.981349040745454e+01
8.024885029543604e+01
1.608492011022052e+01
8.932533496493721e+01
8.132342532338734e+01
4.085019526111437e+01
4.925807008950882e-01
1.701533320220901e+01
8.601873912197479e+01
2.989625350101677e+01
2.975536269590043e+01
7.801874926221500e+01
5.943369076560889e+01
7.771412775745343e+01
7.387122748134249e+00
4.770187458382075e+01
5.057482549481784e+01
7.368016348857441e+01
6.847982339955858e+01
7.006394437982884e+01
1.997530666178805e+01
9.018059023198700e+01
7.946264770788264e+01
9.051678399113788e+01
9.906756509983333e+01
4.296516433496269e+01
4.510072769834694e+01
7.579356821989342e+01
8.226781910390957e+01
5.928405907903056e+01
1.328161964811460e+00
8.733537368817970e+01
6.384628338918382e+01
1.741308207503198e+01
7.666070865311693e+01
1.924261209519702e+01
7.041689770781291e+01
1.929374040071561e+01
1.405095677545804e+01
2.797111772371974e+01
5.935916940651795e+01
8.305366099022964e+01
1.540378682101322e+01
2.155168402080968e+01
1.905467762567786e+01
6.894996481433043e+01
6.925355860463044e+01
1.134261414936865e+01
5.546279752415735e+01
8.226749770448892e+00
5.170591448047473e+01
3.315152783559241e+01
5.217634465181099e+01
4.272466485515454e+01
6.595488817708329e+01
4.690751556628734e+01
8.568982923668335e+01
6.405406494813694e+01
6.016602747150046e+01
7.423804633982388e+01
6.971589223002823e+01
5.459730790676424e+01
4.476256242243692e+01
8.112445645086675e+01
1.678313813953806e+01
8.376828715380668e+01
2.098950474569086e+01
3.724370810074905e+01
8.285746256953918e+01
4.552133765328738e+01
7.462874570611339e+01
4.497545577817385e+01
4.916623567657836e+01
9.003253252712662e+01
6.652713979898353e+01
5.326076371281443e+01
9.059595656143313e+01
4.853787033284915e+01
6.854014474364936e-01
1.633489128031530e+01
4.400744817406286e+01
8.189124152152391e+01
1.679009106792048e+01
9.184739864051686e+01
5.604355621898712e+01
4.251782295411351e+01
4.902720565396697e+01
4.801378340833531e+01
8.774805678415487e+01
6.145599794641882e+01
2.225182970159307e+01
1.108618076475625e+01
9.862876133929414e+01
9.792576734811335e+01
9.827058813454144e+01
6.990054639517355e+01
1.197679034060649e+01
4.743317074488530e+01
5.265560757958126e+01
8.776615834225255e+01
7.614604182361906e+01
2.728435323912853e+01
5.841103259400047e+01
4.721040374003835e+00
5.610205761906787e+01
1.990530095990063e+01
9.406382771863781e+01
7.912842281122153e+00
8.225946150825334e+01
5.130821692352566e+01
2.888921370212418e+00
5.787889778515273e+01
9.858271372438536e+01
4.103782467592406e+01
9.657371751804543e+01
3.268402681345307e+01
6.473181651194199e+01
9.686150806809846e+01
8.069781022178837e+01
7.554311797746603e+01
9.678462962470233e+01
9.802376856004064e+01
4.148476377198694e+01
8.406492349880976e+01
3.188654167199812e+01
6.183664214882844e+01
1.082529034969643e+01
5.421462936988782e-01
9.246134627259399e+01
2.831054489515282e+01
1.397772310952550e+01
7.853169742903286e+01
9.076525116840622e+01
2.005809448662125e+01
7.332842847021689e+01
8.082136888095242e+00
9.732692804994385e+01
5.471197504303976e+01
1.106624026366800e+00
5.804579875340955e+01
6.214148526179674e+01
5.641856140290320e+01
6.277211763093812e+01
3.878195585626268e+01
4.790746013070804e+01
5.934583514898356e+01
5.977484260675257e+00
4.601235391852090e+01
9.467446682726707e+01
5.216379284493802e+01
1.154781319738730e-01
4.804069877045261e+00
5.511343276831947e+01
5.204497871550032e+01
2.337401622132120e+01
7.253703292111729e+01
2.389492328460092e+01
9.769777762596392e+01
2.561961115599592e+01
1.635626951062878e+01
4.274527856276617e+01
1.490464825877205e+01
8.496365760684183e+01
5.194392667708170e+01
3.351182850706942e+01
5.829208603049260e+01
6.002606356517695e+01
9.313017925858972e+00
2.568434212621504e+01
7.602104278096047e+01
6.735881672583466e+01
4.548095359722197e+01
6.371301904493618e+01
6.942884664490300e+01
2.660778319770833e+01
8.041313187238440e+01
8.947676945919021e+01
8.372298813598370e+01
4.355664683671512e+01
4.365419514647414e+01
5.023755866579598e+01
4.204887395820062e+01
4.845826502351941e+01
5.350991434115447e+00
4.107155093973109e+00
6.248281987499576e+01
3.042845624984636e+01
2.800207837857403e+01
6.130106116705624e+01
4.661963989335096e+01
4.375882667664384e+01
9.089485774324037e+01
3.862801941047796e-01
2.932200549604465e+01
2.814553586214107e+01
6.604716166204176e+01
1.704399553921260e+01
3.332926315876155e+01
5.922418463007742e+00
2.520305361841016e+01
8.810910419007256e+01
8.430332624553859e+01
9.406139426588146e+01
2.061477588518279e+01
1.443426050917910e+01
7.506216749318976e+01
1.027907711001070e+00
3.911029968369300e+00
2.176679168910104e+01
5.131817886201580e+01
8.806226620826044e+01
7.604336863199406e+01
8.763875117881167e+00
9.629298788322741e+01
9.648078461013770e+01
1.287103021185428e+01
2.615541863541837e+01
1.182281631595586e+01
8.771569299870902e+01
8.633601608981193e+01
6.787088372179814e+01
5.722705319394687e+01
4.929825847470121e+01
6.351628539316183e+01
1.455346202224189e+01
7.744379433684227e+01
3.567121463626214e+01
6.321826496311382e+01
1.432775180522713e+01
9.946205611315652e+01
6.916590415368131e+01
2.367805769838302e+01
7.239561265911702e+01
3.984991132274732e+01
7.470589558347402e+01
1.997143077662747e+01
1.491207881593708e+01
8.975679804093986e+00
9.074090318323155e+01
3.298908007936044e-01
7.049229395133084e+01
7.880316934492586e+01
4.247782637480545e+01
4.341115762638448e+01
4.247576810534846e+01
3.895861093837703e+01
6.080037996210176e+01
7.415610848653881e+01
8.554185353477571e+01
1.673488552530058e+00
5.496720283057876e+01
7.259530810294454e+00
8.690494512529344e+01
6.266249183689359e+01
7.077581620345629e+01
7.700776228541871e+01
4.366098048335918e+01
4.192359314389694e+01
4.022602724853252e+01
1.021077884836624e+01
3.001587955747539e+01
9.003332168331059e+01
6.361576987598826e+01
4.388667384343533e+01
3.568219576761229e+01
5.265791665420770e+01
6.385810462006280e+01
8.000448796898336e+01
3.133728687248066e+01
7.741245277105480e+01
7.510888617258001e+01
4.257485719517565e+01
5.878543786647982e+01
4.909023849716887e+01
9.050420694542314e+01
6.355938132086740e+00
6.085847525897364e+01
2.501798808808345e+01
8.051204661862555e+01
4.640032874718324e+01
5.297807546005495e+01
2.485959549660776e+01
5.567264047249809e+00
7.335766822721700e+01
8.752208738006748e+01
4.129388581090322e+01
8.024591881793268e+01
5.395541789660017e+01
5.844332443477741e+01
4.496738828949974e+01
8.917180010544685e+01
1.323335846570942e+01
6.405933604764721e+01
7.083859004585007e+01
1.564485068230184e+01
1.098094159317247e+01
1.797499135973630e+00
4.886216067190382e+00
4.626106282056359e+01
5.206881698782966e+00
8.486848463531047e+01
6.086882309097275e+01
5.551844423428105e+01
3.627694250842414e+01
9.959061541575503e+00
3.828594579281562e+01
2.209460335881198e+01
2.865668550536813e+01
8.959053265377437e+01
7.993414480236086e+01
1.331110108332294e+01
7.972538363175717e+01
8.667412991014967e+01
8.382917073733600e+01
7.349855572613821e+01
2.718920401632283e+01
4.051358394348695e+00
2.379305629236300e+01
5.837227183318338e+01
7.342585505611537e+01
4.629498531403718e+01
7.694155614680683e+01
2.157389387561656e+01
3.281978058294383e+01
1.838266189134804e+01
2.438692866097527e+01
2.652095711162358e+01
7.477014180029283e+01
4.210496067167491e+01
1.228089403001633e+01
5.297196561143359e+01
2.697344530698538e+01
7.314971712098910e+01
8.490409799148519e+00
7.062736780877569e+01
1.302846950154214e+01
2.563586776407243e+01
6.025041656580308e+01
4.168515500691028e+01
1.045260020087129e+00
3.141632183986545e+01
3.173227609681537e+01
1.924788002821052e+01
1.414359710837882e+01
3.774357835657130e+01
9.274643580091485e+01
9.720633807462004e+01
8.361083580349145e+01
4.985855298575878e+01
5.557860986123728e+01
8.127652489639658e+01
1.861899756762152e+01
3.122681706735250e+00
7.059893257478203e+01
5.143877815056535e+01
2.150534364464941e+01
7.817677132700419e+00
8.400009054876868e+01
4.168550467197109e+01
4.992263785094146e+01
9.630742268464874e+01
6.707254744464186e+01
5.433564095494135e+01
3.849336464819189e+01
9.283411698082188e+01
4.752345092013639e+01
6.861977282381607e+00
5.698135078744095e+00
6.306594715596454e+01
2.528315224930791e+01
5.274131645110497e+01
4.582071492719497e+00
5.701542834612327e+01
9.635518453845529e+01
3.542030031579561e+01
7.257687513370853e+01
5.271921411748939e+01
7.270338957789512e+01
8.191402171827575e+01
7.227923421760985e+01
1.621804647902867e+01
8.065985705734224e+00
9.089823178523137e+01
1.330491230511335e+01
3.560163664426731e+01
5.783566970277376e+01
4.084607183041334e+01
4.070302678304865e+01
2.633710043799928e+01
8.253157654895055e+01
1.909227372104873e+01
7.670785238813043e+01
7.195227731575829e+01
7.342791467599008e+01
6.113788777083992e+01
5.219720506677273e+01
3.447862413454737e+01
7.816494585860751e+00
7.066718981166706e+01
7.811114577488561e+01
9.328301730252943e+01
6.980844976837210e+01
7.152711030632588e+01
5.377442867205219e+01
9.063801033917723e+01
8.103600897874497e+01
8.640103013552773e+01
1.305869152446217e+01
9.403713750375301e+00
9.647687389351282e+01
8.533792574207202e+01
1.181769189975117e+01
8.782924250132834e+01
7.683983732799061e+01
3.115842013208122e+01
4.917848047296446e+01
1.108696098024350e+01
7.200449196249455e+01
4.490946575296552e+01
4.491026785453328e+01
1.295376057408459e+01
9.096959288742839e+01
6.755479097718130e+01
8.490603788984289e+01
3.015890500049987e+01
1.436023521905776e+01
9.398564537707048e+01
4.520410361942095e+01
5.162937718053785e+01
3.552715468012130e+01
5.624933454964744e+01
8.997556105720605e+01
2.980998048084321e+01
1.865043212596813e+00
5.736638463910967e+01
2.044799077345430e+01
8.290105219134179e+01
1.099692094651839e+01
4.454214346806619e+01
2.768138722874289e+01
7.473794793465078e+00
1.884460799342236e+01
3.721990587060336e+01
7.814743787895303e+01
9.508076552072575e+01
9.617371209718925e+00
2.901760857972205e+01
1.365393289069363e+01
4.038281791861300e+01
1.029101200880996e+00
3.999561124481056e+01
9.491888643005811e+01
6.366625850259617e+01
2.611899172240821e+01
1.099166833376124e+00
7.082852948029922e+01
5.481167047042943e+01
9.304472412590158e+01
3.902926707595087e+01
5.150421417853991e+01
7.836893428041084e+01
5.898819307749541e+01
4.147977518917983e+01
4.760076047275250e+01
5.753127753619630e+01
8.175378184847244e+01
7.882985006032040e+01
4.375428843486788e+01
4.490310924356017e+01
1.233653231167073e+01
7.806984245687251e-01
4.418913575084374e+01
3.118114030509309e+01
4.961156442277672e+01
4.189827849245550e+01
7.706457394038540e+01
1.798989037889516e+01
2.211579900333462e+01
3.410819626138927e+01
5.837270829750817e+01
7.194498831962468e+01
4.379722510641312e+01
3.152412536159350e+01
3.561124677565473e+01
5.241238132697175e+01
8.171349651259999e+01
2.943641023218465e+01
7.941070170114315e+01
4.539539755573282e+01
6.846567735470165e+01
3.091491583311694e+01
2.613809058728539e+01
3.081019377839295e+01
8.925717872998545e+01
8.662874907563848e+01
8.799706994928283e+01
5.414847287076920e+01
1.117898561580991e+01
7.498651453060401e+01
2.797515612466966e+01
7.992885223586525e+01
8.737817308277738e+01
4.324071786517310e+01
5.469665827913985e+01
4.812279248057063e+01
8.006783415566562e+01
9.681994421259498e+01
5.497962783788314e+01
5.605488342980615e+01
7.063019684079578e+01
6.932266199464102e+01
8.156531373111778e+01
8.441675067153608e+01
6.664393081639145e+01
6.361111852508557e+01
2.713774690736911e+01
1.899460424622270e+01
9.304752880383633e+01
8.079401081464906e+01
6.439000184852163e+01
6.588248026831191e+00
5.427909100161823e+01
3.835727816371121e+01
9.232339989036480e+01
2.667378202391499e+01
7.070641381233298e+01
7.645391853361107e+01
9.489294667490429e+01
8.077191313764635e+01
5.530698432368551e+01
6.292631098205518e+01
8.161263222881250e+01
1.257217424575806e+01
2.311455482762053e+01
7.740393317183663e+01
8.662018640275122e+01
8.253551185249142e+00
2.861507815710040e+01
3.465452265676787e+01
8.982123671556880e+01
5.954321863108465e+01
6.834561334380210e+01
9.230830636448614e+01
3.426858416491588e+01
1.465078960855063e+01
8.978592492164388e+01
2.523845821862968e+01
1.618654500515505e+01
4.896695364684190e+01
4.860263338713098e+01
9.803539570329497e+01
1.048015971224762e+01
2.483232441583291e+01
6.873830243420707e+01
8.023075670014637e+01
2.955550641266420e+01
7.099087632773020e+00
9.824878880672566e+01
1.037776130734839e+01
8.898448706091591e+01
3.843101367281331e+01
9.025159836292806e+01
2.841799856555555e+01
8.111617103271008e+01
2.540556463664657e+01
6.021313251006097e+01
6.079106585159482e+01
2.161970432923162e+01
4.831110683656814e+01
9.544558855492882e+01
4.890296610486832e-01
9.318449101093435e+01
4.345244730052186e+01
7.823644530877306e+01
8.264001346316189e+01
1.211749259946751e+01
3.415587015177862e+01
6.399310513585485e+01
6.289633836732076e+01
8.312282379862053e+01
1.516137193663110e+01
7.051194886235145e+01
5.962488588859555e+01
3.999369635246401e+01
3.925025124999241e+01
9.640654311348057e+01
4.503296932439923e+01
9.751307167928344e+01
7.953057246260838e+01
3.577135649312817e+01
2.226027498126974e+01
1.796158608885556e+01
4.566232894810957e+01
1.664567935124304e+01
8.087754914577935e+01
5.902848213865817e+01
7.112865940254585e+01
5.935559275530073e+01
8.064818646788979e+01
6.666777905387235e+01
5.531441148152315e+01
6.657632541217670e+01
2.413744117325984e+01
9.496432239886575e+01
8.198777012619551e+01
3.353776993860387e+01
9.189917225944771e+01
7.896864087272839e+01
2.688519317977372e+01
6.101491817320460e+01
9.502430311172469e+01
8.556230966260763e+01
3.152686698898993e+01
5.569444813565092e+01
9.990416564974197e+00
6.457945320968491e+01
4.904886528339649e+01
9.264367497183554e+01
9.785524113003873e+01
3.163156361860761e+01
2.841503146496370e+01
4.837995024788191e+00
8.520271730851509e+01
4.051093107113192e+01
1.643654378896418e+00
4.867090682902882e+01
6.009290556427692e+01
7.889854818531244e+00
8.539729755623140e+00
9.091794327409842e+01
7.455763387240360e+01
8.799678263626843e+01
7.317417397777279e+00
6.876585477439960e+01
6.777846224968251e+01
5.213018811872704e+01
2.094555884643717e+01
2.443154855837652e+00
3.109882894488928e+01
2.061648691101768e+01
6.345807307560838e+01
9.319029361623818e+01
6.545004870996347e+01
6.512574947677821e+00
3.891715600104870e+01
7.544046527493767e+01
6.576205830358064e+01
8.796602133101132e+01
6.206879488288835e+01
6.894726924083534e+01
3.394484544822240e+01
3.830514081674868e+01
8.906278535214382e+01
1.914756271017136e+01
3.936956424236742e+01
2.582398076812922e+01
3.088135306298796e+01
9.007152639798425e+00
3.371383558666047e+01
6.758058782088597e+01
4.020356174567880e+01
2.318984261862461e+01
3.916067878676610e+01
2.186947135341795e+01
7.288546686660753e+01
2.170748590571223e+01
4.672724387921730e+01
6.855370759430980e+01
2.415064076154988e+01
3.074999620707240e+01
5.702606386366582e+01
5.349714171769896e+01
9.876295700611685e+01
8.497935183578140e+01
2.366979006848754e+01
7.282503152863356e+01
6.789103428269318e+01
4.835571215877110e+01
7.381076448308805e+01
3.702899484756821e+01
4.901397044258843e-02
6.428061009584023e+00
8.909922143868134e+01
3.099156023514996e+01
3.274805798788930e+01
7.019992702184241e+01
7.487881317496245e+01
1.951986035309725e+01
6.796253745814903e+01
4.864961563080998e+01
9.160494668949626e+00
6.813481714023966e+01
5.692108508987403e+01
6.473786512610403e+01
1.298445724555499e+01
6.388762954803538e+01
2.811239120928216e+01
1.558550764601003e+01
1.041409555376232e+01
1.349971080827513e+01
4.605695970638514e+01
8.946740100601102e+01
6.863377716794319e+01
6.999724952969572e+01
2.679326768349543e+01
2.088139616925334e+01
9.112624763097905e+01
1.492899070257740e+01
6.923710832802445e+01
8.129544881232802e+01
3.276711713185865e+01
5.815732793796683e+01
2.306110645786911e+01
8.223108909196736e+01
7.294327200993116e+01
1.169961374797840e+01
1.069987467988388e+01
8.158493576645149e+01
3.121947410107565e+01
3.863113007444475e+01
1.085452288894659e+01
9.016041727278402e+01
6.765947168118296e+00
3.538686848962068e+01
5.237658445368362e+01
2.242174345181405e+01
3.166323752685601e+01
2.822199232327844e+01
3.772870699769291e+01
8.920020586308101e+01
7.890102080018308e+01
7.357464538587939e+01
5.357197562864609e+01
5.414694764378805e+01
5.378291618720764e+01
4.928235190421452e+01
8.799210818856588e+01
4.639750893525663e+01
4.502047418850496e+01
4.610042206295786e+01
2.455944741357092e+01
9.410140905254586e+01
4.257749954358559e+00
3.629934915169112e+01
4.571947220047911e+01
5.152687721491181e+01
4.799896289966952e+01
8.132434407310763e+00
1.373178447304842e+01
7.560163539629505e+01
9.505047695480775e+01
1.311550909332722e+01
6.937885422696306e+01
8.503869687441676e+01
4.001324113459012e+01
5.585107805945495e+01
2.423816757474009e+01
2.402515286767164e+01
2.244414297046333e+00
1.812013416463515e+01
8.812972753687284e+01
9.623310081485337e+01
2.084671003783434e+01
4.170170311895278e+01
5.721863981206838e+01
4.937485812668449e+01
6.972043154282515e+01
1.823301344096335e+01
3.727556235961409e+01
4.007694699805088e+01
9.736214005265484e+01
6.183500981975114e+01
3.565330106562623e+00
9.556892001795066e+01
4.567824641507038e+01
8.641619728245595e+01
1.638822519052226e+01
5.906665816859652e+01
3.241957725604045e+01
6.082758165934477e+01
3.466829356489158e+01
7.546260490802238e-01
8.541388902133977e+01
4.227450049588201e+01
4.221568449503541e+01
7.777580436215541e+01
6.414246292046386e+01
2.680921774674636e+01
9.686201424191799e+01
6.627435347357502e+01
6.603535454069980e+01
7.101536945952817e+01
7.645471108912244e+01
5.773013409121434e+01
3.163238783908653e+01
1.972609405393064e+01
6.880600311272126e+01
3.065987980489614e+01
9.585492037974992e+00
6.081565425769223e+00
4.142976637996257e+01
5.525638524222020e+01
6.791657524552038e+01
6.838952189702053e+01
5.181693194984316e+01
3.869342517046883e+01
1.842015237473890e+01
9.891272913613950e+01
3.554256597326257e+01
5.265059082426624e+01
5.547195377548781e+01
5.183474479794258e+01
7.386740300518805e-01
4.515419977025790e+01
2.776097810257272e+01
3.309724202058149e+00
9.589145057643366e+00
6.303373568832582e+01
3.011894194880451e+01
4.059678532210960e+01
2.441353789736216e+01
1.889503422141775e+01
1.161215473507166e+01
8.692099218579055e+01
5.342366772397592e+01
4.629403382832838e+01
6.647086193155072e+00
3.385084240410981e+01
4.764685321024007e+01
7.158392820115384e+01
3.672820159081752e+01
7.811862238595198e+01
2.783194013304633e+01
5.727614702530026e+01
2.188192397443667e+01
2.144565010510648e+01
4.253803628615012e+01
4.211293754266246e+01
7.856160121902897e+01
2.147713481517375e+01
4.151151396404556e+01
3.830191196794711e+01
2.477459517529914e+00
6.486953006352742e+01
4.606968813858446e+01
6.742112490694090e+01
3.238406103681031e+01
5.246849192887009e+01
2.556030928416192e+01
7.582881100281553e+01
9.306527725097969e+01
4.997384718152408e+01
8.139803720703257e+01
4.577872312896826e+01
2.200865378696874e+01
5.352644472230499e+01
4.080389814488771e+01
4.354192551390357e+01
2.230946352812902e+01
3.366539512465959e+01
3.553689612799180e+01
4.000196775421592e+01
8.715779724864187e+01
4.295779384810375e+01
5.232652870580858e+01
6.286794574133491e+01
2.260666593099323e+01
3.981615101910017e+01
9.121956056506353e+01
5.966110083258762e+01
6.129328583427392e+01
4.591618708610357e+01
3.947017907140319e+01
3.460516544739025e+01
9.991557518947664e+01
2.292629076304207e+01
1.171390945637315e+00
8.101362119476015e+01
2.931240658709426e+01
5.012799238326400e+01
9.976312802162167e+01
3.286326249729063e+01
7.756044682001716e+01
2.491466129427527e+01
6.208206762656665e+00
1.445528609419953e+01
6.424276962142567e+01
9.828096376651942e+01
5.799721165466924e+01
8.204582975341279e+01
3.800057384092387e+01
7.312306532316053e+01
2.204779746106258e+01
9.788734591467649e+01
1.608085912469814e+01
1.932591224057875e+01
2.966474924686586e+01
6.051121170656346e+01
5.914206325967892e+01
3.328501392774517e+01
3.985579220571359e+01
2.965839772003628e+01
5.109645661483354e+01
9.622333911071686e+01
5.504051454134310e+01
8.998691811691360e+01
8.679735222216573e+01
2.573736455558677e+01
7.494634872998407e+01
3.156466862725311e+01
9.369256705683310e+01
7.470947670503961e+01
9.199415230750765e+01
6.221385121448611e+01
3.851399991592113e+01
2.877967731504686e+01
5.478332157003848e+01
8.415166772164017e+01
6.657588545539225e+01
3.466634896335488e+01
8.029619584805155e+01
3.448389663104150e+01
7.789414239949275e+00
6.947733511658262e+00
1.280700136572449e+00
6.376588817861205e+01
6.530011676498694e+01
2.220894485814913e+01
3.368320289705098e+01
8.081196880937181e+01
5.182975919536770e+01
2.413590626052390e+00
1.247317856758515e+00
9.226929233049475e+01
6.186478271235934e+01
6.418835239679942e+01
3.530715593849642e+01
7.556238396817929e+01
8.992571695238618e+01
4.538938437839476e+01
1.555649257058114e+01
8.530884025865646e+01
1.973211212071223e+01
7.550644831522668e+00
6.022189285616479e+01
3.534438509277273e+00
5.753003901686987e+00
5.332577920208023e+01
1.784804603916036e+00
2.236326691804606e+00
7.155737912820530e+01
8.208100045196758e+01
3.672022336941223e+01
6.619447780130174e+01
8.442499376108171e+01
9.421673067576100e+01
6.568832111809790e+01
6.094899264208460e+00
6.894637293598910e+01
6.577486524627305e+01
7.411825986305170e+01
7.191963427323830e+01
1.236535451019432e+01
8.815418597690491e+01
1.304542436871930e+01
8.876996999083551e+01
7.608617473211426e+00
9.438380994572482e+01
8.231560088801925e+01
9.922489072160093e+01
4.580490996400123e+01
4.052925731080084e+01
5.580469721732880e+01
1.082534855735737e+01
5.702697916749258e+01
8.307618856573301e+01
1.435978706663464e+01
7.780064552919969e+00
2.526834282338076e+00
5.985205651254023e+01
9.493624986844894e+01
5.461424293677054e+01
9.822559212251826e+01
1.736533130396406e+00
1.662807865842622e+00
8.265058588359999e+01
3.973745668294721e+01
7.038859514072006e+00
1.319131092782659e+01
5.971879696460385e+01
1.441265554838472e+01
7.565235322138871e+01
4.518892464469603e+01
4.672872999065031e+01
7.096220588822021e+01
3.825322526425739e+01
9.093019845473124e+01
1.423962382331473e+01
3.688919592503886e+01
2.485004017355388e+01
6.604521310238411e+01
8.269410588904009e+01
7.432637450952380e+01
6.232944497015767e+01
4.265472187784255e+01
2.043877393959033e+01
1.695801150843408e+01
7.879241466465984e+00
9.413333679276208e+01
9.079412063155048e+01
3.856615696035612e+01
5.914964655374626e+01
1.526911995153367e+01
2.224942525953493e+01
2.375191781844568e+01
1.909091268623756e+01
7.155949770079903e+01
6.236363670898770e-01
7.999651556834417e+00
9.364549624437723e+01
1.228820952227721e+01
2.241230710521913e+01
4.258122618430351e+01
5.747713416697324e+01
3.994567759332512e+01
7.889185900748328e+01
9.864125805843680e+01
4.704862029619916e+01
4.135294614422738e+01
1.468515117405222e+01
5.572591622161023e+01
7.522581465320000e+01
8.561153900139571e-01
3.005229073113403e+01
5.361646025144330e+01
9.437556983641142e+01
6.140564440815041e+01
9.902209378733397e+01
2.254811302877409e+00
5.566151740758750e+01
5.791869054451524e+01
2.627864443989407e+01
1.468862766152650e+01
1.725153909868167e+01
4.398925427533186e+01
7.557480739223529e+01
7.448210403066227e+01
5.342808079599779e+01
7.619844375932516e+01
6.319208213276791e+00
3.590391359101232e+01
8.550590969878525e+01
1.735199234325066e+01
9.986218567931195e+01
2.427333724884006e+01
5.234665565767636e+01
3.478266356269953e+01
7.332999271961394e+01
6.244217523487387e+01
9.082876122129558e+01
8.518116925153004e+00
4.389946220624235e+01
9.822692042134094e+01
2.456427576232901e+01
8.298017107089059e+01
2.747498994109919e+01
5.503906237661796e+01
8.512688841909491e+01
9.219953417414779e+01
2.119465685505171e+01
4.078840582668241e+01
5.251825035201304e+01
4.337477043428215e+01
1.960501154866303e+01
9.028076827073505e+01
9.600137104094092e+01
8.115981350706882e+01
8.161470386274844e+01
3.502841621405837e+00
8.374252216133407e+01
8.793391207602524e+01
1.097174315292935e+00
4.286416691861309e+01
5.374527180276125e+01
3.926894084516398e+01
6.713750421401929e+01
1.104294173933703e+01
7.405160445442964e+01
7.268365503879434e+01
9.921648777053528e+01
2.232556926194838e+01
9.639181541110939e+01
4.311594993021151e+01
5.140595191689486e+01
9.953048108123731e+01
1.706770286758789e+01
7.888094185799403e+01
7.254632910366465e+01
5.242510016654855e+01
7.348050171205797e+01
2.785250410803244e+01
1.748488648677472e+01
3.344745381430138e+01
2.039830559883188e+01
3.708989803543775e+01
1.057352135450278e+01
4.565265916551121e+00
3.006629819519180e+01
7.533639360933397e+01
5.399471775348984e+01
4.831060671634535e+01
6.082876308859734e+00
5.049774658423743e+01
