8.664625416819297e+01
3.433419304636037e+01
6.931652099327954e+01
1.765829185846182e+01
5.870520912981835e+01
2.259912738697562e+01
1.457543122329536e+01
9.111322969715727e+01
7.053967298499293e+01
4.561482562944983e+01
5.776549608342606e+01
4.828399319587461e+01
8.835119492763243e+01
8.469109702142472e+01
1.144515462752672e+01
1.145202476133221e+01
6.506628401813390e+01
2.691462437012914e+01
8.215251843545236e+01
1.619507270687961e+01
7.432368270788513e+01
5.464078372094817e+01
1.328769778520227e+01
9.472837890252860e+01
3.252694789903562e+01
6.705490358502367e+01
6.152006353322419e+01
6.565024106095090e+01
6.691204955191913e+01
1.546570314814602e+01
7.145318308447170e+01
3.873970971384072e+01
4.430485844812583e+00
9.534014574966400e+01
5.639800157230255e+01
6.313569497463093e+01
7.570424819165107e+00
7.168640162408650e+01
3.142943220745280e+01
2.933467120366855e+01
1.878182684014636e+00
4.908650435930421e+01
4.503783292371678e+01
4.612684130953944e+01
5.176271742757537e+01
9.823416969656674e+01
9.995464850214992e+01
4.121752001401853e+01
7.245685307889099e+01
2.238111571519688e-01
5.741259276746428e+01
8.585225189377192e+01
5.429640140118841e+01
7.407042918450685e+01
3.276785012929134e+01
3.469039841307811e+01
8.404290130550177e+01
2.320191609822303e+01
5.350089075672481e+01
8.037382228317384e+00
9.884709450362581e+01
2.552246294241513e+01
6.159568590186335e+01
1.091325446540176e+01
9.320489545036335e+01
1.870665620952223e+01
9.482540194635530e-02
3.550342625728968e+01
8.067718752691391e+01
9.582381252936266e+01
2.701653341158132e+01
8.562418543064231e+01
2.553534089845389e+01
3.970957381637281e+01
9.429554557162130e+01
4.173525410785119e+01
9.499990022508423e+01
5.714679651760812e+01
8.295277412186972e+01
9.902091361536687e+01
2.163832104841169e+01
1.412707763450550e+01
3.995780774390223e+01
8.874777154473018e+01
1.106565739543441e+01
6.061066876194005e+01
9.567658463291664e+01
9.510855870093617e+01
5.658772311014483e+00
2.964040065633152e+01
6.874459477548702e+01
3.448408801783066e+01
5.674639626254625e+01
3.413442621665747e+01
1.964970855957349e+01
9.563326020521730e+01
1.766256378854744e+01
9.238990768435873e+01
7.854743184454153e+01
7.054973126880346e+01
4.111794947698617e+01
9.067218326529124e+01
6.154378110614781e+01
2.753554309137889e+01
2.368891561575649e+01
5.051987136272707e+01
4.395134870146929e+01
5.264173031441948e+00
7.666667833769074e+00
3.807840842664167e+01
3.843505537995838e+01
6.174597770988288e+01
9.258893816386767e+01
6.627787401260710e+01
6.294919734958057e+01
3.654595512735935e+00
3.567268263347106e+01
2.606487000643503e+01
6.759229990075916e+01
4.133145499105167e+01
5.570527066276654e+01
7.086054006165850e+00
4.583732180569196e+01
2.337082867667583e+01
9.267722596073395e+01
9.337036646593845e+01
2.420511638010159e+01
4.930302367978870e+01
2.781749140835250e+01
3.646049538462446e+01
2.052688799823024e+01
3.178865771358305e+01
8.778162486282253e+01
9.743767049975585e+01
6.581071916306891e+01
3.265625333071512e+00
3.850434419629366e+01
1.948275413340086e+01
7.368743842173714e+01
1.779932669261439e+01
1.081727431659460e+01
7.244014375491075e+01
7.547600100537576e+01
7.320073813814703e+01
6.339224058361363e-02
3.520265102163081e+01
6.794985913110425e+01
4.220378424143595e+01
5.610392361697924e+01
6.671301334477636e+01
2.282141476069643e+00
1.197755421138255e+01
7.844391268605548e+01
4.811946328176160e+01
2.267732844812671e+01
6.999426086898626e+01
2.172194841398017e+01
8.191322166561766e+01
9.923455179633319e+01
2.955772365888475e+01
3.003304201645453e+01
1.976143974799730e+01
7.891885655881784e+01
8.390709961946453e+01
1.719911020118702e+01
2.446094435847408e+00
2.077134308441139e+01
7.703829280894170e+00
2.192884861581440e+01
4.698155445371827e+01
2.550315602007469e+01
9.363517407031506e+01
6.906388507646689e+01
2.690330544808102e+01
6.062565919040965e+01
7.804958204647973e+01
6.128995966226326e+01
5.588916524121964e+01
4.432894212395369e+01
9.119143769666154e+01
5.300182455824773e+01
3.188696561003428e+01
3.235776016132802e+01
6.705813345828007e+01
2.822694374631482e+01
4.968990364563181e+01
1.859468548493212e+01
8.989450111514633e+01
9.470627181916790e+01
1.782923723469919e+01
5.216218468368156e+01
3.035976613422845e+01
1.934027262932634e+01
1.098685609688370e+01
4.803892203981007e+01
6.892813736057289e+01
6.418357224398459e+01
6.148095729829788e+01
6.249361651134380e+01
1.491142353737328e+01
7.008216179445486e+01
8.799677253141849e+01
8.546597561122196e+00
1.250175419845700e+01
6.967912319567013e+01
6.647703524980557e+01
3.136794494063032e+01
3.096908281136727e+01
6.287858260929519e+01
8.797072725741693e+01
5.134928876131274e+01
8.495064209445874e+01
7.495956727068851e+01
2.170319530260898e+01
1.855093679323371e+01
5.386003817145715e+01
8.068345276670691e+01
8.848424911894102e+01
6.260465749660724e+01
5.385202954236978e+01
7.921465373561468e+01
9.070004340759481e-01
8.820544103542596e+01
5.458252860912239e+01
9.144348091978742e+01
7.966647747888531e+01
6.235545368974817e+01
7.087142708286244e+01
4.847674260310677e+01
2.484907015452584e+01
5.942336374866933e+01
7.295335637077380e+01
1.284584263937820e+01
7.884076939841768e+00
4.841230397504395e+01
9.171207914674285e+01
7.436111218964733e+01
2.752535656444978e+01
7.430345973665987e+01
7.014536371927026e+01
8.863156670175100e+01
5.334800712454506e+01
6.310857891249870e+01
6.235173487213986e+01
7.567282364502215e+01
7.564801200090349e+01
1.621177299703088e+01
4.390057667340179e+01
6.511164762317745e+01
7.881643049363812e+01
7.926955939236542e+01
3.539035564073844e-01
5.403507424240702e+01
4.302386508464062e+01
5.493643221209591e+01
7.241065053847183e+01
1.093848376112919e+00
1.205678219537101e+01
3.159512236322981e+01
3.451700216835225e+01
9.207987999174738e+01
6.649185273167298e+01
5.663521618425623e+01
2.433524794147129e+00
8.239628285281187e+00
5.279262780807569e+01
1.562486608308967e+01
5.697682125353106e+01
1.490929523245864e+01
5.487182566657282e+01
3.894080223466307e+00
5.967338041387190e+01
8.219832744551745e+00
2.226682171331105e+01
5.446165495294223e+01
9.153108256474653e+00
1.336069130960884e+01
3.997948362491069e+01
3.559790832716874e+00
3.892647318492013e+01
2.074445771088100e+01
2.711344329971514e+01
1.441335334182407e+01
3.291743748491511e+01
6.829250066927285e+01
3.747320791588781e+01
1.307156240244934e+01
8.067030817301493e+01
7.765869529808811e+01
5.967731692813211e+01
3.414214823122236e+00
7.976978024457105e+01
7.721156416331026e+01
8.856934438858617e+01
3.879014488253284e+01
8.514637927764393e+01
8.922972701919718e+01
9.932853216274108e+01
6.491443541129792e+01
3.998000130056403e+00
8.878083121440412e+01
5.250674912357086e+01
4.193690984600079e+01
7.866636937422044e+01
7.477357088344803e+01
2.500636536861135e+01
7.366187710951169e+01
9.860340659441586e+01
3.077648846934386e+01
5.432702193703829e+01
2.530323975966463e+01
1.570995054939294e+01
3.891081839749162e+01
7.847783387567748e+01
5.581503834380537e+01
1.127791535634450e+01
7.159018287043561e+01
7.954655335263654e+01
7.404185755832208e+01
5.653320954019819e+01
8.278910381849349e+01
3.979693913822851e+01
3.630298978476925e+01
3.418446846035517e+01
2.652043370833641e+01
3.102969761520145e+01
9.930749102463363e+01
6.720776877701644e+01
3.465396321129704e+01
2.620468024453366e+01
3.714208800212577e+01
7.422049770793900e+01
4.469668438876825e+01
1.351191970217597e+01
3.143697592031070e+01
2.616593750480839e+01
8.416203087389563e+01
5.827634029941463e+01
9.009846881502237e+01
3.108457090849270e+01
5.909424734259687e+01
2.462131042248630e+01
9.485009368269243e+01
4.139735272219281e+00
8.865136983275942e+00
4.603428558727460e+01
6.578362228618172e+01
7.266680103385207e+01
6.969659769427804e+01
9.799334062169928e+01
9.983957037322203e+01
8.927330220549987e+01
8.161611621343350e+01
3.106239420876949e+01
2.345777061928891e+01
8.136549875203777e+00
5.235440151409917e+01
8.207728019080930e+01
6.643657151909386e+01
5.440071316175196e+01
6.126920718758796e+01
4.451567029790751e+01
6.683476230447867e+01
5.965891529790075e+00
9.063484780054300e+01
1.521483870000338e+01
5.852120190789979e+01
6.676965405548441e+01
3.678880773335174e+01
4.604660637958283e+01
4.590979714221778e+01
5.384893601473837e+01
3.287498561333631e+01
4.075989082491020e+01
8.207962009221298e+01
8.994204443411066e+01
4.687977705471207e+01
1.698357794293369e+01
3.285489791671508e+01
2.939295816672638e+01
1.788189030153765e+00
7.689872359712548e+01
6.420169322015796e+01
8.081162794530933e+01
9.110267622913358e+01
7.340728420457211e+01
8.894817782051311e+01
4.935029742743368e+01
6.437197447026706e+01
6.001994654537176e+01
5.329969392777406e+01
2.564118161128889e+01
1.347722537511830e+01
4.906399471176043e+01
2.566852608028265e+01
8.928963723093720e+01
9.192032515626416e+01
5.632481973447130e+01
5.186388546222071e+01
4.772847622992866e+01
9.010700974152751e+01
1.969088382073254e+00
7.121457432918929e+01
6.143879623219315e+01
7.204684772158360e+01
8.846032022892513e+01
8.946110670895368e+01
1.892662472972955e+01
4.629652637350211e+01
6.333355873978397e+01
2.261437513987272e+01
4.549203815194407e+01
8.445795615411268e+01
7.672600316662621e+01
7.994973151010915e+01
7.353598488193749e+00
1.922494369522899e+01
8.825669707183572e+01
6.767128499582003e+01
1.265754476779026e+01
1.678213477916184e+01
4.769087142669171e+01
4.085019526111437e+01
5.821079279212784e+01
4.572233112795387e+01
9.228035318305733e+01
4.282425285448518e+01
3.764265623765190e+01
3.965983895569101e+01
8.526655495412022e+01
1.047062688063394e+00
5.576225931558864e-01
9.577460838285023e+01
2.622286883472599e+01
2.517551077770792e+01
4.172487554220709e+01
6.986322587815263e+01
5.221825300353498e+01
8.674808078759726e+01
4.664409558598143e+01
7.801790348161846e+01
1.535555409051271e+01
1.781791249188498e+01
9.322143974398330e+01
7.579356821989342e+01
5.016908517580903e+00
2.577657519177374e+01
4.773758028062879e+01
6.999917517881802e+01
2.966502887646902e+01
6.929597890437394e+01
6.465321619280297e+01
5.063600775349699e+01
5.111328091058567e+01
9.987898324610617e+01
7.714655351692184e+01
3.738503760536436e+01
4.720224833451316e+01
3.400099511910276e+01
1.540378682101322e+01
6.038213393668743e+01
7.134986909634893e+01
1.538738813967788e+01
6.925355860463044e+01
1.523215850593157e+01
3.072684804477117e+01
2.361173193138639e+01
5.188725923741574e+01
9.787202733469755e+01
1.635291088202638e+01
2.561335164383676e+01
6.462008006154564e+01
3.170846497253909e+01
6.530903049991886e+01
8.559712520129845e+01
8.493847594826411e+01
1.210130109083899e+01
1.983526368617791e+01
1.887713676266239e+01
6.551007035444960e+01
8.718440736978521e+01
8.849833532632250e+01
9.667416610600155e+01
7.500310036121081e+01
3.724370810074905e+01
2.177739796311473e+01
6.361981144343494e+01
4.071720616925378e+01
5.443665723057308e+01
4.989395907609443e+01
1.157199107649363e+01
7.356478524094670e+01
3.812523611733934e+01
3.201560221240651e+01
3.578069835704784e+01
6.854014474364936e-01
4.251487536472961e+01
2.790593748349042e+01
8.189124152152391e+01
7.965574095940950e+01
2.949808488110923e+01
4.609374443352863e+01
5.620322374450193e+01
7.124342213908371e+00
4.801378340833531e+01
2.479934358261495e+01
7.826389874250810e+01
3.176786472637573e+01
3.617304392912101e+01
4.293894518303636e+01
9.080472029317390e+01
8.338029984542182e+01
1.541189943226609e+01
6.601902431157373e+01
5.030315651106795e+00
2.383806059315710e+01
8.561424616985687e+01
8.001123935916054e+01
5.505604206354173e+01
5.650709753693411e+01
8.466179565743627e+01
7.168425613627036e+01
7.132588870419464e+01
4.662612269009749e+00
7.912842281122153e+00
2.083210182414954e+00
2.020817581573882e+01
7.892924439112154e+01
7.586090540320654e+01
5.137322174914797e+01
9.399164234939573e+01
6.199574091564666e+01
4.713423589576698e+01
6.473181651194199e+01
1.282854509205955e+01
5.758222921638853e+01
9.165416420048761e+01
2.664420768927979e+01
1.532445089673831e+01
9.811961683357117e+01
6.284895793667480e+01
1.260238593099750e+01
9.087264327838675e+01
6.215571605700801e+01
9.988073292182793e+01
4.561130271554519e+01
8.984999455970247e+00
8.549497909168478e+01
6.860738804964693e+01
4.104981866714071e+01
4.492877500361240e+01
7.457856371746331e+00
9.860893897647455e+01
3.227094050136905e+01
2.740535867745306e+01
1.643393315208793e+01
5.804579875340955e+01
5.102130144416414e+01
4.024271277722097e+01
6.485772121923870e+01
1.668529120119535e+00
8.216429901410093e+01
5.570178840109230e+01
7.450497884978772e+01
2.724869266489926e+01
5.449399694543984e+01
3.208720801961012e+01
9.659877461222874e+01
3.794381652862943e+01
9.466929901143037e+01
2.051860122965584e+01
6.896193002767951e+01
4.360771125350507e+01
4.082278592550325e+01
8.424933598574685e+01
4.348844412876687e+01
1.902383031278096e+01
2.877929212002982e+01
2.898342317388553e+01
3.347543433004778e+01
9.412275915691758e+01
5.493090918982909e+01
5.829208603049260e+01
2.244160977305920e-01
6.802657380142556e+01
1.473542145208242e+01
7.602104278096047e+01
4.618904942003500e+01
8.782582738801177e+01
8.996832328381405e+00
1.398533536772492e+00
7.589317200514169e+01
9.116113134248235e+01
9.743546154230621e+01
5.381245322237371e+01
4.355664683671512e+01
6.725797111506479e+01
8.589966124198384e+01
1.517748200110043e+01
5.201787597128091e+00
8.080539092459036e+01
1.639142121020305e+01
4.671906584255353e+01
2.195247193889342e+01
2.800207837857403e+01
7.611492121411251e+01
6.507020912369257e+00
8.962111621611804e+01
2.135927296306904e+01
9.170213215598004e+01
1.855317578583638e+01
7.330319964015074e+01
1.934227893098364e+01
6.035038636082336e+01
7.884780535420767e+01
8.005228810014775e+01
8.769402424231825e+01
6.827418416192484e+00
1.107788594024158e+01
6.150777515094158e+01
6.899997269222512e+00
1.247641947701407e+01
4.464044386737069e+01
4.012517753994334e+01
6.820073764221777e+01
5.305216557022751e+00
7.803682329973059e+01
3.985519313246719e+01
9.144130851674885e+01
9.321430530083100e+01
6.285015794581275e+01
7.224669939477309e+01
2.121342025753735e+01
9.569223741800164e+00
8.197228358219019e+01
4.087310863699443e+01
4.485100132639101e+01
1.800961802620889e+01
8.233668831285867e+01
9.603108963744300e+01
4.451504617208384e+01
9.843749930078047e+01
1.969946172074390e+01
5.634479148143194e+01
5.878788561503770e+01
3.866221943807892e+00
5.619295176872655e+00
4.648190981078982e+01
7.711632702365347e+01
4.167061068195412e+00
2.401833437570293e+01
9.038686742558464e+01
1.161068832111111e+01
4.432229220137106e+01
9.964274177311117e+01
9.383775670725749e+00
5.490822016955737e+01
8.154590175559088e+01
4.923896880319294e+01
2.686603964626139e+01
6.553491655063578e+01
4.188682210719531e+01
2.756583081910658e+01
1.171615832099512e+01
7.880489569101711e+01
5.943651425625966e+01
6.705634923049078e+01
7.691984096398569e+01
7.744613232903468e+01
4.694067269886875e+01
5.460033107297511e+01
8.715788246465749e+01
4.537817199964923e+01
7.429979284028512e+01
4.507096644727093e+01
4.166057568120797e+00
7.107824379162781e+01
3.001587955747539e+01
3.947889639040404e+01
8.194591686220184e+01
1.244406579641815e+01
3.568219576761229e+01
8.376709231350901e+01
5.203779556417734e+01
1.891816981086422e+01
8.727617081593544e+01
5.567241984218006e+01
7.382638998042158e+01
2.985482654993181e+01
1.962650288810325e+00
6.866421232403452e+01
4.358227953481595e+01
5.285736222418834e+00
1.504526572071261e+01
8.213807986217462e+01
6.009130741473814e+01
1.653153962294177e+00
6.467465300330643e+01
2.485959549660776e+01
9.949010927206376e+01
3.262057874008109e+01
5.806692869312453e+01
1.956539043205110e+01
9.072407572098266e+00
9.577940478724399e+01
3.015066558967841e+01
3.413691606099574e+01
6.089945792262418e-01
8.490216610250164e+01
4.393564921055717e+01
5.569042226098964e+01
3.002532428597348e+01
9.974153181525949e+01
6.632200375493709e+01
4.886216067190382e+00
1.622404033142330e+01
7.762999114470091e+01
6.693649178693839e+01
5.285272437746298e+01
2.528344440519970e+01
8.782493355117037e+01
1.563890781981820e+01
2.874560702068061e+00
5.331634443873370e+01
6.812472407153096e+01
4.701215282409086e+01
1.480752113964759e+01
1.331110108332294e+01
8.466416661844784e+01
3.966711668282147e+01
2.906219285403480e+01
8.245162865261157e+01
4.203027963732848e+01
2.946193657324739e+01
7.033848472420988e+01
3.553738116078888e+01
9.233137447961205e+01
9.583703269988160e+01
6.389664898807958e+01
4.205409951603697e+00
1.814951110545057e+01
4.768044359408340e+01
3.394469131433623e+01
6.539724127640820e+01
1.584351529173717e+01
5.044158564435391e+01
7.101680965675824e+01
5.484635525143070e+01
2.697344530698538e+01
2.386953398765509e+01
7.316878162006326e+01
7.058780909077628e+01
2.463488943159343e+01
1.145472736631275e+01
9.239928135294434e+01
4.336171650484284e+01
2.696648632500623e+01
8.310943049523488e+01
2.975253869302223e+01
1.541645159731454e+01
4.743292846131740e+01
2.065977720574465e+01
9.799269111733543e+01
7.805293005800476e+01
7.796765727827681e+00
5.670717193591742e+01
5.557860986123728e+01
9.691837290158419e+01
8.521000365037938e+01
5.112863269221440e+01
6.617466391351758e+01
2.498268546768589e+01
9.880907628629780e+01
1.486218129976754e+01
7.977545483958696e+01
8.795401853879635e+01
4.403088467383333e+01
5.079226444977907e+01
7.142672360475488e+01
8.716091890221504e+00
3.468374504460196e+01
7.094481315973439e+01
8.771520596356839e+01
6.919427703562857e+01
8.102811038541985e+00
4.019831011081036e+01
3.405067316910749e+01
5.274131645110497e+01
3.793304354787480e+01
5.701542834612327e+01
9.935707785159214e+01
2.538070055906693e+01
7.488123074866888e+01
2.242068123185107e+01
6.570420068022990e+01
2.569837352526299e+01
7.227923421760985e+01
6.684554278238003e+00
6.228641707556621e+01
9.183681923515947e+01
5.781318697045240e+01
9.718047533984318e+01
4.233700993579673e+01
3.149613925791166e+01
8.879926152937080e+01
8.598215351159784e+01
7.320263156350825e+01
9.062566463399011e+01
2.748314814059211e+01
4.462935512169700e+01
6.752174774535081e+01
4.524014538398019e+01
5.713999618642963e+01
8.705731522620530e+01
1.702372707287955e+01
6.964562389517465e+01
8.972993390156418e+01
4.233358928111083e+01
1.594994101484769e+01
6.391238806020114e+01
2.007373078729665e+01
1.804240705354252e+01
6.151910231519449e+01
8.017708448701403e+01
7.319711925145104e+01
8.042818525826009e+01
6.285508091694446e+01
8.726761047135462e+01
5.049985044193448e+00
8.950022579613153e+01
9.140990129271984e+01
7.990047628055349e+01
4.455457736950115e+01
9.692329387037238e+01
7.200449196249455e+01
8.477017250134152e+01
4.491026785453328e+01
9.660348347230045e+01
3.851758578723184e+01
8.091950289947889e+01
7.463316608901749e+01
4.752544609248891e+01
7.404105587584947e+01
8.935269773441958e+01
4.520410361942095e+01
1.809345866464705e+01
8.323701158316666e+01
1.878082804325075e+01
8.997556105720605e+01
9.382964307154977e+01
9.331697756113344e+01
4.027400665929262e+01
4.642122553029155e+01
9.248215886414151e+01
4.898176959202708e+01
2.482864243203245e+01
7.262347413814788e+01
9.108940809550202e+01
7.012817271525421e+01
7.607299949790956e+01
6.170690523539991e+01
6.153807396140791e+01
2.740021093161786e+01
9.827103810304358e+01
6.001667918638172e+01
3.859703160757061e+01
3.961532141064076e+01
5.856420079179304e+01
9.491888643005811e+01
9.711815877683375e+01
6.997101095969370e+01
4.877794512956308e+01
5.418561261807830e+00
9.749645227449781e+01
2.236895776464090e+01
6.939805064787997e+01
2.900668328116028e+00
3.727589819453465e+01
1.249389812000743e+01
2.574152323684726e+01
1.489112927340489e+01
5.718687612432375e+01
5.743457682311283e+01
7.794042377636788e+01
8.698944462788731e+01
4.490310924356017e+01
6.580143923210046e+01
5.266178201542319e+01
8.336968016036306e+01
3.118114030509309e+01
7.268164119342418e+01
6.863275830104611e+01
1.202457952873063e+01
2.120922804866416e+01
6.729419551198100e+01
2.137398469325806e+01
5.980625965623476e+01
3.601784330607292e+01
3.864736423764721e+01
4.879538717157924e+00
1.077289288433869e+01
7.463410001929574e+01
5.235067347639737e+01
7.022119335374850e+01
7.941070170114315e+01
6.167676456350682e+01
9.547251192642027e+01
6.234197801088075e+01
7.396727636175568e+01
7.808336828746059e+01
1.027550460317894e+01
9.665293595597750e+01
5.139186240331822e+01
2.344745170485576e+01
4.313153011870176e+01
8.656890503436742e+01
2.451043674932347e+01
8.020996785732450e+01
9.720298149492731e+01
5.093451656910335e+01
8.966742353032689e+01
9.486659373849005e+01
8.513899635762860e+01
7.371334320572826e+01
3.434177233574064e+01
5.605488342980615e+01
4.557615637107573e+01
3.897716106799299e+01
1.018755040605904e+01
8.422352060872294e+01
4.476956987975611e+01
2.096044329039773e+01
8.109571909582975e+01
2.669942943691249e+01
9.304752880383633e+01
5.309748689322615e+01
8.934414074260003e+01
9.520992031097873e+01
5.821891359901936e+01
6.692969103666474e+00
5.569533726931333e+00
2.738162531861180e+01
6.501162898028811e+01
4.606766023024342e+01
8.082225494125032e+01
6.151597479428909e+01
5.530698432368551e+01
4.693535689587488e+01
7.596338115444564e+01
3.120795857683195e+01
2.311455482762053e+01
1.969085155040531e+01
1.234477530808410e+01
4.580118648978006e+01
4.105613969315595e+01
3.465452265676787e+01
6.043729980496564e+00
2.726303298364535e+01
1.954750154146343e+01
1.623128038655560e+01
1.148655359236829e+01
8.582323681834303e+01
5.591942488957170e+01
7.034417422038698e+01
3.364539385477332e+01
4.896695364684190e+01
8.425501290906919e+01
6.218554487553683e+01
1.870808797828298e+00
6.928401275970228e+01
7.043984884882339e+01
2.803559556046296e+00
9.666563807831409e+01
2.321197568588516e+01
8.312402939569392e+01
2.412711266620416e+01
3.672219032269074e+01
9.511015196103145e+01
3.841039675213881e+01
7.605800920913834e+00
1.818261887793551e+01
4.491708103796331e+01
2.729665251788527e+01
4.039556479099932e+01
8.634280040224213e+01
8.983529130454887e+00
7.673192549344708e+01
1.566675548239925e+01
3.624656211410024e+01
4.051340680593318e+01
5.053607423349101e+00
4.773311570646852e+01
4.830478227152712e+00
4.224533110030244e+01
1.807728988028937e+01
6.044836391715722e+00
8.312282379862053e+01
6.720394364893620e+00
7.634419620798165e+01
9.360298351086816e+01
7.600440712459590e+01
2.968644296270164e+01
9.640654311348057e+01
7.206885152127074e+01
1.473420896322197e+01
7.424055644042816e+01
2.942856602809791e+01
1.860111067937739e+00
5.643890516666644e+01
2.192694527186777e+01
2.006298174153221e+01
9.456644160420002e+01
4.717832861802463e+01
4.473078266937788e+01
9.100146661093527e+01
6.727425976063789e+01
6.666777905387235e+01
1.196737182883889e+01
2.275733152532826e+01
7.227341945854640e+01
5.248077863477207e+01
4.481277072094976e+01
6.289208809048500e+01
4.196154654117373e+01
4.896273917935916e+01
5.070991332210131e+01
5.281097127721225e+01
2.133835778633987e+01
9.808954051606801e+01
1.205756539109050e+01
2.553112098273408e+01
2.312471099343370e+01
4.174400840035826e+01
3.275988261809567e+01
9.999136389232770e+01
6.881929145605270e+00
9.972012238563975e+01
9.188530388841653e+01
4.080441521518138e+01
5.120870128795910e+01
9.383959201809000e+01
5.317717918808441e+01
5.766159475672134e+01
1.351278331759981e+01
9.154838402362000e+01
1.419350631264667e+01
3.409735603914474e+01
4.419231756785527e+01
5.221789928722097e+01
3.544374603565957e+00
2.639904894232706e+01
4.072074770960992e+01
6.867710187503933e+01
5.903167238413900e+01
1.949109561717654e+01
3.808870387174594e+01
1.394610512719774e+01
6.204908744527449e+01
7.535387546539022e+01
6.717189339323522e+01
6.512574947677821e+00
9.877564287687449e+01
6.066081582599357e-01
5.344714208200907e+01
9.015412162530893e+01
9.345343992740542e+00
7.550440899818409e+01
8.943594297833551e+00
1.270419918592284e+00
3.028900941381650e+01
7.626074067142827e+01
9.172155749598591e+01
8.346618860190091e+01
3.088135306298796e+01
9.211936862772301e+01
5.127044932510260e+01
3.622938982966793e+01
2.402132638917366e+01
1.781232544119112e+01
4.930424105809268e+01
8.748239003470279e+01
3.712911030143924e+01
7.994420192201818e+01
5.918143026492625e+01
3.539989191824565e+01
5.751092082704926e+01
7.562415645254038e+01
1.298463247389748e+01
1.558075981008856e+01
9.640005286615344e+01
8.015652591369884e+01
5.473074310213828e+01
3.992834721688570e+01
8.076313407195877e+01
1.055740300126253e+01
6.667687560742576e+00
8.747450224471955e+01
9.925431897829023e+01
1.561128185857613e+01
5.467532973488576e+01
7.933573866232099e+01
2.319803523048667e+01
2.144075381636655e+01
6.280192726422192e+01
8.003384954297628e+01
3.533702298781696e+01
5.040748973861685e+01
1.795631214881144e+01
3.977684706439118e+01
5.692703693962052e+01
6.559362367987336e+01
8.902698005038638e+01
8.299936693301395e+01
8.042735130546026e+01
8.993306923188878e+01
3.244133714234519e+01
9.606612077730993e+01
1.822838723577018e+01
8.857896783788640e+01
1.164688054083236e+01
5.938109162234753e+01
9.363448065409180e+01
1.776187350869266e+01
2.247324908267392e+01
7.828575055035098e+01
7.732400851199590e+01
1.340195947019475e+01
6.576025274850440e+01
1.755952891780041e+01
4.421357100094369e+01
9.547944911545116e+01
4.726912721398712e+01
4.478644344247246e+01
9.087083073839118e+00
9.583664261542104e+01
1.465454204690388e+01
3.863113007444475e+01
1.085452288894659e+01
7.096606240187123e+01
6.765947168118296e+00
6.777560797882062e+01
3.655968603517846e+01
2.242174345181405e+01
7.765975016060274e+01
9.185320436575134e+01
8.251343131182409e+01
7.620738804163756e+01
1.969051818348957e+01
9.320306805577272e+01
2.476174967585213e+01
8.386055137210550e+01
2.927575727425318e-01
8.495872853554725e+01
4.909927223301459e+01
5.386308941704365e+01
7.035651550179185e+01
2.881354080923532e+01
4.837498532066819e+01
6.348838315507788e+01
4.257749954358559e+00
6.958383799976848e+01
3.553107568786064e+01
5.850049483520002e+01
2.387428191670882e+01
1.297733807609293e+01
8.472319719601570e+01
4.869457490215757e+01
9.505047695480775e+01
3.463201352145151e+01
4.977685401671420e+01
6.118389952982957e+01
9.918216550684636e+01
3.873430506267319e+01
7.575240334298108e+01
6.071206147815662e+01
8.779224356999261e+01
3.234119640306625e+01
5.978050560680241e+01
3.458196624861190e+00
5.290224088956707e+01
3.906110876196116e+01
9.498365833190441e+00
9.953545746371870e+01
7.335590714279371e+00
5.859763811277116e+01
9.614065466268950e+01
7.295201009742543e+01
7.183732850096996e+01
1.603028272093752e-01
9.587267245905132e+01
1.381089646081016e+01
6.974414082697785e+01
4.928480230704174e+01
5.503006100423171e+01
9.367720931473990e+01
5.704149140838603e+00
9.463186240505048e+01
5.049275222723035e+01
7.014170972171320e+01
5.795634405592286e+01
4.483912347109948e+01
2.360711541194800e+01
5.713850956276922e+01
9.542857045094881e+01
1.679269024952906e+01
2.200923833158297e+01
4.405245140383600e+00
3.203709476256608e+01
5.911715797107534e-01
7.174707379739129e+01
2.976539848827077e+01
7.932685077159053e+01
8.124543967714787e+01
3.406409091971074e+01
8.666244148586991e+01
8.766571292079320e+01
1.867075754267664e+01
1.055798014186229e+01
5.624801197845862e+01
1.883106036988602e+01
6.430652600913612e+00
6.267893382472868e+01
9.887943346932504e+01
6.193580062218746e+00
5.899436593008897e+01
3.336512196500092e+01
9.998404798097165e+01
8.011062037204887e+01
5.183474479794258e+01
8.907555532133000e+01
6.313441082049832e+01
4.212873510184173e+01
6.322769320720234e+01
2.233171333667436e+01
4.442178413477809e+00
6.287731521896893e+01
1.942278836826924e+01
7.083049950694222e+01
8.707676790052874e+01
1.466164598924184e+01
4.257757330433353e+01
6.993372443594677e+01
9.624212765891204e+01
2.382301293491526e+01
7.870291544995408e+01
3.384809774991502e+01
7.158392820115384e+01
2.499936089152440e+01
4.440607789177731e+01
8.853008723283656e+01
4.383042130797655e+01
5.643189300616825e+01
4.675909310894045e+01
4.253803628615012e+01
8.284468179701115e+01
3.223785107593883e+01
2.377199913550727e+01
7.596415620109261e+01
1.234847140142157e+01
7.331187961311633e+01
6.503971147585646e+01
3.279712392613158e+01
7.070586619465885e+01
9.447277099568061e+01
3.021067400938397e+01
3.618227897034133e+01
8.392782233838355e+00
6.768859297395153e+01
4.997384718152408e+01
3.669174315253819e+01
3.487658926047226e+01
3.689483932074850e+01
8.051415406191450e+01
9.299992383131755e+01
9.783477722566332e+01
7.704002916675063e+01
2.406793601069038e+01
2.639660147316596e-01
3.394372828022750e+01
2.879622966460708e+01
6.513542410225395e+01
8.061279378859922e+01
4.261495151678796e+01
1.189451716462826e+01
7.827543382452589e+01
7.600293111801284e+01
8.515727128142365e+01
2.829794591679142e+01
1.130446652476884e+00
2.836601083556470e+01
6.767856095343761e+01
4.064912970208056e+01
6.116313480826241e+01
1.401312221494183e+01
9.920931151099937e+01
9.137380881764638e+01
2.414191450185232e+01
4.351662413380883e+01
9.734918707858267e+01
1.627743542952344e+01
2.603967209627837e-01
6.734249678782304e+01
7.731557538607883e+01
3.115612763499660e+01
2.815515018448008e+01
5.799721165466924e+01
7.352292899672078e+01
7.278731338343924e+01
2.282653810588016e+01
6.876035997120681e+01
6.730551429433073e+01
7.692614639034781e+01
2.143213037468126e+01
4.738821356901350e+01
2.289859811910363e+01
2.438755520823763e+00
9.565727836250201e+00
3.034138205942762e+01
1.076950268390100e+01
8.517514606247431e+01
1.553915395193694e+00
5.407675870418398e+01
8.208631844356951e+01
7.874408558883894e+01
6.098528339573428e+01
4.749946996918855e+01
5.805470997377052e+01
5.314662123711156e+00
7.049472051230013e+01
8.065275111266075e+01
2.159209755323459e+01
7.767447204220782e+01
9.820235911673045e+01
3.628186175426555e+01
3.171077744649294e+00
9.648332283668375e+01
2.830053429505813e+01
3.798770943562859e+01
6.917295226323090e+01
7.777686676838289e+01
3.171943665096510e+01
4.102295955690693e+01
2.387027341121355e+01
9.161852309090015e+01
4.219702074406530e+01
2.028740538297566e+01
1.910207351627856e+01
3.619385693976370e+01
9.643994136547667e+01
6.472903395291839e+01
4.568429922018400e+01
4.267430866261679e+01
3.416259201903017e+01
6.615775854613528e+01
6.407190201062332e+01
1.335463720064361e+01
5.789708190499670e+01
4.995837446765898e+01
8.408730937358332e+01
2.406187417174777e+01
3.061112553375360e+01
7.693113501972107e+01
2.465799689509813e+01
7.911696344572910e+01
4.222319556503705e+01
8.533279964948669e+01
4.575566274381972e+01
9.946518707995544e+01
8.367911450736183e+01
1.947310795982979e+01
1.146366876152515e+01
7.095677348363995e+01
9.468760019852203e+00
3.217066779368122e+00
8.877992946132083e+01
1.143949283819622e+01
6.577486524627305e+01
9.416140811245954e+01
7.194864599590592e+01
8.681166692954100e+01
8.815418597690491e+01
1.918077744505404e+01
3.079259536731644e+00
8.923828494233931e+01
1.418523253602219e+01
6.823219823103035e+01
2.968016631420710e+01
1.256437642153556e+01
2.546411306851735e+01
8.431867001779315e+00
4.741168117495798e-01
3.157456318455495e+01
1.997073638251551e+01
2.513211370684771e+01
2.707908527323933e+01
6.219393194755257e+01
4.253920490971729e+01
5.872487200364698e+01
7.762409503461053e+01
2.621831937051300e+01
4.557808942421250e+01
9.554928550289445e+01
1.904123514846025e+01
5.504684949063083e+01
7.038859514072006e+00
8.161653172300035e+01
8.683829572370197e+00
1.478838930595126e+01
7.577793983545989e+01
2.945996165716088e+01
4.578210653075115e+01
1.229496212317374e+01
3.392764890283702e+01
9.093019845473124e+01
7.267307609909824e+01
2.793827793930577e+01
2.485004017355388e+01
8.907443056305611e+01
2.059233375852570e-02
5.500854433281746e+01
5.114787349065201e+01
9.351945444639746e+01
6.648024784702820e+01
3.651087546558626e+01
2.479090081750923e+01
7.944945715342158e+01
7.858919137091804e+01
3.363802569622082e+01
2.430330264582452e+00
2.013269430963914e+01
9.438434713258610e+01
7.820952850310576e+01
5.198036020248213e+01
7.637225095013727e-01
3.325637794717046e+01
7.033315038789677e+01
8.238025427906786e+01
1.108434019195118e+01
6.061174541740294e+01
6.929784946576592e+01
3.454127611338220e+01
2.926763562917133e+01
3.310438861749339e+01
6.699721471732353e+01
7.672441777620669e+01
