2.736022264108072e+01
7.284760245720278e+00
8.992777755014960e+01
8.120887721013690e+01
3.727489432193101e+01
2.259912738697562e+01
1.457543122329536e+01
1.532217297485199e+01
8.300140406144848e+01
4.607226892657218e+01
1.765707215185141e+01
8.470615813727778e+01
2.094134782484795e+01
9.704421274226355e+01
7.510836090664769e+01
9.185018357441304e+01
3.215888660967298e+01
3.841121808551775e+01
6.047613432653068e+01
1.619507270687961e+01
7.576625178370917e+01
5.717992389443327e+01
1.328769778520227e+01
3.945945112009507e+00
4.066545303941958e+01
1.334261075283522e+01
7.902900668747212e+01
6.993308866859091e+01
9.031406254056564e+01
4.602622135822951e+01
4.665750644479762e+01
9.106944403195261e+01
4.188008762052286e+01
9.534014574966400e+01
5.711097035422501e+01
6.313569497463093e+01
5.879499826524174e+01
8.547335285016958e+01
5.424892467178820e+01
2.529993486837481e+01
1.878182684014636e+00
1.201442070864813e+01
2.200821718294556e+01
3.053208078748178e+01
8.341328198249139e+00
9.823416969656674e+01
6.642922450156381e+01
4.121752001401853e+01
8.859724811678625e+01
6.449152457736970e+01
2.005222440699685e+01
8.585225189377192e+01
7.967343278214030e+00
7.407042918450685e+01
8.689119810559377e+01
2.475073571538121e+01
8.404290130550177e+01
2.875080165860746e+01
1.752309343662257e+01
2.267445950893427e+01
9.884709450362581e+01
2.552246294241513e+01
3.416209804553636e+01
1.091325446540176e+01
9.254862838077761e+00
4.694083419020327e+01
6.641327532306931e+01
1.682528770380900e+01
7.603345246800848e+01
7.644883658571581e+01
2.701653341158132e+01
9.481578459721793e+01
2.553534089845389e+01
7.080945417788320e+01
8.162628071458371e+00
7.039020749292811e+01
9.715206180566552e+00
3.422755893982368e+01
3.420512254080042e+01
9.419241789457966e+01
3.506677659930045e+01
1.412707763450550e+01
3.995780774390223e+01
8.874777154473018e+01
1.292713499298651e+01
2.034792696142007e+01
1.862145611952127e+01
9.442420731970304e+01
5.658772311014483e+00
2.964040065633152e+01
9.104714025326406e+01
4.505866814640289e+00
5.246728130265478e+01
2.469304503160205e+01
4.745705521081437e+00
9.563326020521730e+01
1.525314464944096e+01
8.502256715904110e+01
8.387118525983355e+01
8.055621622156176e+00
1.248121769748685e+01
2.867986235240468e+01
6.154378110614781e+01
7.453009703873195e+01
1.548400051681511e+01
5.269767518746558e+01
6.927079719923009e+01
5.099369662394454e+01
7.666667833769074e+00
1.815266777675257e+01
7.872004223927857e+01
6.174597770988288e+01
9.258893816386767e+01
5.876471198106405e+01
5.049374920804694e+01
4.630990896667815e+01
3.567268263347106e+01
2.606487000643503e+01
9.876315426023824e+01
4.133145499105167e+01
5.288730797026646e+01
8.929410124630392e+01
8.759349625911261e+01
5.354589226355119e+00
1.398714627790598e+01
5.362076896877064e+01
5.923589321749093e+01
2.370452537373850e+01
2.781749140835250e+01
4.562416521162920e+01
2.052688799823024e+01
3.178865771358305e+01
5.387405760301001e+01
2.364447499795094e+01
1.166844955257534e+01
3.686424351151299e+01
3.850434419629366e+01
8.291589765945258e+01
1.742198686926718e+01
4.617101207662886e+01
3.571418106356365e+01
6.651329196361513e+01
5.728309608869399e+01
7.320073813814703e+01
6.998376565518964e+01
3.003905361054421e+01
6.794985913110425e+01
6.095068653158410e+01
5.909024628768221e+01
6.671301334477636e+01
4.198076261299698e+01
1.197755421138255e+01
1.726084138139190e+01
2.835158199460785e+01
1.733214343773767e+01
6.999426086898626e+01
1.740232203966115e+00
8.440887685139145e+01
4.700732838688760e+01
9.386596139234769e+01
6.190709074116643e+00
1.976143974799730e+01
3.100431395275719e+01
1.280192491263241e+01
1.719911020118702e+01
4.472957567532062e+01
1.606755024570392e+01
7.703829280894170e+00
2.586906856199218e+01
3.860799970040470e+00
8.346774232735287e+01
9.363517407031506e+01
8.065816391290079e+00
2.690330544808102e+01
4.072653643820740e+00
3.140994120920540e+01
3.508751403311617e+01
1.947951764775418e+01
3.531667829273114e+01
9.119143769666154e+01
9.259331011799785e+01
2.232722655047068e+01
3.000631883275058e+00
4.860042466251199e+01
5.067880854507852e+01
2.567796037796790e+01
1.859468548493212e+01
2.477561329713818e+01
7.591181997019417e+00
3.530838751946966e+01
5.216218468368156e+01
6.413182246691167e+01
1.934027262932634e+01
3.108104119593326e+01
4.541340700602783e+01
5.478978718388350e+01
7.581061687125387e+01
6.881026517078759e+01
9.134851330488385e+01
7.991341132666608e+01
6.534175726833836e+01
2.953113458563161e+01
3.263438014901913e+01
3.571584915542782e+01
7.028197300167847e+01
6.647703524980557e+01
2.451292193704886e+00
2.813274694054050e+01
6.287858260929519e+01
5.824763861403225e+01
5.134928876131274e+01
3.084132384082364e+01
8.057486516450292e+01
2.232481652047710e+01
3.355106675697074e+01
6.535479569125678e+01
4.800277689844499e+01
9.466945873325200e+01
6.260465749660724e+01
6.311113199363982e+01
6.997498952316819e+01
9.070004340759481e-01
4.753614694231010e+01
7.565666459298537e+00
8.689765645512270e+01
3.361884799488767e+01
7.022433498419092e+01
9.300678274268600e+01
9.509980529318554e+01
2.484907015452584e+01
8.458695243326339e+01
5.291268041027369e+01
4.411340539535200e+01
1.114282068384011e+01
4.841230397504395e+01
1.610083482977973e+01
7.436111218964733e+01
5.596577080710129e+01
3.402382248734302e+01
9.187938230665372e+01
1.549608382186670e+01
2.679657518248846e+01
9.155639316493478e+01
6.235173487213986e+01
7.567282364502215e+01
7.662155873916184e+01
2.604194824865179e+01
4.390057667340179e+01
8.527181934810794e+01
7.881643049363812e+01
7.926955939236542e+01
1.670733560654676e+00
7.567282713748180e+01
6.747500038122526e+01
1.490656114877507e+01
7.116691184750150e+01
1.093848376112919e+00
9.561118166689351e+01
5.559296764228166e+01
7.116708516663270e+01
2.111084946482948e+00
5.493044702100123e+01
5.663521618425623e+01
2.971043830258326e+01
1.687576627213311e+01
8.949420018563708e+01
4.581127313236300e+01
5.697682125353106e+01
8.031798441909159e+01
6.946192759529777e+01
5.292862260384886e+01
3.921595608779041e+01
9.230262506394770e+01
4.208288436852530e+01
5.816580306653204e+01
8.389265638957390e+01
1.870444306112102e+01
1.960724290442059e+01
5.558742957915526e+01
3.892647318492013e+01
5.319400655720104e+01
2.711344329971514e+01
8.549011931078979e+01
2.346716053945346e+01
7.750747104990644e+01
3.026510171138919e+00
2.164551816957328e+01
1.908620363990134e+01
8.722175661810756e+00
5.967731692813211e+01
5.040299480334064e+01
7.976978024457105e+01
7.848530974168577e+01
8.235534750034816e+00
8.423237413365040e+01
8.514637927764393e+01
6.102816260467664e+01
8.570187333305454e+01
5.400818491075569e+01
8.235296089311734e+01
9.950557481474502e+01
4.534676114346216e+00
7.054471041566912e+01
5.721647821237169e+01
7.477357088344803e+01
9.716798947060853e+01
2.331481409413499e+01
9.860340659441586e+01
1.677523232846299e+01
2.043548325096978e+01
2.530323975966463e+01
2.289760085889026e+01
5.696509878941117e+01
7.847783387567748e+01
1.142292665849576e+01
8.485631099196911e+01
7.887451428867621e+01
5.989938762965583e+01
6.668458034595687e+01
4.860213154396141e+01
6.061720869532656e+01
1.828489891173546e+01
3.630298978476925e+01
3.418446846035517e+01
1.796409721391466e+00
3.102969761520145e+01
6.776186459127901e+01
2.992358060084450e+01
6.615960954975318e+01
5.271080739456733e+01
6.577399357490893e+01
1.690566340317282e+01
4.469668438876825e+01
4.862380919448277e+01
1.251256885589686e+00
3.962401591223851e+01
8.451089997985908e+01
5.827634029941463e+01
3.359034496061054e+01
7.914014313329949e+01
2.840362280998548e+01
2.657805952549822e+01
1.407744531243920e+01
4.139735272219281e+00
4.918954742568990e+01
5.033591885600980e+01
9.664663695574116e+01
8.393040768985189e+01
6.969659769427804e+01
6.527960722580533e+00
4.046361718348395e+01
9.881797209327014e+01
8.161611621343350e+01
7.676660696825320e+01
2.345777061928891e+01
8.136549875203777e+00
6.624395985447055e+01
7.238408479484920e+01
9.568514618821682e+01
8.364404848946447e+01
6.085586401673773e+01
2.190488070338260e+01
6.062441689922679e+01
5.965891529790075e+00
9.063484780054300e+01
9.263575127936702e+00
2.471774654682621e+01
6.676965405548441e+01
2.544531315818677e+01
5.216972094595885e+01
9.951430982887480e+00
5.222317355322799e+01
8.488615107950109e+01
4.075989082491020e+01
1.947229328540726e+01
8.994204443411066e+01
4.703291116609839e+01
3.586429452331005e+01
7.387245207739642e+01
3.285248481335699e+01
2.316530897429460e+01
2.479095832667824e+01
1.138353059598409e+01
8.081162794530933e+01
9.110267622913358e+01
4.493621487400318e+01
8.894817782051311e+01
6.992243662007267e+01
6.437197447026706e+01
5.163448744063940e+01
4.196456197740723e+01
2.564118161128889e+01
1.347722537511830e+01
2.475135225092589e+01
3.160707318764509e+01
8.928963723093720e+01
1.093966845001079e+01
2.989262446290470e+01
8.310773441712732e+01
5.365546893032987e+01
1.463291119534192e+01
3.496428068492761e+01
5.689519818727635e+01
1.001619454939672e+00
7.204684772158360e+01
4.173091330646114e+01
2.286780715122251e+01
8.976189037308185e+01
5.836826160474133e+01
6.333355873978397e+01
2.261437513987272e+01
9.398061833064101e+01
7.766962800066435e+01
2.407553737241567e+01
2.630366605068727e+01
9.117526984362643e+00
7.066012391385628e+01
7.879521673489140e+01
6.767128499582003e+01
7.461472040722832e+01
9.227176541102666e+01
2.097097887702797e+01
6.893802255808284e+01
5.821079279212784e+01
4.572233112795387e+01
9.228035318305733e+01
1.700223796861350e+01
4.134964027504886e+01
4.860517287096249e+01
5.828122098850144e+01
5.500829455210282e+01
6.356191544959411e+01
5.726414022839820e+01
2.622286883472599e+01
6.275714634114743e+01
4.172487554220709e+01
2.564266059810419e+01
5.221825300353498e+01
8.674808078759726e+01
3.016037961009908e+00
3.396502059603343e+01
2.225108021975080e+01
8.454960858661198e+01
2.219621470300304e+01
1.293076105086634e+01
5.474733130761764e+01
5.637767867016498e+01
8.583628464761949e+01
7.016455594923559e+01
2.966502887646902e+01
7.223033740754721e+01
8.694669072839744e+01
5.063600775349699e+01
4.116835996563004e+01
3.453255558131848e+01
2.848840408422445e+01
2.224961203627736e+01
2.100912948186003e+00
3.155555624121594e+00
7.085478490723986e+01
5.164476588910667e+01
8.900928967120558e+01
3.409286897354427e+01
4.481390362829617e+01
1.523215850593157e+01
6.803339816072648e+00
1.233555828795562e+01
5.188725923741574e+01
4.906826831822669e+01
1.635291088202638e+01
3.483888629583591e+01
6.462008006154564e+01
3.449016391974416e+01
6.328255155276626e+01
5.784151980552893e+01
7.113955648203360e+01
9.534551445178013e+01
1.983526368617791e+01
6.947613319823338e+01
6.551007035444960e+01
4.950029260921306e+01
4.170647060578059e+01
5.791340091168573e+01
7.500310036121081e+01
1.846759413297642e+01
3.689612501156336e+01
7.469546928754797e+01
3.121798142381850e+01
2.482529130057678e+01
6.677536706755653e+01
1.157199107649363e+01
7.356478524094670e+01
3.812523611733934e+01
4.566486005003790e+01
1.807888751760073e+01
5.196952570787143e+01
4.251487536472961e+01
1.166609302706369e+00
8.083231564649954e+01
9.158314372952242e+01
5.794770860017636e+01
2.146322798052022e+01
3.920221842788263e+01
5.824423309333820e+01
3.642235032116172e+01
1.404474350346473e+01
3.577128012467701e+01
3.176786472637573e+01
3.388000723620877e+01
5.497363654662558e+01
6.934485825213829e+01
3.002721533646212e+01
1.527967183630898e+01
6.708655462930284e+01
4.382839367903229e+01
8.613213551516279e+01
8.561424616985687e+01
6.865012709454173e+01
2.656772128612162e+00
5.650709753693411e+01
3.542549411553214e+01
1.422876320510579e+01
8.400432271138035e+01
7.355073027943760e+01
9.512774813693377e+01
2.083210182414954e+00
6.474888006446365e+01
2.408498619873309e+00
7.586090540320654e+01
5.137322174914797e+01
1.454687035388633e+01
4.125596677942945e+01
5.424906944588249e+01
5.019486604733153e+01
1.282854509205955e+01
1.427359549062028e+01
7.854843236438391e+01
4.859982521673656e+01
6.035789151692664e+01
8.973560225671883e+01
2.378524314788415e+01
1.260238593099750e+01
9.087264327838675e+01
6.215571605700801e+01
1.679748954102280e+01
6.501651674742648e+01
4.452995613428296e+01
8.549497909168478e+01
4.502775610658701e+01
1.164177158458241e+01
9.593451651555230e+01
3.217575793721516e+00
1.273407480341106e+01
1.291867946876152e+01
2.740535867745306e+01
9.422747213124646e+01
8.202204936278147e+01
2.928856994457942e+01
8.817265671127133e+01
1.451970535075278e+01
1.668529120119535e+00
7.349960392969642e+01
5.570178840109230e+01
2.875217806024113e+01
3.235916501486636e+01
1.581638912475500e+00
7.934484811469207e+01
9.659877461222874e+01
3.794381652862943e+01
9.244509953653677e+01
9.471839139923378e+01
4.923447782603767e+00
4.360771125350507e+01
6.235349581686476e+01
6.707916383961177e+01
4.348844412876687e+01
8.398983212373678e+01
3.450000567105599e+01
3.401628929843022e+01
8.626258083910801e+01
9.189482829156091e+00
2.491793968943783e+01
4.179721052842085e+01
3.506001761884429e+01
4.717141773885648e+01
1.473542145208242e+01
2.082417566367619e+01
8.687882823258583e+01
8.332435231810639e+01
8.224350064166053e+01
1.104677059270757e+01
7.930747441915213e+01
5.574310452479082e+01
7.791397980317193e+01
5.381245322237371e+01
2.352029635734870e+01
7.165445553681555e+01
8.613609195972612e+01
2.011907092301132e+01
5.068744218474600e+01
7.834476073195448e+01
9.307523355496826e+00
7.653895750480656e+01
2.195247193889342e+01
2.050278290198314e+00
3.841697878130571e+01
1.348375664720487e+01
8.604011041393508e+01
7.291698449892783e+01
9.442433928811194e+01
1.019014167142573e+01
4.201897161175449e+01
4.663304129924301e+01
6.035038636082336e+01
7.884780535420767e+01
9.380445908466561e+01
2.042164063100779e+01
9.790316494084111e+01
3.999350845813449e+01
6.533296949478469e+01
6.899997269222512e+00
5.104027909740818e+01
3.740094715608328e+01
4.012517753994334e+01
6.820073764221777e+01
5.305216557022751e+00
2.158142492248743e+01
3.985519313246719e+01
9.144130851674885e+01
2.466315861077195e+01
6.913625312463206e+01
6.775546994421420e+01
2.121342025753735e+01
9.569223741800164e+00
8.464979090944389e+01
1.344046090424082e-01
6.463504026859768e+00
8.078647231719758e+01
7.988432351494409e+01
9.603108963744300e+01
9.019284727526495e+01
9.843749930078047e+01
4.596483593153062e+01
6.385732510306747e+01
5.878788561503770e+01
3.866221943807892e+00
8.805638290385546e+01
9.179175141816575e+01
9.468161593874991e+01
9.913426884409705e+01
3.160554190706720e+01
9.038686742558464e+01
4.118303802850798e+01
6.632734638002113e+01
3.051204491896184e+01
9.383775670725749e+00
2.359205778855461e+01
4.019256440931585e+01
7.936234645515789e+01
2.686603964626139e+01
6.553491655063578e+01
2.249961584922840e+01
3.546582825270752e+01
1.946262075540732e+01
9.225078336533660e+01
8.660788824158156e+01
8.253657318769795e+01
5.546180058990689e+01
7.744613232903468e+01
4.694067269886875e+01
5.949080347059797e+01
8.121364134420345e+01
4.537817199964923e+01
5.455639355562460e+00
4.350267389952329e+01
9.538434524805487e+01
1.327841370984838e+01
9.506085882664698e+01
2.706656326868877e+00
8.194591686220184e+01
3.226161810209119e+01
6.941629120587199e+01
4.571376198237471e+01
5.203779556417734e+01
1.891816981086422e+01
9.384856903639090e+01
4.587339402449941e+01
7.382638998042158e+01
2.985482654993181e+01
5.522851927915053e+00
1.308716838857493e+01
5.113304385502499e+01
2.957897522932802e+01
5.151407339215003e+01
2.811252047685558e+01
6.009130741473814e+01
2.204397694302908e+01
2.373840395535268e+01
8.709585731248178e+01
9.949010927206376e+01
6.133625212187705e+01
6.123872350959048e+01
1.956539043205110e+01
9.072407572098266e+00
6.591127224541793e+01
6.463635687932202e+01
4.456752820153140e+00
3.635276576334274e-01
8.490216610250164e+01
8.478488348647248e+01
2.749375674291223e+00
7.597273312321525e+00
9.139290437632840e+01
7.009084856607525e+01
7.389763070917577e+01
6.616589998182184e+01
7.762999114470091e+01
6.693649178693839e+01
5.285272437746298e+01
7.484817648066588e+00
8.782493355117037e+01
5.307945830425223e+01
7.641648826022470e+01
5.331634443873370e+01
7.895491070996734e+01
2.130096443989359e+01
9.376231687784303e+01
9.988876064302808e-01
8.466416661844784e+01
5.041880018562954e+01
4.889968319279127e-01
6.925685311167355e+01
8.449595369607952e+01
1.380227734977485e+01
6.744798313241823e+01
7.941551836180293e+00
9.233137447961205e+01
9.583703269988160e+01
4.493106787322604e+01
5.012823503936093e+00
1.814951110545057e+01
4.768044359408340e+01
2.818584788040530e+01
4.784721217483618e+01
8.842223574799590e+01
9.401803561207747e+01
3.156314121166390e+01
4.196639002392366e+01
7.420282912170646e+01
7.155543117390732e+01
8.012979965663040e+01
9.873596159682421e+01
8.183254300702016e+01
8.098488477104570e+01
9.983917535275182e+01
1.917189272082033e+01
3.062848650413961e+01
6.852252402739717e+01
2.017078032725061e+01
8.822260726626152e+01
5.622573334547958e+01
7.066711861205619e+01
9.799269111733543e+01
9.825601298280806e+01
6.192760475069639e+01
8.937297095049776e+01
6.197564772422223e+00
7.768638510149269e+01
8.521000365037938e+01
6.315523575206997e+01
8.078859121575420e+01
8.221310706912218e+00
9.880907628629780e+01
9.089960720897634e-01
7.279106228276670e+01
8.030412186882650e+01
9.492703168416723e+01
1.729367534503978e+00
5.857952491314128e+01
4.241338257790235e+01
7.466179848400029e+01
5.155652321481915e+01
8.026147637528436e+01
1.372013753918937e+00
1.767473370659851e+01
3.539990868205201e+01
9.413162730360945e+01
9.848449802886904e+01
4.600524327066040e+01
5.422145354292424e+01
9.988385895261722e+01
9.760671430155948e+01
2.733623735948291e+01
4.655529393188436e+01
6.570420068022990e+01
7.477107652219527e+01
1.834352245477192e+01
6.684554278238003e+00
5.245746157712185e+01
7.625694562506720e+01
3.653763604189159e+01
9.236302235739447e+01
9.307734723811846e+01
5.662226321018407e+01
9.808947141193295e+01
7.669088373737917e+01
7.320263156350825e+01
8.492395495293846e+01
6.759777700882302e+01
8.955110935007740e+01
7.229269471591930e+01
2.144946578026259e+00
9.618587833651615e+01
4.953162374418770e+01
1.443442241960877e+01
4.288689328492009e+00
8.579463231647138e+01
1.270861910316563e+01
1.594994101484769e+01
7.646956731400898e+01
8.955826418919408e+01
1.583379996746490e+01
6.151910231519449e+01
4.740996814677955e+01
7.319711925145104e+01
3.845314320104809e+01
6.310045689488783e+01
8.726761047135462e+01
4.513769747928610e+01
3.569602432460339e+01
9.140990129271984e+01
2.950884449738490e+00
6.239024291857622e+01
3.276404991408999e+01
2.535653250541376e+01
3.335383885230582e+01
3.725116943812518e+01
9.660348347230045e+01
1.827779375867815e+01
7.251831501373943e+01
8.218823935938453e+01
7.951927044406500e+01
7.466326163833182e+01
9.557935320566379e+01
9.819050379944522e+01
1.809345866464705e+01
8.323701158316666e+01
1.878082804325075e+01
8.149807070451699e+01
4.050465712347285e+01
9.331697756113344e+01
6.990781681142180e+01
9.663442992448546e+00
9.667438766764216e+01
5.832888048995700e+01
3.737967397895626e+01
9.201482650452053e+01
2.209011121750349e+01
7.012817271525421e+01
2.243754464315136e+01
1.159033696706888e+01
3.693542561351109e+01
7.902388394764806e+01
6.816258466251315e+01
2.651802521502507e+01
8.617413406547817e+01
8.304121055781899e+01
5.506723292873578e+01
7.881126402821917e+01
6.082788601556229e+01
3.598673578164854e+01
7.579018616852825e+01
5.418561261807830e+00
8.480720971003510e+01
7.618828950272328e+01
8.308930866564125e+01
8.918344093914304e+01
1.735189031686256e+01
3.307280686361380e+01
8.439873903263302e+01
9.407830284632664e+01
4.269488381347381e+01
8.597054052444666e+01
7.794042377636788e+01
3.517704263104919e+01
3.495231006990760e+01
8.660230803610864e+01
9.093861667948711e+01
9.530497798477532e+01
8.833909187854225e+01
4.218534410101611e+01
6.863275830104611e+01
1.446166104379187e+01
8.072896119241089e+01
7.172743853727702e+01
8.358013135547756e+01
4.635388732252358e+00
4.583445859413336e+01
1.987465658219282e+00
4.571435923954209e+01
7.766519765260871e+01
7.463410001929574e+01
6.713862534013512e+00
2.856236464742681e+01
2.231710852231696e+01
9.127490417625518e+01
2.051809994527981e+01
1.150054941489387e+01
3.361532559321044e+01
8.696978589844415e+00
4.344537921410305e+01
9.665293595597750e+01
6.123861640749435e+01
3.271125752139429e+01
4.000440795906093e+01
8.656890503436742e+01
6.510495974919989e+01
8.699698973772907e+01
6.157827911040665e+01
6.040993768740908e+01
4.372747044252579e+01
9.486659373849005e+01
9.333874722632521e+01
3.606030477027423e+01
7.362145621963845e+01
6.024254353728264e+01
2.994839932301473e+01
3.897716106799299e+01
1.018755040605904e+01
2.328686277535132e+00
4.476956987975611e+01
2.096044329039773e+01
1.454101671210538e+01
8.701816740772601e+01
6.586427947779386e+01
3.617439341553226e+01
8.934414074260003e+01
9.259859257964351e+01
5.821891359901936e+01
9.191877385225091e+01
5.569533726931333e+00
2.738162531861180e+01
8.857170976166228e+01
8.946377769553278e+01
1.525150556827500e+01
6.151597479428909e+01
3.400497712847077e+01
7.509487707870774e+01
5.430040343399178e+01
9.193758815151527e+01
2.602939360124497e+01
8.762227389385099e+01
6.901582580479599e+01
4.580118648978006e+01
1.488195020467134e+01
2.880003584027292e+00
2.671828755490402e+01
9.494130341100568e+01
7.876208498085015e+01
1.623128038655560e+01
8.466166387529191e+01
6.431707142121952e+01
3.719172367695334e+01
9.920268058739727e+01
7.284140417950293e+01
9.272216264750909e+00
8.864310448460425e+01
6.374687974515692e+01
3.303551382060886e+01
6.074065573547998e+01
5.410431868122161e+01
3.166379920750102e+00
7.354267242995215e+01
3.545147778254537e+01
5.585381344699013e+01
5.675852087175405e+01
3.375566212169624e+01
9.778457241961014e+01
3.841039675213881e+01
7.605800920913834e+00
8.704774006598058e+01
5.745196834087929e+01
2.729665251788527e+01
1.911075199912803e+01
8.277859705629693e+01
1.108414470734268e+01
8.556101093327673e+01
8.882232703679350e+01
3.624656211410024e+01
7.682891193629658e+01
8.344128955315858e+01
4.773311570646852e+01
5.838875740691496e+01
5.877475913556979e+01
7.536503094032642e+01
1.415865133244482e+01
9.661940797074671e+01
6.720394364893620e+00
7.634419620798165e+01
9.274253658612378e+01
7.600440712459590e+01
6.755464280375961e+01
1.692759279018622e+01
4.127818287409757e+01
7.312454323895487e+01
5.479932457897780e+01
2.942856602809791e+01
1.860111067937739e+00
7.518701538219444e+00
3.691838771892637e+01
1.007970753595219e+01
5.060590181993595e+01
1.830970073040095e+01
3.966941649078830e+01
6.841836346705368e+01
3.369954486084150e+01
5.973339362988872e+00
1.174718514631837e+01
6.182463814589411e+01
8.489950773534342e+01
8.857609712918108e+01
3.155605142542908e+01
5.085368922485676e+00
5.731125686192478e+01
6.941160204327275e+01
8.804354611227454e+01
8.700224649487168e+01
4.898354455315673e+01
5.743030768699493e+01
8.772003794448452e+01
7.472671404235378e+01
8.245298833700502e+01
4.174400840035826e+01
9.556605913469851e+01
2.373117116453646e+01
3.287025603133731e+01
4.368999974973966e+01
6.308881373288521e+01
8.742040213543008e+00
5.120870128795910e+01
9.383959201809000e+01
2.880502195507522e+01
4.577514289215912e+01
1.214929270192482e+01
9.154838402362000e+01
1.419350631264667e+01
3.409735603914474e+01
4.149954125354976e+01
5.934379527314743e+01
5.661922793677972e+01
4.166634340848137e+01
5.998809461481315e+01
8.419470725776381e+01
8.040388523619802e+01
7.504684099696895e+01
5.401551763248421e+01
9.741585706240304e+00
7.741176103121218e+01
6.755415767783028e+01
2.473137053881370e+01
2.687847145222057e+01
5.008058946117786e+01
3.516035663669945e+01
6.862247985257882e+01
9.015412162530893e+01
5.686291049088486e+01
7.038051992206859e+01
2.505203933690304e+01
4.224469416879336e+01
4.559389205909981e+01
8.970348610994569e+01
6.760487466473360e+01
3.088697173208323e+01
2.203588351702126e+01
9.211936862772301e+01
7.631278423420748e+01
9.708634177087170e+01
2.402132638917366e+01
6.013427984907026e+01
9.557318510281536e+01
8.283595255708134e+01
3.545279611621648e+01
6.040521876905357e+01
6.703065976827902e+01
5.243182990347586e+01
5.751092082704926e+01
6.790818249243694e+01
1.298463247389748e+01
1.558075981008856e+01
6.937080960225818e+01
5.762948326656105e+01
6.114992921294175e+00
3.992834721688570e+01
8.076313407195877e+01
2.633471108336687e+01
2.784268186792856e+01
9.291737228302162e+01
8.722827475854581e+01
1.432289630841599e+01
3.551571608312229e+01
3.282216677107949e+01
4.026382371795542e+00
2.228020435305322e+01
9.913704046008040e+01
1.374805407307486e+01
1.356012239752343e+01
1.106465575800494e+01
6.967408567186169e+01
6.530256334939159e+01
5.692703693962052e+01
2.642443232537454e+01
3.075163892039640e+01
1.138411323138704e+00
4.395688103696186e+01
5.032020478989938e+01
4.381458090795883e+00
9.644020502289766e+01
1.822838723577018e+01
1.736609061125950e+01
1.164688054083236e+01
7.089689563535940e+00
4.996061052659555e+01
1.776187350869266e+01
5.357033184430112e+01
1.610573931415833e+01
7.732400851199590e+01
5.556199022362102e+01
2.805648405480035e+01
8.211146373400067e+01
3.430773487049515e+01
6.357220013792263e+01
5.706476376255265e+00
6.346319674675501e+01
4.169346147295715e+01
6.850840364047718e+01
1.465454204690388e+01
3.048032532934115e+01
9.456659937024425e+01
1.940484252730610e+00
6.800120303779896e+01
6.455015198539485e+01
2.836491657810515e+01
9.286997196863869e+01
8.699578814534274e+01
8.484195200020538e+01
8.251343131182409e+01
7.007002144589556e+01
5.232472813330811e+00
2.103875182617397e+01
3.089524825610930e+01
3.250643761479596e+01
2.927575727425318e-01
8.495872853554725e+01
4.909927223301459e+01
1.955065411494610e+00
6.324447903933213e+01
2.881354080923532e+01
5.749943030881669e+01
1.582211368522705e+01
3.746372891471895e+01
6.958383799976848e+01
3.890255002253808e+00
4.121916449685542e+01
3.304703469995736e+01
2.108777529610683e+01
2.700889842911107e+01
8.897253414102482e+01
7.188470911788042e+01
3.463201352145151e+01
4.630594278979392e+01
4.588680381229464e+01
1.593807172772385e+01
8.719101375303744e+01
3.501185338711918e+01
2.933859826500462e+00
2.083181665317706e+01
1.752528469894327e+01
3.494075021470932e+01
7.816096715543465e+01
5.965943637288149e+01
6.225699096091883e-01
3.653575295421097e+00
5.115106005740867e+00
2.053573858949157e+01
4.302378769173463e+01
7.657307706613703e+01
7.058006975361150e+01
7.183732850096996e+01
1.413684022339845e+01
9.958480154144802e+01
3.781493727016027e+01
6.149207491497140e+01
2.406898239816957e+01
5.785124444302695e+01
1.145594781798122e+01
5.731892020316744e+01
9.463186240505048e+01
4.266450449017086e+01
3.735807525802313e+01
5.795634405592286e+01
9.808376287020918e+01
7.949995672306976e+01
9.957572654801223e+01
9.542857045094881e+01
1.451181006362280e+01
2.200923833158297e+01
4.405245140383600e+00
7.308633940903765e+01
5.694998854629230e+01
7.174707379739129e+01
4.276544751728208e+01
6.749621115973974e+01
1.776684355818054e+00
5.378655784474060e+01
3.760597009100298e+01
3.984307774335289e+01
1.867075754267664e+01
5.724251119291527e+01
1.916667382194040e+01
1.883106036988602e+01
6.430652600913612e+00
6.267893382472868e+01
8.857520119686387e+01
6.193580062218746e+00
2.591391630746141e+01
1.597839408366866e+01
9.075209670269494e+01
8.231869651112645e+01
8.177192969330210e+01
8.372773653069872e+01
6.313441082049832e+01
9.820052441125760e+01
6.322769320720234e+01
1.960742819104690e+01
9.362909481564029e+01
3.719385477583570e+01
6.486960205476247e+01
4.601184313465461e+01
3.356553289739673e+00
4.083775716872781e+01
4.257757330433353e+01
6.993372443594677e+01
3.468420744626047e+01
2.382301293491526e+01
6.595288322584372e+01
8.628963548051642e+01
9.967259559765114e+01
2.499936089152440e+01
9.960458031837111e+01
1.631039609960764e+01
7.587558463023770e+01
2.385686748840700e+01
5.120902101099911e+01
7.475501809956275e+01
5.729004398793450e+01
1.020338694108808e+01
9.073341218323139e+01
7.596415620109261e+01
6.207708323471113e+01
4.007926985625144e+01
6.742558584894314e+01
3.279712392613158e+01
4.350859417743450e+01
8.104670088786943e+01
2.818990919189058e+00
8.500425596023177e+01
1.131691476857146e+01
6.069207045281868e+01
5.071311534881271e+01
3.669174315253819e+01
3.487658926047226e+01
9.428030894802897e+01
7.071142581790286e+01
5.161013722029055e+01
9.565186328052164e+01
7.704002916675063e+01
4.737214313231974e+01
9.231011434100108e+01
2.943789937041602e+01
6.455460855018097e+01
6.513542410225395e+01
8.061279378859922e+01
8.841147603858796e+01
2.564054048882822e+01
7.827543382452589e+01
9.964526207169763e+01
4.413236824056710e+01
2.047432913467024e+00
9.374366067058577e+01
9.670289261113055e+01
4.330725602028298e+01
6.855603250142002e+01
3.196372186390856e+01
7.899624573951412e+01
2.609000565767754e+01
9.137380881764638e+01
2.414191450185232e+01
6.010603460488191e+01
4.769775408678584e+01
1.953295293242342e+01
2.577147401206730e+01
8.467105649629192e+01
1.381326183388627e+01
6.593063365012902e+01
5.213514005399082e+01
9.865724462953268e+01
2.514770311543145e+01
7.278731338343924e+01
9.096735892396764e+01
5.458560248584747e+01
9.645982966593458e+01
6.929613084965204e+01
5.894018619271935e+00
7.656423890803207e+01
2.289859811910363e+01
3.996758849358540e+01
9.399683624226452e+01
5.874252554901993e+01
8.946770326675274e+01
9.512728289474140e+01
8.943387148409796e+01
5.407675870418398e+01
6.368331534959530e+01
1.714468361676889e+01
3.951600475214236e+00
4.749946996918855e+01
3.964547996392729e+01
4.643796409780065e+01
7.049472051230013e+01
6.451000741892961e+00
6.597091707679020e+01
1.800930756982849e+01
4.766626155360893e+01
3.628186175426555e+01
9.274909435433759e+01
9.819015199234251e+01
7.320696756858703e+01
6.627202330449225e+01
2.844481581283958e+01
9.603350572103332e+01
4.183434231292193e+01
5.540600281926152e+01
7.385892708499865e+01
7.930890018088226e+01
4.219702074406530e+01
2.028740538297566e+01
6.297403684024422e+01
6.717601240015402e+01
7.493268697286616e+01
9.494050107660726e+01
4.568429922018400e+01
4.267430866261679e+01
3.416259201903017e+01
9.500445513753428e+01
4.032300200328371e+01
6.452225384513021e+01
5.122666459122052e+01
5.363452963234602e+01
1.096021794293086e+01
2.839180237073069e+01
9.009161940314416e+01
3.902786930046410e+01
1.246577702111834e+01
4.928784773186214e+00
4.222319556503705e+01
1.740709120286959e+01
7.466302596715420e+01
9.828738695862116e+01
3.923733683267484e+01
4.383597818381897e+01
1.146366876152515e+01
2.551345677371764e+01
5.481784071531978e+01
8.547252439217294e+01
6.714651322325064e+01
5.166578076391750e+01
9.053472606024459e+01
9.416140811245954e+01
1.632129462264539e+01
5.900036695366742e+01
1.648300020791730e+01
5.008953853980152e+01
1.674675616284216e+00
3.625938088458934e+01
8.727518631484136e+01
2.776222938101843e+01
2.968016631420710e+01
7.208231444101888e+01
8.787318961130138e+01
3.119837959818467e+01
6.387556691834496e+01
3.157456318455495e+01
6.337633885600433e+01
4.674362221115437e+01
1.296920925982725e+01
8.592395856321042e+01
4.253920490971729e+01
1.742111240393534e+00
7.762409503461053e+01
4.848996556759344e+01
7.819798001004288e+01
6.539713338268788e+01
7.576623376261733e+01
7.491959779286739e+01
9.384299590896956e+01
8.235140213852348e+01
2.406488001535874e+01
5.026749267720966e+01
9.226567181398426e+01
2.208218631431562e+01
4.578210653075115e+01
3.641369516794276e+01
9.047571317780563e+01
4.745678214703536e+01
5.811121648089551e+01
2.316733497342436e+01
1.320335972737677e+01
1.978414627713344e+01
7.808724347412922e+01
5.500854433281746e+01
7.855812692016276e+01
7.804727865292098e+01
7.946950540853176e+01
2.307456947074950e+01
2.562682285235581e+01
5.274117810313644e+01
7.858919137091804e+01
3.363802569622082e+01
3.263143907889325e+01
1.490827287310188e+01
9.238688340056078e+01
7.820952850310576e+01
5.198036020248213e+01
4.611612323025061e+01
5.506635660075878e+01
9.670378961446872e+01
4.108300201645261e+01
4.291719898717347e+00
7.720630102660800e+01
5.815819406796162e+01
4.467789453672147e+01
9.173470269503756e+01
8.764217257855562e+01
6.699721471732353e+01
7.672441777620669e+01
