4.969872517962880e+01
2.454915611285211e+01
6.695753674346840e+01
8.388983136224087e+01
7.546275713269726e+01
1.011907482059629e+01
8.581938081691945e+01
5.468728260821071e+01
1.212914619228297e+01
5.220989158945619e+01
1.683613560946478e+01
4.497282372087837e+01
6.835020010748421e+01
5.110887850220729e+01
5.347078067877832e+01
1.974460362444846e+01
6.461691868706463e+01
6.746213918899285e+01
4.702522710292843e+01
1.077434793616382e+01
1.794016124584720e+01
3.497812619198958e+00
7.777385775827517e+01
3.864747906972072e+01
6.451248138421796e+01
7.889440067992285e+01
4.549217077227876e+01
6.840572164785384e+01
4.601571613271521e+01
9.516860828509955e-01
9.270589691247135e+01
1.421097471109171e+01
5.577496320743811e+01
5.966343360937361e+01
9.810080607333258e+01
2.705938184031257e+00
5.034700881240285e+01
6.304264234520618e+01
7.371214640965319e+00
9.977450245049526e+01
7.827272712172602e+01
1.414198848146107e+01
4.474732612480751e+01
2.067958015048857e+01
6.525086698366836e+01
3.956718623617999e+01
5.587829503038819e+01
3.205818442257968e+01
7.029325378606713e+00
4.449788529635308e+01
7.934153875305388e+01
6.514759290271792e+01
4.370392651469629e+01
2.060639007045254e+01
7.649872450926281e+01
2.503960762407613e+01
2.682401925643162e+01
1.881511202958185e+01
5.825895320543039e+01
6.294790858540122e+01
1.976679811243284e+01
5.325516814051903e+01
7.715888329649292e+01
7.432571005743263e+01
1.062828368070921e+01
8.797631323708980e+00
2.954118155387285e+01
6.458557320972233e+01
3.486046685597881e+01
2.684703437930300e+01
3.743945934690510e+01
9.063171175803603e+01
4.098902286076407e+01
5.497120975282565e+00
1.131129186195847e+01
6.239889844432422e+00
3.069891670285674e+01
5.145180367466612e+00
2.386663939052571e+01
5.209363263663539e+01
6.827224193526071e+01
6.669917174926920e+01
1.724122549278719e+01
7.376314311929193e+01
1.905511283271718e+01
5.543262122917577e+01
9.880275074336807e+01
1.412958102958723e+01
7.424773330532375e+01
5.982235328286064e+01
4.624320838891119e+01
9.401453141775659e+01
4.550324806268478e+01
2.340209163883798e+01
7.394134657175343e+01
2.141548703490546e+01
6.432112439736775e+01
1.047832421515059e+01
1.394965449066351e+01
3.696411263056291e+01
3.732535859445360e+01
5.138911383756862e+01
1.231478518448527e+01
7.831438150178379e+01
4.863769535377514e+01
6.158167056812982e+01
8.455427134621621e+01
9.370200256523769e+01
6.672685098216256e+01
7.541814137968149e+01
4.579563515530695e+01
1.636991659941614e+01
7.263138563029067e+01
1.896572588894783e+01
9.716908777932129e+00
9.168649846300785e+01
7.439834711812360e+01
4.602440523264203e+01
4.355245593169353e+01
3.784170036103656e+01
7.110266218478915e+01
3.052177235042759e+01
3.745733692192348e+01
8.188986553898540e+01
4.462709824770088e+01
1.139868344711078e+01
3.305352527324740e+00
5.036638972832187e+01
6.237167826032810e+01
8.569613205534226e+01
8.025299184036115e+01
9.774753595597461e+01
2.883670638726871e+01
6.186276616615372e+01
5.749058288405211e+01
5.720149434972625e+01
4.675593233981912e+01
9.042084826641755e+00
7.117640425971543e+01
9.017128771644612e+01
7.319214915539703e+01
8.347936853928462e+01
6.541204269296119e+00
4.582353473912158e+01
2.445094381666320e+00
7.262236782006099e+01
3.751003320212943e+01
3.678571071326067e+01
1.864677300613689e+01
9.955287012250761e+01
2.548952187667113e+01
5.691925816094469e+01
3.007464242636908e+01
1.208474799622071e+01
8.053094962636519e+01
1.611990775732319e+01
9.174788812722447e+01
7.383480583030489e+01
2.163281548844316e+01
8.585510975022572e+01
6.953243416246606e+01
1.885807282238178e+00
9.722540406381032e+01
1.940285750636964e+01
7.789704463346723e+01
4.109322854368632e+01
7.660435185609587e+01
5.649055580445126e+01
8.121131280493518e+01
2.322767443173922e+01
9.151276903763078e+01
5.440346191376609e+01
6.707042924457715e+00
3.383347095634484e+01
2.269966063215382e-01
4.400088598206681e+01
1.431208640072126e+01
3.773702980845097e+01
8.599557889904621e+01
4.185050834987802e+01
5.022886123053210e+01
1.148510072915121e+01
4.049159248382393e+01
4.680100541878539e+01
6.749875576584542e+01
2.102254206362299e+01
6.228963554012107e+01
7.138312252768461e+01
4.858844217312916e+00
8.392245102856423e+01
7.683729695940265e+01
7.439127837977897e+01
4.544148912906716e+01
9.443249334321939e+01
7.276041892951373e+01
9.554288177543454e+01
1.533171069590920e+00
1.348315119439883e+01
5.203343757988580e+01
2.258502879300389e+01
3.671082562613805e+01
6.046619525200975e+01
7.698849070676998e+01
4.341786855059577e+01
9.429966620835461e+01
4.743710274223103e+01
3.616779438972836e+00
2.855884382899796e+01
6.461059565870585e+01
8.440337618086645e+01
7.040935217887598e+01
8.133695865112215e+01
3.981738390392502e+01
7.879986710790539e+00
4.912707761355074e+01
7.316139669770440e+00
3.192348672632290e+01
1.141671310710568e+01
9.829832692551349e+01
3.678233094363582e+01
2.046608786120363e+01
9.827613173903717e+01
4.462445692374579e+01
8.114742244647231e+01
9.270862503569045e+01
8.393402820636240e+01
7.669030417534071e+01
3.408234107032527e+01
3.253798933352250e+01
1.392612583652424e+01
5.666736986332916e+01
2.816189691804438e+01
3.011890995787406e+01
3.365586057009914e+01
7.511510163318138e+01
4.436566738615076e+01
2.247834858599973e+01
9.139456990705550e+01
7.292451121514874e+01
8.708894424470557e+01
7.579794604135581e+01
1.010322482795605e+01
9.100524340337387e+01
1.630137777715054e+01
1.798321153874658e+01
9.656386687260301e+01
2.293146961505127e+01
4.858005957146178e+01
8.762274402548687e+01
4.705634012215600e+01
2.294062563355110e+01
4.688819825970018e+01
9.636542033234863e+01
3.411423491039976e+01
2.803562065960635e+01
3.194098665003711e+01
1.856287755936518e+00
6.324251958320035e+01
6.904972413044875e+01
9.684269525895020e+01
3.344966654360744e+01
5.782694605077941e+01
7.874814936832905e+01
7.287555331032516e+00
6.244666835407106e+01
6.652593978984558e+01
6.129206580170061e+00
5.534654048054784e+01
5.792050969690108e+01
2.457773388576588e+01
9.914188124199485e+01
9.759082966371943e+01
6.791159727979060e+01
1.086138748138276e+01
1.389220739430385e+01
1.846075110065786e+01
3.027944561572720e+01
5.987950510339788e+01
6.704081067211963e+01
9.504799833290652e+01
6.935845178987758e+00
3.124532556684936e+01
2.871667795289153e+01
8.986047203180402e+01
6.312241682928168e+01
5.675229861249789e+01
2.180145868184113e+01
6.497870458521820e+01
4.037575858662639e+01
6.243285181114118e+01
6.182139979760228e+01
1.754440400635097e+01
9.122365959511309e+01
9.036132809257197e+01
1.756749340219772e+01
5.367032790261802e+01
7.926816515590444e+01
7.648518210113289e+01
3.689286114503297e+01
2.535649525251076e+01
1.407101471632301e+01
2.613022533530846e+01
2.294732486966407e+01
1.454855423166815e+01
9.018973330510303e+01
2.024091613490177e+01
3.300930533232601e+01
9.761498761252267e+01
9.250617143349078e+01
5.011595787951535e-02
2.838527524302959e+01
8.600122313294617e+01
3.067094391708772e+01
5.710195324248726e+01
7.586169516475019e+01
9.603050444090296e+01
7.293305512188610e+01
4.623261347703292e+01
7.943832798834812e+01
7.533247525586397e+01
8.665465288174090e+00
3.274202241224331e+01
7.026036520035022e+01
9.988912488328718e+01
2.310335045824915e+01
8.782785864911408e+01
5.355945278590519e+01
5.442794461475124e+00
3.217035910681372e+01
8.054779687921879e+01
4.247620363835068e+01
2.559557334780487e+01
6.678022167961123e+00
6.542352855458088e+01
4.014412757947301e+01
2.514972636715962e+01
3.377951594711259e+01
7.315343295836514e+01
6.951216765191042e+01
9.898209818591461e+01
7.320354891624467e+01
9.789744294150613e+01
2.636980685702051e+00
2.342526899810195e+01
1.122751590387314e+01
8.814860563173359e+01
2.196496819237478e+01
6.885364794584626e+01
8.581175943175879e+01
9.889410142735304e+01
4.418612320171023e+01
7.432609599750772e+01
1.232650536686485e+01
1.444648835549433e+01
1.334738387416461e+01
3.850113471900166e+01
8.400777940824990e+01
6.690683666006980e+01
4.394392918047678e+01
1.379890558952415e+01
4.745463353928860e+01
8.657539849475742e+01
3.939447893732901e+01
5.413265570724973e+01
1.139982604021198e-01
7.953860656336816e+01
4.599871418718189e+01
3.389351425408083e+01
5.269203947516719e+01
6.876342816686417e+01
6.017920158811808e+01
2.589558834484573e+01
4.449763835617231e+01
7.246611205510149e+01
6.112750263937167e+01
9.541864394928265e+01
3.619272417211567e+01
8.058327603181046e+01
7.957921492847578e+01
4.642647702546160e+01
7.947737741259736e+01
7.704859961618138e+01
2.075257302296933e+01
8.239681081957967e+01
2.698329395008427e+01
3.227113440272917e+01
3.112777454365407e+01
8.937898138043423e+01
6.252848192235850e+01
7.424894667894065e+01
5.557119848931729e+00
8.215263103235169e+01
5.305322355267276e+00
8.245102552811197e+01
3.628528669303529e+01
6.093834343410020e+01
6.198963204491401e+01
1.337331450235719e+01
5.506919173294175e+01
5.153564370774462e+01
8.402860685439249e+01
3.006475490055268e+01
8.923787734901434e+01
6.821973485323588e+01
2.747717128483447e+01
5.036537994181987e+01
3.968182813361372e+00
4.389002297254746e+01
4.637950507289707e+01
4.321759363786206e+01
3.451836595056502e+01
1.042603333966156e+01
2.026619325404344e+01
3.931931780619514e+01
8.554551344623114e+01
2.563739522622777e+01
8.754207337626353e+01
1.667328794331909e+01
4.109660570560796e+01
5.007055529862202e+01
6.783880203396025e+00
2.057349640902760e+01
9.848803197894618e+01
6.760822533052797e+01
7.554202982016933e+01
6.775449647929264e+01
9.801278361026793e+01
2.859380977628464e+01
8.301967521338709e+01
2.337842635967695e+01
3.366540872196919e+01
6.704828202121345e+01
7.838948563597606e+01
8.385274106816051e+01
3.806436664334702e+01
9.084402904419416e+01
7.326866596623728e+01
9.890639558383562e+01
3.473405197017549e+01
1.272814442064992e+01
1.435141466294947e+01
1.960959281754196e+01
1.464335518639691e+01
6.239018247574111e+01
5.892891062373711e+01
1.687327130552068e+01
1.104605021469577e+01
6.603938921635942e+01
4.940820487654219e+01
5.214265596686987e+01
2.136047930520050e+01
3.174738294060686e+01
3.629580821669465e+01
3.180897237351582e+01
2.380031036390006e+01
9.915948049126169e+01
8.760300776343932e+01
4.871722350302954e+01
8.128924550548626e+01
7.062268293026028e+01
7.572530548820519e+01
7.476927697414965e+01
9.926829277503690e+01
8.494592899686933e+01
3.785794020530672e+01
3.733265937181779e+01
7.578995799449736e+01
2.497065739006300e+01
7.184537731662644e+01
5.393999375120736e+01
3.769880181071293e+01
9.371662349147564e+01
8.241690545455410e+01
5.357564885801433e+01
7.635954896749908e+01
6.616475613143517e+01
4.686055451019693e+01
3.969759169951900e+00
3.745468013801364e+01
9.626875938673911e+01
5.611241513682176e+01
6.294976787779004e+01
5.246084442011119e+01
9.240822335351642e+01
9.475874025130587e+01
7.626115478401127e+01
9.530820930158170e+01
8.681410643589409e+01
2.860803386597337e+01
7.149725745967461e+01
3.688936128136206e+01
6.061902784771241e+00
1.571281906949022e+00
7.456032623283581e+01
9.100783178164058e+01
2.430985179930453e+01
4.749930796562662e+01
6.679778977613793e+01
3.543645792428239e+01
1.934468523568692e+01
7.236957213486059e+01
2.286275910346897e+01
3.331405177401102e+01
7.455402429893335e+00
7.643840796148331e+01
5.509567421632617e+01
9.651791578927912e+01
2.762822361086878e+01
5.906543338627807e+01
5.840591376573123e+01
4.530074915164185e+00
4.149180820281236e+01
1.456958614968210e+01
9.371115551037303e+00
3.254033971230515e+01
9.328326400987956e+00
5.261898210859810e+01
2.274835166649351e+01
9.614243283688204e+01
6.917930011133630e+01
9.424560917273425e+01
9.904078356877007e+01
7.524120289610755e+01
8.069752076673205e+01
3.890872469121066e-01
6.624903467774811e+01
9.146086787407327e+01
8.947922028111257e+01
3.304682440731992e+01
4.044383049031898e+01
4.044510290978714e+01
1.036862405499845e+01
9.122421643288071e+01
2.010652735834314e+01
1.782402648489178e+01
7.199188553355256e+01
7.520220157466932e+01
1.434194227417090e+01
9.962010914442135e+01
5.749348274315403e+01
6.596176059262909e+01
2.351709204889698e+01
4.944548343748109e+01
8.053134678887731e+01
9.987491942004996e+01
3.152563061170542e+01
8.985967318986528e+01
8.618019604411916e+01
5.427398227819893e+01
4.420850046174996e+01
5.535949610888935e+01
8.962212237046199e+01
3.463371961127674e+01
3.060069900499689e+01
2.921711217109911e+01
1.685039369242750e+01
9.684973368274501e+01
3.422448473713570e+01
3.795081136652772e+01
2.572782273671023e+01
8.897538324304641e+01
8.243658923657452e+01
6.053545896920164e+01
8.846296742021245e+01
2.543116548351532e+00
5.012957274454160e+01
3.788441714732182e+01
7.774531812302085e+01
7.243115090412607e+01
7.175136896397517e+01
9.308130708200918e+01
3.839291145018903e+01
8.364385333081886e+01
9.206659798140944e+01
1.892425819250022e+01
6.089653776069011e+01
2.359222854654874e+01
8.783931335799364e+00
9.108764924625291e+01
7.841582804844521e+01
4.206409437678013e+01
4.644714530857613e+01
6.803795037234106e+01
2.941975688069116e+01
6.639262957796112e+01
5.560291440021382e+01
2.163772006595401e+00
2.968238812390826e+01
1.278198697268124e+00
8.894459092474757e+01
3.794135946684581e+00
9.025358194031455e+01
7.138118011475596e+01
1.594566982982013e+01
7.871654936052698e+01
7.392429666310750e+01
6.607524257436174e+01
4.310550887282263e+01
5.166961473956221e+01
2.675016272196088e+01
1.485687783679779e+01
6.368256782353043e+01
5.637634408491493e+01
9.850073116761666e+01
9.140129587212638e+01
7.217485982560314e+01
3.408184323184278e+00
4.363099604082806e+01
7.003045374063331e+01
9.449583356943720e+01
2.204682404270713e+01
1.209454807084731e+01
4.094297883144718e+01
9.008477446161433e+01
9.740792643158134e+01
5.458977094599501e+01
7.484845182618520e+01
2.932913649330341e+01
8.427215911646940e+01
6.467585091696859e+01
1.827372737148485e+01
3.968236993052175e+01
7.054419572024801e+01
8.965490748624080e+01
5.562803976034188e+01
4.926074503420887e+01
6.357920410278216e+01
4.189038180834166e+01
9.236625390703149e+01
1.524881884234437e+01
4.845344505666450e+01
3.360966361761543e+01
7.893138666587480e+01
2.944264832392458e+01
4.084712827617635e-01
4.072390917722317e+00
7.700464896718256e+01
2.810381675516433e+01
4.770338695855038e+01
2.020274103628599e+00
6.918960142377280e+01
3.370499016423943e+01
5.912965073209705e+01
4.457085954238235e+01
5.295052759021080e+01
2.373662685218110e+00
1.197651373780170e+01
2.779897936982986e+01
3.170279922508765e+01
5.445008373560854e+01
1.913801423233841e+01
4.997652659657250e+01
5.013262077706523e+01
8.968220995258643e+01
3.963143408281330e+01
9.155908254513474e+01
8.120620659608683e+01
3.210638139029331e+00
1.326236483327223e+01
9.038680796063822e+00
1.797041931095087e+01
4.823491701308401e+01
3.853234054452383e+01
5.242085403409826e+01
7.767756538357472e+01
4.425620336283752e+01
7.827258458280591e+01
4.355024799869873e+01
7.116063249817147e+01
4.916662147695507e+01
9.058535065994847e+01
4.035023387537814e+01
5.282282966786196e+01
4.971500134547940e+01
9.773697671375096e+01
7.875181789451830e+01
6.252578416025536e+00
6.414867339848944e+01
3.357233658133649e+01
1.260088687418070e+01
5.962163259257639e+00
3.673723257926164e+01
6.257741347075319e+01
4.189320604405049e+01
2.641944248528193e+01
1.214974769956886e+01
5.860585382143309e+01
2.889976884652850e+01
9.500443027122152e+01
4.671465342245747e+01
3.793844968915845e+01
2.387894267396952e+01
8.430463312394201e+00
8.058679410283770e+01
2.126978632121802e+01
7.497606239047650e+01
2.364360979927872e+01
4.366828810594431e+01
5.530025472645660e+01
9.480424229745019e+01
6.278612765613298e+01
9.111660955991438e+00
8.986453185317318e+01
9.081647484135650e+01
7.486201467684563e+01
3.289145284001317e+01
2.138231453550156e+01
5.576010232593869e+01
4.260494329156585e+01
8.716751103623189e+01
6.836098920011939e+01
7.419895309684750e+01
2.390474356892739e+01
3.093840267087258e+01
9.046031264144011e+01
2.869538023541466e+01
9.774825349345257e+01
2.391260118405922e+01
1.568658343315431e+01
9.275268371810796e+01
9.190689627635614e+01
9.553359877110161e+01
5.727533207148096e+00
7.905771796547701e+01
7.612039287393931e+01
7.112323677685262e+01
4.679571857992360e+01
2.702228647052417e+01
1.479152483623080e+01
2.095973306380200e+00
9.456824497066822e+01
7.834812806842297e+01
9.843356306591703e+01
2.972272109693043e+01
9.318660981635871e+01
7.329557769619653e+01
4.118674152585992e+01
3.873289555252199e+01
2.905568002213523e+01
9.678693748860942e+01
2.590040654218775e+01
9.741666922225461e+01
7.098589058545693e+01
5.052539336053906e+01
1.861725501651748e+01
1.391622154690149e+01
1.293361653244757e-01
6.150232207100015e+01
6.815913765139837e+01
1.581591964504491e+01
9.118192134945744e+00
7.359302559569153e+00
2.817410930440487e+01
1.484572534209384e+01
1.784411017682595e+01
8.469914229805543e+00
4.623020135156354e+01
8.466754592241139e+01
8.233916903023569e+00
7.604869086111369e-01
8.676351922879159e+01
2.802161827125662e+00
3.102681512526554e+01
8.519708224814249e+01
1.236443818191273e+01
7.152474921733362e+01
6.660814684192098e+01
9.513905686099969e+01
8.609367352262775e+01
7.218580151544222e+01
3.581740429430148e-01
5.561724889819381e+01
8.496500914216276e+01
5.414439786884208e+01
1.462987019430374e+01
2.382180580115961e+01
9.839093433618123e+01
1.475920640619435e+01
4.018731426456353e+01
6.655007194101347e+01
2.217933848601735e+01
4.930550639950927e+01
5.336464152362414e+00
5.452885993501584e+01
3.740619744053399e+01
9.592376551401046e+01
3.448548099700617e+01
8.363639879209754e+01
8.059131143642185e+01
7.123269106784495e+01
3.631508584894011e+01
3.949644609330988e+01
9.987323246890364e+01
6.734190102077177e+01
6.560617897920599e+01
6.559735772460576e+00
7.435692943369826e-01
1.104457276456271e+01
6.578885035858902e+01
6.457632503685370e+00
9.859291273103696e+01
2.056966676403287e+00
4.245449171515857e+01
8.355792182663359e+01
3.745097524367785e+01
8.591222282774385e+01
3.342648387580481e+01
7.269120452585220e+01
6.714291873720610e-01
7.170040582851526e+01
2.114237077587395e+01
5.613988831459540e+01
2.291930449331147e+01
8.143577826276226e+01
8.999579059425545e+01
8.707053623491457e+01
7.735954377677270e+01
2.448127154469549e+01
6.763446296920742e+01
4.471787411939253e+01
6.172528474672012e+01
3.949548818147531e+00
2.530568573870961e+01
6.159851716905763e+01
7.129144983891931e+01
4.982049914534227e+01
2.549480210314263e+01
1.803380014283294e+01
8.890217137006212e+01
2.719359473660290e+01
4.871042959797682e+00
8.749508405453297e+01
5.575200559373573e+01
1.656475384559704e+01
7.105300588116656e+01
8.545192600481768e+01
2.476976626774751e+00
2.946611416035617e+01
4.004422483967814e+01
2.988321838429347e+01
3.079912254158367e+00
8.927802540793923e+01
3.439496105275813e+01
2.599921674746983e+01
7.071380367070148e+01
9.669185490193397e+01
7.022134543872501e+01
4.807334740090806e+01
7.035937726980046e+01
3.785580836136630e+01
8.204271392060571e+01
1.525959065894577e+01
4.180535717951383e+01
6.625703413330811e+01
7.219582506092070e+01
1.309680697186701e+01
1.607753323208426e+01
5.968945904620432e+01
7.365592465440552e+01
9.811235819855349e+01
8.688305378280722e+01
9.720397707876003e+01
8.454731040845965e+01
1.613361519581341e+01
2.585250224259333e+01
8.058694069301102e+01
3.461203730414250e+01
2.177517084487489e+01
2.456875672776660e+01
4.162976604030922e+01
1.939411341184476e+01
1.313296706095942e+01
2.816361609295179e+00
3.768149592805724e+01
5.042345242128869e+01
9.048179219964975e+01
7.817982611161649e+01
5.220193674424753e+01
8.571399007258657e+00
4.732728006659414e+00
2.462419635831574e+00
9.849345828336359e+00
1.999231866560519e+01
3.059633543276989e-01
7.610637996164448e+01
5.418697565523301e+01
1.340277037276084e+01
5.511297665308834e+01
5.587699495063955e+01
6.532434614623168e+01
9.029627139228222e+01
7.594884376784268e-01
6.252832322499171e+01
3.878737713153818e+01
1.689310363349183e+01
7.445183218198449e+01
5.543052244718677e+01
1.847864478755679e+01
9.622700302685936e+01
6.548357730055395e+01
6.010841082786601e+01
4.788539225602774e+01
8.419405318991936e+01
7.845610150995483e+00
6.572594957692826e+01
1.774872816994261e+01
6.834366180391221e+01
4.390577564197861e+01
5.526230342465560e+01
7.691506081117086e+01
7.095762489873805e+01
7.241308459658785e+01
9.106254241944410e+01
4.466528563977465e+01
1.320739784892993e+01
3.743615212730884e+01
1.845176416377153e+01
2.747164332655800e+01
9.254912878039718e+01
7.432875911441108e+01
9.279598951935581e+01
4.964910692053340e+01
1.586280493804384e+01
5.532431269778139e+01
2.449268867470915e+01
3.038128802104913e+01
3.162136680056405e+01
7.996426596304600e+01
1.636104682290975e+01
9.897436308626754e+01
4.540678842244986e+01
8.968343636471939e+00
3.610100356680388e+01
8.415220109007889e+01
4.226801918925160e+01
3.242664343324799e+01
4.177206090733970e+01
1.061168094659768e+01
5.236688240075804e+01
1.172272582152985e+01
8.752674180433469e+01
7.703984937492750e+01
8.779491963227974e+01
9.757541967442978e+01
2.529713559211099e+01
1.863792586076908e+00
1.647355617791114e+01
4.374889975588252e+01
2.933543591263492e+01
9.022684958308323e+00
3.328609221302257e+01
2.213142538542460e+01
5.477444858046921e+01
4.677427660057986e+01
7.745573808320600e+01
9.823897317901206e+01
3.274637099017686e+01
9.077104837203914e+00
1.927785525064816e+01
4.910741781308661e+01
1.668049274789192e+01
2.356897267679170e+01
8.352982685134272e+01
6.934223690505243e+01
4.759230546075492e+01
2.579784599402819e+01
9.596689152343519e+01
2.215791084904127e+01
3.640952694062587e+01
1.690191869479693e+01
1.087092143058354e+00
2.393626869839443e+01
3.359227228611348e+01
8.398484051413129e+01
3.626493473363339e+01
5.888940787822447e+01
8.584863310020819e+01
1.009276696019469e+00
6.763615448383436e+01
1.518406896627697e+01
2.846991393178232e+01
2.071596641126832e+01
3.731549439826771e+01
8.324436255881767e+01
4.769652325087065e+01
1.477123243490757e+01
9.709171191653783e+01
2.485208782593351e+01
8.861295650182894e+00
7.525389621744580e+01
5.086758520960230e+01
5.708957065692617e+01
9.882286889423750e+01
8.585142627630916e+01
2.643180751541248e+01
6.446001448876225e+01
9.272838337008299e+01
8.504892801169723e+01
3.577954067652092e+01
2.490502117430094e+01
1.450291616586173e+01
8.280784621965506e+01
6.359453623350455e+01
4.809518845197520e+01
6.679268668722020e+01
9.985947096713794e+01
6.984596283633540e+00
5.264131974086227e+01
2.860458922973116e+01
7.347123775327169e+01
6.782538870713924e+01
5.707450320807961e+01
7.439348440356250e+01
5.140883058840820e+00
4.031886572033115e+01
8.499530050204848e+01
6.154036301259899e+01
6.287681756675095e+01
4.694209543380052e+01
4.376045285899213e+01
9.717354876788964e+01
9.780968068996894e+01
8.500234693521742e-01
6.578443491169458e+01
2.894836651578004e+01
8.502548364225099e+01
4.241159192398730e+01
7.478625833745406e+01
2.488282845582945e+01
1.686237469169422e+01
1.294511370963655e+00
3.938574462169117e+01
9.967022091134928e+01
6.488904765103433e+01
8.748093307366638e+01
3.714730080084284e+01
7.237472477013931e+01
6.804852186145658e+01
4.180294691668961e+01
9.793139998704726e-01
4.088433181908183e+00
8.692961600000486e+01
9.159246817770995e+01
3.442730346435090e+01
9.207049905884568e+01
1.642040881161597e+01
1.942260396639938e+01
6.791730768415951e+01
3.834006140862594e+01
9.182070567823048e+01
3.831896634694141e+01
3.551361012994946e+01
8.275502770336112e+01
5.659309088093838e+01
3.151002774551047e+01
6.641613457650698e+01
1.928789705004911e+01
6.199100937787024e+01
4.280562481973582e+01
8.936230870399731e+01
7.885338406956447e+01
4.410013619069948e+01
4.814349489665753e+01
6.717051769009350e+01
2.471469269353649e+01
3.562442792375779e+01
4.498651248635096e+01
9.708941746367580e+01
2.308138256104727e+01
4.612076540762594e+01
9.806873146354627e+01
3.417839041639976e+01
8.211251305514597e+01
3.094743677924733e+01
6.860569392731678e+01
4.309085474493487e+01
4.736784559086330e+01
8.802829789371616e+01
5.640676536429988e+01
1.574473190854524e+01
7.984900352538051e+01
9.472573175780742e+01
2.122151712943871e+01
8.621801249041130e+01
2.898814516560554e+01
5.273154487494917e+01
5.263414706691827e+01
5.128454945575658e+01
2.665316454444693e+01
1.471907376065807e+01
3.763835091965196e+01
5.429781035254607e+01
3.953990803078744e+01
3.045777302722343e+01
4.593643450454643e+01
4.852909187252125e+01
4.381022259770437e+01
5.025425299548276e+01
2.226679423929508e+01
8.572016287861398e+00
4.189866755246123e+01
9.608924351450486e+01
7.317315846363695e+01
9.291902328511654e+01
9.256919962007981e+01
5.368754456457102e+01
3.600987798348530e+01
6.707023599514283e+00
6.471256202306253e+01
2.338375440956268e+01
2.564495216386624e+01
4.456156550187691e+01
1.899884036695531e+00
4.158612528889726e+00
2.513959530048985e+01
4.709763133297565e+01
9.959801421482022e+01
1.452032658947647e+01
9.537367359519642e+01
2.625117871270104e+01
9.960098429564432e+00
3.301202446828225e+01
5.017095527153972e+00
4.950000650691801e+01
8.882215553374130e+01
8.017568144955472e+01
2.726158822293467e+01
3.263237808487954e+01
1.207783027183164e+00
2.528210027389326e+01
6.532557870509363e+00
9.758280143029187e+01
2.137134374183200e+01
3.070560592725203e+01
7.607033279541430e+01
7.448685503308049e+01
8.439315053838918e+01
4.304732184067709e+01
8.029015952734750e+01
5.659833283005204e+01
6.643107625023977e+01
4.006885236132371e+01
3.226649990876508e+01
8.454056241760988e+01
8.693532170119478e+01
9.415267947788941e+01
3.163819370401939e+01
8.653333586944888e+01
6.110413296199596e+01
1.169798202426079e+01
1.756901280841278e+01
1.121822461076930e+01
6.002389172093192e+01
1.780161010930390e+01
6.813311100384831e+01
8.115649841779680e+01
6.875514018757043e+01
6.616220933672143e+01
1.378887645611022e+01
3.082569503729497e+00
8.645810190888965e+01
2.032143432661958e+01
6.754572459847932e+01
6.837575732189033e+01
3.493256249229078e+01
4.361605734732750e+01
4.286261230840470e+01
4.508532436801369e+01
2.457732419696512e+01
5.728651250586216e+01
8.223590905882227e+01
5.309445539167824e+01
6.807896088253659e+01
3.395015706026469e+01
3.763501776272199e+01
8.429068652181454e+01
2.810283649158796e+01
5.737017973203686e+01
9.949204549169728e+01
3.677584255895383e+01
6.906816175629766e+01
1.706105825354394e+01
5.540894710245028e+01
6.140250464035315e+01
1.410146989584969e+00
1.838561963214801e+01
4.255900301158382e+01
2.708329750554790e+01
8.319592610150386e+01
5.634787946769403e+01
3.016586700927739e+01
7.616236930534353e+01
8.224334790475822e+01
3.313071328826748e+01
4.453812658066774e+01
4.293552173438274e+01
5.128999224458355e+01
6.979896955648390e+01
3.782983102734659e+01
3.795337138602201e+01
4.468725134836847e+01
2.006574003960273e+01
9.104782677770025e+01
4.204261621555435e+01
2.365466026759458e+01
6.421229190389268e+01
7.819446463985112e+01
1.138571263821130e+01
2.158247158936340e+01
9.715732508206617e+01
8.100438941316884e+01
9.065063339222718e+01
8.076586196234723e+01
4.394228642058665e+01
5.205313798601420e+01
8.217600895193220e+01
8.022691043104368e+01
9.461214104416415e+01
5.234129608252146e+01
6.342283648598141e+01
8.260954463975948e+01
3.398106998483701e+01
3.335098118211654e+01
2.762933425960566e+01
6.711178327310448e+01
2.146325247430394e+01
7.788414232334315e+00
5.143343352313779e+01
9.126222203078783e+01
9.580926038129687e+01
4.948282644594219e+01
9.977098000225192e+00
8.551376358862676e+01
8.043463164029393e+01
2.961321358085294e+01
9.999795048497522e+01
9.117476134150044e+00
7.835301690658230e+01
6.092592066197000e+01
7.073532141313671e+00
8.549418830568631e+01
4.945925998010638e+01
2.387425644503639e+01
5.627620385786341e+01
5.422934328868489e+01
7.592739443105059e+01
5.697366211422425e+01
3.445625371972856e+01
8.221753657898751e+01
6.078886508978385e+01
9.787909020570996e+01
2.149955589394065e+01
9.476993507462085e+01
3.459025944331207e+01
4.912889015354630e+01
6.188171834772533e+01
5.605351191761601e+01
3.746838794903289e+01
3.483988998217503e+01
9.460443844767494e+01
6.542114231987910e+01
2.422669484476870e+01
7.371397128967287e+01
1.879141182582426e+01
4.661326485062635e+00
5.660125061711355e+01
2.795983568204559e+01
6.644319862427339e+01
1.113486309122986e+01
7.392953749463406e+01
9.966682172364872e+01
9.662905139691618e+01
3.834501632412198e+01
2.354107812211899e+01
6.674081327707545e+01
2.054693327310818e+01
9.946847255316958e+01
3.384447006222069e+01
5.500318699283674e+01
5.624931005586372e+01
9.463333515200453e+01
1.070695641017843e+01
2.107639118147846e+01
8.940327022662538e+01
6.213244039664624e+01
5.075636489817703e+01
5.128498852778458e+01
9.144703219246448e+01
2.899655468249533e+01
9.749589660088340e+01
9.084178241474638e+01
9.441769700237442e+01
1.654853709812674e+01
9.063300699490728e+01
4.029381291023167e+01
2.638391788414862e+01
6.788293852837893e+01
6.825364863884340e+01
3.779378283666157e+01
7.901780161960879e+01
5.713940493629286e+01
3.746060451374417e+01
7.564685301652497e+01
9.548442126041485e+01
6.100168263586316e+01
5.939394773887189e+01
2.723098393866372e+01
6.047015514246661e+01
6.458697377917682e+01
1.986343754449088e+01
3.047816307771865e+01
6.057350861866656e+01
8.819102015727712e+01
3.453953160650075e+01
3.982305868520544e+01
9.270283439788169e+01
8.529589650467778e+01
2.479065257347685e+00
8.414986654378002e+01
7.352064930532158e+01
3.085907443000892e+01
7.020133709078716e+01
8.603643262108622e+01
2.169755321075094e+01
7.458714124494564e+01
3.531686329996067e+01
1.875819578708997e+01
4.247007972675846e+01
6.251354881679339e+01
5.655197862375154e+01
2.148788134636724e+01
5.595458157172174e+01
9.401258313749572e+01
9.713473436289222e+01
5.619433808894564e+01
5.501426572679276e+01
4.965239528084751e+01
9.601876037009934e+01
8.965513426328783e+01
6.891182487314186e+00
3.288759572100248e+00
3.118274641743989e+00
6.746469110598075e+01
1.951852348610690e+01
6.794831085388935e+01
8.740872884514216e+01
2.656198787808511e+01
2.295370275292252e+01
9.092453685166525e+00
1.437168536445670e+01
9.647435210481024e+01
3.995152811517544e+01
2.440307295154923e+01
9.149740244797310e+01
3.143933007094978e+01
9.899021419649489e+01
5.122771344670453e+01
6.117335430401067e+00
4.981613701666525e+01
3.038477759360558e+01
6.266931405415261e+01
4.007326361726656e+01
9.109469446870251e+01
1.702423981252324e+01
6.008290953938054e+01
8.540904814629306e+01
4.946554366008637e+01
9.735304820228045e+00
8.142780846982627e+01
2.718058369456818e+01
7.217891587511586e+01
3.400311406422551e+01
4.223895256511818e+01
6.275982361415393e+01
6.786226763756120e+01
4.109147844886942e+01
4.693135672571667e+01
9.442425551564631e+01
2.850461612851574e+00
5.669817177425054e+01
5.136109890945307e+00
9.385119760122672e+01
6.643994863444937e+01
8.604930135703147e+01
9.082221611906877e+01
9.787927875196529e+01
6.522088794280816e+01
5.330457093813670e+01
7.740007991781462e+01
7.761297383234509e+01
4.802125941404200e+01
4.516507277505708e+01
6.962935704254981e+01
3.674167689715590e+01
1.204022053258504e+01
2.971226658193035e+01
2.215072499688283e+01
2.373638340445998e+01
3.944757140215839e+01
3.578533466709095e+00
5.091696709902816e+01
8.519740252997605e+01
5.112245490361119e+01
2.406013469400822e+01
4.795722614412998e+01
1.898472249460627e+01
6.515161314287764e+01
6.471137491274223e+01
7.606359602700155e+01
7.576170716237355e+01
5.738678470132257e+01
1.854508790119788e+01
3.066478088994733e+01
5.659931891439450e+01
4.594389211663226e+00
6.590873695253802e+01
8.572877402684128e+01
3.239122602734306e+01
8.354521877297442e+01
3.586000219726004e+01
5.602394037694853e+01
5.309204242801855e+01
8.293926673146862e+00
2.565329741949835e+01
8.983371937174057e+01
3.258546117347919e+00
6.836019934544349e+01
1.198444432205727e+01
2.699492952180790e+01
7.431769472282272e+01
1.556297778876637e+01
7.791189662083606e+01
5.245410597531782e+01
3.189682305413150e+01
1.972031268278152e+00
2.796776398456086e+01
4.431393656149224e+01
6.712364445772192e+01
3.494549902851949e+01
5.772291457174482e+01
3.937227746442532e+00
8.348032724274339e+01
7.445929645302672e+01
3.460200868295599e+01
4.007964615713788e+01
