2.736022264108072e+01
3.433419304636037e+01
2.307850915150647e+01
8.120887721013690e+01
8.660810058312867e+01
7.461609839211036e+01
1.457543122329536e+01
9.111322969715727e+01
5.306748023865161e+00
2.411738011246425e+01
4.245470587278470e+01
8.470615813727778e+01
2.094134782484795e+01
9.704421274226355e+01
7.522177383081139e+01
9.185018357441304e+01
3.215888660967298e+01
2.691462437012914e+01
1.640273584816732e+00
1.619507270687961e+01
6.070345782707606e+01
5.407259024403645e+01
1.328769778520227e+01
3.945945112009507e+00
2.821993121328760e+01
6.705490358502367e+01
3.188750070141977e+01
6.724593060428553e+01
9.031406254056564e+01
7.009629284501835e+01
7.145318308447170e+01
9.106944403195261e+01
4.430485844812583e+00
9.534014574966400e+01
5.639800157230255e+01
6.313569497463093e+01
4.229853085349246e+01
8.547335285016958e+01
5.424892467178820e+01
1.287717288959640e+01
1.878182684014636e+00
4.908650435930421e+01
1.000609300565258e+01
4.612684130953944e+01
9.058633404345546e+00
9.823416969656674e+01
1.807129276826572e+01
1.682900139914313e+01
8.459582793740361e+01
2.238111571519688e-01
5.741259276746428e+01
8.585225189377192e+01
5.429640140118841e+01
7.070029055266654e+01
8.216152516294342e+01
8.682334930022402e+01
8.404290130550177e+01
2.875080165860746e+01
6.239077707863915e+01
9.542238837826177e+01
9.884709450362581e+01
2.552246294241513e+01
3.416209804553636e+01
1.091325446540176e+01
9.320489545036335e+01
1.870665620952223e+01
4.501940433169687e+01
3.550342625728968e+01
7.603345246800848e+01
2.066219994829139e+01
2.970246059340539e+01
4.816870421551573e+01
3.267662065693951e+01
7.080945417788320e+01
8.162628071458371e+00
7.729805832602925e+01
6.904362382788379e+01
3.422755893982368e+01
8.295277412186972e+01
9.419241789457966e+01
2.163832104841169e+01
1.412707763450550e+01
8.004466974178547e+01
8.874777154473018e+01
8.819750681901235e+01
7.690797069897314e+01
9.567658463291664e+01
9.442420731970304e+01
5.658772311014483e+00
2.964040065633152e+01
3.736022172372799e+01
8.736454094171735e+00
5.674639626254625e+01
2.469304503160205e+01
1.964970855957349e+01
6.172214414073254e+01
1.525314464944096e+01
7.419672248614799e+01
8.387118525983355e+01
9.128659711744943e+01
9.485892248100552e+01
8.249892391380804e+00
6.154378110614781e+01
2.753554309137889e+01
1.548400051681511e+01
9.306704867308356e+01
4.395134870146929e+01
8.452762439126505e+01
7.666667833769074e+00
1.815266777675257e+01
7.872004223927857e+01
6.174597770988288e+01
5.220548606114718e+01
5.876471198106405e+01
5.891065325537262e+01
3.654595512735935e+00
3.567268263347106e+01
2.606487000643503e+01
9.876315426023824e+01
6.498420376562709e+01
5.570527066276654e+01
8.929410124630392e+01
4.583732180569196e+01
1.086813421494706e+01
1.398714627790598e+01
5.362076896877064e+01
5.923589321749093e+01
5.165586217849323e+01
2.781749140835250e+01
4.310707843075836e+01
3.176014699589468e+01
3.178865771358305e+01
8.778162486282253e+01
9.743767049975585e+01
5.021195698073691e+01
3.686424351151299e+01
9.050471912627329e+01
1.948275413340086e+01
8.779324972433655e+01
1.779932669261439e+01
7.170632545450066e+01
6.651329196361513e+01
7.954530444906341e+01
4.596225919479609e-02
6.998376565518964e+01
3.003905361054421e+01
4.044895509278818e+01
6.095068653158410e+01
5.610392361697924e+01
6.671301334477636e+01
2.282141476069643e+00
1.180919423317965e+01
5.600711459108029e+01
4.811946328176160e+01
6.982352592508472e+01
2.330280296658296e+01
1.740232203966115e+00
8.191322166561766e+01
9.923455179633319e+01
2.955772365888475e+01
2.502030009637601e+01
1.976143974799730e+01
7.891885655881784e+01
1.280192491263241e+01
1.719911020118702e+01
4.472957567532062e+01
2.077134308441139e+01
7.703829280894170e+00
2.586906856199218e+01
3.860799970040470e+00
2.550315602007469e+01
9.363517407031506e+01
7.037409193365559e+01
5.048460422571963e+00
5.793043764211724e+01
7.804958204647973e+01
3.508751403311617e+01
2.588029677322148e+01
6.769630241566166e+01
9.119143769666154e+01
9.259331011799785e+01
2.232722655047068e+01
3.000631883275058e+00
4.860042466251199e+01
7.004387074617849e+00
2.567796037796790e+01
1.859468548493212e+01
8.744619325150092e+00
7.591181997019417e+00
1.782923723469919e+01
5.216218468368156e+01
3.261148209339542e+01
6.265139647882962e+01
9.053648048571146e+01
4.541340700602783e+01
5.478978718388350e+01
9.298257496812501e+01
6.881026517078759e+01
6.249361651134380e+01
3.030226036454656e+01
6.534175726833836e+01
8.799677253141849e+01
3.263438014901913e+01
3.571584915542782e+01
9.304523295399045e+01
6.647703524980557e+01
2.451292193704886e+00
2.813274694054050e+01
7.783949932914204e+01
8.797072725741693e+01
9.424930908449428e-01
3.084132384082364e+01
4.685565105027317e+01
2.232481652047710e+01
3.355106675697074e+01
6.535479569125678e+01
3.339695256827257e+01
5.214575224190286e+01
6.260465749660724e+01
5.559395889546441e+01
3.524225597979606e+01
5.581661525918945e+01
3.162755543907525e+01
7.565666459298537e+00
8.689765645512270e+01
7.966647747888531e+01
4.067474945479759e+01
8.442605584134630e+01
9.509980529318554e+01
2.484907015452584e+01
9.301053369092315e+01
6.044156251495777e+01
7.479908046070443e+01
7.884076939841768e+00
9.615741167038559e+01
4.447820360980844e+01
6.065737598606263e+01
2.752535656444978e+01
3.402382248734302e+01
1.161577553097893e+01
1.549608382186670e+01
7.524595282750481e+01
6.310857891249870e+01
6.235173487213986e+01
7.567282364502215e+01
8.522015297097161e+01
2.604194824865179e+01
2.367560049690102e+01
2.556578182874517e+01
7.881643049363812e+01
7.926955939236542e+01
3.539035564073844e-01
7.567282713748180e+01
6.747500038122526e+01
1.490656114877507e+01
7.241065053847183e+01
1.093848376112919e+00
7.726201483852324e+01
5.559296764228166e+01
9.619365366929846e+01
2.111084946482948e+00
5.493044702100123e+01
2.407976557690639e+01
1.495692758586115e+01
5.377437130258157e+01
4.824404602322916e+01
2.084800313266367e+01
1.443174728864419e+01
8.031798441909159e+01
5.487182566657282e+01
3.894080223466307e+00
9.581406824095829e+01
8.219832744551745e+00
5.556316643746717e+01
5.816580306653204e+01
5.965921420588122e+01
9.270901069636876e+01
7.437757611012906e+01
7.568256839908780e+00
7.814922462131327e+01
5.319400655720104e+01
1.495610052484837e+01
5.817456187595360e+01
4.503371484812057e+01
5.431281661349946e+01
3.966804129987399e-01
6.812362664757465e+01
5.540666498961237e+01
7.765869529808811e+01
5.967731692813211e+01
5.160031861234471e+01
7.976978024457105e+01
3.137200797506236e+01
8.235534750034816e+00
3.879014488253284e+01
7.742228786341020e+01
6.102816260467664e+01
8.570187333305454e+01
9.957812656628812e+01
4.134614697720210e+01
8.060888158185820e+00
5.250674912357086e+01
7.054471041566912e+01
7.866636937422044e+01
7.405517062826789e+01
9.532601823812631e+01
1.687569237168677e+01
9.860340659441586e+01
6.970359430168924e+01
7.012728255713697e+01
2.530323975966463e+01
2.289760085889026e+01
5.696509878941117e+01
7.847783387567748e+01
5.581503834380537e+01
9.337154938530715e+01
7.887451428867621e+01
5.989938762965583e+01
7.404185755832208e+01
1.938425047294435e+01
1.957670451122183e+01
1.828489891173546e+01
3.630298978476925e+01
3.418446846035517e+01
2.248994723078327e+01
8.045773626326478e+01
6.776186459127901e+01
6.720776877701644e+01
3.465396321129704e+01
2.620468024453366e+01
2.889474324364902e+01
1.705094520796600e+01
4.469668438876825e+01
3.074534047895360e+01
1.251256885589686e+00
2.616593750480839e+01
6.138097660680347e+01
5.827634029941463e+01
3.359034496061054e+01
8.762452382949391e+00
2.840362280998548e+01
2.657805952549822e+01
8.899828609498138e+00
8.536872159939665e+01
2.429560386775788e+00
9.797210064622206e+00
9.664663695574116e+01
8.393040768985189e+01
6.969659769427804e+01
7.155314221584850e+01
4.046361718348395e+01
8.927330220549987e+01
8.161611621343350e+01
7.676660696825320e+01
2.345777061928891e+01
8.136549875203777e+00
7.796304536888518e+00
3.506452694305430e+01
9.568514618821682e+01
9.261426459653967e+01
6.126920718758796e+01
2.190488070338260e+01
7.145165836971796e+01
5.965891529790075e+00
9.313947953895642e+01
9.827173822478937e+01
5.852120190789979e+01
5.201582436078034e+01
4.658440647022072e+01
8.905307165768606e+01
4.590979714221778e+01
5.384893601473837e+01
8.488615107950109e+01
3.708256699008987e+01
3.921765756756890e+01
8.994204443411066e+01
4.687977705471207e+01
1.698357794293369e+01
7.387245207739642e+01
1.657637470242398e+01
9.919551177844195e+01
1.433606926088038e+01
5.849676907923854e+00
8.081162794530933e+01
9.110267622913358e+01
4.493621487400318e+01
8.894817782051311e+01
9.889898081258823e+01
6.437197447026706e+01
8.463332396216380e+01
4.196456197740723e+01
2.564118161128889e+01
9.213213300897372e+00
2.475135225092589e+01
7.962639372778423e+01
9.984806110144036e+01
1.093966845001079e+01
1.053938083841437e+00
5.186388546222071e+01
1.736563831445092e+01
1.463291119534192e+01
3.496428068492761e+01
4.888078498136289e+01
9.951906227484302e+01
4.272897920698346e+01
1.043223185019206e+01
8.946110670895368e+01
8.976189037308185e+01
4.629652637350211e+01
6.333355873978397e+01
2.261437513987272e+01
4.549203815194407e+01
7.766962800066435e+01
4.135267638664352e+01
2.630366605068727e+01
7.353598488193749e+00
8.306488771134283e+00
1.525184387120039e+01
6.767128499582003e+01
7.461472040722832e+01
9.988516783336419e+01
2.097097887702797e+01
6.067327999541223e+01
1.293229251770875e+01
4.572233112795387e+01
1.512243366573119e+00
8.946442189135794e+00
3.764265623765190e+01
4.860517287096249e+01
6.081032765135650e+01
5.500829455210282e+01
6.323808411287054e+01
6.025030941714081e+01
2.622286883472599e+01
6.275714634114743e+01
4.172487554220709e+01
4.449284940235916e+01
5.221825300353498e+01
9.274117899720612e+01
8.295162710498629e+01
1.555181174331895e+01
1.535555409051271e+01
2.844366521036423e+01
1.842297670357999e+01
1.293076105086634e+01
5.474733130761764e+01
6.199374392721511e+01
3.426388052025059e+01
6.999917517881802e+01
2.966502887646902e+01
6.929597890437394e+01
8.694669072839744e+01
5.063600775349699e+01
2.996925885322004e+01
9.987898324610617e+01
6.269671859345246e+01
2.224961203627736e+01
8.792916633557955e+01
3.400099511910276e+01
8.541023269547627e+01
4.873949394036992e+01
7.134986909634893e+01
3.409286897354427e+01
2.556825961245609e+01
1.523215850593157e+01
9.685001536125783e+01
2.361173193138639e+01
5.188725923741574e+01
4.906826831822669e+01
9.908363912211901e+01
3.483888629583591e+01
6.717414849771845e+01
2.133471929530367e+01
6.328255155276626e+01
5.784151980552893e+01
7.113955648203360e+01
1.802988281381776e+01
1.983526368617791e+01
1.920235642194858e+01
8.802905799263579e+01
4.950029260921306e+01
8.849833532632250e+01
5.791340091168573e+01
1.363003161439208e-01
8.546758777716551e+01
5.233574428238708e+01
9.649463924416092e+01
3.121798142381850e+01
2.482529130057678e+01
3.049563431669754e+01
1.157199107649363e+01
1.481879112069439e+01
1.950492394133700e+01
4.566486005003790e+01
3.545123447452264e+01
5.196952570787143e+01
4.251487536472961e+01
2.790593748349042e+01
8.083231564649954e+01
9.158314372952242e+01
7.541587728793540e+01
2.146322798052022e+01
5.620322374450193e+01
5.824423309333820e+01
3.642235032116172e+01
2.479934358261495e+01
3.577128012467701e+01
3.732390833893972e+01
3.388000723620877e+01
5.497363654662558e+01
6.934485825213829e+01
8.338029984542182e+01
3.837047286255773e+01
4.871812115829351e+01
8.351660016156575e+01
6.193956595935839e+01
2.070440306361038e+00
8.001123935916054e+01
2.656772128612162e+00
1.043953742386752e+01
1.050687362929195e+01
1.422876320510579e+01
8.400432271138035e+01
3.001179761719508e+01
3.699858348676869e+00
2.083210182414954e+00
6.474888006446365e+01
4.251880042372215e+01
7.586090540320654e+01
1.040491462238362e+00
1.454687035388633e+01
6.199574091564666e+01
7.283644972966819e+01
5.019486604733153e+01
1.282854509205955e+01
5.758222921638853e+01
6.423960959736240e+01
4.859982521673656e+01
6.035789151692664e+01
8.973560225671883e+01
3.573461716796021e+00
5.116261176353441e+01
4.474869158340091e+01
4.704543354317799e+01
7.073952866286949e+00
6.501651674742648e+01
8.984999455970247e+00
6.440752235446475e+01
4.502775610658701e+01
1.164177158458241e+01
2.091461989139887e+01
5.553462973587896e+01
2.587053478968820e+01
7.993883918036653e+01
8.554642735307404e+01
8.576415809139803e+01
9.901763172774464e+01
5.029530741753769e+01
5.895273357581009e+01
1.451970535075278e+01
1.668529120119535e+00
8.216429901410093e+01
7.651544626639944e+01
9.578826189776336e+01
3.235916501486636e+01
8.934399135845899e+01
7.835675435064209e+01
9.659877461222874e+01
8.113820468128576e+01
9.466929901143037e+01
9.471839139923378e+01
4.151727824542545e+01
7.271684942427877e+00
6.526729281305676e+01
8.856271178860344e+01
6.960876699053159e+01
1.902383031278096e+01
9.754771124457369e+01
2.898342317388553e+01
8.626258083910801e+01
9.189482829156091e+00
5.493090918982909e+01
8.733006282119548e+01
6.856833913762511e+00
4.856778823238229e+00
1.473542145208242e+01
2.082417566367619e+01
8.687882823258583e+01
7.763894529903259e+01
8.224350064166053e+01
1.398533536772492e+00
7.930747441915213e+01
5.574310452479082e+01
7.791397980317193e+01
5.381245322237371e+01
2.352029635734870e+01
6.725797111506479e+01
8.589966124198384e+01
8.878892217240711e+01
5.279266017153518e+01
7.834476073195448e+01
9.307523355496826e+00
4.671906584255353e+01
8.807707586701822e+01
6.317845334446916e+01
3.528177758459085e+01
6.544091606766028e+01
3.229059499329449e+01
3.282948878259840e+01
9.442433928811194e+01
2.309655049959968e+01
4.201897161175449e+01
1.934227893098364e+01
6.035038636082336e+01
7.707898927716491e+01
9.380445908466561e+01
8.769402424231825e+01
9.790316494084111e+01
1.107788594024158e+01
6.533296949478469e+01
6.899997269222512e+00
1.247641947701407e+01
4.464044386737069e+01
9.806112861170486e+01
9.039039928018599e+01
5.305216557022751e+00
2.311697472963341e+01
5.764837034868467e+01
9.144130851674885e+01
9.321430530083100e+01
6.913625312463206e+01
7.224669939477309e+01
2.121342025753735e+01
5.036396125814131e+01
8.464979090944389e+01
4.759372847508347e+01
6.463504026859768e+00
8.078647231719758e+01
7.988432351494409e+01
9.603108963744300e+01
9.711750135622802e+00
9.843749930078047e+01
1.969946172074390e+01
6.385732510306747e+01
1.893251636947157e+01
3.866221943807892e+00
8.805638290385546e+01
4.409455114234916e+01
9.468161593874991e+01
9.014275897766592e+01
3.160554190706720e+01
1.581613161406300e+00
1.161068832111111e+01
6.632734638002113e+01
9.964274177311117e+01
9.383775670725749e+00
5.490822016955737e+01
5.362901964859525e+01
4.923896880319294e+01
2.686603964626139e+01
6.292466258766347e+01
4.188682210719531e+01
8.284986111468163e+01
8.674833680817315e+01
3.206883963759469e+01
8.660788824158156e+01
8.253657318769795e+01
7.691984096398569e+01
3.669859517211960e+01
4.694067269886875e+01
5.460033107297511e+01
8.121364134420345e+01
4.537817199964923e+01
7.429979284028512e+01
4.507096644727093e+01
4.166057568120797e+00
4.829589838548372e+00
9.365192441905472e+01
7.074112117790669e+01
8.194591686220184e+01
8.379468339672064e+01
9.966752040184453e+01
4.571376198237471e+01
5.203779556417734e+01
1.891816981086422e+01
6.698421461832906e+01
4.587339402449941e+01
7.382638998042158e+01
2.985482654993181e+01
5.522851927915053e+00
1.308716838857493e+01
9.538974310056760e+01
2.802246777714345e+01
6.260746268676941e+01
7.059566461043231e+01
1.773807127854697e+01
1.653153962294177e+00
6.714900087898084e+01
3.701114837872383e+01
3.835174913441378e+01
8.459268653979184e+01
5.585549215593166e+00
1.956539043205110e+01
9.072407572098266e+00
5.104142746470936e+01
6.463635687932202e+01
3.413691606099574e+01
3.698951603704575e+01
9.776370618388229e+01
8.478488348647248e+01
5.569042226098964e+01
6.604867021834882e+01
4.724773017095762e+01
1.404184196798217e+00
3.257499473755015e+01
1.622404033142330e+01
7.762999114470091e+01
6.693649178693839e+01
3.999228991567729e+01
2.528344440519970e+01
8.782493355117037e+01
5.307945830425223e+01
7.641648826022470e+01
5.331634443873370e+01
6.812472407153096e+01
8.501264056424269e+01
1.340765180690570e+01
4.469858545097456e+01
4.968729352098298e+01
5.041880018562954e+01
8.129627121672792e+00
6.925685311167355e+01
4.203027963732848e+01
2.769501755372389e+01
9.922771160454849e+01
3.553738116078888e+01
1.728765411176144e+01
9.583703269988160e+01
3.590090881842231e+01
9.009508061692821e+01
1.814951110545057e+01
4.768044359408340e+01
4.868751743281610e+01
5.479276932533493e+01
1.777129211359252e+01
9.401803561207747e+01
3.156314121166390e+01
1.724274829832965e+01
4.819900391073851e+01
7.155543117390732e+01
7.811032406897765e+01
9.873596159682421e+01
2.463488943159343e+01
8.098488477104570e+01
7.476020714955413e+01
9.275961350312438e+01
2.696648632500623e+01
6.852252402739717e+01
6.253749149038340e+01
1.568481880970524e+01
5.622573334547958e+01
7.066711861205619e+01
5.747946037793506e+01
9.825601298280806e+01
7.796765727827681e+00
5.670717193591742e+01
6.197564772422223e+00
9.069351064539212e+01
8.521000365037938e+01
3.367172090041997e+00
8.078859121575420e+01
8.221310706912218e+00
9.880907628629780e+01
9.089960720897634e-01
7.977545483958696e+01
1.658036835332418e+01
9.492703168416723e+01
1.729367534503978e+00
5.857952491314128e+01
1.823371374897366e+01
7.466179848400029e+01
5.155652321481915e+01
4.305965893113039e+01
1.372013753918937e+00
8.102811038541985e+00
4.019831011081036e+01
9.413162730360945e+01
1.166125168635568e+01
4.600524327066040e+01
5.666911874742672e+01
9.988385895261722e+01
3.377531852283297e+01
2.733623735948291e+01
5.736331928398614e+01
4.869895058157805e-01
2.569837352526299e+01
8.672273982629306e+01
6.684554278238003e+00
1.639188412408898e+01
4.142290774799087e+00
5.781318697045240e+01
9.236302235739447e+01
9.691542894435834e+01
5.662226321018407e+01
9.808947141193295e+01
8.598215351159784e+01
1.945015775014188e+01
8.492395495293846e+01
9.116384670658216e+01
4.462935512169700e+01
2.924765228724463e+01
6.790097102890768e+01
1.471953159883597e+01
4.953162374418770e+01
1.443442241960877e+01
4.288689328492009e+00
8.972993390156418e+01
6.340461203986993e+01
1.594994101484769e+01
3.573517712565846e+01
2.007373078729665e+01
1.583379996746490e+01
3.796615369523231e+01
4.740996814677955e+01
7.319711925145104e+01
3.845314320104809e+01
7.310834167204254e+01
9.949611085443576e+01
4.513769747928610e+01
7.061749718646404e+01
9.140990129271984e+01
4.565718646424691e+01
4.455457736950115e+01
6.834428318233428e+01
7.715332572215857e+01
1.044360395075921e+01
7.768217319514703e+01
3.277577922343080e+01
7.778667550430944e+01
7.251831501373943e+01
7.740513434512781e+01
4.752544609248891e+01
7.466326163833182e+01
7.359101268164395e+01
2.905089418825269e+01
1.809345866464705e+01
8.323701158316666e+01
1.878082804325075e+01
8.149807070451699e+01
2.837881847674904e+01
9.331697756113344e+01
4.805724269154354e+01
9.663442992448546e+00
9.248215886414151e+01
2.823432713199143e+01
8.286056224389959e+01
7.262347413814788e+01
9.108940809550202e+01
7.012817271525421e+01
7.607299949790956e+01
1.159033696706888e+01
6.153807396140791e+01
7.902388394764806e+01
6.261482558334936e+00
6.531157668927293e+01
3.859703160757061e+01
3.961532141064076e+01
5.506723292873578e+01
1.157020032944633e+00
5.789311521588504e+01
3.598673578164854e+01
4.877794512956308e+01
4.034715645962728e+01
8.480720971003510e+01
2.236895776464090e+01
8.308930866564125e+01
8.918344093914304e+01
2.486597747768554e-01
8.817887869113072e+01
8.439873903263302e+01
9.407830284632664e+01
4.269488381347381e+01
8.597054052444666e+01
3.741745792209052e+00
3.517704263104919e+01
3.495231006990760e+01
8.660230803610864e+01
6.611234464967268e+01
9.932580771824615e+01
5.673048070479673e+01
4.218534410101611e+01
6.863275830104611e+01
4.639288128651347e+01
8.185207847592052e-02
7.172743853727702e+01
8.358013135547756e+01
5.980625965623476e+01
4.994500686877640e+01
3.864736423764721e+01
3.117907044067004e+01
1.077289288433869e+01
7.463410001929574e+01
7.995701557023311e+01
5.112004934396597e+01
5.944130968276472e+01
2.325973334874014e+00
2.051809994527981e+01
1.150054941489387e+01
2.574633109650869e+00
8.696978589844415e+00
4.674071704351377e+01
9.665293595597750e+01
5.232451988958032e+01
3.271125752139429e+01
3.625908355985725e+01
8.656890503436742e+01
6.766356759130190e+01
8.699698973772907e+01
6.157827911040665e+01
3.100965899927991e+01
4.372747044252579e+01
9.486659373849005e+01
9.333874722632521e+01
6.199602506216431e+01
3.434177233574064e+01
6.024254353728264e+01
4.557615637107573e+01
7.588208139682285e+01
1.018755040605904e+01
8.422352060872294e+01
7.061151790926769e+00
2.096044329039773e+01
1.454101671210538e+01
2.635216476691522e+01
7.208049263436371e+01
1.829893026421728e+01
8.934414074260003e+01
9.259859257964351e+01
5.821891359901936e+01
9.191877385225091e+01
5.569533726931333e+00
2.738162531861180e+01
8.857170976166228e+01
7.975070643227114e+01
6.009288284000609e+01
8.896639146328270e+01
3.400497712847077e+01
2.775645038474186e+01
4.143975150838482e+01
9.193758815151527e+01
2.602939360124497e+01
8.762227389385099e+01
8.680418184343920e+01
6.998738775494853e+01
7.208408604938728e+00
8.057034052003657e+01
6.043729980496564e+00
9.494130341100568e+01
7.876208498085015e+01
1.623128038655560e+01
1.148655359236829e+01
8.582323681834303e+01
3.719172367695334e+01
7.034417422038698e+01
7.284140417950293e+01
9.272216264750909e+00
8.864310448460425e+01
6.374687974515692e+01
1.870808797828298e+00
4.247392646152243e+01
5.410431868122161e+01
3.166379920750102e+00
7.354267242995215e+01
4.267602839631775e+01
3.180797990961372e+01
9.147503990283005e+01
3.672219032269074e+01
9.511015196103145e+01
8.451497130306204e+01
7.605800920913834e+00
9.416699665326951e+01
3.697741056651688e+01
2.729665251788527e+01
4.039556479099932e+01
8.634280040224213e+01
1.108414470734268e+01
7.673192549344708e+01
8.882232703679350e+01
3.624656211410024e+01
5.549401042773109e+01
6.743064851846110e+01
4.773311570646852e+01
4.131724719950801e+01
5.877475913556979e+01
1.807728988028937e+01
1.415865133244482e+01
6.574421602568785e+01
6.720394364893620e+00
7.634419620798165e+01
9.274253658612378e+01
7.600440712459590e+01
3.044851484263712e+01
5.655473617676401e+01
7.267004520290999e+01
7.312454323895487e+01
5.479932457897780e+01
2.942856602809791e+01
4.766963005423063e+00
7.518701538219444e+00
1.394353728459381e+01
2.368528471499927e+01
9.456644160420002e+01
4.717832861802463e+01
3.966941649078830e+01
6.841836346705368e+01
3.369954486084150e+01
4.865294562124319e+01
4.515028891393463e+01
2.031925656847621e+01
8.489950773534342e+01
5.447844385843652e+01
3.155605142542908e+01
3.263262344181194e+01
4.196154654117373e+01
6.982081042128652e+01
5.070991332210131e+01
8.700224649487168e+01
2.133835778633987e+01
6.042724384946154e+01
3.246439408160020e+01
7.472671404235378e+01
3.343471481159083e+01
4.174400840035826e+01
3.128145017255165e+01
2.834141246431573e+01
3.287025603133731e+01
4.368999974973966e+01
9.188530388841653e+01
4.080441521518138e+01
5.120870128795910e+01
9.383959201809000e+01
5.317717918808441e+01
4.924906089401295e+01
1.214929270192482e+01
9.154838402362000e+01
1.419350631264667e+01
3.409735603914474e+01
4.149954125354976e+01
5.934379527314743e+01
5.661922793677972e+01
4.166634340848137e+01
5.998809461481315e+01
8.419470725776381e+01
1.530271960203662e+01
7.504684099696895e+01
5.401551763248421e+01
9.741585706240304e+00
5.806983902960543e+01
7.324452189414042e+01
6.717189339323522e+01
9.053423315777175e+01
9.877564287687449e+01
3.516035663669945e+01
5.344714208200907e+01
8.136203963372951e+01
9.345343992740542e+00
7.550440899818409e+01
2.505203933690304e+01
4.224469416879336e+01
3.028900941381650e+01
7.586753371910543e+00
9.507023985268094e+01
8.346618860190091e+01
2.203588351702126e+01
9.211936862772301e+01
7.631278423420748e+01
3.622938982966793e+01
2.621672462030161e+01
9.546276689295786e+01
4.930424105809268e+01
8.283595255708134e+01
3.698208324470654e+01
5.400291898008572e+01
6.703065976827902e+01
5.243182990347586e+01
5.751092082704926e+01
2.104617740076323e+01
1.298463247389748e+01
1.558075981008856e+01
5.549922215542720e+00
8.015652591369884e+01
6.114992921294175e+00
3.992834721688570e+01
8.076313407195877e+01
5.956213500330324e+01
2.784268186792856e+01
8.747450224471955e+01
4.904672924850450e+01
5.289472120483160e+01
2.971919636694677e+01
7.933573866232099e+01
2.915546182969373e+01
2.144075381636655e+01
6.280192726422192e+01
4.814744719683539e+01
1.356012239752343e+01
1.106465575800494e+01
8.742073522294905e+01
6.530256334939159e+01
5.692703693962052e+01
8.299392027919829e+01
3.075163892039640e+01
1.138411323138704e+00
8.042735130546026e+01
5.032020478989938e+01
4.381458090795883e+00
9.606612077730993e+01
1.068963674394863e+01
1.736609061125950e+01
1.164688054083236e+01
7.089689563535940e+00
9.363448065409180e+01
1.776187350869266e+01
5.357033184430112e+01
7.828575055035098e+01
7.732400851199590e+01
1.340195947019475e+01
6.576025274850440e+01
8.211146373400067e+01
3.430773487049515e+01
9.547944911545116e+01
9.924559653701522e+01
6.346319674675501e+01
1.692020288525159e+01
6.850840364047718e+01
1.465454204690388e+01
4.442410606165608e+01
6.901298326859854e+00
2.075277223286814e+00
7.025717239373232e+01
6.455015198539485e+01
8.506919754905124e+01
9.286997196863869e+01
6.568856330853355e+01
2.362439745274577e+01
8.251343131182409e+01
7.007002144589556e+01
1.969051818348957e+01
9.320306805577272e+01
6.525810037984424e+01
1.953786705599067e-01
2.927575727425318e-01
5.889258098736991e+01
4.909927223301459e+01
1.572097293833316e+01
6.324447903933213e+01
2.642328074501049e+01
5.749943030881669e+01
2.292066236162589e+01
5.279401845894476e+01
6.958383799976848e+01
3.890255002253808e+00
5.850049483520002e+01
3.304703469995736e+01
4.140438378853927e+01
3.960180140081877e+01
4.770157674686125e+01
7.188470911788042e+01
8.839192808996511e+01
4.977685401671420e+01
4.214188146504661e+01
8.305231131755389e+01
3.484605151919930e+01
3.501185338711918e+01
6.487072881537989e+01
2.083181665317706e+01
1.752528469894327e+01
7.380300842868304e+01
7.816096715543465e+01
1.072835270814987e+01
3.906110876196116e+01
3.653575295421097e+00
1.102111032745853e+01
2.053573858949157e+01
5.859763811277116e+01
6.488419974450218e+01
7.058006975361150e+01
8.502091885778165e+01
1.413684022339845e+01
9.958480154144802e+01
1.381089646081016e+01
9.322467874420093e+01
9.976292750787125e+01
9.631543215192642e+01
1.709896066090975e+01
6.547336618670884e+01
4.257444159247654e+01
6.579353556306732e+01
3.735807525802313e+01
5.795634405592286e+01
4.483912347109948e+01
7.949995672306976e+01
5.713850956276922e+01
3.511565771657772e+01
1.451181006362280e+01
2.678816319759384e+01
8.322081402094142e+01
7.686315764526984e+01
5.694998854629230e+01
7.174707379739129e+01
2.976539848827077e+01
7.932685077159053e+01
8.124543967714787e+01
5.378655784474060e+01
8.666244148586991e+01
4.480047204755269e+01
1.867075754267664e+01
1.055798014186229e+01
2.486399655456841e+01
1.883106036988602e+01
6.430652600913612e+00
6.267893382472868e+01
9.887943346932504e+01
1.510776333283063e+01
8.547875801356452e+01
9.136637667723298e+01
4.636966127267557e+01
8.011062037204887e+01
4.185912890446332e+01
8.372773653069872e+01
4.027504052048318e+01
4.212873510184173e+01
6.322769320720234e+01
9.741355008325239e+01
9.362909481564029e+01
3.719385477583570e+01
1.942278836826924e+01
7.083049950694222e+01
9.776598033391219e+00
7.637277691456153e+01
5.309543914771426e+01
6.993372443594677e+01
9.624212765891204e+01
2.382301293491526e+01
6.786741356731739e+01
3.384809774991502e+01
1.589359539369754e+01
7.022082990511359e+01
9.960458031837111e+01
8.853008723283656e+01
4.383042130797655e+01
5.083673049269092e+01
4.675909310894045e+01
7.475501809956275e+01
5.703031055490967e+01
1.020338694108808e+01
2.377199913550727e+01
7.596415620109261e+01
5.773129079385255e+01
1.655476345520223e+01
6.742558584894314e+01
3.279712392613158e+01
7.759863095246192e+00
3.065327900957934e+01
2.818990919189058e+00
6.433496101029914e+01
8.392782233838355e+00
6.069207045281868e+01
5.583475546717399e+01
3.669174315253819e+01
2.600623929221473e+01
9.841232877150752e+01
8.051415406191450e+01
1.352404538240472e+01
9.565186328052164e+01
7.704002916675063e+01
9.227695390222452e+01
8.590143233812481e+01
2.943789937041602e+01
2.542133094995345e+01
7.443151952439524e+01
5.313483954087591e+00
8.010440928866360e+01
2.564054048882822e+01
7.827543382452589e+01
1.743259733423246e+01
3.584392742991631e+01
7.080191423688174e+01
1.130446652476884e+00
9.670289261113055e+01
6.767856095343761e+01
6.855603250142002e+01
6.116313480826241e+01
7.543842409524993e+01
9.920931151099937e+01
9.137380881764638e+01
6.044268000891557e+01
7.602093698271593e+00
4.100727114873345e+01
1.627743542952344e+01
2.577147401206730e+01
6.701351044094818e+01
1.468976415446483e+01
9.648289982997017e+01
5.213514005399082e+01
3.692510581432148e+01
2.514770311543145e+01
7.278731338343924e+01
1.179072228809387e+01
7.556231905499581e+01
9.645982966593458e+01
9.725805763027540e+01
5.894018619271935e+00
7.656423890803207e+01
8.882066360154221e+01
3.996758849358540e+01
9.399683624226452e+01
5.874252554901993e+01
1.754997112674171e+00
8.517514606247431e+01
1.553915395193694e+00
5.407675870418398e+01
6.368331534959530e+01
4.827167119284704e+01
4.487198211479559e+01
4.749946996918855e+01
3.964547996392729e+01
5.314662123711156e+00
7.049472051230013e+01
6.451000741892961e+00
2.159209755323459e+01
9.626619452436744e+01
4.766626155360893e+01
7.978417891067647e+01
9.274909435433759e+01
9.638563892635780e+01
7.320696756858703e+01
6.627202330449225e+01
7.371744526257619e+01
9.603350572103332e+01
4.183434231292193e+01
4.102295955690693e+01
7.385892708499865e+01
7.930890018088226e+01
4.219702074406530e+01
2.028740538297566e+01
6.297403684024422e+01
3.619385693976370e+01
7.493268697286616e+01
4.235561422182042e+01
4.568429922018400e+01
6.204122335745079e+01
3.416259201903017e+01
9.500445513753428e+01
1.031289450373170e+01
7.903457413382576e+01
5.789708190499670e+01
2.212661193782771e+01
8.434923625753690e+01
2.406187417174777e+01
7.753050899018092e+01
5.941333810771505e+00
8.751334552071680e+01
7.827738708736254e+01
4.222319556503705e+01
1.740709120286959e+01
7.466302596715420e+01
1.543016308705796e+01
8.367911450736183e+01
4.383597818381897e+01
5.400578251760722e+01
7.095677348363995e+01
9.468760019852203e+00
8.547252439217294e+01
8.877992946132083e+01
5.166578076391750e+01
2.094539344354784e+01
5.175396625499891e+01
8.785963770368119e+01
9.587808041641399e+01
3.651702233427997e+01
1.918077744505404e+01
5.791930372729865e+01
3.294939526028438e+01
1.418523253602219e+01
6.823219823103035e+01
2.968016631420710e+01
7.208231444101888e+01
1.819057265212320e+01
3.119837959818467e+01
4.741168117495798e-01
6.540369855491616e+01
6.337633885600433e+01
2.513211370684771e+01
1.296920925982725e+01
4.207831590533178e+01
4.253920490971729e+01
1.742111240393534e+00
7.762409503461053e+01
4.808446171138643e+01
4.557808942421250e+01
6.539713338268788e+01
5.173177614423064e+01
3.869404748021348e+01
9.384299590896956e+01
8.235140213852348e+01
5.013354031840970e+01
1.478838930595126e+01
9.226567181398426e+01
9.457226795822953e+01
1.066646972236525e+01
3.641369516794276e+01
1.375304535671745e+01
4.745678214703536e+01
5.939426420228288e+01
2.316733497342436e+01
3.681797168069424e+01
1.978414627713344e+01
4.142102805963766e+01
5.500854433281746e+01
3.103833088233989e+00
7.804727865292098e+01
6.648024784702820e+01
2.307456947074950e+01
2.479090081750923e+01
3.088932783849972e+01
8.526850141830207e+01
6.816602776207310e+01
3.263143907889325e+01
3.705493581344138e+01
5.750664652209107e+01
7.820952850310576e+01
5.198036020248213e+01
7.637225095013727e-01
3.325637794717046e+01
9.670378961446872e+01
8.662782878923593e+01
3.996900820171880e+01
6.061174541740294e+01
7.889350060322019e+01
3.454127611338220e+01
2.926763562917133e+01
8.764217257855562e+01
4.829432147009965e+01
3.986398854286596e+01
