1.680187192596582e+01
5.607723098065576e+01
2.086120635311175e+01
3.641206344422515e+01
6.837906631099948e+01
5.049878584709894e+01
9.027417660237950e+01
2.419205565200749e+01
5.402754226421357e+01
1.545388159130415e+01
9.174223281058586e+01
4.528160032130852e+01
5.661821228294550e+00
8.201754613873435e+01
1.595337843333994e+01
5.520399443581886e+01
5.674262468551407e+01
5.695088256939821e+01
4.377333882440503e+01
9.234536219963123e+01
5.242229502295250e+01
4.437639147247020e+00
5.452926892532467e+01
6.123960258496906e+01
3.714208800212577e+01
1.566891810655078e+01
2.151232549059779e+01
1.474658060574279e+01
8.502659647959592e+01
5.926187562721869e+01
7.993782836940970e+01
7.301835323358810e+01
1.267393334427566e+01
1.525484883005491e+01
6.027708233347027e+01
2.462131042248630e+01
9.660999816684517e+01
5.055125888928364e+01
4.770539358617057e+01
7.724354624619872e+01
3.486185461974789e+01
9.700953285070581e+01
8.726401025767625e+01
4.003056960181826e+01
4.687573897972504e+01
1.221376285525680e+00
5.074256530531801e+01
3.106239420876949e+01
4.826042803389040e-01
7.312937372975487e+01
1.707626647179773e+00
2.246120470690597e+01
6.255885779976792e+01
7.697586313680553e+01
1.920878711119703e+01
7.707529830610160e+01
3.267554544502661e+01
9.304555067468692e+01
4.623486271418392e+01
7.901192483446184e+01
3.227616615233764e+01
6.918135125617559e+01
6.554580226798812e+01
8.400180576555515e+01
2.790860223020827e+01
2.582288455489226e+01
9.776181029051627e+01
6.274115059652420e+01
4.563184666709595e+01
7.648569819353787e+01
3.870952969356884e+01
8.896235548377147e+01
4.955248294843011e+01
2.939295816672638e+01
4.489965748270026e+01
8.643587547654093e+01
7.292467992423320e+01
6.852984431596932e+00
9.608846907321759e+00
7.340728420457211e+01
8.605010443648794e+01
1.374666882387673e+01
9.159649009425030e+01
7.244529564513141e+01
2.489266685438001e+00
5.025466524542060e+01
6.474012670327916e+01
4.169761112038866e+01
9.976014741685249e+01
8.600109353940985e+01
8.730734856208198e+01
3.924169006722127e+01
6.661789392429306e+01
2.049360043392219e+01
2.324349578621029e+01
1.071255943305444e+01
9.967701896078745e+01
4.753665162601353e+00
5.009211914152472e+01
7.883681029958501e+01
1.052675550362410e+01
5.877177233750549e+00
8.271829769141893e+01
5.606033702197500e+01
3.812847106630377e+01
6.668042254945283e+01
8.182940328578903e+01
4.935077938686626e+01
8.949443203839215e+01
3.647029736846233e+01
8.160209948271611e+01
1.069194311773961e+01
5.903310252308525e+01
1.506937384375807e+01
9.611994758998974e+01
4.769087142669171e+01
6.068284845011441e+01
1.962585501355392e+01
2.879155931472385e+01
8.018217504964311e+01
6.802906457708640e+01
7.391207636050511e+01
4.024574176419794e+01
6.665325144615642e+01
1.389619028842831e+01
1.780688106911578e+01
1.419133088280974e+01
9.256560657758527e+01
3.659165112142993e+01
5.598220054804450e+01
2.971599704107084e+01
5.930109823090075e+01
3.280378316193995e+01
4.664409558598143e+01
8.454214315141651e+01
5.405293617120614e+01
2.928554314621051e+01
1.204944956677475e+01
6.196540112698702e+01
1.877997513803652e+01
6.324805434013161e+01
5.787083332327699e+01
7.324145868105882e+01
5.041164641753382e+01
2.441531979684500e-02
8.739742207685366e+01
7.921135033444099e+01
5.111328091058567e+01
9.211460179282101e+01
4.518682493138445e+01
1.550838552206214e+01
6.306802642674560e+01
5.550252700015089e+01
4.353250462726341e+01
7.611180594009898e+01
7.358807505741160e+01
3.312047660961770e+01
8.068347502531645e+01
3.451979860408223e+01
6.800769994408252e+01
6.838316967169902e+01
8.937939181429306e+01
2.730879812841713e+01
3.502928811825313e+01
6.416317637272327e+01
6.057625425075006e+01
8.487782631296563e+00
4.926225102937885e+01
8.552188621159731e+01
6.635390336921154e+01
8.408900563795540e+01
3.097094093960288e+01
7.569643877246251e+01
6.776522899408137e+01
9.195142411252084e+01
1.744359993256796e+01
7.511212670947990e+01
1.937914556794760e+01
4.970137274344516e+01
7.453344416550055e+01
8.685230295492910e+01
2.415047871142183e+01
6.517889586518467e+01
6.198845760058074e+00
6.883056455703013e+01
4.499787168810045e+01
3.352101595770615e+01
5.105686562650691e+01
6.931778270253808e+01
7.966421143136184e+01
8.178371367127808e+01
5.353074798059219e+01
4.451128483959999e+01
1.652330132970740e+01
5.371378769805366e+01
2.926717709250151e+01
9.470162144615391e+01
9.492627084018955e+01
6.616875648785791e+01
9.951866562455830e+00
3.115953879019224e-01
6.380861981949239e+01
4.978780050286455e+01
8.133986507604824e+01
1.281113830060285e+01
3.262542138464070e+01
5.465574779298890e+01
1.120739803240048e+00
2.075712150929361e+01
2.289510370366979e+01
8.622685451350495e-01
7.367827369537125e+01
5.071666704058492e+01
6.604116441031972e+01
7.669345935652659e+01
7.122593385690168e+01
5.591541209999258e+01
4.586936256190267e+00
2.087890506762960e+01
4.640483541712391e+01
6.965704386572216e+01
2.082190719471402e+01
9.843939985075937e+01
5.631333331405806e+01
3.813331096346179e+01
6.775821050058966e+00
8.558051045312570e+01
2.160464516915597e+01
8.293249527128995e+01
2.881363831870893e+01
2.848792850435149e+01
5.274272414517716e+01
8.721240725704115e+01
7.247931928023664e+01
7.254396992388367e+01
8.022911449904979e+01
5.104740664877342e+00
4.843966823464244e+01
6.140936876712804e+01
4.561130271554519e+01
1.757724504805041e+01
6.227163731226308e+01
2.536509177897362e+01
8.370349369184277e+01
2.063401966385265e+01
6.790462623718409e+01
8.694421331721554e+01
8.131914729313886e+00
5.280515409671010e+01
1.948784399753802e+01
6.558516149669195e+01
2.627809128085062e+01
2.215046268987956e+01
5.911532959859601e+01
8.259142464147480e+01
7.671873298320861e+01
1.495514219391865e+01
8.862302358663781e+01
8.295965966906383e+01
9.788763746520860e+01
9.164288392832637e+01
4.561442250647323e+01
5.063036156381963e+01
4.045938478804165e+01
7.820033085448684e+01
1.661581989220149e+01
9.679491179845991e+01
7.463949829090363e+00
1.878562556523161e+01
7.506666582779337e+01
5.915076795925888e+01
4.566314199271758e+01
1.420756015656868e+01
8.451585978479864e+01
5.791560530565475e+01
6.742200286473241e+01
3.327295912116438e+01
8.666828804959928e+01
4.108619771017050e+01
3.852952594800364e+01
5.953910102114971e+01
6.826971590904040e+01
8.962655718886599e+01
1.423116792656070e+01
5.837427878676647e+01
4.794353141819291e+01
8.904636734586505e+01
1.895864215630975e+01
1.077277698124423e+01
1.659649890689016e+00
6.269185583232522e+01
4.605194034336691e+01
1.724963538220601e+01
5.221124633783998e+01
2.057121271294132e+01
3.600905716233378e+01
6.802896548436441e+01
7.413222145947266e+01
8.140302388062841e+01
8.681459104959602e+01
9.841598942802101e+01
8.935785884473373e+01
9.592175152894191e+01
9.945730869633021e+00
3.916023519782360e+01
1.159423310849547e+01
1.998371589928107e+01
5.087631407700307e+01
1.390979197524013e+01
9.843380921447361e+01
3.419066217457441e+01
9.044384243453101e+01
7.063599078479967e+01
6.937078319926317e+01
2.771476750621328e+00
2.583299881118955e+01
8.788677867869231e-01
9.181784414305253e+01
5.559940550271394e+01
6.182117921385037e+01
9.456024090506148e+01
9.689202285226995e+01
3.050275246170477e+01
7.083371461873581e+01
4.997819873968987e+01
9.795720931047444e+01
1.604606956990719e+01
7.537880031176786e+01
8.674933206604297e+00
6.905356932853050e+01
8.591340830824963e+01
8.773759663465320e+00
5.243237328363227e+01
3.188976367557876e+00
5.855367638103369e+01
9.554009297654969e+01
8.684383131882353e+01
6.635071163361459e+01
3.191460153642791e+01
6.930298077375767e+01
6.478452080152208e+01
5.153896247574080e+01
2.927241354681198e+01
4.652998631192836e+01
2.952300539683690e+01
3.473014199860866e+00
8.331998455492779e+01
2.219439271008335e+01
9.637360521423332e+01
9.064652309317447e+00
2.062606803170688e+01
8.882952699848894e+01
2.013517525984681e+01
1.627818062728186e+01
9.893587375941493e+01
3.592926651981159e+01
6.695670758697983e+01
1.827012864792260e+01
7.198252844250878e+01
8.973483875847181e+01
3.571002005399671e+01
2.891992900004607e+01
5.069253931319925e+01
8.151967817988232e+01
6.972972544363222e+01
7.663917857065758e+01
5.000080957543143e+01
5.008992806546853e+01
5.243194757608322e+01
5.888342301309269e+00
5.517196392415649e+01
8.277004681656605e+00
6.053589352431516e+01
6.907799675552081e+01
6.097336623863008e+01
8.635575998870458e+01
3.600995947421060e+01
9.576405035134593e+01
4.516064880656108e+01
6.956599236911441e+01
6.170407033604759e+01
6.578671683826796e+01
3.050122821261232e+01
9.351388970087929e+01
9.522911039890214e+01
1.923948098869970e+01
6.539319100109543e+01
6.933777382100828e+01
2.564039394522104e+01
2.472586474601453e+01
9.272650424052333e+01
4.908225762149424e+01
6.612540309602646e+01
4.259060693094069e+01
4.268185866190207e+01
5.806692869312453e+01
6.403383373470690e+01
4.613669926586407e+01
5.225098531332378e+01
9.397328337373830e+01
2.915992659011852e+01
3.030497917453990e+01
8.403744892405227e+01
8.969582011443367e+01
3.907834535421726e+01
4.972833862981216e+01
6.859060515118325e+01
7.335112736250792e+01
7.806832966304772e+01
2.532276652069891e+01
3.015270164709198e+01
5.133155181600318e+01
9.544354211326853e+01
8.493164432464710e+01
2.943651607699530e+01
8.406214578266355e+01
7.976433884383579e+01
9.389787837578815e+01
9.366431799422219e+01
2.058304684263796e+01
1.746368897960693e+01
6.476954313217176e+01
8.550872098911028e-01
8.358909207563340e+01
4.396660166977281e+01
4.706690043540062e+01
6.507573275131907e+01
6.677886963206291e+01
7.033848472420988e+01
9.423878229886236e+01
2.067369894155939e+01
9.949841131432839e+01
6.389664898807958e+01
9.428671286175341e+00
4.268817586949476e+01
6.507969832284361e+01
9.002446415369607e+01
1.127878097411188e+01
3.162847595830843e+01
2.910643477416897e+01
6.358120402487982e+01
6.438344817812715e+01
6.382059155209949e+01
9.604457709754099e+01
5.050547623564744e+01
7.058780909077628e+01
7.401622914430510e+01
4.370953708128516e+01
2.421345451111601e+01
8.516218861805378e+01
4.168040069829691e+01
6.118584934677271e+01
4.993173175022552e+01
4.253548790818801e+01
5.250317214639074e+01
8.708400828162395e+01
7.642259345223317e+01
5.509825179125101e+01
9.199530384130557e+01
5.565905205703297e+01
3.064884721797372e+01
9.691837290158419e+01
5.943928428899463e+01
5.337584617239229e+01
9.559736987370874e+01
4.222605947508759e+01
4.844884129634539e+01
2.108717757327816e+01
8.412438569782506e+01
4.190989073454863e+00
1.226969669213039e+01
4.036813627014315e+01
8.545944447883379e+01
3.162974386086210e+01
9.747601402805932e+01
3.596492071448123e+01
8.349320766678694e+01
2.998311143833358e+01
6.132481738986672e+01
1.003934252543344e+01
6.790367130558177e+01
4.092809494628016e+01
2.527517100110425e+01
5.749539879965382e+01
1.258742437352772e+00
7.698272162907884e+01
2.746884074409904e+01
7.768133588958594e+01
3.465035629209613e+01
3.657471082945108e+01
1.941278065527453e+01
4.983535038765303e+01
6.062918066076430e+00
2.752380418941556e+01
9.923424241097376e+01
6.002256854438343e+01
5.118588788955747e+01
4.768308366075302e+01
8.769821528703822e+01
3.037200636713393e+01
5.344295918636162e+01
8.221471238984481e+01
3.835281852556059e+01
4.548948260279813e+01
5.324673887959063e+00
9.918869524225066e+00
6.196113008165784e+01
4.466800673150830e+01
7.289570736367988e+01
2.330314927888249e+00
6.374095690610864e+01
8.911954578436891e+01
8.778828619410670e+01
8.593135470800630e+01
1.033415277969751e+01
4.846643640122676e+01
6.291407629051902e+01
5.491355981440915e+01
8.078881608358995e+01
2.039604825917447e+01
9.600542867370203e+01
4.277855946811781e+01
8.645787117372168e+01
5.151092491648669e+01
3.097778020006501e+01
3.046377013924707e+01
1.153349341430398e+01
1.488349727116688e+01
5.303116182472145e+01
7.367532941218248e+01
7.615004064335955e+00
4.759409746508771e+00
7.560562513564044e+01
4.192480279222355e+01
6.857745189619132e+01
9.373460290661761e+01
3.115981064325189e+01
7.646578437484138e+01
2.491701022950793e+01
9.913694979582772e+01
2.122365018409847e+01
8.077885940707236e+01
3.033460869003767e+01
7.952606253303870e+01
2.412886536872427e+01
3.460943374531783e+00
1.128289821151779e+01
2.119108895826670e+01
5.060663132490899e+01
1.566620697996868e+01
6.525084691366686e+01
8.711686967272165e+00
4.517810211758041e+01
2.329673581910168e+01
1.221574191572878e+00
3.125478072616029e+01
2.385518398315422e+01
8.015083888552657e+01
8.652658238379591e+01
9.551026369235956e+01
7.475481609569621e+01
2.244908773454329e+01
8.787257074745027e+01
5.036044123133665e+01
5.147368779940237e+01
2.375649522233591e+00
3.497785378013638e+01
8.990368130146697e+01
1.981889853245527e+01
2.446493740401460e+00
1.110162162738928e+01
9.719416405874965e+01
2.407008270922586e+01
9.512472031411004e+01
6.281670162585410e+01
7.369356577922291e+01
4.641611773819482e+01
4.097279680006802e+01
1.010606964589379e+01
4.569632045258597e+01
8.945731534131679e+01
1.221043444807196e+01
2.631700878325710e+01
8.434200528279972e+01
7.549712088680693e+01
4.158618889822912e+01
7.107376613238536e+01
9.260351443318814e+01
9.957003919387704e+01
2.521725367997646e+01
5.300206497917048e+01
7.432485524300712e+01
6.285024209080741e+01
2.866962129653879e+01
6.822055739733418e+01
2.798970105498550e+01
5.993322798047831e+00
9.227169351292387e+01
7.200176784396254e+01
9.267440414646380e+01
1.728588404007530e+01
7.206091050620233e+01
1.497898819622537e+01
1.268557897428310e+01
2.984613181550341e+01
9.061431982117440e+00
5.372994656382591e+01
6.771008142629177e+01
6.871726045790932e+01
5.834260459912131e+01
1.228757994821648e+01
6.209029548898819e+01
4.929043527193853e+01
3.715434332245697e+01
1.380960317971632e+01
4.251890235697800e+01
6.724200773390103e+00
2.860615999838624e+01
7.400438239518757e+00
5.077317317518087e+01
9.508732794555246e+01
3.011730440432081e+01
7.121147819385467e+01
4.004919642584827e+01
6.150086599472019e+01
3.950614730804514e+01
8.109571909582975e+01
9.199751475453260e+01
9.618608006098590e+00
1.358764949887416e+01
7.706075868432445e+01
8.860459559997757e+01
5.890782897309764e+01
2.611126463213529e+01
8.923187339176977e+01
8.112172548711381e+01
1.048141341213203e+01
6.332309705360005e+01
4.623385721176577e+01
7.919867387004135e+01
4.410264782798600e+00
3.107554005974696e+01
2.829283253675924e+01
7.495008650000676e+01
7.320775183532749e+01
4.780460509835026e+01
1.234477530808410e+01
5.714016247407541e+01
6.658300695316075e+01
7.396120381260347e+01
8.111862143553729e+00
6.167033485214707e+01
8.582985749739682e+01
5.942295047427665e+01
1.477635284642519e+01
9.345268909514542e+01
5.573299753280961e+01
8.535484801295905e+01
1.158681321497392e+01
9.988204394461683e+01
5.878508736322870e+01
6.722785777748929e+01
2.056616005514104e+01
4.306111379669100e+01
5.041022740789234e+01
5.173993513534774e+01
8.911444744519630e+01
2.321197568588516e+01
3.517453774585134e+01
9.425690746598733e+01
9.442851389498847e+01
2.064152081526887e+01
3.057739465989983e+01
8.939723325399554e+01
2.591447524070482e+01
6.205657895750208e+01
2.746415591214977e+01
3.874029002093724e+01
9.917289814873268e+01
8.093498637011972e+01
9.039569301083483e+01
2.135830303717326e+01
4.078960886261873e+01
7.622555046166552e+01
4.778015010421171e+01
5.938283864379993e+01
1.457543122329536e+01
8.852936219821189e+01
1.383077293347138e+01
6.044836391715722e+00
1.045500860105036e+01
8.050753715471716e+01
6.601850216557203e+01
2.676213021705026e+00
2.144229925304758e+01
8.163003529497890e+01
6.281961638611724e+01
8.763920580392667e+01
1.259157802564631e+01
3.171016463623856e+00
5.915936797818140e+01
1.692007762236524e+01
9.989635366941633e+01
1.382867787677267e+01
2.837763863074483e+01
7.705935639192320e+01
5.231477615996953e+01
2.620350258713751e+01
8.518211379888567e+01
3.671108718808325e+01
6.189278832724914e+01
2.309151609572187e+01
5.806939022525651e+01
8.497129747875562e+01
6.386570048698490e+01
9.323118230944088e+01
8.995322873348056e+01
2.213730314846025e+01
9.425589120679344e+01
1.167567847840287e+01
7.264663445420872e+01
4.954318257493115e+01
6.237473164795653e+01
3.526135610195871e+01
9.992243819866444e+01
6.259133380958407e+01
6.784797355898095e+01
1.601935597882576e+01
1.290093577136329e+01
1.731328829997838e+01
6.848546204552308e+01
8.892121021119934e+01
1.702969089012113e+01
8.493152762992844e+01
8.216152516294342e+01
5.176221297670259e+01
7.361450268589635e+01
1.331181652532509e+01
9.649299569264660e+01
8.037382228317384e+00
7.486042299999876e+01
2.617473952759743e+01
1.939677978837713e+01
4.186899244872341e+01
3.696937218167324e+01
1.870665620952223e+01
4.694293762880514e+01
7.870914520635695e+01
2.549367259512361e+00
9.042080374919847e+01
1.986010541201574e+01
7.519600171372109e+01
6.794335230623529e+00
6.136413387086435e+00
6.294868610005298e+00
1.578629888397935e+01
9.499990022508423e+01
4.857029558558497e+01
9.697302062854778e+00
4.159869367331206e+01
3.553616056942202e+01
1.412707763450550e+01
8.654621661945535e+01
5.256585145954315e+01
2.462657914712400e+01
1.731537427628198e+01
5.830910059544682e+00
2.932283949541060e+01
1.782365935753270e+00
8.734537124975834e+01
5.370542544578455e+01
7.939009609603794e+01
7.908177020916798e+01
8.440285436082763e+01
7.087430724449190e+01
5.554489901081887e+01
6.874137025733542e+01
5.734426880131674e+01
1.056171823784789e+01
3.386413577658317e+01
4.111794947698617e+01
6.148791167023029e+01
6.273249721281813e+01
6.636616776993786e+01
4.369416071274046e+01
4.727589574049968e+00
3.039506195597121e+01
3.767459752861159e+01
4.244081515001172e+01
7.386149818723160e+01
3.933452281138604e+01
7.797697571943372e+01
2.210678608254845e+01
9.754362194684502e+01
3.054282713241075e+01
4.040299283359339e+01
4.416971404299592e+01
7.981508051967950e+01
7.427930802771789e+01
9.971252414384509e+01
5.031662865090958e+01
2.919247105214394e+01
9.741272972776216e+01
8.622821238181936e+00
7.634258599781552e+00
6.485472156892285e+00
3.154000501685776e+01
7.966514354556107e+01
2.345230766732819e+01
9.007630985699421e+01
6.063228587649403e+01
2.113024570100487e+01
1.613198938599415e+01
6.774014191131114e+01
6.544263184324029e+01
5.982615014530074e+01
8.412705039797679e+00
2.247324908267392e+01
1.075036987231596e+01
9.764405563363995e+01
9.527967297252252e+01
4.096412669912173e+01
3.448240576986336e+01
4.596225919479609e-02
6.998376565518964e+01
6.502523290227411e+01
8.254693685218083e+01
8.870867541465381e+01
5.909024628768221e+01
5.803398245854024e+01
6.282493633349656e+01
2.447762648783513e+01
3.888795671001447e+01
2.835158199460785e+01
6.212058736110133e+01
1.218806082019026e+01
2.172194841398017e+01
9.366059242452522e+01
7.873157299064640e+01
5.658879310665130e+01
8.584994356420354e+01
7.627131420945344e-01
4.310579921263540e+01
2.476174967585213e+01
8.386055137210550e+01
4.472957567532062e+01
6.793335809741792e+01
5.256292412642526e+00
4.371956081302816e+01
1.627983977844931e+01
2.963917461672759e+01
1.026869537786986e+01
8.065816391290079e+00
7.476840916777422e+00
6.049953375966266e+01
3.232201926052664e+01
4.841755360756887e+01
4.581362616541498e+00
6.769630241566166e+01
3.773285450308251e+01
9.529648963142954e+01
5.518782602399020e+01
6.901163373562117e+01
2.420678703310284e+01
4.261591785709184e+01
8.599767362978201e+01
3.639484789985924e+01
7.575240334298108e+01
3.550558240874931e+01
5.322292621863210e+01
3.315640568414536e+00
2.748080097487234e+01
8.073354246128982e+01
5.734247484120656e+01
8.062740372523078e+01
5.703206493381041e+01
7.535414210304346e+01
2.608749448605231e+01
1.284541870134204e+01
9.983845059752392e+01
8.310425648610305e+01
6.546809727580664e+01
3.263438014901913e+01
3.067496643898775e+01
5.223587376635329e+01
3.501246219268649e+01
6.299698574608051e+01
7.569241229244155e+01
7.783949932914204e+01
6.093697862743259e+01
7.239738836530475e+01
7.571290497468453e+01
3.897462544915016e+01
4.753844987020756e+01
1.330064889662929e+01
3.771684576650934e+01
5.182959048628323e+01
9.466945873325200e+01
9.935951875492907e+01
4.543125580317865e+01
1.498775715706300e+01
3.170071511142921e+01
7.413028356345849e+01
5.867709147682278e+01
5.675248147768550e+01
9.793341648668675e+01
2.327118526365198e+01
2.882151130066324e+01
5.202434633487106e+01
8.013853546238437e+01
3.961042968538144e+01
5.887919811479711e+01
1.942853737595889e+01
8.258745804549542e+01
4.401523016580159e+00
8.118470082114669e+01
5.333695386226147e+01
6.739850876266067e+01
2.592896960020483e+01
1.030882015373037e+01
2.833548739009327e+01
5.812810783187305e+01
6.933819915602831e+01
5.003739523237449e+01
1.179986517494538e+01
7.653988482269453e+00
8.775424099888384e+01
1.020050934059569e+00
6.239882771037465e+01
3.221505462760807e+00
8.283411715311657e+01
4.034237667934148e+01
9.457803037696426e+01
1.736695143271561e+01
2.366027455947374e+01
7.241065053847183e+01
7.114456117672127e+01
5.069078647098075e+00
4.310671037207670e+01
4.691950280541531e+01
2.763444438000882e+01
3.280581600629064e+01
5.798700873646280e+00
7.301589030447224e+01
5.827303950594413e+01
5.569011133894796e+01
5.324970733060022e+01
5.136861822165950e+01
3.212480979604870e+01
8.260710820677090e+00
8.651648554323077e+01
4.873321738500763e+01
5.368265623863910e+01
2.226682171331105e+01
4.467889906125092e+01
5.965921420588122e+01
1.704038014497625e+01
8.050360320159402e+01
4.800117805041427e+01
5.782065827298008e+01
2.861466152994645e+01
4.324074734153261e+01
7.652465569624894e+01
9.173160888800939e-01
7.333516230496353e+01
7.554412380584708e+01
6.229069254467762e+01
8.067030817301493e+01
8.722175661810756e+00
9.320025895405573e+00
3.263118547975606e+01
2.907925319349359e+01
3.137200797506236e+01
7.591715891655402e+01
2.961635251045989e+01
4.115488871054486e+01
7.332025276185956e+01
4.015343978076868e+01
7.077722981142682e+01
8.475145952997332e+01
8.515727128142365e+01
8.295907917570280e+01
2.457734203179243e+01
8.828921056738552e+01
1.528106565367480e+01
9.193887803328171e+01
3.487869428232251e+01
6.748258153325068e+01
5.000508746598152e+01
2.043548325096978e+01
2.530323975966463e+01
8.303086621827951e+01
4.548713413322677e+01
8.347780163561823e+01
9.775537643477105e+01
3.873121982381270e+01
9.658879567710161e+01
7.578236119625269e+01
6.034242061914058e+01
5.310971338912366e+00
5.057203460045719e+01
3.285490140917474e+01
6.263116591732537e+01
5.816752396438621e+01
4.597997471968642e+01
7.469847489832830e+01
7.014314647304972e-01
6.077022005839750e+01
4.518411082457011e+01
2.438755520823763e+00
6.159340104162385e+01
4.902803988616357e+01
7.991160931061563e+01
4.862380919448277e+01
2.169541028407189e+01
4.830797163225150e+01
9.253160357127507e+01
4.831266829199748e+01
2.997973367105226e+01
4.784874406077375e+01
7.203366485053378e+01
8.623207932628323e+01
1.839118186309523e+01
5.504312233768549e+01
4.014624224051192e+01
2.112684725836238e+00
5.031099638450471e+00
9.377173804387997e+00
3.171077744649294e+00
3.397923709544317e+01
4.329327402789763e+00
4.072080745395311e+01
1.641188427638816e+01
1.603159639799576e+01
6.748069360269265e+00
9.922880278864355e+01
8.102089850279545e+01
4.048130616568090e+01
2.760927259345040e+01
4.583062503758381e+01
1.910207351627856e+01
5.503420511029391e+01
9.643994136547667e+01
3.221683187047803e+01
1.130417367038511e+01
1.507053389915756e+01
5.588670948328762e+01
3.835777195094050e+00
3.078883398826646e+01
1.050453717378180e+01
7.415581609781637e+01
9.175926963414963e+01
7.112147974368254e+01
4.487249816063442e+00
9.789033927856494e+01
4.730826553297614e+01
7.681653866396124e+01
1.698357794293369e+01
2.583598309468291e+01
3.285248481335699e+01
4.003975998612110e+01
9.586691395187142e+00
2.332050903854915e+01
7.782265528935132e+01
5.073755288065297e+01
3.922077647374048e+01
1.996853613293196e+01
2.547022505918062e+01
3.610308674913975e+01
4.757705463449334e+01
6.554071743299286e+01
4.727112932469283e+01
5.610834353422203e+01
8.800872563757409e+01
4.157574420868221e+01
7.013748258824343e+01
4.578497556307585e+01
8.923828494233931e+01
4.519754235874747e+01
3.386809352499810e+01
9.788610902516456e+01
1.571197617599367e+01
4.677288837114949e+01
6.143879623219315e+01
3.578086017434525e+01
2.614963251452410e+01
7.564944661019810e+01
8.976189037308185e+01
7.355037288439942e+01
3.363780855836245e+01
4.506904242796313e+01
5.534329905889150e+01
6.173163268795778e+01
2.659589072065237e+01
2.161634672508405e+01
6.707871284665480e+01
6.857083270725367e+01
6.344907645296728e+01
6.719924033023381e+01
3.396365513744003e+00
2.821817865046587e+01
2.181671327995915e+01
9.660120680769961e+01
8.827499471990158e+01
7.467782128354433e+00
3.805372078812388e+01
3.646624201744154e+01
6.345479291093293e+01
2.577932794847494e+01
5.828122098850144e+01
5.907485096672310e+01
9.793047350734960e+01
6.025030941714081e+01
8.453896403524045e+01
3.979590229680571e+01
5.806788725688490e+01
7.893416289190490e+00
2.640578803904624e+01
6.414224373369582e+01
2.671117243669516e+00
4.357633923346938e+01
6.741762541579904e+01
4.903511938128393e+00
8.050468958937780e+01
6.050098690227651e+01
7.674038180929626e+00
4.463442705787459e+01
5.067798520935606e+01
7.438881172537283e+01
6.235165668760969e+01
6.024737961601809e+01
1.668263651276130e+01
9.647042895502896e+01
7.769463475686248e+01
9.987898324610617e+01
4.553628035147501e+01
3.411076573380770e+01
8.802155409381797e+00
1.195831676570620e+01
3.415513026255888e+01
5.543192390139770e+01
2.879535175338171e+00
7.029748473795945e+01
1.824340555735091e+01
3.405697319379867e+00
2.134532552275123e+01
2.444390865249741e+01
1.721907407847190e+01
4.801165636070616e+01
4.195043865682112e+01
6.526142883359522e+01
8.664417727228448e+01
4.012302027089662e+01
4.337115429498775e+01
1.445282218719498e+01
4.659531090715682e+01
6.486546842607925e+01
8.715969281604499e+00
4.147408126922048e+01
5.642551414502110e+01
1.640642439779193e+01
7.487153102404976e+01
7.310815065778240e+01
6.131375723579607e+01
9.817621717144559e+01
8.509390409341729e+01
5.160995891858357e+01
4.716943183316357e+01
5.019447964159514e+01
6.542751857332304e+01
6.644211316781217e+01
1.481879112069439e+01
2.595374771671078e+01
6.553389465694032e+01
2.898548265406186e+01
8.457516901408097e+01
2.130980641642111e+01
5.864491144132098e+01
1.794243092552872e+00
7.202806997673031e+01
3.501824095613241e+01
8.604976985885286e+01
8.976376982860442e+01
8.329230262119896e+01
7.250866683782482e+01
7.181161701297928e+01
5.623029864217634e+01
3.176786472637573e+01
7.366113284307585e+01
6.406562615375296e+01
6.128729905993087e+01
3.002721533646212e+01
2.411293151048614e+01
5.955584741176844e+01
9.853390683351732e+01
2.383806059315710e+01
5.292436762383412e+01
6.159616916514755e+00
8.863608957670446e+01
5.571805720949455e+01
9.089061240241426e+01
2.101824466186494e+01
9.202683204413709e+01
2.195075071507634e+01
1.954596155301945e+01
9.580248482329885e+01
9.547334760216685e+01
2.548413114877610e+01
6.933377732957423e+01
5.232744685016919e+01
9.194606598091595e+01
5.155312342175894e+01
1.291055814964257e+01
4.105736619842116e+01
9.230151264569793e+00
4.970382738379008e+01
1.286898316483432e+01
3.832236874770484e+01
2.666207818624660e+01
2.772616694109801e+01
4.281881407034528e+01
1.677003163693940e+01
2.439242132212614e+01
9.204175411352969e+01
4.454657307106376e+01
2.292632810907733e+01
8.739485688851907e+00
7.580272265514486e+01
7.894785179707587e+01
8.854198092061188e+01
9.803074560967774e+01
9.079236797559651e+01
7.058386880465963e+01
9.005757765381485e+01
5.216654858187146e+00
2.910618713549626e+01
6.858871349533494e+01
1.961441352945493e+01
7.792406327925812e+01
6.485772121923870e+01
5.997111716306355e+01
7.914688800421864e+01
8.923773122450231e+01
6.874679907632377e+01
6.231291767317472e+01
9.935376276232012e+01
8.687010504625276e+01
8.097002808049788e+01
1.377396016091758e+01
6.903475935991609e+01
8.126626581943886e+01
3.917008961512246e+01
4.013514418161248e+01
1.257361556057521e+01
1.115998044198378e+01
5.823516336187495e+00
8.427312387352490e+01
5.935702638670664e+01
7.299959169374760e+01
6.654147508858772e+01
9.975524721655773e+01
4.603494300788033e+01
2.363013030198874e+01
1.807649793013767e+01
9.476156923675983e+01
1.473542145208242e+01
3.375603576831335e+01
9.677744135110520e+01
2.788834172668324e+01
9.234636323170101e+01
5.298644101851919e+01
1.100298194727068e+01
7.473865937196588e+01
9.074838766397367e+01
9.916860759219556e+01
6.040413028579398e+01
8.903626589525317e+00
3.270565240304249e+01
4.137415836629186e+01
3.254801781501063e+00
6.377964739863744e+01
9.544148733627121e+01
5.301818244765428e+01
8.321582068838916e+01
9.162012398784054e+00
1.428825078266126e+01
5.259617513632224e+00
8.365039056336991e+01
7.786821228352758e+01
9.305504234184279e+01
2.309655049959968e+01
2.024166622210372e+01
4.324107204714840e+01
4.778860139091900e+00
6.961717152484562e+01
6.852215024108168e+01
2.516203477287760e+01
8.731716782195362e+01
6.649988101166667e+01
1.914390563924979e+01
6.877240122704413e+01
6.323519156465083e+01
7.901424871711724e+01
3.031674890328047e+01
6.542507012627323e+01
3.718360934275371e+00
9.072087918907444e+01
5.136927815683619e+01
1.422059816039195e+01
1.190589685547440e+01
1.125451708736574e+01
7.224669939477309e+01
8.216539089668792e+01
6.662631089176345e+01
3.532927373206675e+01
6.113590954855825e+00
3.057106189922014e+01
1.800961802620889e+01
1.396953501457793e+01
5.302744528885346e+01
8.894739592864522e+01
6.329887693901494e+01
8.309564622263221e+01
7.865162835393642e+01
5.954268563517494e+01
2.449270758055742e+01
1.132203969700357e+01
1.266334355467155e+01
5.608602494750452e+01
7.154403308944033e+01
3.160554190706720e+01
7.199712100997433e+00
3.456075509756838e+01
3.323963183594850e+01
1.366198505911137e+01
1.365343994165465e+01
4.519354777652470e+01
8.157747382371570e+00
4.923896880319294e+01
2.686603964626139e+01
6.399597649648599e+00
6.227456785844387e+01
3.947556681906598e+01
8.674833680817315e+01
8.912182659335519e+01
2.914879099891931e+00
5.998301876708074e+01
7.725771054497813e-01
8.018918427647519e+01
9.146647923228632e+01
4.420149747477914e+00
5.783724880676588e+01
3.542063517282747e+01
7.641557761301081e+01
8.477795062809156e+01
3.038058305642595e+01
2.161905473173552e+01
6.192351647742257e+01
5.945429124843995e+01
9.859358775363937e+01
8.852026857832459e+01
5.341597621022536e+01
3.452827843582643e+01
7.637279996479526e+00
6.686636776051780e+01
7.622580690133655e+01
7.518109543024613e+01
6.421212827051623e+01
6.199825241323479e+01
9.932893388873381e+01
8.143102870389401e+01
4.343654715616096e+01
2.548728795977649e+01
8.669720664000940e+01
1.209216258120358e+01
1.502298140666586e+01
2.204397694302908e+01
7.207518134828432e+01
8.984729405019772e+01
5.123246552014372e+01
6.595122798623109e+01
8.851789971278883e+01
2.031980162501326e+01
9.072407572098266e+00
1.924998127820435e-01
7.874616355576839e+01
4.456752820153140e+00
3.635276576334274e-01
4.973912548727315e+01
9.576205867145307e+00
5.514501210076036e+01
9.213401958911402e+01
9.124762285093200e+01
8.001832858660181e+01
9.357580141796535e+01
5.811399056488368e+01
7.762999114470091e+01
5.980836533001083e+01
3.107672237375598e+01
7.525349276850628e+01
4.331908656438770e+01
9.224342507880341e+01
7.585274189517496e+01
5.964807544818525e+01
1.763292156049652e+01
8.501264056424269e+01
4.256845407307542e+01
5.758054645619380e+01
8.112318882770985e+01
3.139810442523942e+01
6.483616659642951e+01
4.707441676737481e+01
7.399037972744105e+01
6.515755158157906e+01
6.611915587732528e+01
9.659343357039309e+01
6.664704422775985e+01
9.583703269988160e+01
3.590090881842231e+01
1.638616966846686e+01
9.135132664411856e+01
7.922695301437143e+01
6.341059802258881e+01
6.207468633636585e+01
4.165252896102729e+01
1.505599152997881e+01
9.017245363917782e+01
2.664819426212842e+01
4.819900391073851e+01
1.947320472424533e+01
7.811032406897765e+01
1.268866360778393e+01
2.442025883329113e+01
7.381260491619473e+01
5.692992888248056e+01
5.608189965415834e+01
6.978757282243463e+01
9.054906144298104e+01
2.017078032725061e+01
9.797071702683844e+01
9.907791339749373e+01
8.208415148876801e+01
4.504513379421324e+01
8.933944631802825e-03
9.356507570183140e+00
