6.196032001728207e+00
2.878369387648240e+01
9.573284787858503e+01
7.209492305856892e+01
6.275876260491030e+01
7.876933500113400e+01
5.605951173047512e+01
1.508694515334766e+01
2.311787126731028e+01
3.165197997896559e+01
9.652413190180629e+01
6.985571983729290e+01
1.194446981509424e+01
1.189522329340467e+01
8.706998419345821e+01
2.918148000220837e+01
2.631339441347560e+01
6.754828596839135e+01
7.686008865798829e+01
4.647644229534848e+01
5.456520433284585e+01
3.879954108912476e-01
2.474416299944006e+01
8.844975204600475e+01
4.476726345939900e+01
1.622575410465978e+01
2.099232921423033e+01
5.051169612003103e+01
9.354613399763878e+01
3.479890014734067e+01
2.486757921281623e+01
1.124830362910791e+01
6.611696461500458e+01
9.188226931350411e+01
7.183708905793591e+01
5.471846398651529e+01
8.168472525742125e+01
4.058503948179308e+01
7.676489612868284e+01
4.802596478165405e+00
7.223701950732479e+01
7.328902803048912e+01
4.575252446613858e+01
1.738113882829488e+01
4.022176058041945e+01
9.782590619187145e+01
1.309885848923533e+01
6.653515499389505e+01
8.700302047049767e+01
8.661768766428236e+01
5.512813374173275e+01
3.157863031680632e+01
2.545869011686123e+01
7.213713301910886e+01
3.001797680278214e+01
6.598611183743277e+01
3.619379086242700e+00
5.815073557111935e+01
8.333544721050907e+01
8.190902112140741e+01
9.119058241657474e+01
5.834650255662692e+01
8.165118707420825e+01
5.653222974228311e+01
9.925723182934208e+01
6.595006779113322e+01
7.931319781547096e+01
7.511810510191978e+01
6.585964265552333e+01
8.801558985748123e+01
3.014498810756252e+00
7.877212678025110e+01
5.569731116094502e+01
5.050219821301391e+01
7.617305665098739e+01
5.257084041487931e+01
7.359598817936889e+01
2.074946398881704e+01
6.806153336915260e+01
6.103677286814748e+01
6.932079180577807e+01
6.457018422175673e+01
2.604997624924871e+00
3.072119459077772e+01
9.532680008342807e+01
3.262297442770701e+01
6.500543549889952e+01
8.368968716063057e+01
1.340160980513394e+01
8.004275359215343e+01
6.212135817023058e+01
8.372334576385252e+01
7.056074313379858e+01
4.724989530968009e+01
7.669576996783529e+01
6.399412297829712e+01
7.381713486919977e-01
2.079498549960320e+01
3.911222803365077e+01
8.212304822268106e+01
3.952185899928299e+01
1.903292956716983e+01
3.548083367547059e+01
4.589404195821567e+01
5.445528195912730e+01
3.437200008629448e+01
5.324652448913386e+01
2.783386270880413e+00
4.747736176824074e+00
7.041438853853121e+01
5.716714014167299e+01
7.406852798260213e+01
9.360405560285042e+01
1.128747030686935e+01
9.418418425795817e+01
7.170124006071185e+01
3.189486234071425e+01
9.089149063960252e+01
7.262054275377679e+01
3.468415473340273e+01
7.093424418518983e+01
3.821925098924863e+01
8.285187556541148e+01
3.877051828371851e+01
5.147626462926914e+01
2.433366324954371e+01
4.493184678486168e+01
8.620731764762071e+01
4.512864879571304e+01
4.460133828437018e+01
1.184134921610418e+01
4.969120409790948e+01
9.158587879109470e+01
3.811199452640116e+00
5.051768089203056e+01
1.863353188086000e+00
7.656719711449333e+01
5.287053606140918e+01
8.489191517461646e+01
9.969721720539835e+01
4.203629858886651e+01
9.357438785656093e+01
9.773718928812872e+01
1.688898010965855e+01
1.851418140275133e+01
5.734439108397085e+01
5.819835702804772e+00
4.877230285144052e+01
4.823588172357338e+01
4.818515533031204e+01
9.570551588931377e+01
9.305174112927716e+01
1.665962939926406e+01
3.186177598864854e+01
6.572180663501928e+00
2.128775651626650e+00
8.697464535337623e+01
5.150402744836361e+01
5.614692454978215e+01
1.324087987339165e+00
1.075556166970896e+01
6.798827376588633e+01
2.038758314232695e+01
7.763853477204150e+01
5.449441371229216e+01
7.090526403435750e+01
7.950188796012750e+01
3.704485569011646e+01
9.000792172272128e+01
9.652796001011876e+01
3.674207289551481e+01
4.706072460257482e+01
9.923224234917771e+01
9.990227976809362e+01
7.486584832652744e+01
9.496420593697773e+01
5.832855815921377e+01
9.631726885974280e+01
6.815546744882849e+01
5.482552482505587e+00
5.014811421285761e+01
6.386098329157615e+01
2.465267839126879e+01
6.089788491879491e+00
3.554489115976956e+01
7.245994590803046e+01
6.699832396907654e+01
9.174033044452794e+01
6.258800186337344e+01
6.965465199651879e+01
9.306441843186711e+01
4.221961411750858e+01
4.304006539426747e+01
8.066792063446154e+01
7.045700003879936e+01
7.567149213313660e+01
4.890003499989399e+01
2.309304877328363e+01
1.811235133470611e+01
7.534898471801959e+01
9.851586436783703e+01
4.626546355256134e+01
8.867723922649270e+01
9.774810667044861e+01
1.412391504930515e+01
4.536729866888714e+00
2.984796465833111e+01
7.245247320851892e+01
5.565131109005367e+01
7.358447344674937e+01
1.987720561208073e+00
4.338873272919503e+00
7.774397268786281e-01
3.354964495336154e+01
6.920842154380327e+01
2.983436413567251e+01
1.886743647924971e+01
9.119835672490223e+01
1.941832253682349e+01
7.367687587331835e+01
2.968306659240418e+01
7.969866002895807e+01
6.649534114007622e+01
3.542039079378377e+00
6.036658061685347e+01
2.087715283077078e+01
7.602057404630844e+01
1.193976523910638e+01
8.691122917780244e+01
8.554396470335497e+01
3.650539863691917e+01
2.101874454925710e+01
8.086892616975537e+01
2.518263781684574e+01
9.710305519267128e+01
9.499284121906052e+01
9.605787331054819e+01
5.572870292501929e+01
8.139158556302618e+01
5.218682771184800e+01
1.771384832342800e+01
9.028855212511893e+01
1.310281931101476e+01
1.312932978064256e+00
8.287982241384677e+01
2.573412252857076e+01
3.114729711373677e+01
8.551225410099713e+01
4.286824038385797e+01
6.944582586616549e+01
8.947513293916133e+01
3.869051208658633e+01
6.573365901863838e+01
8.092467830559457e+01
5.702406980890039e+01
9.063086029637179e+01
9.292281521154699e+01
3.304464380864270e+01
8.679244070630169e+01
4.577203269385362e+01
2.020750102596707e+01
8.985937549260416e+01
9.445372926744341e+01
5.039803672134785e+01
9.955783477032456e+01
1.941555832485462e+00
2.837520820478685e+01
7.766962343718373e+01
8.422097413997211e+01
6.351458274923013e+01
7.316514829786735e+01
5.172010443719108e+01
5.534579979970390e-02
1.348687466862000e+01
1.048935652267624e+01
3.765700074734958e+01
2.306786990867363e+01
5.150352751440533e+01
5.345525781319256e+01
6.593611029253161e+01
2.069147164965583e+00
4.293039070578776e+01
9.557688613216248e-02
3.233342679791777e+01
9.890086478502531e+01
6.318919540531430e+01
1.644515074623988e+01
8.417960958749970e+01
3.555397155487629e+01
2.553491258320162e+01
2.995164223478718e+01
5.414258006687396e+01
1.920138421431248e+01
6.674108401254801e+01
4.154208583829091e+00
1.495212279956421e+01
5.829786837953043e+01
8.943201675518976e+01
1.536781406745678e+01
8.458325037946144e+00
5.294659950441988e+01
6.024347905080928e+01
5.452266091225793e+01
8.589421719587139e+01
5.937402279087064e+00
1.894464544902772e+01
7.700620055059260e+01
5.026317110763079e+00
6.770872788862732e+01
6.635064164472308e+01
4.532972599627903e+01
6.977787505359289e+01
1.993686646220128e+01
3.024944771558486e+01
4.631724681068084e+01
5.018152033452947e+01
3.275877546181845e+01
2.507558889923412e+01
1.066141110410048e+01
8.911461270838726e+01
2.413052056177078e+01
8.231913539688995e+01
2.245532703700258e+01
2.973121704055519e+01
5.482964853515367e+01
7.245910175724845e+01
8.095691235780572e+01
7.551054850942947e+01
6.189111846587208e+01
9.152474319167656e+01
5.231622106037857e+01
5.077280683944598e+01
4.989510972513590e+01
9.791847201898622e+01
7.319351195972111e-01
5.895872798699826e+01
7.968218949608607e+01
9.530208543655559e-01
9.890871173651364e+00
5.643740513196094e+01
6.730366254565476e+01
9.011886538477562e+01
1.856994303808079e+00
2.122649523486686e+01
7.794234197490958e+01
3.968296155318755e+00
4.006422643552731e+01
5.312708856217894e+01
4.056064087923646e+01
1.965005459247625e+01
2.143983553230755e+01
8.763703558949616e+01
2.485664460102871e+01
6.018184165478770e+01
1.736825263005134e+01
4.206932473092774e+01
3.264094336547002e+01
4.661981456289990e+01
9.570986479321023e+01
4.882913299316034e+01
1.814083155158015e+01
5.489618147485712e+01
3.339726251242555e+01
6.803594132328217e+01
7.052754800325611e+01
7.872961441927106e+01
8.062965435936566e+01
5.020973745277605e+01
3.438486793748330e+01
8.598432991932347e+01
6.647142538170862e+00
3.567449675671500e+01
7.838937811478478e+01
1.636779034341117e+01
9.395750416161376e+01
5.633172004312823e+01
2.033608649872992e+01
9.015831131961119e+01
4.959859692007238e+01
4.937997159984893e+01
3.185182722837284e+01
1.778332605854763e+01
9.805137468411186e+01
8.940000440431758e+01
1.493359497512392e+01
6.172727549529042e+01
8.229999373774044e+01
8.582470132309231e+01
6.290791875818181e+01
7.800985853095067e+01
1.544162291821168e+01
5.327863239370223e+01
4.066237078079133e+01
5.002483890858704e+01
8.748639555996581e+01
9.347702422806854e+01
7.574457203771200e+01
4.625496754714054e+01
1.943825870726177e+01
2.463530284568449e-01
5.410037979208882e+01
3.394905470029872e+01
5.533594319379700e+01
8.323326869086981e+01
5.031684504370989e+01
1.896464448373981e+01
3.956498868743190e+01
2.255780446462231e+01
3.945175858188968e+01
3.712466481939175e+01
2.003290314228875e+01
3.995118338612429e+00
6.521144088600363e+01
4.906726132569241e+01
8.726517767052407e+01
6.224570770852533e+01
8.689018934354661e+01
5.587522804545016e+01
4.807040898505151e+01
7.030474151033198e+01
7.391365425377788e+01
6.469798538121300e+01
8.477739146201750e+01
9.285895088355008e+01
1.188971838536193e+01
3.200726808607916e+01
7.740476731090097e+01
4.955576297340718e+01
1.233179122783793e-01
4.930379155525183e+01
6.292520438457150e+01
5.422369770436720e+01
9.326094952098138e+01
7.993244001638725e+01
8.442727275398897e+01
3.356969129926045e+01
9.889708450012704e+01
1.110235611493809e+01
4.222622841700270e+00
7.006353422536679e+00
8.737603644252570e+01
2.425552598398902e+01
1.100147180771524e+01
4.433905358628326e+01
5.918055798820247e+01
4.396594550645256e+00
9.693385683788632e+01
1.550822929270017e+01
9.420835212534683e+01
5.477438352758735e+01
2.215400120343734e+01
3.174700636032364e+00
9.702251157584717e+00
6.667487372955068e+01
1.815355751577465e+01
2.442507544738477e+01
9.868214181562985e+01
2.260503877075624e+01
4.518952260035534e+01
6.960278706140946e+01
7.520297587625821e+01
3.082755730991604e+01
5.302915743227543e+01
4.787527539202723e+01
4.908870488828453e+01
7.708957003294005e+01
9.202551343106921e+01
1.664329972893153e+01
3.804365766143597e+01
9.624813627276949e+01
1.076596836129481e+01
3.593482274372820e+01
2.301088195434347e+01
3.465112495918345e+01
7.062297187308918e+01
6.679200244452432e+00
3.904771950982870e+01
6.755682871097551e+01
9.091003248044757e+01
6.830876593864930e+01
1.256109448734722e+01
4.861880286998060e+01
8.100018104584896e+01
2.226334564493194e+01
7.973890741343558e+01
2.620045250570422e+01
8.396760108134131e+01
3.287353624257889e+01
9.341630241527051e+01
2.915712368169666e+01
7.722650891040756e+01
3.419817147506316e+00
4.541833137414341e+01
1.195808966269628e+01
5.129509253953355e+01
7.429072138587513e+01
6.771209652894740e+01
6.099061014921599e+01
1.115033594479334e+01
1.627088278358378e+01
1.534874998747779e+01
6.575915653526744e+01
6.321372746639593e+01
3.585241219767016e+01
6.945111410201113e+01
6.262633095617701e+01
2.967886176411009e+01
4.536922906775457e+01
9.038550611137669e+01
8.665287745494994e+01
7.680759955048914e+01
8.615191354702782e+01
4.295493282515320e+01
4.829106612517082e+01
2.520994619708972e+01
5.059774306164949e+01
6.137975708645757e+01
5.845335598963003e+01
2.208796647474541e+01
9.224486541573185e+00
3.358740128278146e+01
6.903939334165277e+01
7.784376483310189e+01
2.607274033411999e+01
1.350383372674874e+01
6.490015800339177e+01
3.634617199951139e-01
6.700715616671702e+01
6.420197718041109e+01
5.535664989396773e+01
3.888981562987427e+01
3.936822891205932e+01
2.111580642923517e+01
3.877992273251522e+01
8.651729923976460e+01
4.181594817983729e+01
3.805952497667611e+01
4.899502873839579e+00
8.061977712466371e+01
4.869792794282451e+01
8.692256290787951e+01
2.712238129560015e+01
2.969097394016151e+01
8.497007660799197e-01
7.541344742077098e+01
7.685447469207200e+01
5.144744382772941e+01
9.122163159363980e+01
4.875284198147843e+01
6.434604463369867e+01
5.900744835799907e+01
5.024056450940695e+01
3.671638720515947e+01
7.828988296831487e+01
3.105143892162080e+01
5.022022093190822e+01
8.320874817818810e+01
9.293221002115504e+01
9.968765373327194e+01
7.228227056203516e+00
5.916152482813295e+01
8.296569263700661e+01
5.097205869433100e+01
8.027733125736812e+01
2.904349031347944e+01
2.822621582459017e+01
7.100000841123983e+01
9.377336441249278e+01
5.632969753645812e+01
1.052728710254994e+01
3.731242480562647e+01
9.324240474647023e+01
2.274675528646761e+01
4.863182420312977e+01
9.409210551255015e+01
6.277752419131693e+01
5.395879002937991e+01
8.387948222639014e+01
8.938183430087838e+01
2.711631964292206e+00
2.448642618231775e+01
8.982795243609135e+01
3.795361534597055e+01
7.798722082655281e+01
6.811783540440622e+01
5.103071408859953e+00
1.429146226229680e+01
9.279967797584817e+01
9.866703650852061e+01
5.214865359112092e+01
3.831979261632999e+01
1.748651057364722e+01
6.922893294563002e+01
8.002870924772168e+01
1.620517820874470e+01
2.889352255914990e+01
2.696836368505301e+01
4.611268823319705e+01
9.204578762503610e+01
5.368496368345104e+01
5.663997533574700e+01
3.889590727113928e+01
5.889960753680189e+00
9.272804730233179e+01
8.752773147426906e+01
1.723628277761689e+01
6.171252572057421e+01
6.754173881725490e+01
6.929616596051314e+01
2.518469590003821e+01
5.139062877343531e+01
2.322324222103844e+01
7.434020148326653e+01
8.540272833099716e+01
3.095225651327160e+01
9.843481513598692e+01
9.444731552826582e+01
8.502615666250985e+01
9.378462037713481e+01
8.539370125410786e+00
6.829765274575801e+01
5.233943092280041e+01
8.963284240552822e+01
8.305936915942439e+00
5.749069752986110e+01
5.619968895623446e+01
3.719945947509234e+01
7.325943502283629e+01
3.479877171795759e+01
6.371799365790467e+01
3.814402489836515e+01
9.054431342079505e+01
8.133388510035996e+01
9.503821613967336e+00
8.327236067656072e+01
5.356462008951447e+01
6.811255499167021e+01
5.631249680012115e+00
2.530436428510787e+01
3.801194058638622e+01
2.399838241934701e+01
7.612371746270159e+01
1.172732515806673e+01
7.114915515815335e+01
6.546796153554132e+01
7.449866881337887e+01
4.964308303298572e+00
3.106544079774313e+01
2.957301276250417e+01
9.621796291145401e+01
1.690535285366017e+01
9.669963568295336e+01
1.215779083415763e+00
7.593982744772910e+01
3.313778621756368e+00
6.622028908050632e+01
8.024129913199754e+01
7.487566767953135e+01
7.921243118085546e+01
6.693828812192115e+01
9.904105653941680e+01
2.419962492967007e+01
7.596051654590318e+01
4.930745114074435e+00
3.370344654363740e+01
8.195295705550953e+01
9.808685495429060e+00
1.816001535307617e+00
4.805087016338989e+01
3.091504440219842e+01
9.634146480650709e+01
7.204925262930303e+01
9.683844433018865e+01
9.704401884090342e+01
3.422780150278835e+01
6.123439309244715e+01
4.405958780276570e+01
3.111956474889049e+01
6.960037582069653e+01
3.018137725544226e+01
7.974185556161304e+01
4.509384694746409e+01
2.805204276370446e+01
7.589492144803280e+01
5.119113933816139e+01
8.913158606231752e+01
8.194301271901607e+01
8.333065574212496e+01
6.400725369528274e+01
7.245016520491343e+01
5.026894381747997e+01
2.600914939586499e+00
1.101342542609825e+00
4.005575554447982e+01
2.252846133081637e+01
6.281309475321932e+01
8.929293918856091e+01
1.851009955560327e+01
2.091369131622542e+01
3.734380935195080e+01
3.922482642309033e+01
4.083401758262609e+00
9.393061934687692e+00
8.402776042187017e+01
1.215219172283643e+01
8.865536837310314e+01
7.277744392528079e+01
6.290056340531473e+01
7.013945140416709e+01
1.486252924188158e+01
1.572235534699743e+00
4.988130691921399e+01
9.584267134584611e+01
1.118592965006173e+01
2.300738213723869e+01
9.769182717320129e+01
7.652162903757842e+01
6.696859568681968e+01
4.540447483090892e+01
9.280777447522048e+00
6.954083906930910e+01
8.063341015048017e+01
4.296738791417675e+01
7.850190260377801e+01
6.862870467297206e+00
6.565825900326402e+01
5.228840818269570e+01
1.504528779305764e+01
8.416835855886730e+01
5.109119687745869e+01
6.303517383664621e+00
9.162658853066461e+01
6.411374689271382e+01
4.653874866037571e+01
5.945645568867049e+01
7.626593861555025e+01
5.492803186873348e+01
5.782613226111333e+01
6.309948058943240e+01
7.470296494416098e+01
4.102436101111787e+01
9.482186492291366e+01
2.181542563336688e+01
7.426016306237325e+01
8.777443058219478e+01
4.482280777060558e+01
2.129397365324850e+01
4.650409475271781e+00
4.977320262686033e+01
5.165844003281484e+01
7.080732596610083e+01
2.717376264146239e+01
8.479432421028351e+01
8.768568895183768e+01
5.675665198674269e+00
5.863682178716959e+01
5.396734879071236e+01
3.706255710546978e+01
5.420000844364986e+01
8.434770260208644e+01
2.774277028056922e+01
6.050352582731448e+01
6.152889228497115e+01
3.413409345510141e+01
2.677618932294482e+01
1.005235179795528e+01
5.837410402408526e+01
4.079370607658927e+01
7.881148023475497e+01
9.754060599838412e+01
5.640718613583930e+01
5.722897190471598e+01
3.827934350738271e+01
3.657654581432070e+01
1.787664513936110e+01
6.640812399164221e+01
2.304541953981175e+01
5.749439716222435e+01
7.105853346691399e+01
7.281862216667207e+01
4.441548606586433e+00
1.623782558191466e+01
9.727454786061986e+01
6.104862008292630e+01
4.546915415929125e+00
5.668049960242608e+00
1.968544182352975e+01
7.463444353762755e+01
2.614892931941381e+01
3.008812779099128e+01
9.664997155622113e+01
2.937591040012236e+01
1.327468781418851e+00
3.477961906920169e+01
8.802579310165056e+01
1.736784294125058e+01
9.812359707342628e+01
2.210881124348790e+01
9.907206413292889e+01
5.797569190989048e+01
1.964941724187202e+01
7.596959763950184e+01
1.520466381460645e+01
8.483229921424403e+01
3.370186199140822e+01
4.669379873512955e+01
9.021949837460159e+01
9.150199805921969e+01
9.947690735546728e+01
9.539541816124479e+01
2.956590365132592e+01
3.918455915487583e+00
7.182351740627713e+01
4.189112123190012e+01
4.065185470536903e+01
1.618015911252245e+01
3.522633837313686e+01
1.653997405271044e+01
7.469442336573006e+01
9.885846176131557e+01
2.963302216009843e+01
8.744484050546067e+00
2.051544311480384e+01
3.721975541544136e+01
4.352410311974776e+01
5.945489916925081e+01
3.379372089812239e+00
8.734181671745228e+01
4.035025399194577e+01
5.670955267581602e+00
7.953588514567161e+01
8.597793937007800e+01
6.754104032532361e+01
8.186782606964364e+01
4.390670007276661e+01
4.284077465666494e+01
5.965934677964977e+01
6.824358476709740e+01
5.748966921003985e+01
8.953205514211770e+01
2.659508875878299e+01
2.915395979264470e+01
3.195698802916193e+01
9.841860621162625e+01
5.871224820553896e+01
6.223815584659490e+01
9.145240573745798e+01
9.393858662524195e+01
8.914881678724140e+01
6.614682905662191e+01
7.774889915145417e+01
3.577691858437700e+01
3.749122388544084e+01
9.826434226625801e+01
3.091825536960654e+01
7.830927040349192e+01
1.750176279689267e+01
2.758427235651029e+01
1.228948007910022e+01
8.383028492509867e+01
8.124393484613111e+01
9.182536522477184e+01
1.334886388543475e+01
9.038284755795395e+01
2.423294108558117e+01
1.371492432137715e+01
3.322362216805276e+01
4.537083881225941e+01
8.195850913504069e+01
3.281167835593767e+01
9.907106556886392e+01
4.559751197025064e+01
7.007618056148112e+01
1.279008598662451e+01
3.125230974110417e+01
6.291290417449218e+01
8.539892872115547e+01
1.232216428607803e+01
1.461647293279714e+01
4.066635553756093e+01
4.765030785819996e+01
7.413521226222404e+00
1.032466404620775e+01
8.243547514194411e+01
2.553551188927866e+01
9.557264209518797e+01
1.348810969548678e+01
9.819733598185579e+01
1.090561044910253e+01
2.577758977458700e+01
6.533268176267514e+01
3.488758147456105e+01
1.041767560430694e+00
1.912211674224684e+00
8.253239280662144e+01
6.192787632435927e+01
6.555076947694215e+01
5.387410114234039e+01
5.590861991788662e+01
6.803538932839194e+00
4.856769333061189e+01
9.006372238046662e+00
5.270716564390211e+01
3.465804855090475e+01
7.169245843388721e+01
3.680289449952678e+01
9.757095272539694e+01
7.981941666445668e+01
2.629871337036542e+01
4.582769071954660e+01
6.377724551771639e+01
6.253246812267810e+01
6.882339449078934e+01
7.596183888426135e+01
8.849830217123883e+01
7.551644978836013e+01
7.153448097944934e+01
4.172363902522421e+01
3.213412111258791e+01
3.619074520477594e+01
6.750122884637733e+01
1.416174197297624e+01
2.834029045344344e+01
6.342104378315668e+01
6.599758712854124e+01
8.301404411113543e+01
1.100295028230313e+01
3.154835655891726e+01
2.662869823473911e+01
6.691157020018976e+01
7.905763517090010e+01
4.579000507751014e+01
2.566739936623136e+01
7.216442570656744e+01
8.915288210341376e+01
8.303525293387251e+01
8.614097479085483e+01
3.638274643401743e+01
5.445124495516124e+01
1.243968816122026e+01
6.276863150427520e+01
8.609037757203465e+01
1.720739487428563e+01
5.507704231658813e+01
2.805417418854971e+01
3.793531881549178e+01
8.825558600400369e+01
5.333930894422313e+01
4.163794244715848e+01
8.379271257845346e+01
7.656713345859532e+01
4.017218623318346e+00
9.624249171290663e+01
1.787034460244251e+01
6.743826245304116e+01
6.224007879488174e+01
3.602335724794462e+01
5.613401488220971e+01
5.772156191883682e+01
5.537172609724651e+01
2.289904180117838e+01
7.284607047813296e+01
3.056811761603138e+01
6.430819568424867e+01
4.501049613813427e+01
1.673571007174240e+01
4.592629896752830e+01
3.140697154747647e+01
6.257533704050600e+00
3.484537095522759e+01
4.359115909020936e+01
9.251118152984938e+01
8.646792144815805e+01
5.633037255906051e+01
8.598074507246760e+01
1.452209563670777e+01
9.873387277998677e+01
7.818171585825353e+01
8.302561071842240e+01
1.222040854032170e+01
3.818017423068181e+01
5.739145872992997e+01
4.244566375503580e+01
6.901783080260169e+01
2.251274051261728e+01
1.182729625693862e+01
2.527205041855203e+00
8.445075465573498e+01
2.977331193619096e+01
9.631564044222033e+01
5.937655724556025e+01
9.086035294032672e+01
5.517345147913948e+01
8.994467486159162e+01
7.966327037646587e+01
1.417220701192143e+01
6.242515382469872e+00
8.535309307526475e+01
3.865660817299811e+01
3.948129678120897e+01
8.573063695138816e+01
8.891483703111990e+01
3.548870963765714e+01
4.685155304467844e+00
1.915525431705418e+01
4.750596594414952e+01
8.672065403625399e+01
4.844726368246938e+01
9.451800202695560e+01
6.407316120531091e+01
4.001906497404867e+01
4.155387787220715e+01
1.197351725398261e+01
8.044489551356290e+01
1.716006967106837e+00
8.723532058635509e+01
4.503540892388458e+01
9.632881688714437e+01
2.955798568649124e+01
1.299672001646679e+01
1.352122133296040e+01
5.061670893366296e+01
5.149946271046040e+00
6.180616815658574e+01
3.277580604552096e+01
5.332962523835229e+01
1.214864058985777e+01
4.680389917772445e+01
2.863696004666246e+01
5.080524876285589e+01
8.628519595893341e+01
7.713312798977509e+01
8.838474777917598e+01
2.682090239916970e+01
8.656615535103072e+01
5.652953742841703e+01
3.310368081233636e+01
5.256839261975530e+01
8.377544632357333e+00
3.767519054826125e+01
1.664155377850009e+01
9.719662349540583e+01
5.818239294839203e+01
3.984238516531996e+01
3.040473616235179e+01
2.606581967606480e+01
2.707770575167505e+01
5.433347139243664e+01
5.680938291214843e+01
1.831785743977775e+01
8.843686514926928e+01
1.503909379944163e+01
8.099132915073602e+01
8.631110651712450e+01
8.394760181379858e+01
9.495950122129148e+00
8.639627806208856e+01
9.609624240365636e+01
8.186546283860945e+01
8.230070233452167e+01
7.412569014081997e+01
4.258504521222089e+01
4.913638911635447e+01
8.434258018822530e+01
1.291445731786753e+01
6.514851738007205e+01
4.427286113811324e+01
4.601813817677002e+01
3.740025066649552e+01
6.198564644995408e+01
6.264665325295490e+01
8.986717769404277e+01
1.792021860271702e+01
2.082904615478080e+01
6.599997690226883e+01
8.025176538166207e+01
7.071857213541799e+01
3.322428550255685e+01
7.704584425177697e+01
8.933748690846259e+01
7.217523901358956e+01
4.412877557060158e+01
8.152302451502672e+00
5.316656811775945e+01
3.642271358353212e+01
8.499756440753004e+01
2.997265948447057e+01
1.564243408648410e+01
3.782120143893231e+01
5.552556354344150e+01
1.112866970297353e+01
3.573155740077214e+01
2.885755399654505e+01
9.104722076610066e+01
9.628947172141143e+01
9.321650480535651e+01
6.773675674001535e+01
1.677715415916273e+01
2.685532701520963e+01
4.096238060899190e+01
9.321273858342913e+01
3.924387159722107e+01
3.082955825646853e+01
4.305976775617328e+01
8.703313813872316e+01
3.730402655773984e+00
3.189710324252821e+01
5.461519619199223e+01
2.405654970745395e+01
1.580417650556386e+01
4.772840484405328e+01
7.559869269635468e+01
5.463062788109790e-01
4.947114593790432e+01
8.799836234562022e+01
5.955493271330135e+01
4.087827165651986e+01
2.604806149660054e+01
3.155545132772785e+01
7.869947309545216e+01
1.232057028092470e+01
6.777073506627733e+01
9.064636462863831e+01
4.117812432403588e+01
3.530034159091317e+01
8.693583630348361e+01
5.234212747418421e+01
6.956888119204383e+01
2.749816906987605e+01
5.208319409381746e+01
4.399947893992042e+01
5.217372996368154e+01
4.938276486908215e-01
9.258024315004249e+01
6.377067540947845e+01
8.439045175183119e+01
5.641398232263233e+01
6.950247933599282e+01
3.900564794382343e+01
9.868755545406023e+01
7.844542678373188e+01
1.840659390129456e+01
9.189273868309927e+01
7.707897009191986e+01
4.261476008343266e+01
9.584208489202060e-01
9.538960791909584e+01
2.253599139979854e+01
7.819268818860533e+01
8.032825527727988e+01
6.219250483540469e+01
9.051325851609616e+01
4.809899029699108e+01
5.283886941747687e+01
4.059165135984852e+01
3.066737103772693e+01
2.830460790000139e+01
5.639797661285753e+01
9.318191497269176e+01
6.727287479083654e+01
4.883334499263826e+01
7.407794863641166e+01
9.388138754008402e+01
2.130996725582982e+01
3.965966675414688e+01
5.175445780705402e+01
1.222024732838396e+01
5.903723987705877e+01
3.883666630780169e+01
7.315354606749189e+01
7.654418106029937e+01
7.943466966014108e+01
3.795994801351798e+01
3.261340569360806e+01
7.867224019890290e+01
7.021096943421800e+01
8.475803238561286e+01
7.406184807143261e+01
2.032581582680615e+01
7.168562490105892e+01
5.021975093997072e+01
3.805987166150467e+00
5.346397899718210e+01
7.134023898809228e+01
7.909911404321861e+01
8.515536179074802e+01
4.594551564471121e+01
1.887381971761297e+01
8.756874915564840e+01
9.518952499851096e+01
9.418252096240526e+01
9.604991986232341e+01
2.704529754214235e+01
7.055953939937034e+00
1.735988707158709e+01
8.927140295937257e+00
3.854271752691954e+01
5.084402717223578e+01
7.346120498769973e+01
6.472160102088080e+01
5.034464246143803e+01
8.154497038644971e+01
6.964391938859779e+01
7.813227692531993e+00
2.050747592957107e+01
7.548026976896463e+01
8.838793583604877e+01
9.891640841910449e+01
4.644954602534396e+01
4.849213368654816e+01
6.186712894675653e+01
3.392787614554534e+01
8.845001165217255e+01
1.533110789737250e+01
1.278590039014160e+00
5.781503424878001e+01
4.666554883432833e+01
3.286200064833369e+00
2.024192438472152e+01
1.611528076050583e+01
2.535549538459419e+01
1.442444534712678e+01
3.030518485713060e+01
1.846818952749864e+00
3.696602542743367e+01
3.671232198211938e+01
1.627078406339082e+01
6.285096014051277e+01
5.533970643549213e+01
8.973198909765668e+01
3.451130638574777e+01
8.121606003549698e+01
6.321609866023813e+01
7.284488136546913e+01
3.300621380703813e+01
7.737447474029590e+01
6.144621877998403e-01
2.139414959652077e+01
3.296483807869481e+01
4.706400825970993e+01
7.384982522290657e+01
3.815801201302465e+01
9.763604286016712e+01
5.256574542846798e+01
4.843309849893353e+01
8.032149108141731e+01
9.546287143391690e+01
5.397558964508380e+01
4.062734532199211e+01
5.103592441931178e+01
5.703432907212261e+00
1.542886668603349e+01
1.978354389769190e+01
2.676817696856715e+01
6.841975667905983e+01
8.687120759248324e+01
7.261267959727564e+00
4.509009558013179e+01
9.933408214679645e+00
2.806064613538825e+01
2.676122385392022e+01
7.729472880125732e+01
5.325363224989438e+01
6.404841899129022e+01
7.451120925811642e+01
8.625984610349863e+01
6.735179725445425e+01
3.551179861440873e+01
8.374239852826223e+01
4.364268032072236e+01
3.209490330521712e+00
8.150382092292598e+01
8.940969509510775e+01
1.134340847439291e+01
6.288145378366180e+01
3.528981229071031e+01
9.976016613643624e+01
6.596254425400987e+01
1.582250395595213e+01
1.960999053884763e+00
5.078162795434782e+01
9.496883484300638e+01
2.637557081243748e+00
3.678201257101354e+01
2.189154933294819e+01
3.662950938410569e+01
7.983070271081789e+01
2.915281729267576e+01
1.614740934043536e+01
4.230253805513612e+01
3.175903848919972e+01
9.345443793267684e+01
9.531326577780455e+01
8.501267073909410e+01
5.750285687740094e+01
9.845608710239459e+01
2.306762003482674e+01
2.377529164020684e-01
5.336273557197431e+00
6.810018516522841e+00
3.930008478430103e+01
8.545763934285270e+00
6.043033337240588e+01
2.568112561743759e+01
9.391297124974102e+00
9.449989967723373e+01
6.655257342688394e+01
9.104113098748081e+01
3.895024565930955e+01
9.949401435418707e+01
1.111246226872898e+01
7.047022528502634e+01
4.520517459381612e+01
1.375001939653885e+01
5.189538707579271e+01
7.618262720116536e+01
8.480733315684242e+01
2.019175636591006e+01
7.988101955497685e+01
9.547424507116631e-01
8.841839329731576e+01
1.164005799761045e+01
4.386337569163338e+01
3.352355912026184e+01
7.678193928524010e+00
7.208269488629078e+01
1.546716094737275e+01
3.074581396335076e+01
7.698708436311551e+01
8.684307666814098e+00
4.697132662263294e+01
6.389540921146768e+01
7.087694917380668e+01
7.282091308050830e+00
4.654864321767755e+01
6.869619021597141e+01
8.746760212232712e+01
7.519581079259321e+00
8.687719264387954e+01
4.073223659802798e+01
5.775592087663520e+01
1.933816085538741e+01
5.680260171964886e+01
5.073625969269139e+01
6.063531365275164e+01
6.309784895884705e+01
3.439620958380225e+01
8.430414832397557e+01
8.328960532475710e+01
5.902474218002741e+01
4.639738926030574e+01
2.149989866721439e+01
7.428913864972495e+01
9.026076495193912e+01
6.442425170188037e+01
8.196733257824896e+01
6.701009630552032e+01
6.792960230630338e+01
2.309917333680167e+00
5.722435566467436e+00
7.613370147353676e+01
4.928124400287924e+01
6.961784482450125e+01
7.521256272458126e+01
8.937662364420324e+01
1.141334139342110e+01
7.898126145777351e+01
9.115861462948779e+01
3.625096387055282e+01
4.668007192512977e+01
2.743537874307268e+01
7.668884334931562e+01
9.356536618134257e+01
3.543693122241503e+01
6.405531673881008e+01
6.766283803976273e+01
7.218827962511605e+01
1.716886279972683e+01
2.270808835639995e+01
8.948076734760811e+01
1.781840357827880e+01
4.889608283941452e+01
7.464123711671738e+01
1.985320123837013e+00
3.630148066966863e+01
8.937139575806046e+01
1.916974225042841e+00
9.051438280870876e+01
2.437561569939163e+01
9.104350697763427e+01
9.623681842174233e+01
9.143141535643089e+01
7.313803926722056e+01
1.217345581956834e+01
7.571728656800337e+01
6.251466291142379e+01
3.860931305150004e+01
1.068220530202715e+01
8.478821808695245e+01
4.251971973223599e+01
3.330459838421298e+01
8.556412867529511e+01
5.078956766556463e+01
4.804030514696628e+01
2.865744173929907e+01
1.876600734832045e+01
1.327165547445028e+01
3.484860371558396e+01
1.721753362436664e+01
4.850792840519357e+00
4.733874287798011e+01
2.542795987121200e+01
5.374687572650000e+01
2.197997994813136e+01
8.282767836136171e+01
6.305616729103781e+01
1.314160787181072e+00
9.032893850949077e+01
6.636774426622677e+01
8.656500428289408e+01
1.079801004882809e+01
4.958860932364529e+01
1.712119184300359e+01
8.393604931604864e+01
2.584995763648765e+01
8.243173364663112e-02
7.280159372501149e+01
4.943675489604323e+01
8.157287043592561e+01
5.758981176539781e+01
2.079741383008539e+01
1.276760325430315e+01
8.568811835054686e+01
1.116503761669856e+01
3.963756777329257e+01
1.434556004327981e+01
1.002353947145098e+01
2.070821207981007e+01
8.916618958542412e+01
8.087799273472186e+01
8.976645720646086e+01
7.352353482205586e+01
4.375602940272355e+01
4.351333288639474e+01
8.833571806938188e+00
