2.736022264108072e+01
7.352192037437200e+01
1.600023080408584e+00
6.065643781826665e+01
2.067637635426427e+01
7.461609839211036e+01
4.151526374812949e+01
9.111322969715727e+01
6.982651304911194e+01
4.607226892657218e+01
4.011307379236123e+01
6.985571983729290e+01
6.506457173501354e+01
9.704421274226355e+01
7.510836090664769e+01
8.403186224588746e+00
5.547358684962317e+01
9.148067002719299e+01
2.200025265198213e+01
5.623730940569067e+01
6.070345782707606e+01
7.411769464338090e+01
6.072679909911324e+01
1.101104910998188e+01
3.252694789903562e+01
4.659563854643871e+01
7.248983372584443e+01
3.062647359009202e+01
9.354613399763878e+01
2.038585614430991e+01
7.145318308447170e+01
8.874244461243154e+01
4.430485844812583e+00
1.421941724336679e+01
5.488142154872484e+01
8.736303112812482e+01
2.484647344092209e+01
8.861344716912761e+01
5.123483857663108e+01
9.467298649003403e+01
5.677158113418687e+01
7.281717242338563e+01
4.295697968590864e+01
8.850262374081771e+01
8.341328198249139e+00
2.752480759635791e+01
1.789180418378292e+01
1.398813892807259e+01
4.130761746378039e+01
5.224350656021549e+00
9.603874715791957e+00
4.719898311756504e+01
7.454278113997671e+01
9.435873515641258e+01
6.411686193389671e+01
2.721903367304198e+01
8.404290130550177e+01
6.592020474649975e+01
3.350702241692088e+01
3.164391733316887e+01
1.995104272847578e+01
7.033210902955946e+01
3.145784420494821e+01
5.382651372525213e+01
9.658107124109803e+01
8.234377241802578e+01
3.298149566770601e+01
2.079607686996277e+00
8.138487682742294e+01
7.708708661472755e+01
3.405769720396851e+01
9.481578459721793e+01
1.913369308185470e+01
3.970957381637281e+01
6.102955525788924e+01
4.173525410785119e+01
9.715206180566552e+00
3.564954387752783e+01
4.462927959143616e+01
2.193936208353348e+01
2.182938490148139e+01
2.786473316506703e+01
7.008185804359701e+01
8.874777154473018e+01
1.106565739543441e+01
9.715721094848459e+01
6.887179625633722e+01
9.510855870093617e+01
9.672239757921658e+01
8.004275359215343e+01
9.104714025326406e+01
8.372334576385252e+01
1.103897206999314e+00
1.945415372934851e+00
5.204107149133509e+01
4.836775900254388e+01
5.607383668239873e+01
8.502256715904110e+01
8.722674766891950e+01
9.128659711744943e+01
7.020210389522934e+01
1.953423620179958e+01
4.307666283244112e+01
7.453009703873195e+01
1.548400051681511e+01
9.306704867308356e+01
5.458394370720906e+01
3.176107175264558e+01
6.509042180380338e+01
2.222262943267014e+01
2.814704791090780e+01
6.174597770988288e+01
7.402931278293454e+01
5.876471198106405e+01
8.972466145163619e+01
1.842800063007884e-01
3.567268263347106e+01
1.033804910738862e+01
8.357620345595116e+01
9.210851443563985e+01
8.046711472816165e+01
9.515505055671328e+00
8.759349625911261e+01
1.086813421494706e+01
7.895569628055938e+01
2.564170799480830e+01
5.923589321749093e+01
6.116614488939109e+01
4.159315239712277e+01
7.064635403018741e+01
7.147013618213597e+01
2.267641384279188e+01
6.363426785154002e+01
7.988169536920343e+01
9.051678399113788e+01
3.724621531425333e+01
7.140013020085178e+01
3.674798870307765e+01
4.323149348759628e+01
1.191990427296604e+01
3.571418106356365e+01
8.518558083343579e+01
8.037731134350287e+01
1.804092815985946e+01
4.341397557566593e+01
2.143817149169658e+01
4.037815087492492e+01
4.877230285144052e+01
5.700499753328273e+01
2.395435433087608e+01
8.755802353264673e+01
1.917012586219708e+01
5.600711459108029e+01
2.480466017723300e+01
6.066511318118549e+01
4.781393569326677e+01
6.920882652942502e+01
7.529821301591500e+01
3.015386873397691e-01
7.069637909098360e+01
6.190709074116643e+00
4.608301932275436e+01
2.731942442586618e+01
4.870850688252063e+00
5.449373296205594e+01
4.267276350533253e+01
7.329411607854726e+01
8.733460315844724e+01
9.857311560705915e+01
5.279549199752299e+01
8.346774232735287e+01
4.258473103055019e+01
9.010234782011356e+01
7.461515673185474e+01
1.179865762209457e+01
3.140994120920540e+01
5.362817740702452e+01
4.356394682245513e+01
8.401176537573886e+01
5.305832575683404e+01
3.662501379690367e+01
2.599252794216970e+01
5.905913610898850e+00
8.538815471594602e+01
2.822694374631482e+01
8.634386709255347e+01
2.358509508128515e+01
8.958395840115099e+01
1.134503735757668e+01
1.080952995028790e+01
1.124830637650951e+00
6.222757667406815e+01
3.759067698269649e+01
4.964588859567693e+01
4.541340700602783e+01
3.707493782838571e+01
9.231865214757559e+01
5.406663136280451e+01
6.249361651134380e+01
7.534898471801959e+01
8.117533232140137e+01
4.626546355256134e+01
6.594164584108705e+01
3.488375876791950e+01
7.028197300167847e+01
3.062852198752972e+01
9.874365958326666e+01
7.549819633155046e+00
6.872404546883145e+01
4.307260166065423e+01
9.919004300571514e+01
4.509368308125701e+00
7.774397268786281e-01
2.170319530260898e+01
3.355106675697074e+01
3.186511017003334e+00
8.487682611908616e+01
8.650260608946095e+00
3.256161363449023e+01
8.038151491451147e+01
5.130821692352566e+01
1.567390790007725e+01
2.975369409180884e+01
2.674208964535132e+01
6.195904322059781e+01
1.052620937606609e+01
5.449081401084122e+00
1.443174971008289e+01
4.301390226139403e+01
2.205028991310405e+00
8.728875000369212e+01
2.418923453622928e+01
4.581886187466740e+01
1.114282068384011e+01
1.550525306514709e+01
2.826191183564342e+01
8.855086606394075e+01
4.448788871266316e+01
7.764359031694177e+01
3.598403676225992e+01
5.732151430906799e+01
1.908879714044221e+01
5.166908621400087e+01
3.228108153319037e+01
1.860718024829737e+01
8.522015297097161e+01
4.400817046128594e+01
2.408081531714686e+01
8.804017598183835e+01
7.640883781779969e+01
6.976281957224143e+01
2.111518011480346e+00
7.972343092771406e+01
6.747500038122526e+01
5.889720672690180e+01
1.357217953241066e+01
5.492126236433222e+01
5.977484260675257e+00
5.559296764228166e+01
4.405935227128646e+01
9.278732654302722e+01
6.477522340825537e+00
6.824858680751575e+01
2.391278693634681e+01
2.560812222101173e+01
6.603825840448879e-01
1.562486608308967e+01
9.561570808087275e+01
1.850780417141868e+01
6.946192759529777e+01
5.052649125015666e+01
7.223080954152663e+01
1.490464825877205e+01
2.470573253217420e+01
3.468079345053099e+01
3.351182850706942e+01
8.474878668074905e+01
6.899269780562850e+01
6.659917634287811e+01
1.230183533034373e+01
9.601608072222028e+01
8.458379650701946e+01
3.558884404394257e+01
2.346716053945346e+01
7.560127371717303e+01
3.747320791588781e+01
5.160637099836318e+01
7.553723602347878e+01
7.765869529808811e+01
7.275236415339278e+01
5.040299480334064e+01
8.823364949237259e+01
4.102589285048930e+00
1.424190672777682e+01
2.289296710998424e+01
2.971071150606065e+01
2.746185382244263e+01
1.557471096309587e+01
7.457800850951020e+01
6.391459841463464e+01
8.878083121440412e+01
7.109839053410030e+00
7.636983174661633e+01
6.845405090993924e+01
7.405517062826789e+01
1.620520037422199e+01
2.331481409413499e+01
1.483848999014054e+01
6.770872788862732e+01
5.432702193703829e+01
6.929826599978762e+01
9.920185632035222e+01
4.770954775051658e+01
8.279241965282355e+01
7.150706642843181e+01
6.788966784621108e+01
4.180484388107659e+01
8.786484454193378e+01
1.008413248233690e+01
9.780201478758921e+01
6.061720869532656e+01
3.794414048918716e+01
3.358741897791038e+01
3.418446846035517e+01
2.652043370833641e+01
2.699594377865826e+01
2.964425656462286e+01
3.300306579703608e+01
9.474282790661921e+01
6.123960258496906e+01
3.714208800212577e+01
1.690566340317282e+01
2.801948167757107e+01
4.816519103393200e+01
5.964152890240845e+01
5.151282532676720e+01
4.582489358532470e+01
7.301835323358810e+01
5.354675559957826e+00
3.207911929678131e+01
2.840362280998548e+01
7.424428550258479e+01
1.407744531243920e+01
4.717160386367310e+01
2.036831310036048e+01
4.603428558727460e+01
3.983189460813622e+01
5.312708856217894e+01
2.904388510111901e+01
6.527960722580533e+00
3.298908007936044e-01
4.353172175750682e+01
3.165728311597243e+01
1.961936932970740e+01
4.565917609523012e+01
8.491297424068347e+01
7.796304536888518e+00
8.714419840236390e+01
9.568514618821682e+01
3.080287507306918e+01
1.190735763493337e+01
3.681148823202191e+01
9.037815597391602e+01
6.803594132328217e+01
6.857004769545516e+01
7.901192483446184e+01
9.348633531177711e+01
5.787888586422376e+01
2.285673326014389e+01
9.843235481457428e+01
7.821853900245323e+01
3.314284888708166e+00
9.776181029051627e+01
3.708256699008987e+01
2.034183769502762e+01
2.186618764971671e+01
5.265791665420770e+01
6.017373230316384e+01
4.959859692007238e+01
4.937997159984893e+01
7.741245277105480e+01
2.479095832667824e+01
7.292467992423320e+01
1.429061871687445e+00
4.909023849716887e+01
4.930402103313432e+01
4.243905406558842e+01
6.452362638177519e+01
2.168810578141739e+01
9.447890468615986e+01
1.662757639616149e+01
8.935283501136714e+00
6.474012670327916e+01
7.668420554915639e+01
8.748639555996581e+01
9.607653207894253e+01
6.011261272249400e+01
4.256678179025965e+01
5.186388546222071e+01
1.214289069741168e+01
5.410037979208882e+01
3.496428068492761e+01
5.689519818727635e+01
1.001619454939672e+00
7.204684772158360e+01
4.173091330646114e+01
1.864463222149975e+01
9.662973442889272e+01
3.945175858188968e+01
5.149953013821483e+01
3.550299947871966e+01
2.200096371676818e+01
2.342495314005062e+01
8.194815278144002e+00
9.787957859126831e+01
9.959061541575503e+00
8.160209948271611e+01
7.879521673489140e+01
7.028718612635842e+01
3.879651796948003e+01
9.094238942067250e+01
1.173866005229701e+01
7.972538363175717e+01
5.568251607738552e+01
8.842286560145341e+01
7.675739167107147e+01
2.986553284799006e+01
8.890417203721785e+01
5.537511392281164e+01
2.522773622778605e+01
7.062793721939806e+01
3.503145507305462e+01
8.380338972611511e+01
8.872034456055627e+01
2.688309179008151e+00
2.692660592818940e+01
2.971599704107084e+01
6.714517924336026e+01
3.280378316193995e+01
4.664409558598143e+01
1.555181174331895e+01
5.728411630600883e+00
2.849266958818430e+00
3.468814912936099e+01
7.332278735624756e+01
4.396594550645256e+00
6.302344415477638e+01
5.787083332327699e+01
1.500995010836513e+01
6.641227289401567e-01
8.067127525837687e+01
9.098275526938157e+01
5.051853593928671e+01
5.111328091058567e+01
9.603365151958243e+01
2.848840408422445e+01
2.996327515224148e+01
8.792916633557955e+01
3.400099511910276e+01
8.174960789352171e+01
2.570662974645692e+01
3.082755730991604e+01
5.302915743227543e+01
8.068347502531645e+01
9.512151838053089e+01
3.745643018626442e+01
9.653135654354998e+01
8.937939181429306e+01
4.906826831822669e+01
4.041386411544581e+01
2.364965315146821e+01
6.462008006154564e+01
8.696809131045271e+01
3.465112495918345e+01
3.872625545539253e+01
8.475651651842358e+01
7.189576652454946e+01
6.068663260000135e+01
9.091003248044757e+01
8.986038136755134e+01
1.256109448734722e+01
7.524070580268312e+01
9.489670893871072e+01
2.226334564493194e+01
8.287483057141063e+01
3.542030031579561e+01
8.685230295492910e+01
2.938750219968497e+01
4.963685681560862e+01
9.218090930589517e+01
7.722650891040756e+01
6.861927829152870e+01
4.541833137414341e+01
3.594941717383890e+01
4.862663650355611e+01
5.950821426674175e+00
8.178371367127808e+01
1.910061376127443e+01
4.259414400094848e+01
7.965574095940950e+01
1.534874998747779e+01
1.909227372104873e+01
7.670785238813043e+01
9.952617171198416e+01
6.945111410201113e+01
9.450090955686797e+01
3.115953879019224e-01
3.192029252272113e+01
7.384995951962190e+01
8.732965946538823e+01
8.906901343216607e+01
8.338029984542182e+01
6.257036526807135e+01
4.871812115829351e+01
2.444899320809589e+01
7.935575637005073e+01
3.548402275679820e+01
1.852386292001412e+01
9.181288443124521e+01
9.291938244966761e+01
9.647687389351282e+01
6.982203948768883e+01
1.610709736873726e+01
1.237735618482221e-01
9.512774813693377e+01
6.220262370174873e+01
5.172309994312148e+01
1.873894786403466e+01
2.130194917381832e+01
5.137322174914797e+01
8.231835969831718e+01
6.199574091564666e+01
5.424906944588249e+01
7.849083728086708e+01
1.282854509205955e+01
9.743170495956750e+01
9.165416420048761e+01
4.899502873839579e+00
5.308115843361298e+01
8.018661419869709e+01
2.680988368895365e+01
4.215017181921293e+01
7.048384289745421e-01
6.253332680209229e+01
3.557988774756895e+01
2.459589085755679e+01
3.287860473286295e+01
9.122163159363980e+01
4.875284198147843e+01
2.878689948878572e+01
6.398329290746864e+01
8.874904014577579e+01
3.215368372954134e+00
1.291867946876152e+01
9.635279490442610e+01
8.305907346450681e+00
8.320874817818810e+01
7.392327453658137e+01
2.704485521048533e+01
1.451970535075278e+01
5.522624354587228e+01
9.119106260649443e+01
7.651544626639944e+01
2.706427668550251e+01
2.610512395673670e+01
8.620295938393238e+01
9.164288392832637e+01
4.308393734650870e+01
7.894555785644127e+01
9.562437403743360e+01
8.454555318902506e+01
7.836893428041084e+01
4.360771125350507e+01
7.710431533730790e+01
1.621400938193035e+00
3.237479949946273e+01
8.643408864104845e+01
9.754771124457369e+01
8.909855451858535e+01
8.626258083910801e+01
4.712114797305369e+01
3.452577550640599e+01
3.795361534597055e+01
8.161096474230800e+01
6.811783540440622e+01
5.002708409448484e+00
2.082417566367619e+01
6.826971590904040e+01
7.763894529903259e+01
6.303722763575485e+01
6.105629432064309e+01
4.794353141819291e+01
9.116113134248235e+01
6.919145456943264e+01
1.077277698124423e+01
5.079229038711278e+01
2.244541105928151e+01
3.386871690576370e+01
1.719927267041023e+01
9.713385514781524e+01
7.834476073195448e+01
1.639142121020305e+01
5.871332295179056e+01
5.775567063025928e+01
9.105577030733963e+01
9.397090174908325e+01
6.544091606766028e+01
5.311770693078530e+01
3.282948878259840e+01
4.845678040220252e+01
1.019014167142573e+01
9.529586634379619e+01
7.434020148326653e+01
3.755774881577014e+01
5.018250176225906e+01
8.929476006389352e+00
8.794068139416198e+01
5.996943277305431e+01
1.142892619195810e+01
6.533296949478469e+01
6.312046193663052e+01
6.932266199464102e+01
3.274534434673625e+01
9.806112861170486e+01
7.658838498247246e+01
9.845289708974441e+01
2.158142492248743e+01
3.149919623113200e+01
1.036223196907073e+01
8.663360126625449e+00
3.814402489836515e+01
7.840062122717528e+00
6.435994113067163e+01
8.691521644914300e+00
5.992440463040229e+00
6.641021942086994e+01
5.210251968917555e+00
1.122855209337014e+00
9.489294667490429e+01
1.683779992947252e+00
9.019284727526495e+01
9.027246720635912e+01
1.172732515806673e+01
7.579276905199175e+01
9.840940283537350e+01
8.046635961181781e+01
9.084753416983760e+00
5.464755122300588e+01
2.927241354681198e+01
9.804911259470931e+01
3.117166465668551e+01
5.954321863108465e+01
3.983551638193219e+01
5.645532312637908e+01
9.964274177311117e+01
6.821856189901874e+01
5.490822016955737e+01
2.122416669559859e+01
7.936234645515789e+01
6.771035830849333e+01
7.934892935648044e+01
9.399818391259676e+01
1.958097332137682e+00
4.899269652040335e+01
9.633878259749095e+01
7.450014062901033e+01
9.343203948504852e+01
8.136356704931872e+01
3.669859517211960e+01
2.496852456823388e+01
5.460033107297511e+01
9.016471323099206e+01
4.537817199964923e+01
7.966706095247858e+01
3.639293277468203e+00
6.230640586572997e+01
7.107824379162781e+01
3.111956474889049e+01
2.519944139067058e+01
3.867167217595115e+01
1.244406579641815e+01
6.941629120587199e+01
7.319238715488109e+01
4.389893074701490e+01
5.119113933816139e+01
9.384856903639090e+01
1.950441441475619e+00
7.591352633941617e+01
6.049983844184309e+01
6.289633836732076e+01
9.522911039890214e+01
9.889685641922841e+01
2.802246777714345e+01
2.991665482051515e+00
7.126009560714481e+01
7.745216799781292e+01
9.272650424052333e+01
6.136803089704739e+01
8.833720329605845e+01
4.123132589330493e+01
8.459268653979184e+01
5.806692869312453e+01
4.757982597107991e+01
9.195538363044867e+01
2.921090728100897e+01
8.865536837310314e+01
9.344620690375855e+01
5.457545563326006e+01
9.776370618388229e+01
5.119414913989331e+01
1.572235534699743e+00
3.588274891296530e+01
9.584267134584611e+01
5.089775652200811e+01
5.335771551046415e+01
2.788814079383767e+01
8.213561912166682e+01
1.977102468710906e+01
9.544354211326853e+01
7.767562520582025e+01
5.842201507576835e+00
8.063341015048017e+01
2.097908720419700e+01
1.169003276698758e+01
8.659870512159480e+01
3.616295221083003e+01
1.862374307523656e+01
8.639082218817940e+01
8.550872098911028e-01
8.397733209839899e+01
2.286119992977995e+01
1.014768579515986e+01
6.502787501785340e+01
4.911295513115496e+00
7.033848472420988e+01
7.626593861555025e+01
9.275844101456853e+01
3.758772371224487e+01
3.916650197429885e+01
1.321184728909835e+01
8.919423138219594e+01
8.979304152996886e+01
9.857758819059357e+01
4.725660520943655e+01
6.041795074027868e+01
4.482280777060558e+01
6.844641294723675e+01
9.797913441340398e+01
7.243460606431337e+00
4.379294349057272e+00
4.061459188378164e+01
7.058780909077628e+01
2.079818049482916e+01
5.517448487466876e+00
5.675665198674269e+00
7.288942745555632e+01
5.396734879071236e+01
7.099324347031919e+01
8.796602133101132e+01
4.253548790818801e+01
6.924196661880332e+01
4.205957704319599e+01
2.614905248682436e+01
5.004581368996102e+01
2.801118038036450e+01
5.670717193591742e+01
5.837410402408526e+01
7.768638510149269e+01
6.104682412047256e+01
1.323368298506070e+01
6.490366121982395e+01
3.906193098009653e+01
9.188188616739674e+01
6.348124941041752e+01
8.631853618953309e+01
4.586297690210071e+01
1.541655301834296e+01
6.146328214624118e+01
7.105853346691399e+01
8.716091890221504e+00
4.040969523620312e+01
3.806628996416288e+01
8.771520596356839e+01
1.372013753918937e+00
7.646226164720127e+01
2.366979006848754e+01
9.958984502572093e+01
1.166125168635568e+01
6.542012322015135e+01
5.749539879965382e+01
6.067815025368619e+01
2.538070055906693e+01
4.278013517278253e+01
5.736331928398614e+01
8.047895235031794e+01
1.736784294125058e+01
1.407049121990357e+01
3.193935380873240e+01
3.349308368446914e+01
5.797569190989048e+01
1.964941724187202e+01
3.515667018255063e+01
6.171570730475509e+01
5.047578739490164e+00
6.473786512610403e+01
4.669379873512955e+01
5.706793612664004e+01
8.221471238984481e+01
5.971170112477229e+01
4.462935512169700e+01
9.934210926263691e+01
4.951907370682763e+01
1.621889822008968e+01
4.953162374418770e+01
6.057240956489575e+00
2.679326768349543e+01
8.579463231647138e+01
8.871743035908669e+01
8.778828619410670e+01
7.456853234887521e+01
4.791428449000897e+01
3.276711713185865e+01
3.796615369523231e+01
5.491355981440915e+01
9.874697499850159e+01
6.706122591489051e+00
1.081404118370919e+01
3.649521061987393e+01
1.024417160555915e+01
2.498135432832937e+01
4.457748031456838e+00
1.569277281672357e+01
9.138912665256724e+00
4.983214617233358e+00
2.535653250541376e+01
4.284077465666494e+01
2.856162475820707e+01
4.759409746508771e+00
1.438600556663517e+01
5.516405331677014e+01
2.699795883474777e+01
3.785969504986875e+01
3.195698802916193e+01
2.018132103615502e+01
2.491701022950793e+01
9.913694979582772e+01
2.077645129560328e+01
6.417521874614769e+01
8.914881678724140e+01
6.614682905662191e+01
5.451600516890921e+01
2.769295770101853e+01
2.608166748009700e+01
9.131677918663099e+00
7.299667404638448e+01
6.701448250888589e+01
4.558113545439259e+00
8.711686967272165e+00
3.379702895590897e+01
2.936534077365200e+01
8.124393484613111e+01
4.833378929101573e+01
1.311550909332722e+01
2.297699499082611e+00
5.331700390824908e+01
8.795309722793898e+01
6.344838592384401e+01
6.295608084786500e+01
2.696733923022046e-01
6.082788601556229e+01
8.083309795746258e+01
9.636283330449966e+01
3.497785378013638e+01
4.401206678897704e+01
3.566819929316090e+01
1.749450965667819e+01
8.539892872115547e+01
5.336413711931749e+01
1.461647293279714e+01
9.512472031411004e+01
8.381851123823715e+01
4.885190122241708e+01
3.374350207566447e+01
7.352106607217391e+01
1.506817714081527e+00
8.332133809259223e+01
1.090074000456405e+01
9.819733598185579e+01
9.530497798477532e+01
5.867665254449316e+01
4.999332765582638e+01
9.214954529523362e+01
2.104897299830288e+01
2.120922804866416e+01
6.077745280264758e+01
2.137398469325806e+01
2.816277305975686e+01
1.575601497467422e+01
3.864736423764721e+01
7.889839451708756e+00
1.209166660536624e+01
5.788280398486313e+01
5.570007872567516e+01
7.592594794739314e+01
8.563160662801546e+01
8.382758269264716e+00
6.995187037156516e+01
6.234197801088075e+01
6.655711385726795e+01
9.402195312735716e+01
1.027550460317894e+01
7.143293571259497e+01
5.525638524222020e+01
6.771008142629177e+01
9.628885630345384e+01
5.834260459912131e+01
6.220165475374164e+01
3.702623631666705e+00
7.897059148129570e+01
7.767192096341024e+01
4.372747044252579e+01
9.486659373849005e+01
9.403458945175382e+01
2.133730697507844e+01
6.161642845795323e+01
1.380225858362497e+01
4.557615637107573e+01
1.238037087599764e+00
4.012189094914211e+01
8.422352060872294e+01
8.640787302814790e+01
2.096044329039773e+01
3.990979131306977e+01
7.391172669544432e+01
1.303544869322118e+01
1.829893026421728e+01
8.934414074260003e+01
9.520992031097873e+01
8.064090832166416e+01
9.191877385225091e+01
8.914239196532517e+01
3.672820159081752e+01
7.280174832455896e+01
4.606766023024342e+01
6.009288284000609e+01
8.446275372265967e+01
4.434071865134906e+01
8.860193173801616e+01
4.211293754266246e+01
8.338085626409429e+01
5.989122319030167e+01
9.476352836692870e+01
2.637041901534908e+01
3.133638563162479e+01
8.168687665913575e+01
4.669031582152952e+01
1.930105952513453e+01
7.313603319839390e+01
6.374040528374743e+01
9.327217330842845e+01
6.523875988332497e-01
8.155984551718451e+01
7.462399400520324e+01
9.193074907731766e+01
5.586377990239476e+01
2.200865378696874e+01
4.896955878891496e+01
4.080389814488771e+01
1.870808797828298e+00
5.252744166763846e+01
5.041022740789234e+01
3.166379920750102e+00
8.646792144815805e+01
2.623523074492590e+01
3.039149783104262e+01
5.675852087175405e+01
9.230258031389796e+01
9.511015196103145e+01
3.057739465989983e+01
4.378431199294716e+00
1.818261887793551e+01
3.697741056651688e+01
1.635314403863304e+01
6.902474880638754e+01
7.562488428113279e+01
6.231693921718604e+01
5.844552053997550e+01
2.860264481445898e+01
6.796131113914834e+01
7.682891193629658e+01
8.078125351144990e+01
5.363542128057938e+01
3.286326249729063e+01
5.168923742682172e+01
3.989191881375942e+01
6.046394955388455e+01
4.154970415008707e+01
1.683439324462525e+01
5.226944165875643e+01
1.010317448997087e+01
7.600440712459590e+01
8.963098758348775e+01
1.692759279018622e+01
8.335849167004157e+01
7.309263398549176e+01
2.710319348941706e+01
8.672065403625399e+01
4.312444801587819e+01
5.617877443143110e+01
3.691838771892637e+01
2.097936175809212e+01
5.853615745833896e+01
3.465384367604453e+01
8.846472654885832e+01
2.618617425960776e+01
2.994299248323915e+01
8.998691811691360e+01
9.632881688714437e+01
5.663431503653261e+01
1.299672001646679e+01
2.132396792123279e+01
9.369256705683310e+01
7.434272778888359e+01
6.180616815658574e+01
1.323361737338529e+01
8.691116864183506e+01
2.339610272245300e+00
3.664409906447125e+01
2.702819235950158e+01
1.651923573413828e+01
6.488649606000935e+01
1.436759695148449e+01
5.085176683536348e+01
6.442885620725754e+01
8.695675781320629e+01
1.849041605297961e+01
5.121100770831620e+01
3.553332599603260e+01
2.220894485814913e+01
3.368320289705098e+01
1.251568832086198e+00
8.529307971954955e+01
1.769544846270953e+01
3.984238516531996e+01
3.040473616235179e+01
2.606581967606480e+01
2.707770575167505e+01
6.323535901644982e+01
9.889937913925358e+01
2.411138653946639e+01
1.782722422751934e+01
5.998809461481315e+01
4.694293762880514e+01
2.808960682157874e+01
3.645040916113668e+01
9.495950122129148e+00
6.137248597171740e+01
6.107066341725675e+00
7.535387546539022e+01
6.717189339323522e+01
7.412569014081997e+01
4.619262397577643e+01
6.768603346668465e+01
8.434258018822530e+01
2.528998084612655e+01
5.164505674114687e+01
7.038051992206859e+01
6.262010189826604e+01
3.843532672079063e+01
5.265040577047058e+01
8.970348610994569e+01
4.260554525191223e+01
3.088697173208323e+01
2.614061489055893e+00
5.955691894495716e+01
7.631278423420748e+01
7.071857213541799e+01
7.646911408587783e+00
5.576606097433998e+01
6.433235391244867e+01
8.283595255708134e+01
4.421137443008431e+01
6.874137025733542e+01
6.703065976827902e+01
5.100679060025457e+01
1.672998164628166e+00
2.104617740076323e+01
6.600756606366838e+01
3.782120143893231e+01
6.636616776993786e+01
7.214397945075481e+01
7.703764390993754e+01
4.648064228076517e+01
9.085833006112759e+01
1.684775483647723e+01
2.784268186792856e+01
1.622890379104247e+01
8.722827475854581e+01
3.527091407928193e+01
1.319131092782659e+01
3.282216677107949e+01
4.026382371795542e+00
2.144075381636655e+01
6.370913854972885e+01
4.131784278029475e+01
2.215449396621180e+01
8.213898627187078e+01
8.290315074050014e+01
7.857082336143164e+01
8.622821238181936e+00
8.299392027919829e+01
2.974676444649080e+01
3.154000501685776e+01
7.966514354556107e+01
9.607540205869608e+01
4.381458090795883e+00
6.063228587649403e+01
2.604806149660054e+01
4.855436168078071e+01
2.821883849251030e+01
8.180760125713776e+01
4.540526594287030e+01
6.348868304094704e+01
4.117812432403588e+01
3.513911177177872e+01
3.605749785716529e+01
3.439462908282626e+01
3.375765431381652e+01
1.755952891780041e+01
9.673164174739813e+01
2.762311977689300e+01
9.520586356297407e+01
7.391126895039866e+01
4.169346147295715e+01
6.881828749031681e+00
7.094679589893053e+01
8.386217867204090e+01
7.534461369521199e+01
9.381796265664416e+01
1.438371767959731e+01
1.468515117405222e+01
5.872123123087047e+01
4.413048212608810e+01
5.537180400237991e+01
8.484195200020538e+01
3.769277922701686e+00
6.689018139936505e+01
1.969051818348957e+01
1.714542304032735e+01
2.476174967585213e+01
5.212606790108889e+01
4.474833428149500e+01
5.262651785864798e+01
1.561475094203593e+01
3.169138279356592e+01
3.066737103772693e+01
5.167224879920121e+01
6.169721528966782e+01
9.318191497269176e+01
7.476840916777422e+00
6.958383799976848e+01
3.553107568786064e+01
2.080048509910725e+01
1.313211070985166e+00
7.499313078587555e+00
4.869791178437784e+01
2.294249945457210e+01
9.850641246815510e+01
3.883666630780169e+01
4.402414338850609e+01
4.261591785709184e+01
1.593807172772385e+01
2.745374572810426e+00
4.213094662042845e+01
9.414018960396768e+01
3.526047847013011e+01
9.317744043337993e+01
6.120892486591308e+01
6.168725810092281e+00
7.090281977825930e+01
2.324124869110121e+01
9.498365833190441e+00
9.114342606214034e+00
5.324908781482331e+01
5.686735019873239e+01
5.269548071208200e+01
4.964501999767731e+01
4.678466219770939e+01
1.070465986184062e+00
9.958480154144802e+01
9.357562553769705e+01
6.156999979241286e+01
8.530136620872717e+01
6.567961935218406e+01
9.555389387326031e+01
8.927140295937257e+00
3.178727283691395e+01
2.076290306670726e+01
8.099119755485617e+01
6.472160102088080e+01
9.961347193439186e+00
8.154497038644971e+01
6.954264634733211e+01
3.511565771657772e+01
6.188654944388501e+01
2.200923833158297e+01
4.796720023637972e+01
2.356033140027911e+01
6.697102359820671e+00
7.669648070665845e+01
2.688379642874179e+01
7.932685077159053e+01
2.327118526365198e+01
2.882151130066324e+01
1.278590039014160e+00
3.984307774335289e+01
8.151699205931135e+01
4.191249592318781e+01
2.486399655456841e+01
8.463818066969429e+01
9.847572506334433e+01
6.023429700184349e+01
1.703743963364392e+00
8.089629513253286e+01
3.507537307919719e+01
9.725763788319082e+01
9.075209670269494e+01
8.231869651112645e+01
4.185912890446332e+01
1.271784706633438e+01
7.332316058376951e+01
7.315618888156311e+01
6.351779651060598e+01
3.414020037005665e+00
8.586291064781271e+01
7.773950327082514e+01
5.239707057010246e+01
4.034237667934148e+01
9.457803037696426e+01
7.549083017534150e+01
4.257757330433353e+01
1.428519902484734e+01
5.569962763958593e+01
2.229065337325011e+01
5.832107242118617e+01
9.891463294574740e+01
8.673702109918790e+01
9.780312538975994e+01
2.200832964014650e+00
9.865907900904263e+01
1.485433984308240e+01
6.631783180232989e+01
4.625295458652683e+01
1.655808385301292e+01
2.627216434398301e+01
7.216687089398823e+01
2.377199913550727e+01
4.509009558013179e+01
6.388676365087124e+01
6.563112803997059e+01
6.182326756502654e+01
9.750047600711717e+01
7.759863095246192e+00
1.573778419556924e+01
4.062394427164641e+01
3.618227897034133e+01
8.392782233838355e+00
8.356438269073348e+01
5.583475546717399e+01
1.467346810487726e+01
6.858466661934958e+00
9.841232877150752e+01
7.071142581790286e+01
5.805334581902872e+01
9.783477722566332e+01
7.540588298598578e+01
2.406793601069038e+01
2.639660147316596e-01
2.039390058275028e+00
9.241475895625295e+01
2.961635251045989e+01
4.586981136625158e+01
8.010440928866360e+01
2.564054048882822e+01
1.449283911590131e+00
3.353304864537579e+01
1.932240040941276e+01
1.526500560122775e+01
2.457734203179243e+01
5.882568064091060e+01
1.528106565367480e+01
6.855603250142002e+01
6.769254825436163e+01
1.823767275467407e+00
4.878911983631045e+01
4.508888551271003e+01
7.847198395918682e+01
7.355173634064931e+00
4.548713413322677e+01
3.574235855403466e+01
4.388043328369056e+01
6.734249678782304e+01
6.043033337240588e+01
6.374322658579016e+01
3.628119367001634e+01
7.459099272945477e+01
3.481663164441317e+01
7.583447009131055e+01
9.096735892396764e+01
6.876035997120681e+01
4.597997471968642e+01
6.929613084965204e+01
8.675624233985145e+01
3.038559766969905e+01
4.518411082457011e+01
2.438755520823763e+00
8.092126226095542e+01
3.034138205942762e+01
9.889666982875050e+01
6.659223151700211e+01
8.710853643115077e+01
7.075558624731171e+01
7.611688383674104e+01
1.714468361676889e+01
2.871792988326304e+01
7.674933140014733e+01
5.410687804879009e+01
9.461084990511221e+00
2.702590628854274e+01
1.924479008617103e+00
8.800353090651498e+01
2.086751760023996e+01
7.363681652286873e+01
6.531910624602769e+01
3.171077744649294e+00
3.397923709544317e+01
2.895838112056180e+01
7.657665846709938e+01
6.917295226323090e+01
1.992573999796330e+01
6.748069360269265e+00
9.607146172601331e+00
1.819493045015025e+01
5.931842516144664e+00
7.374768428213321e+00
8.309972825604478e+01
1.910207351627856e+01
8.530534807839681e+00
8.328960532475710e+01
6.472903395291839e+01
3.882594515514837e+01
2.149989866721439e+01
4.766254073365710e+01
6.810289433603309e+01
5.502345783404235e+01
1.927330792847709e+01
6.701009630552032e+01
5.837149194365902e+01
1.216319539219290e+01
4.399718062206971e+01
9.406779571160104e+00
5.941333810771505e+00
1.962629008089485e+00
7.827738708736254e+01
2.691337285885279e+01
3.306887421434227e+01
5.506392803744596e+00
8.867199927972257e+01
8.685250570385368e+01
3.974747710849507e+01
4.804672927039058e+01
2.551345677371764e+01
2.450917094224560e+01
6.624165972054082e+01
7.964993881976696e+01
5.855587253279791e+01
4.277119987773299e+01
4.238533370307895e+00
1.632129462264539e+01
9.587808041641399e+01
1.781840357827880e+01
5.008953853980152e+01
8.743922742430085e+01
8.923828494233931e+01
1.819243282926848e+01
3.386809352499810e+01
5.580073257712681e+01
3.129361031171568e+01
2.546411306851735e+01
9.276601238770691e+01
6.387556691834496e+01
4.880169823244293e+01
2.172866706816883e+01
1.794258203261652e+01
2.707908527323933e+01
4.864203992702162e+01
3.275381635537083e+00
8.496873792492259e+01
1.252398631187341e+01
2.621831937051300e+01
4.557808942421250e+01
7.949895857809994e+01
1.116900700664567e+01
7.618028334164075e+01
9.384299590896956e+01
3.396365513744003e+00
1.609957302738892e+01
8.851181817637375e+01
6.923033542429579e+01
9.457226795822953e+01
1.452840166842956e+01
1.080607958641186e+01
9.968589008771157e+01
6.858577344966390e+01
7.139320511901434e+01
8.668146007074110e+00
2.584510959025710e+01
1.975450311775995e+01
5.325910684338729e+00
1.268822746942203e+01
9.350575962732815e+01
4.196281034590807e+01
1.712119184300359e+01
4.502637602622917e+01
5.431493402193995e+01
9.283847841100696e+01
1.775546372763601e+00
8.036661300825263e+01
2.113635522366332e+01
8.249081381712612e+01
9.438434713258610e+01
7.820952850310576e+01
1.980166869228784e+01
5.067798520935606e+01
3.325637794717046e+01
2.441566364113971e+01
8.662782878923593e+01
1.108434019195118e+01
7.524102464096669e+01
6.704948054023528e+01
1.422182890317488e+00
1.859792681345619e+01
4.314626955573739e+01
7.953825494252995e+01
3.954309506320539e+01
