1.785669881750676e+01
2.986774236423324e+01
9.191497838679467e+00
9.992513502944500e+01
9.331498108492930e+01
1.149171670502597e+01
3.448408801783066e+01
4.738738390029752e+01
7.487240046023969e+01
3.165197997896559e+01
5.326368019602433e+01
2.914961307735630e+01
5.185953953855650e+01
6.633650831241930e+01
3.730298529253480e+01
2.874434489232690e+01
9.518594559989215e+01
8.229743367168002e+00
3.531187020023906e+01
6.640567144677307e+01
9.644617405554567e+01
7.496333121087557e+01
2.474416299944006e+01
3.741557977041955e+01
2.206302574931785e+00
1.320464835185774e+01
2.099232921423033e+01
9.044599732870515e+01
1.708946829526195e+01
4.285437345637678e+01
2.486757921281623e+01
1.124830362910791e+01
5.838414568378784e+01
6.759229990075916e+01
9.171309466087870e+00
7.598344482294445e+01
5.618675903239602e+01
8.738488833763864e+01
2.944776035353903e+01
9.267722596073395e+01
4.287616319157004e+01
7.663450887270015e+01
4.930302367978870e+01
1.738113882829488e+01
3.102595360531749e+01
9.782590619187145e+01
8.403602311575600e+01
1.087718536652494e+01
5.345947395705593e+01
1.934789331599506e+01
3.339239886654187e+01
1.720201630015020e+01
5.771141571817520e+01
8.239581602737113e+01
6.973199163085408e+01
5.991771829310698e+01
3.194121128504221e+01
9.722064775285342e+01
8.927662115976057e+00
2.056432739857786e+01
3.520265102163081e+01
6.732846417805574e+01
4.220378424143595e+01
1.787111475964594e+01
2.634572527666843e+01
4.188062126835837e+01
9.385455958259040e+01
9.372235079934930e+01
8.248947285231644e+01
1.722538825926622e+01
6.682006505635569e+00
2.536563599732036e+01
9.385989713196638e+01
5.598503023199039e+01
8.065731426731558e+01
3.032039251659084e+01
4.259103915774777e+01
9.191830455880533e+01
5.745307111994040e+01
9.223665063839250e+01
8.404123065250052e+01
2.981568050096542e+01
8.972678742824438e+01
9.437283472827302e+01
3.712267374485856e+01
4.434438345224800e+01
6.500543549889952e+01
6.222341026283027e+00
3.669266106406817e+01
9.809739161194180e+01
8.962821247504476e+01
8.725405022839739e+01
6.223827463678935e+00
3.183199666991457e+01
7.137524693802709e+01
8.116821492145220e+01
2.693658118459237e+01
8.362098642793529e+01
1.435140041371407e+01
8.712913542386570e+01
9.063581744704202e+01
2.483426538521157e+01
3.479169003422916e+01
9.470627181916790e+01
7.701843715134004e+01
3.437200008629448e+01
1.932504075547915e+01
1.960947630908781e+01
8.014234159148407e+01
8.247973540913301e+01
9.213424743718200e+01
7.406852798260213e+01
3.661804727121165e+01
3.826575616293854e+01
9.450348079879930e+01
7.170124006071185e+01
2.620541827110826e+01
3.170575677962311e+01
6.346475824875048e+01
6.407910681519617e+01
5.309694840251326e+01
2.883310952635161e+01
8.285187556541148e+01
9.522900418156246e+01
3.994218382981708e+01
2.433366324954371e+01
9.557562395724264e+01
4.872898559492500e+01
8.180804647589477e+00
5.278835210613364e+01
1.184134921610418e+01
4.430790955401394e+01
3.096043129030635e+01
7.004029269797741e+01
3.733451107392764e+00
1.863353188086000e+00
9.728389368266048e+01
7.994414636862657e+00
2.758834470416808e+01
6.687854838877849e+00
1.123985075915225e+01
8.660534982877101e+01
9.773718928812872e+01
5.887806464865713e+00
2.487110594514343e+01
8.653732342018621e+01
2.566046576279237e+01
2.778904523131859e+01
4.511321119270902e+01
4.818515533031204e+01
9.068712461306114e+01
9.305174112927716e+01
5.542809141586912e+01
3.186177598864854e+01
7.014536371927026e+01
3.948770199878500e+01
6.555388125849603e+01
5.463667435321802e+01
6.366466966628314e+00
1.324087987339165e+00
7.564801200090349e+01
6.798827376588633e+01
5.374585876881418e+01
3.750572150456986e+01
1.779491296866672e+01
7.098176934336394e+01
7.950188796012750e+01
4.244085920156951e+01
9.974188473994931e+01
2.317793910539613e+01
7.618328117587755e+01
1.098173549910157e+01
9.783288887601014e+00
3.482944510636360e+01
3.451700216835225e+01
6.348187549201859e+01
5.832855815921377e+01
7.470358492559920e+00
6.208760839052852e+01
9.804099206721456e+01
9.890568959475759e+01
5.359992871694264e+01
5.567057549751856e+01
6.089788491879491e+00
3.554489115976956e+01
1.454979135401071e+00
3.793890971594439e+01
9.174033044452794e+01
6.717596681191398e+01
4.430537668257271e+01
9.306441843186711e+01
8.328129778768928e+01
2.697666270051927e+01
3.015297261539520e+01
7.045700003879936e+01
2.074445771088100e+01
4.890003499989399e+01
6.401973374375129e+01
4.105776606176876e+01
5.367200670469180e+01
6.195390087643355e+00
6.805892925153437e+01
8.867723922649270e+01
6.809363866601774e+01
6.593151947759628e+01
9.917074437214562e+01
8.490027556424042e+01
6.205772890805161e+00
5.195203137209268e+01
2.284643483480738e+01
4.246764911453596e+00
2.039058274607667e+00
4.804480124639571e+00
5.991734040897215e+01
3.796495987938948e+01
1.224304140184216e+01
6.636941454669899e+01
4.193690984600079e+01
6.972193693263546e+01
7.367687587331835e+01
8.249881122377646e+01
9.628783319903901e+01
7.636936012486431e+01
1.321894918252665e+01
5.565283766745256e+01
2.580178213575938e+01
4.605644012152052e+00
6.937304626655441e+01
8.691122917780244e+01
3.130645343629013e+01
4.125914077333135e+01
9.601690596715403e+01
4.308010220671078e+01
2.518263781684574e+01
6.411054458660564e+01
9.011621637740927e+00
4.220111716641165e+01
9.568605874464198e+01
8.622318580105119e+01
9.415314853850433e+01
1.771384832342800e+01
1.982800574965216e+01
6.139759843302779e+01
2.333697370408893e+01
8.474244120751622e+01
9.936255835898339e+01
9.856384154342294e+01
8.551225410099713e+01
8.228328641610373e+00
5.759634741470047e+01
2.760723090153524e+01
9.072713991195296e+01
6.573365901863838e+01
6.102659714456023e+01
6.309361851918214e+01
9.805752988814261e+01
8.682837928031961e+01
6.769926257790033e+01
8.139469324676072e+01
7.664989511326417e+01
2.020750102596707e+01
5.736714585561637e+01
7.266680103385207e+01
8.284849276898825e+01
9.799334062169928e+01
1.941555832485462e+00
5.845728379602417e+01
3.779027971336165e+01
3.246340431853356e+01
6.351458274923013e+01
2.353002192616929e+01
5.172010443719108e+01
6.450847534672752e+01
8.492762035919709e+01
7.433287155550573e+01
3.765700074734958e+01
9.219599063144810e+01
9.068948197676310e+01
4.344596687864790e+01
9.011573497677023e+01
7.741411220161902e+00
4.293039070578776e+01
7.427776585066587e+01
9.745288672738377e+01
9.890086478502531e+01
7.165874590708816e+01
1.644515074623988e+01
3.287498561333631e+01
3.088845793664849e+01
4.642770259940424e+01
2.995164223478718e+01
9.714175825805485e+01
1.472575506881148e+01
8.219168171388641e+01
6.516687342206335e+00
5.408117359228487e+01
1.896902728777799e+01
1.727163871623186e+01
3.957846874351542e+01
5.143243160631156e+01
6.195210831330722e+01
2.380679045981113e+01
2.428329457728346e+00
8.589421719587139e+01
5.937402279087064e+00
1.894464544902772e+01
4.498074284986627e+01
5.221593717681986e+01
7.675521563587488e+01
8.842670972851417e+01
1.654471294793520e+01
5.794423965641495e+01
6.109428161806161e+01
1.660943791112371e+01
8.523005064820408e-01
7.140887951078306e+00
8.826818381821187e+01
7.286069778393055e+01
6.629304074044016e+01
9.127131667512995e+01
2.413052056177078e+01
8.231913539688995e+01
6.400094370544002e-01
2.308324879178929e+01
5.482964853515367e+01
2.014336032799601e+01
2.487143782194305e+01
5.070146324611338e+01
7.672600316662621e+01
7.089072138578199e+01
8.467174809643615e+01
3.867811143336730e+01
4.958930800184110e+01
4.562224310153269e+00
6.513869509340203e+01
5.895872798699826e+01
2.740717480304053e+01
9.530208543655559e-01
4.925807008950882e-01
5.643740513196094e+01
4.949237268860097e+01
4.282425285448518e+01
6.988643932616638e+01
7.801874926221500e+01
7.794234197490958e+01
7.771412775745343e+01
7.387122748134249e+00
4.770187458382075e+01
7.098639214922972e+01
7.368016348857441e+01
2.528310936190333e+01
6.986322587815263e+01
7.471626502215688e+01
6.018184165478770e+01
7.946264770788264e+01
6.448700933926134e+00
3.264094336547002e+01
1.781791249188498e+01
9.701262055757111e+01
7.579356821989342e+01
8.226781910390957e+01
5.928405907903056e+01
1.328161964811460e+00
7.052451612917918e+01
7.052754800325611e+01
1.741308207503198e+01
1.880115969982052e+01
5.020973745277605e+01
3.438486793748330e+01
1.796099032180430e+01
1.316722161749714e+01
3.567449675671500e+01
6.211799325520079e+01
4.380631947135847e+01
2.691284791888336e+01
5.633172004312823e+01
6.076778870111694e+01
1.220177258933045e+01
6.925355860463044e+01
4.540037482297065e+01
2.573893476544830e+01
1.778332605854763e+01
8.120584007408742e+01
3.315152783559241e+01
5.217634465181099e+01
7.415231474402934e+01
6.903900721531316e+00
5.442620131858913e+01
8.568982923668335e+01
6.405406494813694e+01
2.270108373961462e+01
7.423804633982388e+01
4.066237078079133e+01
1.314640339144804e+01
4.476256242243692e+01
8.718440736978521e+01
3.055948551304614e+01
8.743197721775248e+01
3.235411603579023e+01
9.038230548164915e+00
8.285746256953918e+01
6.125166242069177e+01
4.972482288709134e+00
8.323326869086981e+01
3.086643136612439e+01
7.395274614633655e+01
3.956498868743190e+01
2.255780446462231e+01
9.059595656143313e+01
4.853787033284915e+01
9.866113853578508e+01
3.629395078695097e+01
6.521144088600363e+01
8.189124152152391e+01
6.944547866910951e+01
7.078406329768899e+01
8.689018934354661e+01
2.369399183601793e+01
2.521026461627812e+01
7.030474151033198e+01
4.164141735138438e+01
6.145599794641882e+01
2.225182970159307e+01
1.108618076475625e+01
9.862876133929414e+01
2.542327364227887e+01
4.986090862651398e+01
1.541189943226609e+01
3.057811424628743e+01
3.062470412376556e+01
5.265560757958126e+01
3.343316527709047e+01
5.890874846787599e+00
2.678197372089232e+01
7.083071068433611e+01
2.913184954278723e+01
9.889708450012704e+01
2.493817234641787e+01
3.799841955210940e+01
7.912842281122153e+00
6.071887075003184e+01
3.665955804132836e+01
2.424773356143745e+01
4.726318877528570e+00
7.664047064103208e+01
4.103782467592406e+01
9.657371751804543e+01
3.268402681345307e+01
8.522179773320528e+01
3.532863167828351e+01
8.069781022178837e+01
5.247987324953073e+01
3.389001406444703e+01
2.949639923381452e+00
1.815355751577465e+01
8.406492349880976e+01
6.996403209397756e+01
2.260503877075624e+01
1.082529034969643e+01
4.386333201260461e+01
9.246134627259399e+01
6.348089792927769e+01
3.328434873059594e+01
6.860738804964693e+01
9.076525116840622e+01
7.238875570352596e+01
6.026724495937453e+01
8.082136888095242e+00
3.804365766143597e+01
2.151587825339096e+01
1.599497916921739e+01
5.804579875340955e+01
6.214148526179674e+01
6.917555116544271e+01
3.334506677153756e+01
3.651004458615093e+01
7.508675245339365e+00
5.934583514898356e+01
4.146128969335057e+01
8.809894420583683e+00
7.342727113209071e+00
5.216379284493802e+01
9.849222716805163e+01
8.833384145439315e+01
4.065049124911916e+01
6.205828118233862e+01
2.337401622132120e+01
7.253703292111729e+01
2.389492328460092e+01
2.915712368169666e+01
5.699230314092352e+00
1.635626951062878e+01
6.117867550867548e+01
3.959733426552142e+01
5.007907797120469e+00
7.429072138587513e+01
6.974280815093908e+01
7.392734176196500e+01
6.002606356517695e+01
2.709131731050616e+01
2.568434212621504e+01
6.575915653526744e+01
6.735881672583466e+01
7.472364747651092e+00
1.626375551161531e+01
3.013093431020665e+01
4.398240933380202e+01
9.754429296476034e+01
8.029901803485072e+01
8.665287745494994e+01
4.355664683671512e+01
8.615191354702782e+01
1.703175083595875e+01
4.204887395820062e+01
4.975371027819519e+01
5.768224208507792e+01
6.344722833644936e+01
6.248281987499576e+01
2.208796647474541e+01
1.728261621542397e+01
6.018059745439356e+01
5.604806740584227e+01
4.435834793576894e+01
4.046339683256271e+00
1.350383372674874e+01
2.932200549604465e+01
3.634617199951139e-01
9.591686497252289e+01
6.420197718041109e+01
3.332926315876155e+01
8.956965542844016e+01
1.329843360618615e+01
2.111580642923517e+01
8.430332624553859e+01
1.124260947631794e+00
2.561406140477120e+01
4.559926443994011e+01
2.773204414534012e+01
5.022984261169556e+01
5.062480329099335e+01
2.176679168910104e+01
6.671500115968054e+01
2.969097394016151e+01
3.879854252505980e+01
7.291886372161976e+01
4.176728848450225e+00
5.144744382772941e+01
1.287103021185428e+01
2.615541863541837e+01
1.182281631595586e+01
4.087310863699443e+01
4.525191874487881e+01
7.331969946311773e+01
9.740753495013692e+01
4.929825847470121e+01
5.022022093190822e+01
1.455346202224189e+01
9.293221002115504e+01
3.567121463626214e+01
2.167553502213002e+00
5.916152482813295e+01
2.524087001813616e+01
5.097205869433100e+01
5.340499102762202e+01
7.239561265911702e+01
1.659024805603095e+01
4.929211914972036e+01
8.682987321486225e+01
4.432229220137106e+01
7.245047347268577e+01
9.074090318323155e+01
7.012810216756915e+01
4.229502624007642e+01
7.880316934492586e+01
4.617147075299708e+01
4.792934975024748e+01
4.247576810534846e+01
2.756583081910658e+01
7.977724968445359e+01
6.863118674076684e+01
2.448642618231775e+01
1.673488552530058e+00
5.496720283057876e+01
7.798722082655281e+01
8.690494512529344e+01
1.510221590991235e+01
8.602422852349664e+00
9.279967797584817e+01
9.843361503371672e+01
4.427363748861180e+01
3.831979261632999e+01
1.748651057364722e+01
6.951450755331410e+01
9.003332168331059e+01
6.361576987598826e+01
2.411492216592418e+00
8.254925025745726e+00
3.095890909012357e+01
9.204578762503610e+01
8.000448796898336e+01
3.133728687248066e+01
7.998226856812009e+01
1.949378634779425e+01
4.257485719517565e+01
6.611999350884929e+01
9.630406088954958e+01
6.171252572057421e+01
8.608779361755019e+00
6.929616596051314e+01
2.518469590003821e+01
6.989239271259513e+01
6.325853879715248e+01
5.297807546005495e+01
8.540272833099716e+01
7.051806960744693e+01
8.927743895411372e+01
2.772980580466325e+01
8.502615666250985e+01
6.628520119296630e+01
3.118306781686054e+01
6.829765274575801e+01
4.985436450217588e+01
8.917180010544685e+01
1.323335846570942e+01
6.405933604764721e+01
9.998996951616833e+01
3.719945947509234e+01
9.974153181525949e+01
1.797499135973630e+00
4.886216067190382e+00
4.626106282056359e+01
5.368886345703567e+01
5.720300891306391e+01
6.575484916835784e+01
4.778173889395862e+01
4.365392250179030e+01
2.618267067064656e+01
3.828594579281562e+01
4.491512847361859e+01
5.005256233273659e+01
8.959053265377437e+01
5.548954976512563e+01
3.179453272921710e+01
7.114915515815335e+01
8.667412991014967e+01
8.128436751723493e-01
4.964308303298572e+00
2.718920401632283e+01
2.957301276250417e+01
1.623997838061302e+01
4.056735646006063e+01
7.342585505611537e+01
6.876044458186274e+01
4.754407189206410e+01
2.157389387561656e+01
6.622028908050632e+01
1.838266189134804e+01
4.220503207398813e+01
3.256131239820333e+01
2.018016102732167e+01
4.210496067167491e+01
1.230733213588005e+01
2.538704272610463e+01
2.697344530698538e+01
4.218594196354316e+01
8.490409799148519e+00
9.808685495429060e+00
1.816001535307617e+00
1.145472736631275e+01
1.554249623582815e+01
1.842117496692630e+01
3.502676325618604e+01
3.035001737547574e+01
3.693073468139895e+01
3.422780150278835e+01
6.123439309244715e+01
3.774357835657130e+01
9.274643580091485e+01
9.720633807462004e+01
5.272610897790925e+01
3.253019267345321e+01
5.557860986123728e+01
2.615196398745848e+01
1.861899756762152e+01
1.842912385167048e+01
2.753565093853308e+01
5.143877815056535e+01
3.570306503013850e+01
3.464555392723789e+01
2.696754230510794e+01
4.168550467197109e+01
4.992263785094146e+01
9.630742268464874e+01
4.005575554447982e+01
8.878239895626083e+01
9.979997524050994e+01
8.929293918856091e+01
4.752345092013639e+01
2.091369131622542e+01
5.169605643101784e+01
6.838827150333127e+01
9.499053051461956e+01
5.274131645110497e+01
4.582071492719497e+00
5.234414513797693e+01
9.635518453845529e+01
3.144076267790085e+01
2.918791274036650e+01
2.242068123185107e+01
6.063943661779139e+01
8.191402171827575e+01
7.227923421760985e+01
7.926270332153081e+01
8.065985705734224e+00
9.089823178523137e+01
1.330491230511335e+01
3.560163664426731e+01
6.696859568681968e+01
4.900797733525186e+01
9.280777447522048e+00
2.633710043799928e+01
8.253157654895055e+01
9.062566463399011e+01
9.518807474299710e+01
4.960412394702627e+01
3.289806374017991e+01
6.113788777083992e+01
8.984545296516522e+01
1.504519861892108e+01
6.799986505322153e+01
7.409895498962092e+01
7.811114577488561e+01
9.328301730252943e+01
9.428282580072191e+01
7.152711030632588e+01
5.029844564865271e+01
7.479663168769173e+01
3.496020884949723e+01
3.060335547578599e+01
1.305869152446217e+01
4.102436101111787e+01
3.613669915876198e+01
8.533792574207202e+01
6.664672641393111e+01
8.777443058219478e+01
5.647882132627014e+01
3.115842013208122e+01
8.064301813982567e+01
3.855386378176225e+01
7.200449196249455e+01
7.201149266772508e+01
4.491026785453328e+01
5.453606846487899e+01
8.768568895183768e+01
3.845731724913107e+01
8.490603788984289e+01
2.581211893158597e+01
2.869267870145509e+01
6.774519014532919e+01
4.520410361942095e+01
4.126186172536661e+01
1.389683681255990e+01
2.331524939430657e+01
3.413409345510141e+01
4.222966606832559e+01
1.005235179795528e+01
4.027400665929262e+01
1.702629770945120e+01
1.556803370619567e+01
6.314932739508773e+01
1.657472877603710e+01
9.064113259811007e+00
9.937940463394830e+01
1.884460799342236e+01
3.721990587060336e+01
7.814743787895303e+01
9.508076552072575e+01
7.427975236171845e+01
2.901760857972205e+01
1.365393289069363e+01
4.038281791861300e+01
3.160088906604838e+01
5.856420079179304e+01
1.619312894353323e+01
2.257048190691065e+01
2.611899172240821e+01
9.905907879539723e+01
9.382516350309605e+01
2.614892931941381e+01
9.304472412590158e+01
1.318433941955880e+01
5.316015731224798e+01
2.857187880602287e+01
6.234451647025744e+01
8.802579310165056e+01
5.838185928686609e+01
9.812359707342628e+01
8.089535486926108e+01
5.939486886346474e+01
4.543755280107145e+01
4.490310924356017e+01
7.596959763950184e+01
7.806984245687251e-01
4.418913575084374e+01
3.118114030509309e+01
4.961156442277672e+01
9.021949837460159e+01
9.150199805921969e+01
1.798989037889516e+01
7.091588711874368e+01
3.991583871651247e+01
5.837270829750817e+01
7.194498831962468e+01
4.189112123190012e+01
5.329159468100014e+01
3.561124677565473e+01
2.459903123071372e+01
8.992022866845141e+01
6.621263509905553e+01
7.941070170114315e+01
4.539539755573282e+01
6.846567735470165e+01
2.051544311480384e+01
7.396727636175568e+01
4.352410311974776e+01
5.945489916925081e+01
3.379372089812239e+00
7.913397074636723e+01
2.816854632839959e+01
5.670955267581602e+00
7.953588514567161e+01
9.905158211432936e+01
7.685733971970963e+01
8.737817308277738e+01
4.324071786517310e+01
5.469665827913985e+01
4.812279248057063e+01
8.513899635762860e+01
8.095856410495870e+01
8.953205514211770e+01
2.659508875878299e+01
2.087440277490504e+01
1.335233613539130e+01
2.799987174943083e+01
1.935444228321055e+01
6.223815584659490e+01
3.688198963034991e+01
4.395347351392427e+01
1.899460424622270e+01
9.304752880383633e+01
8.079401081464906e+01
1.320683337431719e+01
6.588248026831191e+00
3.809194594532808e+01
3.835727816371121e+01
7.830927040349192e+01
2.667378202391499e+01
8.952451804165007e+01
8.032046979308150e+01
8.082225494125032e+01
3.159958204794656e+01
5.530698432368551e+01
7.987383700901356e+01
5.400917355623523e+00
4.432492137156656e+01
8.558278939946685e+01
8.753311531037703e+01
7.967489486545087e+01
8.253551185249142e+00
3.098696345975015e+01
3.465452265676787e+01
6.430843461505530e+01
6.193054246806099e+01
9.682428147495924e+01
3.125230974110417e+01
2.929013479933615e+01
4.730596488681900e+01
8.978592492164388e+01
2.523845821862968e+01
3.364539385477332e+01
4.896695364684190e+01
2.727116962302065e+01
2.939337842603837e+01
1.048015971224762e+01
2.553551188927866e+01
3.639267386700617e+01
9.092387686992245e+01
2.955550641266420e+01
7.099087632773020e+00
8.312402939569392e+01
1.037776130734839e+01
3.903473352037125e+01
1.760295495279271e+01
2.021117039034663e+01
9.438540441653943e+01
8.111617103271008e+01
8.749500107369153e+01
5.448298000473668e+01
5.590861991788662e+01
2.161970432923162e+01
9.553911969789263e+01
9.544558855492882e+01
4.890296610486832e-01
3.465804855090475e+01
4.345244730052186e+01
3.680289449952678e+01
3.875464687065903e+01
5.810323690907249e+01
7.823362093336583e+01
2.842099346612627e+01
9.174863081041194e+01
9.689195030224134e+01
6.882339449078934e+01
8.978402646714078e+01
9.360298351086816e+01
1.547746286516891e+01
3.925025124999241e+01
9.640654311348057e+01
2.940496631404616e+01
5.729258063123216e+00
4.879755147211139e+01
5.541073063174762e+01
4.987210908433055e+01
1.796158608885556e+01
4.566232894810957e+01
1.664567935124304e+01
1.100295028230313e+01
5.902848213865817e+01
7.279710987247393e+00
8.057814607423644e+00
3.053740259750625e+01
5.559081787038167e+01
5.531441148152315e+01
9.787725615216292e+00
8.915288210341376e+01
9.496432239886575e+01
8.198777012619551e+01
6.289208809048500e+01
5.687009569111751e+01
7.896864087272839e+01
9.967092811114664e+01
6.101491817320460e+01
6.209146467134891e+01
1.483230004777773e+01
3.840275287553796e+01
7.925186901318462e+01
5.495839456792846e+01
8.166362945067866e+01
1.754238145311474e+01
7.179401152385120e+01
6.829018987169964e+01
8.504361029949207e+01
5.540209447750919e+01
2.643924249635974e+01
4.959314970746318e+01
1.064423425618756e+00
3.676119546255153e+01
4.867090682902882e+01
6.038054067659216e+01
7.889854818531244e+00
8.539729755623140e+00
4.074109198560058e+01
7.455763387240360e+01
6.430819568424867e+01
7.317417397777279e+00
4.969562424798292e+01
9.667074964226725e+00
3.932145565716617e+00
6.158716313614844e+01
3.484537095522759e+01
3.109882894488928e+01
8.847235631592216e+01
8.050943905511380e+01
4.629416160578567e+01
8.598074507246760e+01
7.636239522898681e+01
5.965386673791981e+01
8.291168249347791e+01
6.576205830358064e+01
5.534666229754065e+01
8.290304633923948e+01
9.541808427098118e+01
3.261729657306210e+01
3.830514081674868e+01
3.889024315350235e+01
6.909642166881656e+01
4.862661200977239e+01
2.582398076812922e+01
2.977331193619096e+01
9.007152639798425e+00
2.226952725195770e+01
3.942108281861110e+01
4.020356174567880e+01
2.318984261862461e+01
7.966327037646587e+01
4.752097914345608e+01
7.288546686660753e+01
2.170748590571223e+01
9.965116726218312e+01
6.855370759430980e+01
6.074398288537933e+01
5.246879540033117e+01
5.702606386366582e+01
5.349714171769896e+01
1.915525431705418e+01
8.497935183578140e+01
6.000971666537678e+01
2.430898757852101e+01
9.451800202695560e+01
3.110174477617337e+01
7.381076448308805e+01
4.155387787220715e+01
4.901397044258843e-02
8.044489551356290e+01
8.909922143868134e+01
8.911179932258642e+01
3.274805798788930e+01
2.846878563448265e+01
2.955798568649124e+01
1.408202904932295e+01
2.793125539456087e+01
1.175205214496332e+01
6.566022306944254e+01
6.813481714023966e+01
4.369760302067623e+01
5.332962523835229e+01
1.214864058985777e+01
1.658306984071763e+01
1.638914505782963e+01
1.530696349931274e+01
5.807284003033900e+01
1.349971080827513e+01
4.605695970638514e+01
8.946740100601102e+01
3.828774231406290e+01
6.999724952969572e+01
7.475790776068247e+01
2.700656914478474e+01
4.282228101176316e+01
3.767519054826125e+01
6.923710832802445e+01
2.434725878962654e+01
5.818239294839203e+01
5.815732793796683e+01
8.438239273819252e+01
8.223108909196736e+01
7.294327200993116e+01
1.169961374797840e+01
5.680938291214843e+01
7.118150516002510e+01
3.121947410107565e+01
1.280438337139989e+01
8.099132915073602e+01
9.016041727278402e+01
6.765947168118296e+00
6.777560797882062e+01
5.237658445368362e+01
2.242174345181405e+01
3.166323752685601e+01
8.230070233452167e+01
2.777973926988418e+01
6.410457466920120e+01
9.398868651780704e+01
8.378566670407805e+01
1.291445731786753e+01
6.098553899721500e+01
7.789589230804513e+01
4.601813817677002e+01
3.740025066649552e+01
9.660519724553693e+01
7.035651550179185e+01
8.986717769404277e+01
1.792021860271702e+01
6.348838315507788e+01
4.257749954358559e+00
8.941840151763447e+00
4.571947220047911e+01
5.152687721491181e+01
4.799896289966952e+01
5.641934688036299e+01
1.373178447304842e+01
7.921843700074518e+01
9.505047695480775e+01
2.458630736199501e+01
7.600170237757344e+01
8.364092646336226e+01
3.015324721585645e+01
1.564243408648410e+01
2.423816757474009e+01
8.212318559276088e+01
8.407307038273339e+01
6.196687457243301e+01
8.812972753687284e+01
9.623310081485337e+01
3.888126185111761e+01
3.175286153878684e+01
8.016285425059631e+01
8.349801240651774e+01
9.375641140796077e+01
1.823301344096335e+01
7.876280060911681e+01
4.007694699805088e+01
3.082955825646853e+01
6.183500981975114e+01
3.565330106562623e+00
9.556892001795066e+01
7.077684997151459e+01
8.641619728245595e+01
4.688095401361629e+01
1.580417650556386e+01
5.704149140838603e+00
6.082758165934477e+01
7.289564626891895e+01
7.546260490802238e-01
1.423171717404933e+01
4.227450049588201e+01
2.571050172006269e+00
7.777580436215541e+01
6.402993917652869e+01
2.680921774674636e+01
1.800957183260916e+00
6.627435347357502e+01
5.101779599255779e+01
7.101536945952817e+01
1.118962434641534e+01
3.452863350255817e+01
2.768230998315025e+00
6.956888119204383e+01
3.406409091971074e+01
1.352819335345560e+00
4.399947893992042e+01
3.020474553583411e+01
1.282879659572095e+01
3.512577304389596e+01
3.958364284577949e+01
4.499509648652518e+01
5.181693194984316e+01
3.869342517046883e+01
9.427989884013306e+01
9.891272913613950e+01
3.554256597326257e+01
9.998404798097165e+01
9.189273868309927e+01
5.183474479794258e+01
7.014577173169040e+01
4.515419977025790e+01
9.796786229031527e+01
3.309724202058149e+00
1.408863533944294e+01
2.622612934849510e+01
8.348017138591044e+01
2.473096131567423e+01
2.441353789736216e+01
1.889503422141775e+01
1.466164598924184e+01
1.203732379341373e+00
1.579340501492536e+00
5.639797661285753e+01
1.286796131770497e+01
8.748775869025279e+01
4.764685321024007e+01
7.158392820115384e+01
1.769250417952077e+01
8.907661959020263e+01
2.783194013304633e+01
4.438348428550339e+01
3.407171603016170e+01
7.964887212945561e+01
8.307690945597221e+01
2.854272989953995e+01
1.320423186440218e+01
1.861947542923478e+01
2.833566280470028e+01
3.830191196794711e+01
7.331187961311633e+01
2.907433683475216e+01
4.936060581792174e+01
6.263815102290277e+00
3.238406103681031e+01
5.246849192887009e+01
5.021975093997072e+01
6.250300298561482e+01
3.111707709316028e+01
4.997384718152408e+01
9.210016084467068e+01
4.677431939485218e+00
3.689483932074850e+01
9.367950134616322e+01
8.756874915564840e+01
1.308344272574570e+01
9.418252096240526e+01
3.971961012097057e+01
1.512585366849129e+01
4.000196775421592e+01
2.879622966460708e+01
9.311612252756773e+01
9.727811477951617e+01
5.084402717223578e+01
2.260666593099323e+01
3.953196040332874e+01
5.034464246143803e+01
8.351797092869784e+01
8.661162307793816e+01
8.825828954030681e+01
3.947017907140319e+01
9.490757588991316e+01
4.862956015794983e+01
2.292629076304207e+01
1.171390945637315e+00
4.849213368654816e+01
2.931240658709426e+01
3.392787614554534e+01
8.845001165217255e+01
3.610778219816637e+01
7.756044682001716e+01
9.186328881972624e+01
4.078521418421772e+01
1.445528609419953e+01
5.973636622528377e+01
9.828096376651942e+01
5.799721165466924e+01
8.204582975341279e+01
1.594850524139987e+01
9.708135016126622e+01
9.013938889379585e+01
6.679680355209709e+01
9.019747268883394e+01
1.932591224057875e+01
2.966474924686586e+01
8.973198909765668e+01
5.914206325967892e+01
8.121606003549698e+01
7.326116956456619e+01
7.284488136546913e+01
4.753575988464792e+01
7.932597127711678e+01
6.144621877998403e-01
8.906909329307689e+01
3.296483807869481e+01
4.706400825970993e+01
7.494634872998407e+01
3.156466862725311e+01
9.528289581429348e+01
7.649233223707058e+01
9.199415230750765e+01
6.221385121448611e+01
9.546287143391690e+01
9.820235911673045e+01
9.198943697474405e+01
9.825036614120489e+01
1.081967172716729e+01
3.466634896335488e+01
1.978354389769190e+01
3.448389663104150e+01
7.789414239949275e+00
9.186257943132081e+01
7.261267959727564e+00
4.081271376498636e+01
9.933408214679645e+00
8.511457740567371e+01
2.327845879983085e+01
8.081196880937181e+01
3.319866761248497e+01
4.535310801367886e+01
1.247317856758515e+00
4.246958794187270e+01
8.173956194973530e+01
5.628783239810161e+01
8.133838557700551e+01
8.399182398989416e+01
1.335463720064361e+01
5.142110001827641e+01
8.940969509510775e+01
9.800804168824480e+01
6.502043863992228e+01
7.550644831522668e+00
6.022189285616479e+01
6.596254425400987e+01
3.089414938860300e+01
3.689103016485043e+01
1.784804603916036e+00
2.236326691804606e+00
7.155737912820530e+01
3.678201257101354e+01
5.385179792244536e+01
3.662950938410569e+01
7.983070271081789e+01
8.120906915571963e+00
7.406144373773664e+01
6.415427874967189e+01
1.794693256632748e+01
6.701224654308159e+01
2.859268064079465e+01
5.690400509950891e+01
5.750285687740094e+01
8.815418597690491e+01
9.597519929333367e+01
4.992801782206075e+01
4.444201837500651e+01
6.810018516522841e+00
8.231560088801925e+01
6.785470799908727e+01
4.580490996400123e+01
3.924139590898594e+01
5.306332067263467e+01
1.082534855735737e+01
5.702697916749258e+01
1.602659007349359e+01
1.435978706663464e+01
9.558470253627036e+01
2.526834282338076e+00
8.168589048166103e+01
6.501630980755031e+01
2.447499936654931e+01
7.994874672961828e+01
1.736533130396406e+00
9.895135350476548e+01
8.265058588359999e+01
3.973745668294721e+01
7.301279719593600e+01
8.874548514780844e+01
2.708016188213610e+01
7.281372476034505e+01
7.565235322138871e+01
4.518892464469603e+01
4.100218063267049e+01
6.380653919829360e+01
4.250538602588018e+01
9.093019845473124e+01
3.125778093526968e+01
3.688919592503886e+01
2.485004017355388e+01
8.209433182240200e+01
2.726188084448775e+01
3.136805073887484e+00
3.515765249503667e+01
9.351945444639746e+01
3.135335367701638e+01
3.787650039320648e+01
1.363586756104411e+01
9.413333679276208e+01
1.933816085538741e+01
2.402383313701667e+01
7.684538265543310e+01
1.526911995153367e+01
2.224942525953493e+01
6.088617973070879e+01
1.909091268623756e+01
7.155949770079903e+01
6.236363670898770e-01
6.528598324641864e+01
5.925434998201875e+01
9.307465939460073e+00
9.894349700722074e+01
6.929784946576592e+01
3.876742759662095e+01
4.637808871752493e+01
6.792960230630338e+01
9.864125805843680e+01
3.087587604805635e+01
7.613370147353676e+01
1.816200950097386e+01
5.572591622161023e+01
7.398159200045354e+00
8.507007615876854e+01
3.005229073113403e+01
2.924806951975826e+01
9.437556983641142e+01
3.625096387055282e+01
6.712456991296474e+01
4.406702469292424e+01
2.554673060101770e+01
5.791869054451524e+01
2.627864443989407e+01
2.392113209884666e+00
4.309837079751230e+01
3.153072550498448e+01
1.716886279972683e+01
2.270808835639995e+01
5.342808079599779e+01
7.619844375932516e+01
4.889608283941452e+01
4.707357704037501e+01
1.985320123837013e+00
1.735199234325066e+01
6.568268140111243e+01
2.427333724884006e+01
5.729766998314189e+01
4.947581507706820e+01
7.332999271961394e+01
8.817354603119826e+01
9.082876122129558e+01
2.370816037231505e+01
8.216308261368567e+01
6.578359788553026e+01
2.456427576232901e+01
7.395175293737638e+01
1.068220530202715e+01
1.893984555217430e+01
3.535739729896066e+01
9.459955985406393e+01
2.119465685505171e+01
9.089637845330702e+01
9.748310805181187e+01
4.337477043428215e+01
5.267510011451091e+01
4.058147880275803e+01
7.490549593926663e+01
1.721753362436664e+01
4.850792840519357e+00
4.942945183693872e+01
5.735825726639398e+01
8.793391207602524e+01
2.197997994813136e+01
4.286416691861309e+01
5.374527180276125e+01
1.287445529032240e+01
7.564285731671511e+01
1.104294173933703e+01
8.656500428289408e+01
5.555451431104657e+01
4.958860932364529e+01
5.317903154212005e+01
6.427387314116298e+01
7.507443915823215e+01
8.243173364663112e-02
2.095609112687227e+01
1.706770286758789e+01
8.530756220468672e+01
5.758981176539781e+01
2.079741383008539e+01
7.348050171205797e+01
6.109059358066441e+01
7.158698149565001e+01
2.599875201750488e+01
8.563894875610197e+00
8.574895345873617e+01
5.170481286556684e+01
9.530380153809851e+01
8.087799273472186e+01
5.564363643324172e+01
5.399471775348984e+01
8.742455546158578e+01
4.351333288639474e+01
7.439669495187546e+01
