4.260554525191223e+01
3.088697173208323e+01
9.721671701279316e+00
8.301572240098180e+01
9.244381533583804e+01
5.592603159878684e+01
2.314962522273400e+01
8.126402696653456e+01
8.262879163149222e+01
6.152668505046828e+00
5.712195921555253e+01
8.181430300782169e+01
8.647393318194614e+01
5.323707147186486e+01
8.958436245545016e+01
9.613425172685378e+01
3.524839553760756e+00
7.002920344007630e+01
2.819981348151332e+01
4.919568893927880e+01
9.644127529880092e+01
6.770229086638535e+01
9.666556375877261e+01
8.982446267727039e+01
7.270436728033441e+01
7.987477610813211e+01
4.594907818639143e+01
6.333120659148842e+01
8.296943110552124e+01
3.282216677107949e+01
1.489958470449764e+01
9.816707190972150e+01
6.759622128102752e+01
7.674378071760003e+01
6.761204715241308e+01
8.813206622755717e+01
5.298003724449316e+01
8.079304792023872e+01
5.062867316912332e+01
5.185011399530345e+01
6.526750981121674e-01
6.394099246894056e+01
3.872218715898794e+01
2.354230597780194e+01
5.798297261725318e+01
2.150753644365237e+01
3.949928238964606e+01
1.543216822456204e+01
2.966917642842474e+01
9.704601382699144e+01
3.810232241549637e+01
2.308669030810087e+01
5.700107042538052e+01
9.327784930042823e+01
2.031781376354295e+01
8.690213951603609e+01
2.805648405480035e+01
3.495164831865190e+01
1.276454046031672e+01
9.133748062482918e+01
6.018659153961884e+01
7.391126895039866e+01
8.777918056015818e+01
2.929286352791491e+01
7.290915836249906e+01
5.679782552495497e+01
9.456659937024425e+01
2.588919560699220e+01
5.334858165744161e+01
4.610254124091125e+01
8.467659511821186e+01
1.841538661085785e+01
3.272531504404047e+01
3.628358148796650e+01
5.307421304894342e+01
6.679346187356555e+01
1.559089939835989e+01
2.103875182617397e+01
5.221609983230759e+01
2.780561648672708e+01
8.593894549922038e+01
2.193611586556589e+01
7.970350369797251e+01
7.284190509134993e+01
7.757716280295381e+01
7.991907190527724e+01
1.844188888484700e+01
8.594521236882787e+01
5.031655689250517e+01
9.113167398196256e+01
6.645811575765633e+01
1.019128649970111e+01
9.087785118766028e+01
3.072081302791872e+01
8.796288761681080e+01
1.930278480020482e+01
7.125917280617131e+01
9.288327609788779e+01
1.307908944463315e+01
9.278766363523326e+01
3.337601797346771e+01
1.064048377361171e+01
3.883111618404794e+00
9.129893546518821e+01
6.087702073197673e+01
1.688259933930012e+00
1.388676963461878e+01
6.941880894332138e+00
4.028193645192400e+01
9.454138735055056e+01
9.808231205590177e+01
2.545654132284994e+01
6.179553156802222e+01
6.636263768484939e+01
9.432037169780600e+01
9.969698572517233e+01
3.647593396551718e+01
1.909719031262081e+01
8.978065973603198e+01
9.357562553769705e+01
6.238593182637633e+01
5.836846682167075e+01
6.567961935218406e+01
3.197183522021949e+01
7.624271762382365e+01
5.544948734131152e+01
3.785993998770599e+01
3.638030608947403e+01
4.272296407386798e+01
4.990143750323981e+00
1.454447131349913e+01
9.489907878213519e+01
5.792189308345406e+01
1.831539548855060e+01
7.575150363880745e+01
5.730774223679106e+01
4.095202732875572e+00
3.196433034351297e+01
1.544545936186121e+01
6.752047439456008e+01
2.026658264001206e+01
1.352777137119685e+01
9.788424628688220e+01
2.708967017339993e+01
1.383926794577356e+01
1.051898790081916e+01
1.230959077938906e+01
1.729316516653316e+01
1.693029553486514e+01
2.687958699040096e+01
9.008352453358636e+01
9.297513607562293e+01
1.179835508195607e+01
3.440163607448415e+01
7.658288924795710e+01
4.864420911699730e+01
1.550188354007056e+01
7.433708984141103e+01
3.333418547796746e+01
4.678978442530604e+01
3.429324321183062e+00
9.425274091505106e+01
8.673069490433237e+00
3.933737973651727e+01
4.893750667056884e+01
3.292443479081822e+01
2.015077509924340e+01
7.617604465977105e+01
6.488876513433119e+01
4.845332663899909e+01
9.355329950039895e+01
5.841167781428046e+01
6.376370334241712e+01
3.743787530690333e+01
6.235845119802209e+01
1.935998612053692e+01
8.489833329101015e+01
2.270238097882940e+01
7.692561716629453e+01
4.988708186423736e+01
4.985198636998049e+01
9.575698016945132e+00
2.838349720853543e+01
7.960219140146030e+01
5.608379475590019e+01
3.473370835871143e+01
8.764282934723553e+01
8.990065333894485e+01
8.412442420801354e+01
7.145772458587668e+01
1.127008074488029e+01
6.117913125137758e+01
6.812504393426936e+01
3.114781027247562e+01
6.303055973864652e+01
4.583089009198867e+01
5.806554824023766e+01
8.217824673381552e+00
1.917735874614555e+01
2.393015479851987e+01
3.664741117351102e+01
4.385651081980043e+01
5.161013722029055e+01
4.557776066734351e+01
3.141329019861915e+00
4.567199868414178e+01
7.945759183701946e+01
1.259541595941196e+01
6.455460855018097e+01
6.895788850679895e+01
5.444774597624678e+01
1.680372949540789e+01
2.339235061006264e+01
2.271232964597285e+01
3.650409571663667e+01
9.921275251508352e+01
3.393901937358967e+01
9.374366067058577e+01
2.363072131929487e+01
1.950279889605138e+01
8.838212699088366e+01
1.805118611923008e+00
7.731527559334192e+00
2.219316867282296e+01
8.155945375634332e+01
4.519180350247389e+00
9.529892159406977e+01
3.451629366470328e+01
4.789147137100412e+01
7.477950270975917e+01
8.467105649629192e+01
8.453888254451513e+01
2.720693854019369e+01
2.286197576805110e+01
8.843175400441129e+01
6.811026673210331e+00
7.471149245962104e+01
2.367712237112090e+01
9.977659047570853e+01
5.399847317207534e+01
2.746927646336578e+01
4.270219273991054e+01
3.258282515806278e+01
8.847148627437255e+01
9.405932156092456e+01
9.483013911863330e+01
9.062645481462891e+01
6.342369702804075e+01
9.609655760978188e+01
1.793850209467974e+01
5.078271760176063e+01
8.968566553186889e+01
9.500559093198068e+01
6.726755158382819e+01
6.671853226922384e+00
1.331152762906232e+01
7.438885610289353e+00
5.299460610979917e+01
3.884200055098255e+00
4.594020128526735e+00
7.423999946296215e+01
3.367495864335213e+00
6.319334966279257e+00
5.335394342120455e+01
5.426384948858239e+01
8.053121826636196e+01
5.544738185379998e+01
2.844481581283958e+01
1.992573999796330e+01
7.957141277360330e+01
2.740389063367801e+01
5.515769024154064e+01
6.220897052539930e+01
9.414478661219813e+01
6.041928430107389e+01
4.388163101108820e+00
7.634155665353944e+01
6.039443563688287e+01
2.089817664627832e+01
1.559005636516495e+01
5.359490791037441e+01
5.112653684389150e+01
7.546035688159073e+01
2.065619627044359e+01
2.723707450890777e+01
7.214297604381245e+01
9.002410266083857e+01
3.443384917193737e+01
8.803472807073720e+01
7.726321163459831e+01
9.372446224732531e+00
9.124318067507966e+01
2.204036248011531e+00
6.443325712551980e+00
5.811823478812269e+01
5.919263426176860e+01
9.828738695862116e+01
1.428787126871192e+01
8.763745007460818e+01
3.908253267364694e+01
5.536505377635596e+01
4.424997034680563e+01
9.335885196614957e+01
7.763865928986978e+01
2.252067156253414e+01
8.654270027137487e+01
7.756747891081845e+01
7.705034314517414e+01
6.426090903778604e+01
8.734996970153878e+01
6.917679578493200e+01
8.743922742430085e+01
8.103352341849055e+01
4.463715261995660e+01
1.367769544649762e+01
1.571507212506378e+01
8.861329736589141e+01
9.833370107148481e+00
7.018370105427863e+01
7.664802539006249e+01
5.170952917621915e+01
9.054536628096615e+01
3.892275287719571e+01
6.882918568739164e+01
8.204189519492996e+01
5.455142378553349e+01
2.316321955209748e+01
3.408464190274693e+01
5.027050853253832e+01
4.000929931179122e+01
2.319205702431130e+01
2.848468051687101e+01
6.496114389270598e+01
5.973276666353120e+01
6.334877785451187e+01
2.406488001535874e+01
4.091550695752515e+01
9.243091558685104e+01
5.444812628182029e+01
4.110360706276428e+01
9.335076906408686e-01
4.184469410304199e+01
1.967629046164280e+00
1.403229796049758e+01
3.709091340987520e-01
7.130923088235279e+01
8.454732498365796e+01
9.474975475796953e+01
7.978307901871534e+01
7.057089133680374e+01
6.563223184348654e+01
8.216522982444859e+01
3.807014470830101e+01
4.554984674116123e+00
7.271732193078722e+01
1.908075000116636e+01
6.191926596775617e+01
8.170219346960177e+01
9.949161326489020e+01
7.514043849666623e+01
4.499569807434254e+01
7.929786670920340e+01
3.657076719057316e+01
8.022683992992474e+01
9.532090793145863e+01
1.763181063236287e+00
4.608873377837647e+01
1.004102747423622e+01
6.704948054023528e+01
3.575027628603870e+01
8.624501730606194e+01
5.142747426937683e+01
1.542709414634253e+01
7.991381556722979e+01
6.705181080245032e+01
1.450957679865396e+01
9.653867836880437e+01
1.787491073732959e+01
5.154114032701642e+00
9.019681247426050e+01
6.330161684346461e+00
6.387180749507240e+01
1.402831287776507e+01
3.925323292578256e+01
7.496942629803411e+01
3.193528448787298e+01
7.492839469338227e+01
3.407583475768372e+01
2.081694855392768e+01
4.752509340062975e+01
1.045249454232515e+01
3.579433715706428e+01
2.572067013276772e+01
5.912584357854251e+01
9.767742832083136e-01
2.747980120008802e+01
9.412600104423520e+01
6.945719489336814e+01
7.024719643883742e+01
1.157176909575787e+01
4.053794124188737e+01
2.562159654946140e+01
2.420971026840141e+01
9.488625828869933e+00
9.559671636465784e+01
8.874244461243154e+01
9.156124665940239e+01
6.010449773636856e+00
1.199331940710234e+01
7.677117482608705e+01
8.663324252079858e+01
6.331507226606602e+01
5.451368617569734e+01
3.648976061329700e+01
1.730235191867796e+01
3.341080026394259e+01
7.731281750710347e+01
5.527637244913558e+01
3.613473285740928e+01
6.309628666522740e+01
2.446644563435877e+01
1.398813892807259e+01
1.178128719878443e+01
5.915414544714342e+00
1.781565282392113e+01
1.951575042657356e+01
3.918838512114640e+01
3.521863605604443e+01
8.897294531994172e+01
4.303503825470575e+01
1.014904757502910e+01
1.558960313703381e+01
1.197870700246594e+01
1.338768564788051e+00
3.870231361999284e+01
7.033210902955946e+01
9.008121322378572e+01
1.663358440465926e+01
1.134418044767537e+00
1.463063946675073e+00
2.246781691092431e+01
6.563203924597802e+00
2.809354273047929e+01
4.050065159820982e+01
3.805649515150883e+00
6.734644135802353e+01
7.942518120604809e+01
4.667911680726293e+01
4.808366589624605e+01
1.349803154054006e+01
2.636600897012558e+01
3.322760357206110e+01
7.218784078591868e+01
8.952650757950103e+00
2.182938490148139e+01
9.000349360983981e+01
8.627514638298898e+00
4.917072968053200e+01
2.917535650971129e+01
7.172069501677561e+01
5.153015076719697e+01
2.977293489024645e+01
5.896784242194511e+01
6.172212402416492e+00
9.049829546851026e+01
5.063360317174047e+01
5.543333881321985e+01
9.294754955589191e+01
6.887750582251581e+01
8.595866788456155e+01
5.068125904103800e+01
1.774162907048204e+01
8.533308645027368e+01
1.217648946315818e+00
7.020210389522934e+01
5.124407124297883e+01
5.832001374024899e+01
8.548187421890063e+00
3.990958204488716e+01
5.011881210381109e+01
6.762849831377552e+01
8.914080429316536e+01
3.617686384179483e+01
6.422438722300548e+01
1.397294877747677e+01
1.528832815368116e+01
8.532444494093045e+01
4.338723236852663e+01
8.972466145163619e+01
4.448313975915459e+01
7.201377398893878e+00
4.125481217226703e+01
7.481130150836486e+01
9.229237720942702e+01
3.770070198816280e+00
9.588428241940414e+01
4.516251708621277e+01
3.525483367743661e+01
6.051423654915497e+01
3.803539799434850e+01
3.696377726130363e+01
2.347215000701702e+01
1.956409351879921e+01
7.898407321375984e+01
8.354017477647410e+01
8.976619741402855e+01
8.220162972910406e+01
2.709181142369835e+01
1.950107455230368e+01
7.997627154922870e+01
9.970598896020371e+01
7.484630699029486e+01
2.233078071024771e+01
5.232428426496885e+01
5.021842990546414e+00
2.042423571479704e+01
3.200733476877554e+01
1.355524776203337e+01
8.964747241216129e+00
4.198691655974226e+01
3.762477544957063e-01
2.767181416399396e+01
9.262242624192612e+01
2.361541205254170e+01
3.634826877915685e+01
1.932849829053902e+00
6.467347208628127e+01
9.234742554479625e+01
8.230442161779126e+01
1.927053463611311e+01
8.532644253472165e+00
9.683974440993730e+01
8.992453044742557e+01
1.834796789025328e+01
9.429541653687852e+01
7.174107109743221e+01
3.418898481605061e+01
4.837323559838032e+01
6.370115515948327e+01
5.369005936835429e+01
7.368636469994037e+01
9.998292620293000e+00
8.119435588884836e+01
8.392058326113995e+01
4.086641363839917e+00
3.751725900802634e+01
1.413733931916642e+01
3.037105208745741e+01
9.209793074619860e+01
2.818287635603122e+01
5.644912787547760e+00
6.423774718504293e+01
4.212970265286495e+01
8.782740793555388e+01
2.563292026782079e+01
4.133542410160202e+01
4.241309670843793e+01
7.843914268465673e+01
8.352108373470655e+01
1.432004925530406e+01
4.407087701562367e+01
9.771816781615753e+01
6.984107870135506e+01
1.080952995028790e+01
2.659248748169862e+01
9.523100359143271e+01
2.613241394335982e+01
6.791153716291838e+01
2.728469880637000e+01
8.016629148282403e+00
8.833309639633312e+00
2.218513699350186e+01
3.190723607871087e+01
4.854323400582338e+01
8.774329642194478e+01
2.304313719414321e+01
2.868408897364703e+00
6.961425443627604e+00
5.824870199814845e+01
9.467137483631790e+01
5.286398648883402e+01
9.762271521502301e+01
8.048508226894079e+00
4.658573895999498e+01
9.809233765028992e+00
4.687295418552726e+01
2.564291051851721e+01
8.676187539788050e+01
1.467734575955074e+00
8.277296264785015e+01
5.527520745772645e+01
2.970877994304000e+01
9.551572901919285e+01
9.020050270026573e+01
8.960693119541133e+01
8.360061621461092e+01
6.060505167609315e+01
5.655092357497240e+01
6.195904322059781e+01
9.079032847228940e+01
9.136937390611011e+01
8.205001125207637e+01
5.513004495535514e-01
2.691799682887178e+01
8.165488400573604e+01
4.941023413530096e+01
4.495537040985905e+01
6.189963489859348e+01
2.854670268881447e+01
8.495841412104593e+00
1.800558195356539e+01
5.692848519279086e+01
6.037674022856017e+01
3.924561587127187e+01
9.682810208612499e+01
8.243272299060258e+01
2.960274253487715e+01
6.352320428170412e+01
3.985639253624547e+01
1.518914784080775e+01
3.545090650927784e+01
3.356772555670130e+01
7.472781700767940e+00
1.622712561684992e+01
1.301674526790937e+01
8.910547913476150e+01
5.197444839960637e+00
8.636283594479917e+01
5.747962275402602e+01
1.357217953241066e+01
9.324443018680645e+00
7.728944242805682e+01
4.292414353365272e+01
4.120072817485814e+00
4.621251441827627e+01
9.722651266363754e+01
8.203178759758910e+01
6.754786910840677e+01
4.609700434193807e+01
3.402273833473340e+01
3.030189412194392e+01
7.479131369608982e+01
6.011638551024552e+01
9.067863435050410e+01
5.098797895525954e+01
6.873725655895531e+01
3.650549758994276e+01
9.731791843535281e+01
3.686862976144470e+01
3.245077265074978e+01
7.976127522055118e+01
5.282697009519999e+01
2.850572589249617e+01
1.275492348370837e+01
8.308648741016466e+00
4.158196874967868e+01
4.807356449220030e+01
4.073359577019401e+01
2.208408304587197e+01
3.242868605648572e+01
3.931877326188552e+01
3.476968097256947e+01
4.849784180917677e+01
8.693868968958905e+01
4.289830412850637e+01
9.471035627401916e+01
8.272112621121161e+01
3.524171003850257e+01
1.596156932225524e+01
3.950685790716989e+01
8.733822260393679e+01
9.149504317505986e+00
3.531965945629387e+01
4.745460811418230e+01
6.934506430725803e+01
5.535753097168986e+01
9.086879039689376e+01
2.913538014010311e+01
5.946887892646197e+00
6.026442240004634e+01
8.847462916210044e+01
6.984556502189746e+01
2.931358675906136e+01
3.169740998730874e+01
8.260048855217197e+01
4.486542965512044e+01
4.959687080681179e+00
5.876756997721623e+01
7.150706642843181e+01
1.461966783489085e+01
5.489773287200263e+01
6.880047268643998e+00
8.763720248250161e+01
3.260825599199546e+01
4.020676684575471e+01
6.087483887601404e+01
2.658424760521587e+01
4.907331883398505e+01
7.168665592171561e+01
8.166226352642396e+01
9.406626055371574e+01
2.190903524025764e+01
9.983964804552478e+01
4.423553913097621e+01
4.404056907819611e+01
8.938393932272864e+01
2.801948167757107e+01
6.681770373453280e+01
1.533352700776119e+01
1.471887585461088e+01
6.634867105928653e+01
1.986676958383376e+01
5.493311423572391e+01
2.021731814379679e+01
4.972426958834951e+01
6.335689484298085e+01
5.313060397893684e+01
2.437495436723109e+01
3.829982384960159e+01
2.853660114507033e+01
4.090013212566270e+01
2.186574750666774e+01
9.029992501731027e+01
5.496168874900867e+01
4.393197011385671e+01
1.189809362958097e+01
9.140663463222171e+01
3.445720059539061e+01
7.055862227946456e+01
7.861564749787358e+01
8.082940144502996e+01
3.772949028654466e+01
7.939563211025467e+01
5.900466388976419e+01
3.948441820195151e+01
3.650337100797490e+01
3.603281128966846e+00
9.982735565855511e+01
8.595435837561001e+01
2.989963676310127e+00
5.365475646855997e+01
5.849896616232533e+01
7.632074443452095e+01
6.911728748544924e+01
7.871628430612212e+01
3.314284888708166e+00
4.948608207026780e+01
2.052181433910588e+01
8.506032311593198e+01
4.309156180503385e+01
5.925144369679105e+01
6.017373230316384e+01
3.519298435896309e+01
5.639123551379481e+01
2.129584030308567e+01
6.253559811158832e+01
5.706025634755393e+01
4.299106576619253e+01
9.827236765915173e+01
1.064820001397664e+01
4.934291753421674e+01
9.326112530811741e+01
7.573960119659993e+00
6.347900119772134e+01
1.168684382535836e+00
2.758442630413194e+01
3.098227564756865e+01
4.955728759502866e+01
5.502192357323222e+01
4.365634827113540e+01
7.967416922546651e+01
4.646158816593773e+01
2.155314386894607e+00
2.735838169574662e+01
5.966870629213225e+00
9.731283332096079e+01
4.126224855019815e+01
4.905794134785325e+01
4.494943723313018e+01
3.975965815585091e+01
4.501098042587330e+01
3.608893791031509e+00
6.718478424809165e+01
9.001516191755196e+01
9.888664814591718e+01
7.645310092552243e+01
2.534855107094560e+01
5.888000873796643e+01
3.268072504209388e+01
7.264023729257296e+01
2.831851040400495e+01
8.888279585581404e+01
1.480425778534462e+01
3.879651796948003e+01
2.613785268093359e+01
9.444316597396654e+01
5.389160218364169e+01
5.712012832850224e+01
5.497804039855396e+01
2.880935837924916e+01
8.700940450048512e+01
6.291898990185884e+01
4.824547462549316e+01
2.342112484547362e+01
2.815212394490471e+01
8.073000818524976e+01
8.380338972611511e+01
3.084021319208677e+01
2.360124607738166e-01
1.577920863208324e+01
1.368222525980427e+00
3.966287432222761e+01
1.525580958242333e+01
7.664004428155722e+01
2.106680340183284e+01
8.914745300502864e+01
9.959301664475026e+01
3.717978384214443e+01
2.499408881412544e+00
7.688612359430927e+01
8.862193514994435e+01
6.245445798265490e+01
9.327523922234552e+01
5.247366747468415e+01
2.926185160375286e+01
4.563703622931477e+01
4.495833760358316e+01
3.795955774279290e+01
3.609268941734577e+01
9.791554156593770e+01
3.309953149086774e+01
6.509738744473894e+01
8.845244976154177e+01
6.277262850793667e+01
5.575752624112997e+01
1.660457365988036e+01
4.786581110575507e+01
8.479179483130193e+01
3.800553411152471e+00
9.475896544510451e+01
9.653135654354998e+01
9.307471247998751e+01
3.175885054830408e+01
1.917584464846917e+01
1.218508035511946e+01
4.908468669703449e+00
9.466891344388431e+01
2.487922488938981e+01
3.811672131443243e+01
5.614202071732935e+01
6.989009318402508e+01
9.297457839966499e+01
3.693205143182168e+01
9.445779495614479e+00
6.742315919484159e+01
4.460368233015932e+01
1.178275333334820e+01
6.423703081171821e+01
4.065000812553335e+01
1.005068445114916e+01
4.451667444990793e+01
7.124480324389637e+01
2.476230548916492e+01
2.072319775853455e+01
1.159211942534527e+01
4.125898612721776e+00
7.819972470318885e+01
3.755394315233172e+01
7.202776431666118e+00
9.824964296922538e+01
1.487260135583235e+01
4.677113594802615e+01
7.188451624097513e+01
1.514441241284107e+01
5.601345820166797e+01
9.053506413033934e+01
5.305821050566538e+01
7.618925090701751e+01
5.559462004136043e+01
4.492216773560372e+01
4.376404040668348e+01
5.735996852505950e+01
5.927994002554563e+01
4.127994391195474e+01
3.878606778512992e+01
2.300632005697410e+01
6.490221273382298e+01
7.654682908977701e+01
6.960745298751046e+01
7.485727084561124e+00
7.940972711863449e+01
7.008228375114606e+01
9.286466529260606e+01
6.097405262336789e+01
9.437174894584889e+01
2.688209699787297e+01
7.847227439213185e+00
8.965819663817911e+01
1.166805625505189e+01
5.924372591974387e+01
8.553937840533415e+01
2.264948576812143e+01
8.273550899826712e+01
8.074748664197861e+01
4.421489026593738e+01
3.386002952878365e+01
1.146288174738310e+01
4.873579626378407e+01
5.141124150315824e+01
3.464709554549637e+01
6.992513838686288e+01
4.543920925140344e+01
2.441747031380305e+01
1.067237998855877e+01
4.512167244456786e+01
5.533317451147977e+01
1.179958717515673e+01
3.567767326518785e+01
2.463991182141002e+01
4.490387488384911e+01
3.550432433164880e+01
3.244302730655438e+01
6.394278153960723e+01
5.754820208882364e+01
3.105961402461846e+01
8.196260867731768e+01
3.838235523476375e+01
4.445965953378923e+01
7.143259973797602e+01
5.005041148981564e+01
6.908892792141481e+01
7.392327453658137e+01
2.704485521048533e+01
4.894595423198582e+01
4.797841936721393e+01
9.119106260649443e+01
5.387052928743443e+01
2.071491513434561e+01
7.333753829511699e+01
1.731501222463092e+01
1.898850752924965e+01
8.395523302441241e+00
9.796346765848038e+01
9.999535935930691e+00
9.718879046718999e+01
1.772381948201163e+01
8.074640905519315e+00
3.642089666632046e+00
9.656825130645569e+01
9.994464106855199e+01
1.899910239456180e+01
1.796239852810390e+01
9.415312618676252e+01
8.391677694577574e+01
3.973378880868377e+01
2.775096410315063e+01
8.649913551588503e+00
9.455377347513743e+01
6.542357097632417e+01
6.281457881574266e+01
3.599237237870338e+01
7.682158680484704e+01
7.657037990939357e+01
9.007491529457035e+01
6.954115585868300e+01
7.458283317954411e+01
1.455691988326466e+01
6.991619247473599e+00
9.007179336160040e+01
4.633655056652452e+01
6.714504527260785e+01
8.330234181289670e+01
9.854244217208701e+01
6.525023298582539e+01
3.772040602644925e+01
6.000004250556232e+01
7.502811778105242e+01
7.906155832068136e+01
9.559624981861387e+01
9.060989981079935e+01
8.936682720173468e-02
9.511502799350536e+01
4.720208959058024e+01
4.845678040220252e+01
9.064590082999594e+01
3.525224725494731e+01
7.620774450535315e+01
8.202787990776258e+01
1.458300534383534e+01
8.929476006389352e+00
4.484245867693911e+01
9.195650093814194e+00
7.454168851233166e+01
6.462901554285968e+01
3.846133143569405e+01
3.209103226293392e+00
9.881144510526742e+01
2.818616765001144e+01
5.303913627427031e+01
3.136847109131909e+01
3.858087721214671e+01
3.378043753736672e+01
8.588939145481650e+01
4.594368173086256e+01
9.359460426196205e+01
7.443069651463567e+01
1.906706407622763e+01
1.027610237257374e+01
6.062873828254116e+00
4.441091578659179e+01
6.995482652911675e+00
2.777598701779544e+01
9.078544512893328e+01
8.585056065854177e+01
3.021038506655506e+01
2.412349657347589e+01
9.207091806087220e+01
4.997850006910902e+01
2.542256285688959e+00
6.595589242221597e+01
6.247118816826082e+00
1.154904682727020e+01
9.551232172898590e+00
1.035200031956285e+01
4.749568567960322e+01
1.222817004296378e+01
5.073302353300760e+01
3.157539848777251e+01
9.330473094866831e+01
3.346901281432668e+01
6.934434565219300e+01
3.093158008108455e+01
1.848436180431599e+01
7.375949345238483e+00
8.250679144752529e+01
6.840506804567067e+01
5.453838224268443e+00
3.235228500904156e+01
9.522229511999633e+01
5.842293312699670e+01
3.418307943930062e+01
6.671376394420572e+01
5.581099617099902e+01
2.940547593375923e+01
1.228410001484868e+01
1.640930516478108e+01
3.685670152160186e+01
8.441999884528109e+00
5.450671955687307e+01
6.463536851323926e+01
7.604065308162973e+01
7.981194042591933e+01
2.951369696739767e+01
6.498481522546375e+01
6.699748661694930e+01
7.472149267546902e+01
7.843866156341446e+01
5.991149184289923e+01
9.550550025678496e-02
7.562268063222183e+01
1.825167844921894e+00
3.528587465886300e+01
9.520907378532414e+00
7.212532198621207e+01
4.275313976348990e+01
7.824961034499557e+01
3.221585020991780e+01
7.925439592416137e+01
5.314554113575516e+01
4.036364892514592e+01
4.243271986135874e+01
1.720058625433622e+01
9.845017674306882e+01
2.863164000615088e+01
9.905947418839645e+01
6.416414099008037e+01
1.663618610083879e+01
3.200786967389652e+01
1.010103878104176e+01
2.791560009490493e+01
5.921034494378154e+01
4.019248035745346e+01
9.356547104826451e+00
6.172657779498331e+01
2.578436556541564e+01
5.330490197674600e+01
1.551495251036945e+01
2.650591895287201e+01
5.921551769562788e+01
1.561045801062624e+01
8.880748263970366e+01
9.866843810242993e+01
3.801667086687716e+00
8.186516975139509e+01
6.736349727370008e+01
1.032863879125968e+01
5.935052882849730e+01
9.036653623467615e+01
1.070482852435896e+01
7.307764853959794e+01
1.352942484129659e+01
1.612469224078799e+01
5.808177160009824e+01
7.825855765410633e+01
3.783349349993909e+01
9.637231989594750e+01
9.377432828479182e+01
5.358840173743125e+01
2.246954479369779e+00
7.033603064265849e+01
1.226027776126763e+00
6.374447670008264e+01
9.427357753472103e+01
7.073666326270283e+01
6.871656936999251e+01
2.883045544327724e+01
4.674462161340966e+01
4.725660520943655e+01
4.060031871339321e+01
4.358789182435157e+01
5.811676246026381e+01
4.922543337998233e+01
7.649489216343261e+01
7.492797685550897e+00
2.707648930469365e+01
6.522175160479813e+00
5.831406221646539e+00
3.395817961262455e+01
1.273060450923192e+01
7.288942745555632e+01
5.824856025085252e+01
9.198930021002390e+01
9.564807088842991e+01
9.051686296729224e+00
4.509516248716747e+01
2.297981838834464e+01
1.099318406125213e+00
5.004581368996102e+01
4.442700475660479e+01
5.600352322496638e+01
2.438897016662591e+01
6.507173872788984e+01
3.630299951709015e+01
1.190623017582401e+01
5.851145836455349e+01
2.891580300820796e+01
1.607181058082348e+01
5.256079931397029e+00
6.476752383856453e+01
9.641199069861881e+01
9.995515118350980e+01
6.496894963317035e+01
1.116523142492642e+01
9.110030168253012e+01
9.519690829105531e+01
4.539839972061962e+00
5.224827651504813e+01
6.790027812491184e+01
2.945294414155788e+01
6.450374655635271e+01
6.647295507903814e+01
6.024553601641466e+01
6.321186053716199e+01
8.597674057165941e+01
2.815110517113987e+01
8.815152998461924e+01
6.521883926597370e+01
5.264374406665738e+01
3.233193835817833e+01
8.185323648241034e+01
7.938333744154467e+01
5.390997075192163e+01
4.692497516373404e+01
8.827978525696312e+01
4.188899325294839e+01
6.807059518437394e+00
1.053023185139998e+01
7.127116763557828e+00
8.409267961238170e+01
1.329029282242539e+01
6.806693131479757e+01
3.412266556831201e+01
9.957271120491097e+01
2.336429605417154e+01
5.063678689796328e+01
4.077248975670547e+01
1.621889822008968e+01
6.676856859902320e+01
2.864556793526074e+01
3.654893386948338e+01
5.761643669457010e+01
1.802147203964250e+01
8.381039369097464e+01
8.086737249086955e+00
7.119552976041824e+01
2.011626726953139e+00
3.237402906286252e+00
5.976497794490540e+01
7.220404263222778e+01
3.275840349158198e+01
4.818581195929358e+01
4.293309466118603e+01
1.628330103879948e+01
9.799526343028772e+01
3.341339893332375e+01
2.729104544375606e+01
8.762735551578334e+00
5.956920905018654e+01
6.656784190170832e+01
1.412421032512757e+01
5.723392360714913e+01
3.336634237010328e+01
2.155581541431873e+01
2.988074237009545e+01
4.348304553119608e+01
5.581127309976670e+01
8.957862345947820e+00
7.346560748921037e+01
4.001939661801764e+01
7.677330536617586e+01
1.001454135869376e+01
4.190089052631561e+01
3.190199887934234e+01
6.809011244591797e+00
2.658092976854226e+00
2.823363338980527e+00
3.036855302302565e+00
5.895495883140478e+00
4.972648017561364e+01
4.109129972806726e+01
3.044623231070406e+01
4.221856754376486e+01
7.513000791665633e+01
2.532227366479220e+01
9.886547266452827e+01
9.744850136220850e+01
4.212589279847494e+01
2.050729031698186e+01
7.514277141315060e+01
8.863563271641527e+01
9.699473627703020e-01
3.237669497373360e+01
1.126767201873831e+01
3.585758946643099e+01
6.823723072569689e+01
7.101327416999884e+01
5.961635907162742e+01
2.202000367549248e+01
3.774198067269381e+01
5.393643418975940e+01
8.407627515684640e+00
8.969440562170669e+01
2.315870277730688e+01
6.175284565508032e+01
9.830949669625120e+01
8.025686870341043e+01
5.171434788578858e+01
5.453502333468526e+01
6.289716901392543e+01
1.827220759274075e+00
8.493875809243823e+00
2.901709071780419e+01
4.365939555860096e+01
3.286434376280026e+01
9.821277954532430e+01
1.358220130837625e+01
6.820483229505123e+01
1.620898224236862e+01
2.666865043652647e+01
1.430802276092955e+01
9.950459604128477e+01
3.232116938211078e+01
9.193624043461691e+01
1.616655216373808e+01
4.475836425309924e+01
2.629627540069459e+01
4.992754335977489e+01
7.592594794739314e+01
5.220521765398105e+01
4.865248261422500e+01
3.918952715545405e+01
9.486419455840448e+01
2.975904840499118e+01
2.322746358030823e+01
7.366170202086759e+01
3.665638483905065e+01
7.329950345368101e+01
8.331388052707252e+00
6.659974798867468e+01
1.308675152859034e+01
6.636946753895351e+01
2.825285495643171e+01
2.812655378511480e+01
5.363848710136418e+01
3.298240193770378e+01
9.340965896537978e+01
6.161659432650385e+01
2.031407417744122e+01
6.463433721318577e+01
7.108295959005270e+01
7.791574582360487e+01
3.081291724499917e+01
8.108767563527807e+01
8.016894277193069e+01
8.640787302814790e+01
3.315884486453554e+01
3.134171153946860e+00
5.023877371579352e+00
4.111892135865936e+01
2.982679639469217e+01
2.777614962671704e+01
7.061494447785194e+01
3.015457868117586e+01
7.174177988047794e+01
4.265667844687434e+01
2.452321468131766e+01
3.765534797574177e+00
7.069892458184572e+01
4.639765678271542e+01
5.040625243000976e+01
6.980838764915633e+01
8.725671306590397e+01
1.263232343487084e+01
2.166839918199386e+01
2.436521832103153e+01
3.207397564876544e+01
7.009375419937714e+01
2.906405894507843e+01
4.680195960532965e+01
1.187433102721084e+01
9.261378631583126e+01
7.128497044150018e+01
9.886702462046735e+01
2.638374903536576e+01
1.094680917959046e+01
7.917250999210985e+01
5.954259394646743e+01
3.882751792614698e+01
4.665782165092315e+01
3.915097300855022e+01
4.891864645710152e+01
4.296065356720270e+01
5.592445240166246e+00
5.387396954646053e+01
4.448473683767241e+01
6.566256297084622e+01
4.887212112027785e+01
2.645414351786214e+01
3.857391594842724e+01
5.595894719285841e+01
8.038850807602913e+01
4.768194130048246e+01
6.986702376504756e+00
2.807091247666204e+01
3.330139053673548e+01
4.629107697228486e+01
9.321845424977059e+01
6.014556440531535e+00
2.719768957570088e+01
7.741069247825570e+01
1.361242314503176e+01
5.642057520170722e+01
4.362810656597284e+01
3.162278143298942e+01
2.506911737149074e+01
1.187818390870382e+01
9.773382227762315e+01
8.644604263196049e+01
4.355243139134367e+01
6.046394955388455e+01
3.576982321020673e+01
9.247107784844519e+01
1.882561520618648e+01
3.523345023171671e+01
1.731998320544138e+01
2.843892878314430e+01
4.428531017354005e+01
4.921938015577354e+00
1.081268503834153e+01
3.909356386358550e+01
4.567496517937396e+01
4.312444801587819e+01
3.279225110672054e+00
1.002960964573063e+01
1.733851200777037e+00
4.717004897406793e+01
8.783154654681289e+01
7.028518294463175e+00
9.398322882781887e+00
5.646496389827922e+01
9.246603478326743e+01
8.263174201484385e+01
4.794431712848336e+01
2.621256561307822e+00
9.150965846679622e+01
7.402234695573446e+01
6.478352274968454e+01
6.812566750129949e+01
5.945947713193459e+01
5.089860141784819e+01
2.941771076499378e+01
3.664409906447125e+01
8.377557018947583e+00
6.315570765321874e+01
6.387566419498793e+01
2.717421777880482e+01
1.285183337184220e+01
9.746947241829218e+01
5.150610671914468e+01
9.132791487096246e+01
2.941904926179864e+01
2.183345417577469e+01
6.670004486418331e+01
6.886064310970747e+01
3.186306382150532e+01
3.901530515356702e+01
5.796882219518015e+01
5.379878485286552e+01
9.463221202354516e+01
2.267645277207552e+01
5.861506902548255e+01
3.458755930633636e+01
5.190353391315021e+01
9.094300623561395e+01
4.298127840411909e+01
7.038931547216573e+01
4.606731750353580e+00
9.862154466035847e+01
4.447651894040244e+01
9.929039552774765e+01
9.408718119100070e+01
7.360555113926789e+01
8.184695769187387e+01
1.621561121019330e+01
4.863401546545048e+01
9.180827363944066e+01
4.019465299332265e-01
7.871951380684949e+01
3.665423287854262e+01
3.619933693492754e+01
4.809672704343532e+01
7.321726916042030e+01
9.194282842424830e+01
5.320480184313134e+01
3.668812193753576e+01
