4.182207260365694e+00
1.221566484878569e+01
1.688763374317793e+01
8.301572240098180e+01
6.275876260491030e+01
6.372692485513488e+01
2.334576692587965e+01
1.508694515334766e+01
1.656220402408494e+01
3.098733133216730e+01
9.122578915731320e+01
3.472520147204641e+01
4.514411936753621e+01
7.210074135665816e+00
5.207338172573288e+01
7.215059598542312e+00
7.595187433806801e+01
2.533783806736480e+01
6.202148923744517e+01
2.695240356351826e+01
4.329644378428181e+00
3.879954108912476e-01
2.004299676979100e+01
9.447610154490737e+01
9.417765289273935e+01
9.748747926088399e+01
2.099232921423033e+01
5.051169612003103e+01
1.708946829526195e+01
4.662615249241989e-01
2.248349102329625e+01
2.127167555562764e+01
1.268192642027602e+01
4.091072927271516e+01
9.171309466087870e+00
5.978040376667884e+01
3.098049621609063e+00
6.068398019330762e+01
4.104443068664727e+01
6.222312229789008e+01
7.223701950732479e+01
8.541739261030098e+01
4.403742525914564e+01
4.943140496007698e+01
3.948029393306015e+01
8.687687906756851e+01
6.287547022238162e+01
1.543216822456204e+01
1.221471708836719e+01
5.251810283051716e+01
6.235281925758013e+01
3.157863031680632e+01
8.700568312173974e+01
3.533003946548796e+01
6.973199163085408e+01
6.223817484557544e+01
1.841761442758963e+01
9.072432084508442e+01
5.750080740894229e+01
3.550708272285158e+01
9.119058241657474e+01
5.834650255662692e+01
5.677875832504535e+01
3.872508790284632e+00
1.935542319871272e+01
6.595006779113322e+01
5.132443152895404e+01
9.372235079934930e+01
3.164690264111706e+01
6.984083194743882e+01
4.749673746875335e+00
7.877212678025110e+01
2.463908196642952e+01
2.871402037735750e+01
7.274961912666895e+01
5.257084041487931e+01
1.559089939835989e+01
2.074946398881704e+01
7.955154412405172e+01
5.438375387079257e+01
7.367151606533281e+00
2.580084499241824e+01
8.596238418759890e+01
9.437283472827302e+01
5.726615533105385e+01
5.569437577188684e+01
1.844188888484700e+01
9.008367405742578e+01
4.641869657040512e+01
7.594269629378930e+01
6.938589237136109e+01
3.760927894041374e+01
5.592699467946169e+01
3.010601598308702e+00
8.491418887158584e+00
5.481059246454882e+00
8.485018428640915e+01
2.079498549960320e+01
9.773589069849619e+01
5.620426733801341e+00
5.218471258514780e+01
8.241248581670806e+01
2.893864085382718e+01
4.589404195821567e+01
5.445528195912730e+01
6.631068385500028e+01
9.846488237309497e+01
2.671740554585932e+01
3.731334923641447e+01
6.191290810793308e+01
5.452302203258640e+01
2.545654132284994e+01
8.771375314691744e+01
4.312952428270575e+01
8.166025540868763e+01
9.969698572517233e+01
9.882390005459260e+01
8.466936591298756e+01
2.252468952095354e+01
4.456553018864502e+01
7.604484054075780e+01
5.916655206082694e+01
6.151292131352840e+01
3.197183522021949e+01
3.546164139893913e+00
2.433366324954371e+01
7.254253051827779e+00
8.839634842630306e+01
2.982019061679961e+01
4.345498752941144e+01
7.978163993907238e+01
3.576446619618892e+01
8.740262956703204e+01
7.070974533944845e+01
8.165850815440459e+01
1.863353188086000e+00
1.624974199396080e+01
8.012339048093344e+01
2.524654121382466e+01
9.711354509792921e+00
4.203629858886651e+01
7.976956324641107e+01
9.773718928812872e+01
2.975005168921782e+01
7.864256318595379e+01
1.682815124133050e+01
6.239439871273674e+01
3.288600409072172e+01
1.693029553486514e+01
5.217505840220259e+01
4.900990046980320e+01
9.297513607562293e+01
3.283120302149617e+01
3.186177598864854e+01
4.252389839036572e+01
7.351876412216515e+01
5.619543923819226e+01
3.220122434767020e+01
9.669441827418954e+00
3.878898641038173e+01
3.023046344995054e+01
5.144054631304022e+01
2.079388961232914e+01
2.459399761846009e+01
2.215029160592253e+01
7.962258736585387e+01
2.312313328642544e+01
9.454829692586712e+01
9.887045286543223e+01
4.836967450025011e+01
7.405404554403110e+01
4.090675140773261e+01
4.596250701973332e+01
7.179123478559369e+01
6.235845119802209e+01
6.781800839482714e+00
5.625569855619953e+01
9.631726885974280e+01
5.467321474788395e+01
2.953524739925528e+01
4.450242414348872e+01
1.711933916300504e+01
6.616113016668760e+01
7.733362716498488e+01
5.608379475590019e+01
9.110810141596389e+01
6.178828275845771e+01
6.505259050291617e+01
2.330932571706796e+01
7.145772458587668e+01
3.841576866731782e+00
6.050069381506214e+01
4.304006539426747e+01
3.015297261539520e+01
7.045700003879936e+01
4.504856250483941e+01
4.890003499989399e+01
4.995888799892686e+01
6.827863481281263e+01
4.777048781876010e+01
5.658749917363166e+01
4.233268031027759e+01
8.867723922649270e+01
8.472673687372671e+01
1.412391504930515e+01
4.567199868414178e+01
3.097593329426643e+01
3.953975669086899e+01
5.565131109005367e+01
8.564914808871652e+01
1.987720561208073e+00
1.537352335423861e-01
4.829568185298502e+01
7.888688090205514e+01
7.748736239852727e+01
2.487715441960709e+01
6.999498231801901e+01
9.119835672490223e+01
1.661748481756890e+01
7.367687587331835e+01
6.886828279535672e+01
7.327364397853316e+01
5.380500185014913e+01
9.176655364770747e+01
9.790911045759410e+01
3.889969323710524e+01
3.681511610598076e+01
2.167164255942760e+00
4.711751795705293e+01
7.641197553668729e+01
8.581967367130316e+01
2.101874454925710e+01
8.086892616975537e+01
2.518263781684574e+01
8.843175400441129e+01
9.499284121906052e+01
1.480521984156464e+01
7.994029171762071e+01
6.744531438101330e+01
8.523006838989913e+01
1.771384832342800e+01
6.943303498878751e+01
3.258282515806278e+01
5.941231616745345e+01
3.470493277288272e+01
1.780908876927993e+01
3.192326595630649e+01
1.579825706584298e+01
9.007445447616021e+00
4.854075077387539e+01
8.947513293916133e+01
3.448394152078961e+01
6.497503726974829e+00
5.180922488300559e+01
1.141364407325799e+01
9.805752988814261e+01
9.070891816667697e+01
6.306561127447784e+01
8.679244070630169e+01
7.983404434278330e+01
3.947758676459900e+01
9.239345211181484e+01
4.153145316128221e+01
5.974607312108673e+01
6.152667322267158e+01
1.941555832485462e+00
6.329861756567779e+01
7.633189306423623e+01
3.400625611376309e+01
6.390918654571714e+00
7.316514829786735e+01
5.172010443719108e+01
6.220897052539930e+01
1.348687466862000e+01
8.043244931866994e+01
9.691390329828202e+01
3.129596343789993e+01
4.422424204844248e+01
1.613818296051500e+00
4.030340888551595e+01
7.744810184345027e+01
4.293039070578776e+01
6.244948746750573e+01
9.745288672738377e+01
5.142726625847969e+01
8.869998263600282e+01
8.835221970842790e+01
9.182367995000615e+01
5.176559386391452e+01
9.492599814893957e+01
7.996262045575428e+01
9.228632123781662e+01
5.600696478784409e+00
7.251051313826372e+01
5.098925374960026e+01
5.408117359228487e+01
7.445206897074918e+01
8.943201675518976e+01
2.517801645452996e+01
8.458325037946144e+00
5.294659950441988e+01
8.673997790866530e+01
6.017842947513723e+01
8.288776044868294e+01
8.088476447429730e+01
1.894464544902772e+01
2.355121794322097e+01
4.323465160244827e+01
7.037603998108582e+00
7.700647575641352e+01
7.120019754916439e+01
8.448570584155884e+01
1.993686646220128e+01
2.432364696838131e+01
6.843131136541781e+01
3.246078967697024e+01
1.473121196717546e+01
4.182766333307497e+01
1.066141110410048e+01
7.411526142345521e+01
5.170952917621915e+01
5.455959451131503e+01
6.535844205196875e+01
2.973121704055519e+01
7.605366812835153e+01
7.245910175724845e+01
8.381239067940618e+01
2.751094881794926e+01
6.189111846587208e+01
1.305311923523113e+01
3.774004254384899e+01
1.483771792372582e+01
3.113420039002514e+01
9.791847201898622e+01
7.319351195972111e-01
4.864554062888284e+00
1.686311742144782e+01
2.428315306281818e+01
2.391251322064200e+01
2.649724480067252e+01
1.289628772665574e+00
9.511271076980638e+01
2.558931290432313e+01
2.122649523486686e+01
2.876239569334425e+01
2.167885169465042e+01
4.006422643552731e+01
5.111206325288492e+01
5.080415529702053e+01
5.072563758619392e+01
8.108548833107831e+01
8.763703558949616e+01
3.807014470830101e+01
9.058576672830887e+01
1.736825263005134e+01
8.787442147167140e+01
6.933462436745624e+00
1.180643262891398e+00
4.163476165460179e+01
9.453206187790822e+01
4.247088587957941e+01
3.050648999889684e+01
9.369779755067908e+00
3.205565038698523e+00
5.281465344727722e+01
1.010171487466512e+01
8.070119101586808e+00
6.967777091529118e+01
3.708928489922047e+01
4.685435786231158e+01
9.617501571596368e+01
3.250854803831714e+01
7.318158753830082e+01
2.518054052497285e+00
5.690099199158186e+01
5.272583167661254e+01
9.321547229458366e+01
9.696521847367529e+01
2.184152748521488e+01
4.734283361925876e+01
4.769085601330309e+01
2.808677606661189e+01
4.985651809249843e+01
3.945560568918269e+01
3.765461879673163e+01
6.172727549529042e+01
5.357941847926910e+01
4.458808128004338e+01
6.290791875818181e+01
8.576618935250035e+01
8.215711078706994e+01
3.497928340685520e+01
4.066237078079133e+01
7.104049719452881e+01
3.818484844555373e+01
9.347702422806854e+01
3.491311759451084e+01
4.625496754714054e+01
6.315479509679358e+01
3.121528589688953e+01
7.534801996096411e+01
4.023367648023817e+01
4.972482288709134e+00
3.739754536067952e+01
3.086643136612439e+01
6.187347428029100e+01
9.012337703729204e+01
2.408190366070806e+01
5.883869270740016e+01
9.886080217494667e+00
8.663324252079858e+01
6.529548674137121e+00
5.695493237904968e+01
3.648976061329700e+01
3.140114584537276e+01
9.460955117578132e+01
2.788894252287640e+01
5.587522804545016e+01
7.438961974083894e+01
4.870589112337021e+01
8.019474445851274e+01
2.135474314976239e+01
1.199372555687731e+01
5.915414544714342e+00
1.464264533233021e+01
1.754554301386026e+01
3.339521574480236e+01
4.955576297340718e+01
4.603920515907891e+01
9.670015107686638e+01
1.773652723884980e+01
2.138722507347689e+01
9.826541822322896e+01
2.382623079411044e+01
3.870231361999284e+01
7.968555808984003e+01
8.569970507440144e+01
2.674686635227263e+01
1.897596694481371e+01
4.470560888047591e+01
9.807875249445381e+01
5.609209465612289e+00
3.665114903666598e+01
6.329019338045744e+01
5.918055798820247e+01
6.805229488203875e+01
8.819743012459828e+01
6.998791260178569e+01
5.303285916011448e+01
2.739506253385686e+01
9.586885534034522e+01
3.584976943016508e+01
8.099111434118409e+01
8.064624680236273e+01
3.914301811677544e+01
9.563375967351429e+01
4.823307229589348e+01
9.393436987601889e+01
2.766628736987071e+01
9.427227745497240e+01
3.286997723992447e+01
6.404327110575665e+01
6.258859348603925e+00
3.113539541658731e+01
8.786950189986709e+01
5.436181610187600e+01
8.585777049225652e+01
8.100870548794451e+01
3.804365766143597e+01
4.833737437070225e+00
1.810760470950399e+01
3.612241015588977e+01
4.749864230281610e+01
6.236546335852028e+01
9.941260353634721e+01
6.679200244452432e+00
7.508675245339365e+00
9.952693814389730e+01
2.252982953681137e+01
1.717027324120061e+00
7.342727113209071e+00
4.122363326196728e+01
3.756679680085126e+01
8.833384145439315e+01
7.191116249743438e+01
5.572035431662591e+01
1.681685234271775e+01
2.014423474676173e+01
4.965472414607868e+01
2.915712368169666e+01
5.699230314092352e+00
8.252470138600316e+01
9.320039478745331e+01
1.195808966269628e+01
3.770070198816280e+00
1.674913019721821e+01
8.443783078549329e+01
7.392734176196500e+01
5.463910361502278e+01
6.554651323964191e+01
9.446157812814302e+01
7.274670832452676e+01
8.328814231012396e+01
4.904524984259403e+00
8.583761336553731e+01
6.262633095617701e+01
5.744644196585120e+01
4.943093468874270e+01
9.414458847332028e+01
9.433613000173872e+01
5.114796205942890e+01
8.615191354702782e+01
4.295493282515320e+01
8.871475886028016e+01
7.448575495485484e+01
9.311106726206422e+01
4.443511313033994e+01
1.355524776203337e+01
5.093518693509288e+00
5.649218338378341e-01
5.803838752118795e+01
1.079274900760164e+01
9.816277967680375e+01
8.081087445877999e+01
2.275083867029792e+01
9.027463546501224e+01
6.467347208628127e+01
4.218565963310454e+01
9.156069052012670e+01
6.243130772487787e+01
3.888981562987427e+01
5.161031705867980e+01
8.590345773189489e+01
2.103543096270200e+00
8.651729923976460e+01
3.118884238935487e+01
6.472987405244722e+01
4.837323559838032e+01
8.061977712466371e+01
7.978255389248140e+01
2.243961166704056e+01
3.176773913752648e+01
8.491429504235941e-01
6.539454449219375e+01
4.086641363839917e+00
4.176728848450225e+00
4.266047908117086e+01
7.629209033972215e+01
1.114278608520645e+01
4.270804563663344e+01
5.900744835799907e+01
6.918117360639441e+01
5.350079464423507e+01
3.562198702042084e+01
1.710551544889133e+01
4.133542410160202e+01
2.589662243886693e+01
9.293221002115504e+01
8.805013163390110e+01
6.851333210641208e+01
4.421029526005047e+01
9.125325660745300e+01
4.170891663139170e+01
9.871866763509747e+01
8.227357174375727e+01
2.822621582459017e+01
2.990751002445236e+01
6.791153716291838e+01
9.383562993902510e+01
8.985126665320772e+01
3.731242480562647e+01
2.218513699350186e+01
7.755369817724159e+01
6.700339879235410e+01
7.173454885917462e+01
6.277752419131693e+01
7.118012764080433e+01
1.439502789377935e+01
2.769513522633125e+01
5.727355846076904e+01
7.031080903034230e+01
8.670258363089644e+01
6.607091640068305e+01
5.389840428433307e+01
2.232457060475115e+01
4.356024751605477e+01
5.423885409451967e+01
8.676187539788050e+01
2.533923500466125e+01
7.875491212064163e+01
3.831979261632999e+01
1.748651057364722e+01
6.922893294563002e+01
8.002870924772168e+01
1.620517820874470e+01
5.228174037871963e+01
8.254925025745726e+00
1.518107206336273e+00
9.204578762503610e+01
6.458462256220385e+01
5.663997533574700e+01
2.935821243066257e+01
7.129396939244772e+01
6.892307203678557e+01
9.636161122301668e+01
4.302851820505621e+01
6.171252572057421e+01
6.754173881725490e+01
6.929616596051314e+01
8.940766094690545e+01
1.351951296139486e+00
2.773435508261172e+01
7.611024453123576e+01
8.540272833099716e+01
7.176981296938369e+01
5.309451718493109e+01
5.049441943433808e-01
7.686658775287987e+01
4.665600813303888e+01
1.518914784080775e+01
6.829765274575801e+01
8.497580074936887e+01
2.602588074562414e+01
3.752658564482191e+01
4.942408159814033e+00
4.223105895436884e+01
7.791140884063738e+01
6.021561066630093e+01
8.592006856851283e+01
9.810468633570927e+01
9.324443018680645e+00
7.728944242805682e+01
6.599205488618092e+01
8.061841241112836e+01
4.621251441827627e+01
6.667897318637816e+01
6.871577467243921e+01
9.677592604270947e+01
2.110635890676936e+01
3.801194058638622e+01
5.271767408247928e+00
2.245831020290884e+01
8.804831751065716e+00
4.855705087471616e+01
1.110863085422135e+01
9.043759111801050e+01
6.958397024757413e+01
9.585436438017262e-01
2.957301276250417e+01
1.623997838061302e+01
1.690535285366017e+01
9.787066550826219e+01
3.663956058986464e+01
4.293123359928430e+01
3.539725115308411e+01
6.622028908050632e+01
8.528833090573937e+01
2.646675586070248e+01
1.797579369413471e+00
7.350603969465291e+01
9.904105653941680e+01
1.112202238809411e+01
1.848976212483354e+01
5.624406545248072e+01
5.852177085286089e+01
9.471035627401916e+01
9.808685495429060e+00
2.723754547873398e+01
6.803973581084969e+01
3.091504440219842e+01
6.524948611168632e+01
9.675804967841043e+01
8.278915220070125e+01
5.262673695228377e+00
3.422780150278835e+01
6.123439309244715e+01
6.083644929380922e-01
4.696666856620772e+01
9.485632674529046e+01
6.300444363756312e+01
8.847462916210044e+01
1.100401818333381e+01
8.593012228884275e+01
2.126752921439126e+01
2.943696222707488e+01
6.344929391678855e+01
8.748781829489759e+01
9.717871872576825e+01
6.095222521617647e+01
2.696754230510794e+01
6.838711810688820e+01
3.368661042008857e+01
7.961576021258522e+01
1.688495991606496e+01
8.993067587256928e+01
7.135619496524157e+01
6.900354263791979e+01
9.973936141456447e+01
8.674356028751636e+01
3.704327840220336e+01
3.065440577019677e+01
8.320140223167903e+01
9.983964804552478e+01
4.983265770125792e+01
5.234414513797693e+01
3.434972629619284e+01
4.373044070961440e+01
5.295250967748114e+01
9.212141711829295e+01
1.486252924188158e+01
4.716878437770939e+01
5.821324817753083e+01
1.368257869672150e+00
3.309890661998601e+01
5.710235892660094e+00
3.080522009674703e+01
6.758437597545999e+01
7.240639434773772e+01
5.865989209090354e+01
9.280777447522048e+00
4.090013212566270e+01
3.350976921315760e+01
4.296738791417675e+01
9.822746189228606e+01
4.010482572023982e+01
3.289806374017991e+01
9.187208725692336e+01
9.108368311593480e+00
3.263742510817826e+01
5.109119687745869e+01
5.860888462448906e+01
6.264257247682781e+00
6.181704968298648e+01
4.627357150720133e+01
4.731959130024519e+01
5.028112560989387e+01
8.062329780339417e+01
9.258174476799637e+01
1.168797794342413e+01
9.572469824725981e+01
7.444274009877944e+00
8.161425077431568e+01
7.699804398091419e+01
8.812531879550093e+00
6.007794526409262e+00
8.203098032718104e+01
3.961775202286325e+01
8.229753332319555e+01
2.344741696652370e+01
8.145974161171342e+00
8.992379558734773e+01
1.738355495845133e+01
1.853199606692977e+01
3.289118345495834e+01
1.561101680417127e+01
5.863682178716959e+01
1.504183584593322e+01
7.665157344967666e+01
6.774519014532919e+01
5.426258763962546e+01
2.774277028056922e+01
9.326112530811741e+01
6.171850322825765e+01
3.413409345510141e+01
6.017040831976124e+01
1.662375978968281e+01
9.843930900024218e+01
4.079370607658927e+01
1.645111540167179e+01
3.288477535028233e+01
5.957850187997263e+01
5.486523846856562e+01
1.449902607803188e+01
3.657654581432070e+01
1.787664513936110e+01
2.921218342576744e+01
9.389361976361537e+00
5.749439716222435e+01
1.150971674896298e+01
6.382673665128030e+01
4.251662401599653e+01
2.234385117066272e+01
5.916424335872952e+01
6.104862008292630e+01
4.723825415002101e+01
4.949735591630328e+01
1.968544182352975e+01
7.463444353762755e+01
2.614892931941381e+01
8.743063196885895e+01
7.306111584094404e+01
5.389169964654916e+01
1.327468781418851e+00
3.477961906920169e+01
8.802579310165056e+01
6.149787710118009e+01
9.369328226600460e+01
8.089535486926108e+01
2.291583177769362e+00
4.543755280107145e+01
4.856652996901727e+01
6.187008505774200e+01
5.450166606088247e+01
8.483229921424403e+01
9.844663091862883e+01
7.237831124680969e+01
9.021949837460159e+01
3.754148592126625e+01
2.987270836246791e+01
3.787456221779555e+00
1.368222525980427e+00
7.238933237846445e+01
5.220372846918354e+01
4.189112123190012e+01
3.343795241482461e+01
7.336956154246327e+01
9.138847714820341e+01
5.312339428492049e+01
3.568336825616814e+01
1.753740642105108e+01
7.259284615171741e-01
8.744484050546067e+00
8.737749917776208e+01
4.345943655048471e+01
4.352410311974776e+01
4.619944796254832e+00
3.790260247788513e+01
8.734181671745228e+01
2.030169946155590e+01
8.765870751238369e+01
3.277936947195762e+01
6.886822943057317e+01
6.754104032532361e+01
8.728103557940621e+01
3.193378547762231e+01
6.598767119738631e+01
5.965934677964977e+01
2.421152495043889e+01
5.748966921003985e+01
6.224963351257593e+00
7.710466178930582e+01
5.551428215369316e+01
6.963179170602550e+00
2.930839021192323e+01
1.604674803840311e+01
9.535933993540674e+01
9.035731497702994e+01
9.877404970991148e+01
4.848273417376110e+01
2.604068318663197e+01
1.631145608439644e+01
9.537605684966597e+01
3.478516723717803e+01
5.726759236178714e+01
3.091825536960654e+01
7.830927040349192e+01
6.188753715804197e+01
7.673809583146968e+01
6.565108707437808e+01
8.754571531319326e+01
6.439680329728724e+01
6.583476442184055e-01
5.105746605017104e+01
5.284925301226286e+01
9.876751531789429e+01
8.299125152779335e+01
6.945382667214322e+01
4.537083881225941e+01
2.483925778644125e+01
2.359988625328982e+01
1.098142951306954e+01
3.520175760388456e+01
9.648141483612424e+01
9.682428147495924e+01
8.933204616854529e+01
3.866987351266196e+00
9.218362136379984e+01
1.683189622910316e+01
2.641037014611548e+00
5.599131973273648e+01
7.998139787464467e+01
1.895249309900798e+01
2.970311591853533e+01
9.532322864761727e+01
6.693055251004666e+00
9.020286988942087e+01
6.074474549886991e+01
3.580299538364773e+01
9.491899879412678e+01
2.639583252668187e+01
1.799223195667948e+01
3.133776897161164e+01
8.144074775345658e+00
6.904969800685052e+01
4.239720452688504e+01
6.911590046673822e+00
7.876740744280043e+01
1.589449877659534e+01
1.166805625505189e+01
3.606665182675544e+00
7.724073490930755e+01
9.081151387226373e+01
9.444548352362844e+01
4.336287702590361e+01
8.763579530065684e+01
8.377752969217372e+01
4.722986437716980e+01
1.935285842947329e+00
5.841251921766089e+01
4.987090139178135e+01
2.048577215545148e+01
6.062827029294719e+00
6.882339449078934e+01
5.018888807398682e+01
7.591405239697269e+01
7.551644978836013e+01
9.949685204750710e+01
1.584096328161702e+01
2.463991182141002e+01
5.729258063123216e+00
7.563888015022449e+01
4.263214382465563e+01
9.777558669344316e+01
3.147076518808993e+01
2.562229392380561e+01
8.301404411113543e+01
1.100295028230313e+01
4.389701320039901e+00
9.890854288773077e+01
5.005041148981564e+01
7.996366549281573e+00
1.284419219607683e+01
7.269989730450320e+01
1.354695130770418e+01
6.919909551236736e+01
4.535887932654418e+01
1.189530361997676e+00
2.071491513434561e+01
1.522927759924404e+01
1.798956236708423e+00
1.898850752924965e+01
7.315588322149398e+01
8.238978003262997e+01
5.507704231658813e+01
8.244986537958023e+01
5.830383238303654e+01
3.059349205838213e+01
8.194671738052122e+01
5.256654184896804e+01
5.999845837242830e+01
4.838453505578662e+01
2.820542195262640e+01
9.001893791836638e+01
5.300931313680919e+01
2.867059112930232e+01
1.700779656740269e+00
3.602335724794462e+01
3.967354141160545e+01
6.542357097632417e+01
3.493190008910927e+01
6.585111611795198e+00
8.839008821565196e+01
8.072190521318554e+01
9.007491529457035e+01
5.802088885475923e+00
4.576947537519479e+01
3.368907004300927e+00
3.274281547998209e+01
6.648439055610652e+01
3.484537095522759e+01
4.150518050487395e+01
9.251118152984938e+01
9.175406787160509e+01
9.118035556337813e+01
4.758822379987139e+01
7.420393320461919e+01
5.965386673791981e+01
4.212974605249695e+01
8.302561071842240e+01
2.362898356450209e+01
8.951654014620769e+01
4.535185547794768e+00
2.110046964189991e+01
6.901783080260169e+01
5.069530725045842e+01
5.004272090738766e+01
8.123625772131433e+01
8.445075465573498e+01
8.769963080422004e+00
8.632743311409253e+01
1.938265469827813e+01
1.535507469221720e+01
3.504991682015821e+01
1.045598648975416e-01
2.481726064571052e+01
4.085200570563413e+01
6.997934718149685e+01
2.818616765001144e+01
4.784362495310774e+01
3.136847109131909e+01
4.678435225355641e+01
5.663420048385589e+01
1.684136913010914e+01
3.853842007859537e+01
4.781455600066788e+01
1.633628616870208e+01
8.104755053345465e+01
9.729874390051641e+01
7.835397905593457e+01
6.407316120531091e+01
4.001906497404867e+01
3.269817621107129e+01
7.342818932301746e+01
8.044489551356290e+01
1.716006967106837e+00
7.918642790950203e+00
9.207091806087220e+01
2.864225484833226e+01
9.236939744668518e+01
9.438245421945233e+00
7.530208349940463e+01
4.548575950110600e+01
4.418059081965154e+01
6.869467285866601e+01
6.460036470768991e+01
6.899785146536206e+01
5.120400602519699e+01
2.948444524290247e+01
4.265997057904488e+01
9.904763102487085e+01
5.807284003033900e+01
4.396837132236379e+01
8.838474777917598e+01
2.682090239916970e+01
7.152084213286678e+01
3.496387416262360e+00
4.315718856787178e+01
5.256839261975530e+01
7.951312702126481e-01
9.227249752370291e+01
1.664155377850009e+01
2.172285873523115e+01
6.014301663271292e+01
3.757033773584772e+01
6.375105588871569e+01
7.549013759730856e+00
8.405144204574239e+01
5.582197390302176e+01
9.928316203843950e+01
7.642083949242758e+01
1.264475160867197e+01
1.149335210746776e+01
1.012112796777912e+01
8.631110651712450e+01
2.184535242703061e+01
7.472149267546902e+01
7.843866156341446e+01
7.304935845222759e+01
8.186546283860945e+01
7.562268063222183e+01
6.433048083648573e+01
6.505885425259305e+01
4.913638911635447e+01
5.271522856909559e+01
4.275313976348990e+01
2.097843308978641e+00
9.244765997512623e+00
5.667165823125823e+01
9.734698803971847e+01
3.207033957916794e+01
4.759158433768506e+01
8.986717769404277e+01
1.792021860271702e+01
9.087172294541809e+00
9.905947418839645e+01
2.271237285934033e+01
9.005432487002309e+01
6.075330849772007e+01
7.336622805957042e+01
8.933748690846259e+01
2.647225834730652e+01
3.862644733797128e+01
6.432080681636967e+01
3.550980493217232e+01
4.806725743602368e+01
8.364092646336226e+01
1.467465358538304e+01
1.564243408648410e+01
5.921551769562788e+01
1.443723543288057e+01
2.128599538527708e+00
3.131250707959407e+01
3.647841919980870e+01
4.707952549079411e+01
8.844678601643386e+01
2.224922944896353e+01
2.381749480209197e+01
9.769155201394649e+01
1.315401816421841e+01
4.096238060899190e+01
2.243687576727796e+01
6.074560250190347e+01
3.082955825646853e+01
7.623007412824317e+01
3.695221563659246e+01
9.682953515873734e+01
9.377432828479182e+01
5.358840173743125e+01
4.246640188734345e+01
8.942947447739051e+00
6.415856446333162e+00
6.785507885173665e+01
9.863354335475412e+01
6.024423556413699e+01
3.364883737342844e+00
5.383426111835720e+01
4.388516198093312e+01
1.359618129841806e+01
9.027767977224555e+01
1.528623854521952e+01
9.921313230842964e+01
8.246877965632304e+01
4.743084723475894e+01
3.569155150823833e+01
4.188431102870234e+00
6.522175160479813e+00
2.977873586573579e+01
3.037098330928524e+00
9.688871144172209e+01
8.699623499391425e+00
4.917040874677264e+01
2.842064571027674e+01
3.656466684144208e+01
3.182402794799955e+01
3.760537609346461e+01
9.153935019464203e+01
1.353712133762293e+01
8.932998957546893e+01
2.710528421546579e+01
5.600352322496638e+01
7.844542678373188e+01
1.840659390129456e+01
9.189273868309927e+01
7.707897009191986e+01
7.865082946543154e+01
2.722348576747975e+01
1.607181058082348e+01
6.116062643060490e+01
4.081966706589780e+01
9.641199069861881e+01
7.727896658576977e+01
6.885308384376256e+01
7.888077030837572e+01
8.884002598414199e+01
1.746880068325847e+01
6.551305319439297e+01
2.830460790000139e+01
6.161326126270613e+00
1.107512726964202e+01
2.812070037616449e+01
1.486094962566204e+01
1.254963041867578e+01
9.388138754008402e+01
2.130996725582982e+01
9.206956401098033e+01
3.148676358698251e+01
2.494249899170478e+01
5.606685302037134e+00
3.233193835817833e+01
7.315354606749189e+01
7.757676615266909e+01
8.880248423144337e+01
8.556892391553565e+01
6.946950483576838e+01
5.104003369390966e+01
8.982672784003742e+01
4.936060581792174e+01
6.711184432129927e+01
9.274696088058266e+01
5.351196343708408e+01
5.021975093997072e+01
2.826632076327983e+01
1.370197185953239e+01
4.240460523516154e+01
1.940921676317659e+01
3.117077254279087e+01
4.594551564471121e+01
4.771382466317798e+01
8.756874915564840e+01
3.654893386948338e+01
2.196416364078353e+01
1.976991324674800e+01
9.679446993246417e+01
5.977511143301386e+01
7.119552976041824e+01
1.442396511064096e+01
2.777060215723263e+00
3.020920452205893e+01
9.447071919891550e+01
3.510899857390159e+01
4.818581195929358e+01
5.608092772591903e+01
1.896663001690369e+01
9.492289060490342e+01
2.050747592957107e+01
7.548026976896463e+01
2.358146362173439e+01
6.986808174749282e+01
4.206336072742164e+01
5.788082082657182e+01
7.753998091329819e+00
5.587195654207466e+00
2.835138562524290e+00
3.011904537217647e+01
4.799180088936901e+01
5.581127309976670e+01
4.666554883432833e+01
7.346560748921037e+01
4.001939661801764e+01
3.423429798997673e+01
7.480152141060751e+01
5.234822046586696e+01
5.354555973482577e+01
6.809011244591797e+00
7.580357341831716e+01
4.764410487732110e+01
9.567304514147017e+01
1.434629089867058e+01
2.087911820080090e+01
9.014376429381956e+01
5.000939064193955e+01
8.121606003549698e+01
4.076996019145938e+01
7.392087340071838e+01
7.613895059383425e+01
6.127743612103045e+01
4.887238985340688e+01
2.640112956352584e+01
3.114551782195713e+01
3.203327629344225e+01
9.699473627703020e-01
4.977046309493969e+01
6.596115243898758e+01
3.805085925294592e+00
7.988950846711617e+01
4.451474712440500e+01
9.546287143391690e+01
8.756191287541851e+00
4.062734532199211e+01
5.103592441931178e+01
4.253183777561962e+01
1.542886668603349e+01
5.198397610894590e+01
5.961716312897259e+01
3.480390721690092e+01
6.410730800782670e+01
7.261267959727564e+00
3.354646974874031e+01
7.900770007586465e+01
4.169760520649032e+01
2.062071655905839e+01
6.381165951667897e+01
1.076253536658480e+01
6.404841899129022e+01
3.665654083558197e+01
1.358220130837625e+01
2.532585506575455e+01
5.181035392536333e+01
3.998333091846823e+01
9.663630388520485e+01
1.701496821689185e+01
8.289602989465745e+01
8.940969509510775e+01
8.297612070244557e+01
4.475836425309924e+01
2.629627540069459e+01
8.378379786563282e+01
6.596254425400987e+01
3.294144092730313e+01
1.764152432682063e+00
1.699846867332164e+01
7.758430451042220e+01
2.975904840499118e+01
5.599445503018539e+01
7.366170202086759e+01
3.662950938410569e+01
3.236912984045647e+01
2.915281729267576e+01
7.017597913284600e+01
4.230253805513612e+01
3.617779423304731e+01
9.345443793267684e+01
6.114197571815084e+00
4.694032959963210e+01
5.750285687740094e+01
4.277073840739705e+01
2.306762003482674e+01
8.282871194315548e+01
2.775243033084666e+01
5.058617799104479e-01
3.376217579178613e+01
4.476739859430464e+01
8.970604841118029e+01
2.870977983284266e+01
2.774351925018407e+01
8.621750436081435e+01
6.465218172625274e+00
4.867382484892096e+01
9.059222763897489e+01
9.949401435418707e+01
9.496608800020351e+01
9.460270656021437e+01
1.910198937128391e+01
8.019702573316033e+01
7.994874672961828e+01
9.276369143871761e+01
4.475998135505243e+01
7.069892458184572e+01
8.724388041870850e+01
3.979988924218337e+01
6.980838764915633e+01
2.708016188213610e+01
5.546051373493882e+01
9.793494143427114e+01
7.036200420482177e+01
3.796654680649124e+01
3.505350557856891e+00
3.074581396335076e+01
5.491140678288014e+01
3.125778093526968e+01
3.139039689274058e+01
8.854594504858644e+00
7.602517952957432e+01
7.284953700045568e+01
8.902353732335546e+01
3.768698733192263e+00
5.906704131470389e+01
9.548875549598074e+01
5.105915919461248e+01
1.363586756104411e+01
3.700644035684245e+01
1.497136476215504e+00
5.680260171964886e+01
5.073625969269139e+01
4.095829280137937e+00
3.675134840270102e+01
4.887212112027785e+01
2.645414351786214e+01
6.555806154644026e+01
4.720897676758887e+01
7.617065048598249e+01
3.689639504854399e+00
5.953767614417601e+01
9.075048854143847e+01
6.442425170188037e+01
8.196733257824896e+01
5.968109330147555e+01
6.792960230630338e+01
1.271314654159972e+01
3.477351201454807e+01
9.918738324157306e+01
5.026897902147331e+01
4.362810656597284e+01
7.521256272458126e+01
6.502414935502416e+01
3.487735308468218e+01
7.898126145777351e+01
6.499846198828820e+01
2.814039929217678e+01
6.511498166486388e+01
7.375045957684073e+01
1.331905704611868e+01
6.356700875962480e+01
1.801243495103551e+01
2.125526933057944e+01
6.766283803976273e+01
1.287157191563005e+01
9.845152632261231e+01
7.476042386831735e+01
7.842963346207031e+01
6.243391989843636e+00
4.101445662836286e+01
1.379608256453466e+01
1.994964164679388e+01
6.272900312334718e+01
4.709747310127014e+01
1.916974225042841e+00
2.241009642482274e+01
9.398322882781887e+00
5.646496389827922e+01
7.020700088246120e+01
8.357350373807061e+01
4.863957625284771e+01
8.117149587775185e-01
9.524399186263047e+01
4.242995965407694e+01
1.704043565180173e+01
9.299814286315728e+00
3.775491618446769e+01
6.160375809371646e+01
8.447329643390761e+01
8.606275114513130e+01
5.471069060951038e+01
4.804030514696628e+01
2.951781071234392e+01
4.800586707331513e+01
1.570314318672900e+01
9.368796194609625e+01
1.813325752417243e+01
6.409361821789929e+01
2.081901609004429e+01
6.287803671456782e+01
5.108074799696018e+00
3.461509865457895e+01
8.282767836136171e+01
2.691919772276617e+01
2.926400621853024e+01
8.583846613105315e+01
9.024717434786595e+01
8.656500428289408e+01
9.937477335304709e+01
4.958860932364529e+01
7.468439837670159e+01
9.094300623561395e+01
4.824249774601427e+01
6.992839019276592e+01
4.606731750353580e+00
8.170585659412009e+01
8.543653468854563e+01
1.413225439103891e+01
4.330961464127042e+01
5.364300043026125e+01
1.950054896040845e-01
7.006021238400611e+01
9.466991452252023e+01
8.338483440847361e+01
6.366045911035522e+01
3.365327940958240e+01
1.538264975668054e+01
3.619933693492754e+01
4.809672704343532e+01
4.659323312649188e+01
4.375602940272355e+01
9.354481338222735e+00
7.022072671457228e+01
