9.538690703706205e+00
4.382175372160121e+01
2.343219012181842e+01
6.065643781826665e+01
5.760078097581900e+01
3.583750912725809e+01
3.921470038556247e+01
7.674790093523818e+01
5.295870097026169e+01
6.228926985631197e+01
8.217596173387764e+01
6.676949102746764e+01
4.755777122804791e+01
4.656399532526918e+01
5.197497608697740e+01
1.045036758782825e+01
3.852046990698225e+01
5.728221822403474e+01
5.385142269257987e+01
1.964379708266063e+01
3.750905810739336e+01
8.254083855195942e+00
6.072679909911324e+01
4.180077800611070e+01
6.886582927259887e+01
2.777627959278239e+01
8.647867258939830e+01
4.305869827189422e+01
6.420472379038330e+01
3.329202618137563e+01
9.974825307715138e+01
8.874244461243154e+01
1.920565637722875e+01
5.668999313222710e+01
4.939888243069820e+01
8.736303112812482e+01
9.475202765071393e+01
4.213815575565125e+01
6.252571826918317e+01
8.780340481912875e+00
7.285438788722008e+01
4.521096062157813e+01
7.554983150938052e+01
3.791895962223362e+01
7.750602791901026e+01
2.752480759635791e+01
9.992937734347274e+01
1.398813892807259e+01
8.480702582039265e+01
6.507069052433162e+01
3.363193601073321e+01
7.701129651489262e+01
3.918838512114640e+01
9.435873515641258e+01
8.381626926540223e+01
3.936892917350350e+01
2.213501470262884e+01
8.361201946791820e+01
8.655882216364090e+01
1.338768564788051e+00
7.222781473408817e+01
7.033210902955946e+01
9.008121322378572e+01
5.528208154965289e+01
3.992784914557257e+01
3.948009560791780e+01
2.504487974804122e+01
2.527735667548950e+01
9.500375636620622e+01
5.568045301161727e+01
3.405769720396851e+01
9.479305711332385e-01
6.848605911642596e+01
9.607528666782905e+00
3.886689019336686e+01
9.266636962660884e+01
3.713233626314082e+01
5.728277557402978e+01
4.293544871869285e+00
2.193936208353348e+01
1.643252503892059e+01
3.481662139986484e+01
9.181252284525544e+01
9.398147356416167e+01
2.917535650971129e+01
8.608564161047603e+01
7.241028741579983e+01
9.707439415951930e+00
5.896784242194511e+01
8.510122983022650e+01
4.731318887663688e+01
4.430852734684410e+01
9.352192855138422e+01
6.254999761588406e+01
6.887750582251581e+01
8.595866788456155e+01
2.978260793247382e+01
9.392238557055703e+01
1.123602456005105e+01
1.030399129274487e+01
7.020210389522934e+01
4.529372176401957e+01
1.125192191044424e+01
1.272218390960348e+01
5.490125043080246e+01
5.011881210381109e+01
6.708916889833714e+01
9.203358674050941e+01
8.435647496225148e+01
6.827385428746877e+01
7.647370378322607e+01
9.542005047920162e+01
3.090475687333604e+00
5.822839478879627e+01
8.972466145163619e+01
3.226583219704489e+01
4.391501859944082e+01
8.716960441654995e-01
3.669538811626629e+01
2.556854506282534e+01
2.635604195592741e+01
3.622534327964547e+01
7.398128065931671e+01
3.629135509780206e+01
4.655857460878723e+01
7.559702669996629e+01
4.412333119852623e+01
6.116614488939109e+01
1.956409351879921e+01
7.898407321375984e+01
8.013535480952605e+00
8.976619741402855e+01
2.427779493121328e+01
7.665965411656521e+01
1.548678298270646e+01
8.143982262417666e+01
3.284087019639130e+01
8.782600610881393e+01
5.154370551535101e+01
4.163659882807946e+01
8.768987520024641e+00
8.518558083343579e+01
6.842526810636058e+01
3.970524805584235e+01
9.630363583392632e+01
7.799589395429749e+01
4.037815087492492e+01
1.001467826311229e+01
9.940474168369768e+01
7.867309622404775e+01
3.558322332593762e+01
2.576078363962508e+01
6.017969761052154e+01
9.721535565201908e+01
4.863246038958079e+01
3.395573642754729e+01
9.295279183096848e+01
9.275579158810703e+01
3.015386873397691e-01
8.500136951217492e+01
6.529524534255977e+01
5.545734961305622e+01
4.345575507891166e+01
1.769412263189169e+00
5.449373296205594e+01
9.697824427717283e+01
5.773912647633772e+01
8.733460315844724e+01
2.458330617499692e+00
2.895175848573063e+01
2.705297983579942e+01
1.122731813752433e+01
1.413733931916642e+01
9.547824794216000e+01
4.686039464867692e+01
6.216241114873551e+01
2.983771359074754e+01
8.723854552360184e+01
6.756599315794463e+01
5.303291904415606e+01
1.119289980791179e+01
3.149216483882263e+00
7.879370268378113e+01
7.137259741843334e+01
9.549664202867851e+01
8.634386709255347e+01
1.713685715437720e+01
2.365282514302657e+01
3.753253088217812e+01
6.458067128648082e+01
5.103900258012069e+01
1.592436624501104e+01
8.258120486632977e+01
6.129113913573844e+01
7.126314811001679e+01
5.215502458259231e+01
6.674227424279893e+01
5.222357378910461e+01
2.854419081869730e+01
9.062904216844078e+00
8.117533232140137e+01
3.085152522234783e+01
9.337069736484936e+01
9.531267164056779e+01
4.694076867166011e+01
9.467137483631790e+01
5.286398648883402e+01
1.253105844954544e+01
8.190992031335361e+01
2.042997964677865e+01
2.123636208532209e+01
9.310282016783152e+01
2.357919613066092e+01
3.239556776005568e+01
6.447541753969873e+01
1.907583811277330e+01
1.873943480604302e+01
7.498340880264686e+01
5.679204382784294e+01
7.667436184206716e+01
7.732918480286803e+01
9.061844814131895e+01
4.616809764232864e+01
6.837414361926454e+01
6.195904322059781e+01
9.079032847228940e+01
4.952223023843124e+01
5.615224417119857e+01
4.301390226139403e+01
2.985862238791707e+01
4.635861867403548e+01
2.418923453622928e+01
8.132114316398331e+01
1.517477026915866e+01
4.194602386185249e+01
2.826191183564342e+01
7.596958427502288e+01
3.142603013265227e+01
7.901927553071607e+00
7.075089391821572e+01
8.877821890114723e+01
6.307045797029066e+01
6.385371403948111e+01
6.090372370598079e+01
7.544530754696825e+01
9.108944544153728e+01
3.545090650927784e+01
3.963390502130329e+01
8.288761604711768e-02
1.842370434590788e+01
1.394924042464664e+01
8.910547913476150e+01
4.941634268007071e+01
4.968595236990878e+01
5.747962275402602e+01
6.095173971771809e+01
7.990761025804449e+01
2.805657956193042e+01
1.376655335247822e+01
4.405935227128646e+01
9.278732654302722e+01
9.438790087326798e+01
6.824858680751575e+01
7.410846970701054e+01
9.139611147874786e+01
8.090704008047797e+01
2.370381496087826e+00
8.023708508360995e+01
6.011638551024552e+01
3.261087659402326e+01
5.098797895525954e+01
4.369530093096910e+01
1.363396235445233e+01
1.484169299474065e+01
4.599024590383761e+00
7.112664206471604e+01
5.528479169834628e+01
6.623068515501483e+01
6.202997866181190e+01
4.648336490918108e+01
7.275075277907344e+01
7.597921913302467e+01
4.028989423079877e+01
1.971722441712265e+01
4.679259776454074e+01
1.882424355429795e+01
5.464828165930150e+01
2.670020797601911e+01
4.246764864887467e+00
8.880396261289900e+01
8.759519219752178e+01
1.911081556189378e+01
6.614016637492001e+01
9.470892967409870e+01
8.058455888209146e+01
3.118268155082254e+01
7.561596975457667e+01
3.748810851829504e+01
9.836870436480675e+00
3.943830711740922e+01
5.646458796992179e+01
7.312890387751577e+01
8.771700602384145e+01
9.965355070291719e+01
2.349334360263001e+01
6.965419196973285e+01
9.856080342948475e+01
8.810040903654900e+01
5.854671576924003e+01
3.959001826103312e+01
1.314753308573157e+01
4.320110527016273e+01
6.585343422640740e+01
9.744721054911949e+01
5.253158479581194e+01
4.180280251512434e+01
4.180484388107659e+01
9.443135005162626e+00
1.008413248233690e+01
6.315227717307967e+01
9.824709761806163e+01
8.458547046621585e+01
4.658651219056291e+01
3.239069801400914e+01
4.101100510033360e+01
7.865215767112196e+01
6.170415941705190e+01
1.581683429694587e+00
9.474282790661921e+01
1.936783106968171e+01
4.101999054710380e+01
5.398571330773910e+01
5.944727131139826e+00
7.617070161559187e+01
2.130596615434902e+01
5.743743034891664e+01
4.582489358532470e+01
1.986676958383376e+01
9.400867959205466e+01
9.050725358096288e+01
6.397148434257670e+01
7.032884176370167e+01
6.736049548134231e+01
2.986290912603164e+01
8.006090367215728e+01
5.530523651060893e+00
3.983189460813622e+01
2.186574750666774e+01
9.707645256867468e+01
4.991602709047311e+01
1.966776229425695e+01
9.849552763555923e+01
1.899436238174995e+01
6.625427448481986e+01
3.083536719476588e+01
4.496007610343401e+01
3.573375378536701e+01
5.043404998743629e+01
1.528858175281835e+01
3.047658164542009e+01
9.331581247659206e+01
3.650337100797490e+01
7.428374708363961e+01
3.992683931250443e+01
1.267407257700063e+01
8.943008351578847e+01
9.143966463927164e+01
5.849896616232533e+01
2.285673326014389e+01
2.091289508198988e+01
3.912163252901362e+01
1.635194253937897e+01
4.094118463850635e+01
3.765932849499365e+01
2.034183769502762e+01
2.100208831066363e+01
4.318985214605455e+01
6.017373230316384e+01
4.286783581733138e+01
3.325503842591077e+01
1.008975939363696e+01
6.253559811158832e+01
7.981283286577688e+01
3.977801354591642e+01
6.430449479459995e+00
1.064820001397664e+01
9.710399568877369e+01
6.942806368201416e+01
4.088800923940168e+01
9.447890468615986e+01
8.972609745791466e+01
1.509508421416166e+01
3.098227564756865e+01
6.400984449498813e+01
1.333248294579446e+01
4.365634827113540e+01
7.967416922546651e+01
8.794328136739475e+01
2.155314386894607e+00
2.530902439044278e+00
5.607824626196094e+01
3.956412083449034e+01
5.845187327752443e+00
9.701943094703343e+01
2.694837843391503e+01
2.618702502278007e+01
1.802151921113092e+01
4.030381256728611e+01
9.859932637708230e+00
6.088935502846230e+01
4.514775846393209e+01
1.125923377054708e+01
7.778318392940945e+01
2.496059132970897e+01
5.103724731646350e+01
5.221482573645881e+01
3.560879134368561e+01
3.165894799477372e+01
2.303727368034295e+01
3.879651796948003e+01
2.613785268093359e+01
1.173866005229701e+01
5.389160218364169e+01
5.712012832850224e+01
4.310626277844713e+01
3.022178235939787e+01
7.764765530715122e-01
6.809703478035379e+01
5.537511392281164e+01
2.931790986532248e+00
7.062793721939806e+01
1.145336013820645e+01
5.894538399714296e+01
7.647312454715050e+01
8.472791038673739e+00
6.095275132029911e+01
3.768277961652856e+00
2.649431024980466e+01
1.256563841019088e+00
8.902090689587449e+01
1.142055891054708e+01
9.241759855878428e+01
3.975019233289650e+01
1.080861841831758e+01
3.317025757076696e+01
8.335100216015753e+01
6.302344415477638e+01
5.625339432445047e+01
1.500995010836513e+01
7.178984590423751e+01
3.647150329149864e+01
4.114780278929872e+01
7.595896747706409e+01
2.104974944193370e+01
9.826793116436710e+01
1.906523020894510e+01
8.741506342190088e+01
9.904440771743862e+01
9.053871766223513e+01
8.533838907505310e+01
1.976198657404724e+00
6.469097703913738e+01
9.679174925982568e+01
6.477581479809052e+01
9.512151838053089e+01
2.020991222011387e+00
1.723630303388289e+01
6.175588847219753e+01
5.745772922293177e+01
1.917584464846917e+01
3.791590860947776e+01
1.914251582657104e+01
6.195979270244008e+01
7.227399832209292e+01
2.995113424488862e+01
7.972092925557909e+01
7.140833790013956e+01
9.297457839966499e+01
8.571743079727396e+01
7.847497466880594e+01
7.298126121656097e+00
3.519131170361830e+01
1.178275333334820e+01
4.357591971921544e+01
9.238459271955519e+01
1.005068445114916e+01
4.416045264534673e+01
2.625373039685829e+01
8.081971350164139e+01
8.336511770420014e+00
1.159211942534527e+01
6.513409831800224e+00
1.082930309270942e+01
1.798115042875574e+01
1.337298188049951e+01
5.950821426674175e+00
1.364840893710424e+01
9.338223575306229e+01
3.004209139851951e-02
3.259992912998420e+01
1.255808035496533e+01
9.053506413033934e+01
6.454977531197936e+01
9.550222027837401e+01
2.753298293218621e+01
9.450090955686797e+01
5.843474551031122e+01
1.843406284155048e+01
8.658998905987943e+01
8.732965946538823e+01
9.706864617628447e+01
6.021196244294381e+01
1.392010083138947e+01
5.375629898801274e+01
9.513305048231643e+01
5.886082046612204e+01
1.090245121666344e+01
1.222884748700487e-01
1.355399219950381e+01
6.206311474650312e+00
6.079035515933779e+01
4.477479413374085e+01
3.106883425780984e+01
3.762886814662668e+00
5.090538926930418e+00
2.609270323351617e+01
1.613091547793286e+01
1.873894786403466e+01
7.278008483014073e+00
1.616095761589751e+01
6.414620734944297e+01
2.073817133006555e+01
3.793386371710052e+01
2.869598261485620e+01
3.338620119420169e+01
3.464709554549637e+01
2.319689212515805e+01
4.247761212404706e+01
5.308115843361298e+01
9.389813011228020e+01
9.996296158058706e+01
4.215017181921293e+01
7.088434243150257e+01
3.455936477266223e+01
1.929493281957458e+01
7.703045903566780e+01
2.139414726821433e+01
1.613945947780249e+01
7.715274755710398e+01
3.049592013959583e+01
7.390193323320800e+01
6.666768904154546e+00
3.215368372954134e+00
1.239717850107568e+01
9.635279490442610e+01
2.708291491823407e+01
3.289048091177386e+01
7.392327453658137e+01
5.715974073724809e+01
5.419243008559217e+01
5.245460916890512e+01
7.408436479702794e+01
4.011917889123745e+01
2.706427668550251e+01
4.126228808484147e+01
2.143866080857751e+01
7.599398269131500e+01
4.308393734650870e+01
7.766067426542783e+00
3.660478677442520e+01
1.402611472365731e+01
2.705894127816844e+01
8.243361631521657e+01
7.087871505454123e+01
1.398325805272127e+00
1.728549088225024e+00
3.116194188183264e+01
1.834025374536414e+01
5.384903086994264e+01
8.391677694577574e+01
2.447109665929857e+01
4.173890573053570e+01
1.067346935657480e+01
2.768646503225270e+01
3.272173154760233e+01
5.002708409448484e+00
5.118980302996459e+01
6.561221250594231e+01
7.892598294602986e+01
8.547347834588656e+01
1.980464254496835e+01
6.038976845349639e+01
5.422829019568315e+01
7.857102159344173e+00
9.457093323328110e+01
7.411533537046766e+01
2.929576301448781e+01
2.292787536183739e+01
1.719927267041023e+01
4.849899525218596e+01
3.772040602644925e+01
7.026456448727500e+01
6.939934476716412e+01
3.367800853852090e+01
1.066731196393599e+00
9.397090174908325e+01
9.460774953225989e+01
1.557024517821625e+01
4.237896904460106e+00
4.037129322084193e+00
9.948702212399199e+01
9.894485603968839e+01
7.620774450535315e+01
6.390907618399202e+00
8.796905092334796e+01
8.929476006389352e+00
5.301178579824594e+01
9.273066324774672e+01
7.454168851233166e+01
2.348266086703291e+01
6.312046193663052e+01
7.151720257080962e+01
2.621785342982870e+01
1.734875208574755e+01
6.934657463307799e+00
8.743435660723334e+01
9.146408750278134e+01
2.617545054581736e+01
1.036223196907073e+01
8.663360126625449e+00
9.486692221596228e+01
4.808263799551997e+01
7.961895017866928e+01
5.023238237492386e+01
4.274574645922787e+01
9.426379953243946e+01
1.487490079127015e+01
3.735349594492162e+01
4.323970477247597e+01
9.817377459172802e+01
9.842403409929203e+01
9.028965681339133e+01
6.661785075749171e+01
3.405499376079766e+01
9.840940283537350e+01
6.026704612200477e+00
4.898595532820837e+00
1.154904682727020e+01
9.875226775126171e+01
4.548918532463218e+01
8.795409099569270e+01
6.187272964132611e+01
1.890983573110301e+00
2.983252724159161e+01
7.922148177363979e+01
4.203894964514252e+01
1.726688384882495e+01
1.786556859401314e+01
3.104968733668779e+01
2.762911581789568e+01
1.750245411764013e+01
2.600955633726416e+01
2.030203101239262e+01
2.670364269367589e+01
5.595651550961496e+01
5.451786185359483e+01
3.418307943930062e+01
4.691511492566909e+01
2.911657436244030e+01
6.420714695202520e+01
7.446301322172536e+01
1.799868569616167e+01
1.524099172802688e+01
7.966706095247858e+01
3.639293277468203e+00
7.387883671274355e+01
9.854737156934448e+01
7.458679013633486e+01
2.357118689621388e+01
9.730473938272556e+01
2.007597546096704e+01
2.881411520243348e+01
2.058207957101151e+01
6.398834943025762e+01
5.864664249059122e+01
1.818257338282772e+01
6.886258622112804e+01
7.591352633941617e+01
1.472997368067968e+01
7.548858736431626e+01
4.910943459212288e+01
6.821707192259704e+01
5.636406645940806e+00
7.925439592416137e+01
2.718495141118064e+01
4.568295974549044e+00
4.050458122068299e+01
6.136803089704739e+01
4.473808232915498e+01
5.352289227467165e+01
8.633655546528128e+01
9.657230041761524e+01
2.391452646065249e+01
1.577547146742021e+00
7.623936132352770e+01
9.878345811682915e+01
2.431510706633102e+01
5.457545563326006e+01
7.337024820659786e+01
4.042738314737910e+01
8.644624589311249e+01
9.344622366756491e+01
8.916928576732488e+00
1.169666527383806e+01
4.214067894133770e+01
1.664247625351067e+01
5.592911665138281e+01
5.530815695193976e+01
3.801667086687716e+00
7.767562520582025e+01
3.079674426968989e+01
2.456053454641278e+01
4.589269712841729e+01
9.253319785582516e+01
2.909730879082219e+01
7.307764853959794e+01
7.925869565422586e+01
8.431060122526745e+01
8.974346233985548e+01
2.615862177971686e+01
3.783349349993909e+01
5.968851505764226e+01
7.652702507401213e+01
3.297765824616777e+01
1.012478541122972e+01
9.914360004437324e+01
3.176111631643079e+01
1.653066557670509e+01
2.886577543284082e+01
5.131364523028658e+00
8.232618648667177e+01
1.998036118223349e+01
9.857758819059357e+01
4.725660520943655e+01
6.041795074027868e+01
4.399862943403360e+01
7.514474600327422e+01
1.971879784004707e+01
5.827756661841532e+01
7.894641313652807e+01
6.822235918055398e+01
7.883021891062624e+01
7.547401556534415e+01
7.716087190302130e+01
1.273060450923192e+01
7.288942745555632e+01
4.587140420725169e+01
9.198930021002390e+01
5.720002863425763e+01
6.074016348493293e+01
1.656074608515983e+01
9.503352213419673e+01
1.099318406125213e+00
5.004581368996102e+01
2.801118038036450e+01
5.217706693903406e+00
5.359958198554794e+01
5.977229669679529e+01
6.104682412047256e+01
3.432260324914130e+01
6.490366121982395e+01
3.906193098009653e+01
1.521847304665412e+00
6.348124941041752e+01
8.631853618953309e+01
6.193979809151021e+01
6.310803921106645e+01
6.146328214624118e+01
4.367548722944943e+01
2.266001362477430e+01
4.040969523620312e+01
3.806628996416288e+01
9.385438319009467e+01
3.204931781257005e+01
1.086004563181663e+01
7.343082305669357e+01
4.580610433863760e+00
5.673144983906832e+01
6.542012322015135e+01
1.141219600635217e+01
8.993367519692224e+01
8.815152998461924e+01
5.182339574760915e+01
8.502659647959592e+01
3.819734362801413e+01
7.983457612797366e+01
6.160695220418598e+01
9.179692561356208e+01
5.256811080154409e+01
4.207974166706192e+01
3.525731434824751e+00
7.309524220092932e+01
5.188568795653325e+01
5.047578739490164e+00
6.799178340844428e+01
8.208512816675247e+01
2.270787634081574e+01
9.380831708843276e+01
9.497525547397103e+00
7.815260825592681e+01
6.068350051561533e+00
4.990722083016635e+01
6.797076653128991e+01
7.055268016203897e+01
7.660763840033097e+01
2.128344859056335e+01
5.670345800775264e+01
9.428873196909611e-01
2.807541500221725e+01
5.619514829301981e+00
6.690630850703749e+01
2.085892703424158e+01
9.377104481392124e+01
9.733398584524821e+01
3.035686585603136e+00
3.196838839536924e+01
4.652924204549252e+01
9.327998975910245e+01
2.415231690935433e+01
4.252201553551574e+00
4.326750735904440e+01
8.827817397577602e+00
8.762735551578334e+00
1.944485400777536e+01
8.075260756572365e+01
7.675451896002261e+01
7.626076898363453e+01
9.932600106081273e+01
1.970993821495675e+01
5.478548996838997e+01
9.667024426007190e+01
9.640823523346718e+01
2.004081430846863e+01
9.369750749026309e+01
6.696091539550615e+01
1.640309119429583e+01
8.102469597059520e+01
7.319916559997908e+01
8.936575036000728e+01
4.586844940011783e+00
7.881868042928105e+01
9.821468312210155e+01
2.544577202081949e+01
7.258972519663615e+01
2.506921488096435e+00
8.730734856208198e+01
1.061452413472092e+00
4.767076454482543e+01
5.066281885405203e+00
2.832342755437057e+01
1.071255943305444e+01
3.769230285551972e+00
9.341888846523076e+01
7.861638971539978e+01
5.331700390824908e+01
8.795309722793898e+01
9.251484651701285e+00
3.036912788188510e+01
5.148975176340424e+01
9.760307595022167e+01
6.884944563212314e+01
6.475770746579286e+01
6.383428129546078e+01
8.127165007464198e+01
5.845521495605595e+01
2.347288374950778e+01
3.570456357472789e+01
9.815086289222858e+00
1.506937384375807e+01
3.552881900012903e+01
6.222152447431419e+01
4.885190122241708e+01
3.374350207566447e+01
9.684816198276735e+01
2.144162637248711e+01
9.568061148546664e+01
9.371683411007599e+01
7.884216908311572e+01
6.443970243653268e+01
9.878311599548120e+01
5.495332454096214e+01
7.736581087921085e+01
3.522909816132351e+01
9.937640470423569e+00
7.704837018486502e+01
4.339091481798837e-01
2.254370889744894e+01
9.601226616465127e+01
3.249174921423744e+01
8.516983589398201e+01
2.497368903130931e+01
7.561781675350751e+01
4.992754335977489e+01
5.034334713143453e+01
5.688946678158337e+01
8.382758269264716e+00
7.276000318711624e+01
1.919657365381558e+01
1.748150876605953e+01
4.279322398025227e+01
6.271977860607196e+01
7.143293571259497e+01
9.164512520266935e+01
9.646328068173644e+01
2.521285378616901e+01
1.308675152859034e+01
1.323221852687757e+01
7.588962846244203e+01
3.908649144651671e+01
7.767192096341024e+01
7.241789618153959e+01
8.010673540649319e+01
4.607728014051787e+01
1.168431980148159e+01
3.347299435803341e+00
9.459817320788193e+00
8.658554762908516e+01
1.533981473899438e+01
8.557155033832954e+01
2.751635444700548e+01
9.392733596913858e+01
5.382401680286230e+01
3.134171153946860e+00
5.866146211450057e+01
7.720017497297384e+01
6.002363793553022e+01
4.328873057071527e+00
4.684128446823046e+01
8.721459754147315e+01
3.233259908497920e+01
5.510151807922009e+00
4.993437610097899e+01
3.765534797574177e+00
2.040950926971133e+01
4.639765678271542e+01
2.581413976187545e+00
9.387426865001873e+01
5.962987530959298e+01
5.887680671125501e+01
3.296076009653544e+01
3.730179622643711e+01
2.302917485266420e+01
4.198379937651744e+01
6.232009267542515e+01
5.238804982620666e+01
3.477990521806288e+01
2.419345221677490e+00
1.018988029574504e+01
3.095575558531832e+01
8.799089556000703e+01
6.523875988332497e-01
1.045063729884598e+01
8.565411245713668e+01
3.786558799346238e+00
5.369904490825675e+01
8.199986269790674e+01
1.769939713072935e+01
7.627774750640512e+01
5.592445240166246e+00
8.500075460644474e+01
4.794501040500822e+01
9.473483725205755e+01
2.290177197330714e+01
2.531357054846062e+01
5.476080824377053e+01
4.801303150505434e-02
1.897810707752505e+01
6.285014635084669e+01
6.986702376504756e+00
7.785491378878007e+01
7.793417679049735e+01
4.428849860294186e+01
9.928889390979375e+00
2.691902021268337e+01
7.562488428113279e+01
6.231693921718604e+01
5.844552053997550e+01
7.804422950281027e+01
3.545297236901381e+01
8.729347735051694e+01
6.775821050058966e+00
3.610536001441319e+01
6.764904645627785e+00
8.768212948352198e+01
3.989191881375942e+01
9.873534715675532e+01
1.093251468191506e+01
5.917370620145169e+01
5.888116902619655e+01
1.652495996864743e+01
5.472690977841938e+01
8.963098758348775e+01
1.125979717413885e+01
3.004010656384756e+01
4.074242908542158e+01
8.678215150105866e+01
6.712424576614249e+01
4.312444801587819e+01
5.048539277654393e+01
7.924433498608150e+01
2.097936175809212e+01
4.567490473653883e+00
7.607236647795530e+00
3.090825114907150e+01
8.726395954716205e+01
9.829023107806697e+01
2.627809128085062e+01
4.570948004057141e+01
7.987221939483296e+00
8.259142464147480e+01
9.122983128355342e+01
9.398101032431285e+01
6.817193504803438e+01
4.187566076492688e+01
2.571158438255619e+01
1.547784442802791e+01
5.750982712838325e+01
3.664409906447125e+01
4.045938478804165e+01
3.829144683586966e+01
5.316905903311869e+01
7.826336169534520e+01
7.559924226980621e+01
2.086216896812532e+01
8.303468212626628e+00
5.128296513635804e+00
3.843941406274188e+01
2.183345417577469e+01
9.756293445712092e+01
7.389782093181172e+00
2.229097137334336e+01
7.437894357106599e+00
3.175879406358991e+01
8.618117211674394e+01
7.001016865019228e+01
4.504809181440999e+01
1.612416455341697e+01
1.387062390049483e+01
9.889937913925358e+01
2.411138653946639e+01
9.191352175172118e+01
4.545308046296848e+01
8.599867438245504e+01
6.463398354343791e+01
9.781068456257259e+01
8.219069153172461e+01
6.137248597171740e+01
7.822540624915874e+01
5.221124633783998e+01
7.434102970843252e+01
3.944618550103446e+01
8.917737183588434e+01
8.318718768804669e+01
8.192896008581341e+00
7.808733218260451e+01
5.164505674114687e+01
6.529606011011454e+01
4.229803683343253e+01
7.347851096348768e+01
7.767095681171443e+01
3.668812193753576e+01
2.444718620946965e+01
7.714806603134986e+01
5.198851411789121e+01
3.339926303988288e+01
1.104806163862723e+01
5.311524302378076e+01
3.719390786122247e+01
5.576606097433998e+01
7.338492249761937e+00
9.485365212655331e+01
4.767958267949502e+01
8.871347489241207e+01
2.989203139668891e+01
9.157318160476777e+00
6.459927082275938e+01
8.911844994366098e+01
5.814832172270320e-01
4.282467702535199e+01
1.422676617010812e+01
9.840358844883907e+00
8.227086252638645e+01
2.788524209888896e+01
6.835366583818275e+01
7.256881486278438e+01
5.972574234927341e+00
1.999872257932961e+01
3.786487492633279e+01
3.527091407928193e+01
9.347723354281729e+01
2.128349073290988e+01
7.195903606338382e+01
4.382267996846823e+01
3.191460153642791e+01
8.990460503376303e+01
9.034155513641497e+01
3.633472609163017e+01
3.037705814017777e+01
9.798846654500275e+01
9.210078706597015e+01
9.797952161076456e+01
7.523264325001865e+01
3.978036974546517e+01
7.379387271301535e+01
5.963879584317971e+01
7.222824547077913e+01
3.839314348920860e+01
8.682599742283392e+01
9.906109892719476e+00
8.121782056112671e+01
2.760291124116765e+01
6.695670758697983e+01
1.827012864792260e+01
5.548815338662274e+01
7.563164079358413e+01
7.506850663342910e+01
6.146072762155008e+01
2.306122105711196e+01
2.122474341710319e+01
9.673164174739813e+01
4.243671481611054e+01
9.923938089014933e+01
6.869067776421582e+01
2.605369609131184e+01
3.900988760358183e+01
4.326377527008940e+01
8.442746898365556e+01
7.534461369521199e+01
7.364083341026716e+01
8.180117312902640e+01
6.744540076118214e+01
5.872123123087047e+01
4.413048212608810e+01
7.225770460081179e+00
3.251510389731969e+01
3.769277922701686e+00
3.227521457349658e+01
7.090824738652829e+01
1.714542304032735e+01
6.128887718603428e+01
5.212606790108889e+01
4.474833428149500e+01
6.933777382100828e+01
7.132791144369538e+01
2.364876215516067e-01
4.496941461459241e+01
5.167224879920121e+01
6.169721528966782e+01
5.421072917720803e+01
2.559462158269930e+01
2.393544713218484e+01
8.144561703384184e+01
7.416237684626243e+01
9.140458753863562e+01
7.499313078587555e+00
5.981037270268909e+01
4.657655146279212e+01
4.761861937475327e+01
3.515498639790108e+01
4.402414338850609e+01
3.827828193934554e+01
2.680605623256697e+01
2.745374572810426e+00
8.645360883625858e+01
8.685302533528443e+01
3.526047847013011e+01
1.805321607648079e+01
5.858913741940127e+01
6.168725810092281e+00
6.721518797204605e+01
6.097020369999586e+01
5.829479375774730e+01
3.693824272460222e+01
2.919194513428581e+01
7.390954469978323e+01
4.966781826208710e+01
3.568949486859585e+01
2.558179345241831e+01
1.000550217461097e+01
3.855749174885335e+00
5.117641503511761e+01
6.507573275131907e+01
8.530136620872717e+01
7.197690013422486e+01
9.555389387326031e+01
9.280067928731474e+01
3.178727283691395e+01
6.593720385149922e+01
1.669524350049684e+01
6.694225923481503e+01
9.961347193439186e+00
5.497352543984238e+01
1.922935294882830e+01
1.270672176624961e+01
7.458832071842083e+00
5.733248314696014e+00
4.796720023637972e+01
7.364600388037321e+00
4.057772873927733e+01
5.413592604647201e+01
2.688379642874179e+01
4.942380127004525e+01
1.243071975765318e+01
7.495559573869947e+01
5.560056690853116e+01
8.634026445743640e+01
7.364158917853683e+01
6.214366404439493e+01
6.715495310125638e+01
5.250317214639074e+01
7.955350693294476e+01
7.618771683247188e+01
1.703743963364392e+00
2.112041256442685e+01
5.661623922950413e+01
7.405922509453224e+01
7.310377586311837e+01
8.572413599385142e+01
7.711609680071292e+01
9.194109267179904e+00
3.380490510436003e+01
7.853721076554488e+01
9.553905944132202e+01
1.261700387700321e+01
4.190989073454863e+00
3.419049067152221e+01
8.271635532505640e+01
6.656513375535846e+01
5.648168030031103e+01
2.329408401776761e+01
2.794758264345470e+01
8.649127063643712e+01
9.333380162405493e+01
8.678762032035162e+01
6.408932170089768e+01
1.978797079985401e+01
8.673702109918790e+01
8.158495504482880e+01
2.054958665769063e+01
1.499008448561192e+01
1.485433984308240e+01
6.148514173062758e+01
6.175755195401494e+01
1.655808385301292e+01
9.738744306256409e+01
9.683292503321213e+01
6.347640038629826e+01
5.082845923063739e+01
8.799926386587288e+01
7.701056337776154e+01
6.002256854438343e+01
4.214604564111031e+01
9.723863880952757e+01
5.670626971717284e+01
6.486021124984147e+01
3.602966281400512e+01
9.028367585981437e+01
5.228347519984631e+00
9.775637513853441e+01
5.324673887959063e+00
6.858466661934958e+00
5.782581048916364e+01
3.013083279604596e+01
1.070623365729406e+01
5.822256713091515e+01
7.479254942144851e+01
7.186517225199620e+01
4.495958823010307e+01
4.726045720617308e+01
9.241475895625295e+01
2.433383992143620e+01
2.503880030710194e+01
9.783162739958224e-01
8.078881608358995e+01
1.449283911590131e+00
5.651653532707902e+01
8.306394395561141e+01
1.545493449804137e+01
1.222586543868569e+01
1.206407645347718e+01
9.227556897898930e+01
3.920103485658813e+01
6.340519094998258e+01
3.139500125841936e+01
6.823976317804295e+01
6.614874231915397e+01
7.847198395918682e+01
9.557293480987332e+01
7.137708983913859e+01
5.976045032020679e+01
3.361239378974419e+01
8.129595940992979e+01
6.157568053415775e+00
6.374322658579016e+01
4.790414913925535e+01
6.438013518433094e+01
8.077885940707236e+01
4.100847348617784e+01
9.339723367867862e+00
2.803931656667931e+01
8.863089642889373e+01
3.487739089637873e+01
7.123192077094314e+00
8.960921270288956e+01
5.833460970704193e+01
8.572476035250572e+00
2.703670469440366e+01
6.054375384028244e+01
2.383748163647833e+01
4.180260330522555e+01
6.979335871049825e+01
1.611305061546762e+01
8.395395585519911e+01
7.108188977981075e+01
9.268282567741480e+01
4.017886865892395e+01
9.106570006863480e+01
5.468690085908720e+01
2.702590628854274e+01
1.924479008617103e+00
1.444735113272786e+01
6.063830007828693e+01
8.990368130146697e+01
9.991175918835764e+01
7.683997651414944e+01
8.382360785446298e+01
2.510604063286727e+01
7.657665846709938e+01
2.427401716088598e+01
1.590233771870953e+01
3.158140742759286e+01
3.645809746182435e+01
1.819493045015025e+01
5.931842516144664e+00
5.611687808116753e+00
7.652954020375830e+01
1.450431855139524e+01
2.631700878325710e+01
3.707329399747461e+01
3.834180023443969e+01
6.811961208848265e+01
5.413536394673184e+01
5.445485084990731e+01
8.244145199770175e+01
3.120925730616285e+01
1.301022256399050e+01
4.370743876495745e+01
7.482300562543003e+00
6.399904757924334e+01
6.018036327333206e+01
9.406779571160104e+00
3.539669156791489e+01
7.822676658547798e+01
6.908559951422997e+01
7.025708750367960e+01
3.466605364096633e+01
7.051202201773972e+01
8.281018938068775e+01
9.137250114761875e+00
2.984613181550341e+01
7.224155951861366e+01
1.005136250054993e+01
5.600768269785106e+01
2.514490411856440e+01
1.598320501669459e+01
3.861890511522950e+01
4.277119987773299e+01
3.495398626427818e+01
3.860458873147359e+01
7.984449387520762e+01
6.504137621495937e+01
1.185632339299485e+01
4.336625665583008e+01
2.328417465243683e+01
6.169266023751938e+00
3.212120576394778e+01
3.629439721642733e+01
1.691809595419005e+01
5.439616309217929e+01
7.921957116537708e+01
9.457727595911234e+01
8.318700244798652e+01
2.172866706816883e+01
7.684884982968161e+01
7.963808550482526e+01
8.551591405901867e+01
6.197794911543744e+01
5.015010752256499e+01
3.145222930770937e+01
2.275761548558139e+01
4.990851918696823e+01
1.409669523783806e+01
3.280897798613132e+01
7.618028334164075e+01
5.691968116765827e+01
1.279466227292766e+01
1.479918841030411e+01
6.980249628881108e+01
7.927970666404801e+01
8.782956669471672e+01
2.159771580323470e+01
8.687265370361165e+01
9.968589008771157e+01
2.250966421445350e+01
8.678910820129751e+01
6.145182459682776e+01
8.464247783862170e+00
1.690641255905219e+01
7.932334033740840e+01
9.027033070580584e+00
1.993806940500535e+01
7.746608423882448e+01
2.631898677270813e+01
7.151381358109127e+01
2.033378981069373e+01
5.957072230967261e+00
6.439028483088607e+01
6.582983749258790e+01
4.306111379669100e+01
9.584251413859543e+01
8.858745297816930e+01
1.043326408156811e+00
7.534147267012925e+01
2.139643096430061e+01
6.449431789316903e+00
3.305927684207413e+01
5.089939476498374e+01
7.398500418010401e+01
9.593909005445386e+00
3.678755077383833e+01
9.261346393852190e+01
9.798357142041604e+01
9.985714601346159e+01
7.953825494252995e+01
4.696915314857343e+01
