3.415513026255888e+01
8.940123132867795e+01
2.879535175338171e+00
9.727579858027204e+01
6.443325712551980e+00
8.741849921057863e+01
2.278208957183272e+01
8.697454397891394e+01
7.579364104931878e+01
1.684607971312761e+01
5.417561794359964e+01
5.536505377635596e+01
7.932594142822825e+01
7.610567900170837e+01
7.763865928986978e+01
2.252067156253414e+01
8.654270027137487e+01
8.202682239097861e+01
4.806410421061521e+01
1.920776288919512e+01
4.795098572408361e+01
6.420117251770625e+01
9.779354925164652e+01
6.868976357797617e+01
7.582276928044053e+01
9.817621717144559e+01
3.390983242257956e+01
8.861329736589141e+01
8.473848136362550e+00
8.619733815370003e+01
2.307421254137261e+01
2.382150805733237e+00
3.063933445636152e+01
2.595374771671078e+01
9.965794943257139e+01
8.204189519492996e+01
1.337224692728941e+01
2.316321955209748e+01
7.353129255284149e+01
3.034506478828614e+01
1.043782840037617e+01
2.319205702431130e+01
6.771102271401837e+00
8.976376982860442e+01
4.931547299461229e+01
8.021067412579930e+00
6.779941174564856e+00
3.585817326598716e+01
4.537560019892435e+01
7.366113284307585e+01
4.924140048643639e+01
4.534253438252142e+01
3.786230536078210e+01
5.285948536026268e+01
1.403229796049758e+01
3.709091340987520e-01
7.130923088235279e+01
9.959136047381506e+00
8.898420649999017e+01
5.457613154061890e+01
3.617766766630936e+01
6.563223184348654e+01
2.101824466186494e+01
6.681700216923700e+01
4.554984674116123e+00
8.182317921045384e+01
9.580248482329885e+01
5.910640845964961e+01
4.085576796944056e+01
6.933377732957423e+01
8.945147324793575e+01
5.129359636981673e+01
5.155312342175894e+01
7.516159181257784e+01
4.105736619842116e+01
9.532090793145863e+01
3.851036962052359e+01
3.603490890750425e+01
3.832236874770484e+01
1.624951014120574e+01
8.653011600791017e+01
8.756376923414123e+01
1.677003163693940e+01
2.439242132212614e+01
1.167670069806124e+01
4.326080216246694e+01
2.292632810907733e+01
1.041373345554515e+01
6.979155888305584e+01
4.782209733865321e+00
8.854198092061188e+01
4.937641236436387e+01
1.607410750169032e+00
9.560225582476809e+00
2.113145590812501e+01
7.496942629803411e+01
5.418522146259678e+01
7.492839469338227e+01
6.864244833991046e+01
5.917162022514810e+01
3.792249077834305e+01
2.352730795905334e+01
4.167318252924512e+00
8.947561420010199e+01
9.868889977163118e+01
3.342228598586390e+01
3.906811528795777e+01
3.686913430544973e+01
7.518190083800903e+01
3.767613146345882e+01
2.108523916503658e+01
6.171201679935307e+01
2.523990065103392e+01
5.031374336700595e+01
7.576324333239498e+01
3.691660139566129e+01
4.621455513230271e+01
9.156124665940239e+01
7.088245077565426e+01
1.600611396879242e+01
9.760529412776478e+00
5.942443164970000e+01
9.617089605711908e+01
1.136794020951164e+01
6.898465723217682e+01
1.730235191867796e+01
4.172732426865367e+01
2.275452596263705e+01
6.335028268552863e+01
7.580315902633740e+01
6.805279947260991e+01
1.272773417305561e+00
9.933046698539074e+01
8.609346448727580e+01
9.074838766397367e+01
9.916860759219556e+01
5.162126857397206e+01
9.010215037972766e+01
3.603774189764529e+01
2.680316936541496e+01
2.777828179662036e+01
5.630387522108102e+01
4.930909445942803e+01
5.301818244765428e+01
5.904506242789564e+01
7.461962428624724e+01
9.512396827113068e+01
5.259617513632224e+00
1.663358440465926e+01
1.134418044767537e+00
4.698664771718283e+01
1.297704075136084e+01
9.734168033923100e+01
4.324107204714840e+01
7.973493876854654e+01
6.591098483927128e+01
6.045989569297987e+01
4.458560647656471e+01
8.731716782195362e+01
1.352923922870739e+00
9.726542201697147e+01
5.536996724799740e+01
2.625697340176300e+00
7.901424871711724e+01
5.668512147696927e+01
7.638288791122982e+01
7.818285630931280e+01
7.620087190354283e+01
4.917072968053200e+01
2.983389172229631e+01
6.517381722348455e+01
9.220576793523773e+01
3.376984458126586e+00
1.161794215981753e+01
9.173301988827671e+01
9.275538553146431e+01
8.623756649263090e+01
5.420748337833560e+01
9.294754955589191e+01
5.618883383282872e+01
8.799140615760879e+01
8.894739592864522e+01
6.329887693901494e+01
3.526638417284302e+01
8.309174100081052e+01
4.890081335273609e+01
5.124407124297883e+01
7.019110916656959e+01
7.036307634337017e+01
3.990958204488716e+01
7.154403308944033e+01
6.762849831377552e+01
1.050123898801452e+01
3.890544028901748e+01
6.422438722300548e+01
1.185816070617091e+01
6.754381543376661e+01
2.289524959535117e+01
4.338723236852663e+01
6.445905783421317e+01
8.867353461155368e+01
8.561049545445037e+00
6.227456785844387e+01
7.481130150836486e+01
2.304396118179148e+01
4.839784561116149e+01
2.914879099891931e+00
2.911601207643562e+01
8.075475081836561e+01
7.059654354611251e+01
1.878804444278965e+01
2.324623983504541e+01
5.954393942819161e+01
6.230284597831911e+01
3.104585289538179e+01
8.354017477647410e+01
3.685473237971530e+01
5.982339752829792e+01
6.192351647742257e+01
7.217808676519343e+00
9.973297957318508e+01
3.346754956686290e+01
8.742071226584757e+00
3.452827843582643e+01
6.223953061841407e+01
3.907069421330034e+01
7.742057902618338e+01
7.752785877209523e+01
9.791033710255769e+01
5.454418657093504e+01
2.620114615475812e+01
1.346556195684968e+01
2.936886089358892e+01
8.847571405976811e+01
5.395839421728551e+01
5.241282207538040e+01
1.502298140666586e+01
5.687327331717744e+01
1.501203268534133e+01
9.577773222503147e+01
2.746981681672382e+01
5.680311674103285e+01
5.550661406270536e+00
8.992453044742557e+01
1.910596267278584e+01
1.412998764502350e+01
7.874616355576839e+01
4.948654577577791e+01
7.395338517332142e+01
4.066968003319096e+01
6.582653730447709e+01
4.549005015077537e+01
2.389060688386234e+01
4.067284429477194e+01
8.001832858660181e+01
8.177450959653339e+01
5.472700821921556e+01
6.134116224075722e+01
5.695560498021338e+01
3.107672237375598e+01
8.094895434610031e+01
8.315675118153763e+01
4.454228433060566e+01
1.151783443592388e+01
4.296655070174790e+00
9.850067854789117e+01
9.543677996631563e+01
5.134624301052943e+01
5.459478039042781e+01
7.894268924321173e+01
3.365066458175455e+01
4.407087701562367e+01
1.003904431594491e+01
7.399037972744105e+01
6.985752492670785e+01
2.914500698873075e+01
9.659343357039309e+01
7.460112593816645e+00
7.863155276450865e+01
2.728469880637000e+01
8.016629148282403e+00
5.893202850545385e+01
9.710634597442409e-01
6.341059802258881e+01
7.243456876484424e+01
8.489164672088421e+01
1.803737353442115e+01
7.934841126173195e+01
4.623280891507529e+01
8.169536980879278e+01
5.700228677922966e+01
2.838178245741025e+01
8.734028259634053e+01
2.124003391770647e+01
7.435079290268514e+01
5.692992888248056e+01
1.281262143180362e+00
3.830273404638410e+00
4.298318063047863e+01
1.467734575955074e+00
2.302350039734668e+01
2.601855421719074e+01
3.949898269004141e+01
3.306254471329159e+01
1.583517115369214e+01
7.953401905462799e+01
3.001249154564575e+01
6.916648483330687e+01
5.796019600609327e+01
2.311798274662252e+01
7.133741531117698e+01
9.501076079672703e+01
8.205001125207637e+01
9.742224709942110e+01
1.064416245121703e+01
8.165488400573604e+01
9.180593974506759e+01
4.495537040985905e+01
1.159727522712074e+01
2.854670268881447e+01
5.796998262310865e+01
1.800558195356539e+01
2.605128252229247e+01
1.399102272186010e+01
3.924561587127187e+01
9.682810208612499e+01
1.973751467640396e-01
8.611857005679914e+01
7.018964820084611e+01
4.861114101885406e+01
3.055263433165505e+01
9.321314859819280e+01
6.980130484784083e+01
7.005161702169647e+01
7.894706706467414e+01
4.108015738477938e+01
1.265893523239481e+01
8.848324501350673e+01
6.641260626093141e+01
9.965306688083945e+01
3.207754135694240e+01
3.775002152554226e+01
9.466382763100036e+01
4.132347900482057e+01
4.120072817485814e+00
2.158182445987213e+01
2.575917729444763e+01
8.643396663779112e+01
5.107531754815733e+01
3.735645252156837e+01
1.498066932660559e+01
9.045300124699855e+00
7.192027013372643e+00
7.190915451939645e+01
7.178957717110849e+00
1.403692952079555e+01
6.602596639004814e+01
1.280691805892015e+01
5.370560556357056e+01
3.621561454432813e+01
6.141805907777420e+01
8.425823989522561e+01
5.282697009519999e+01
8.666304530886144e+01
5.430985691692209e+01
5.570445640743917e+01
3.590441576014479e+01
3.371798146223555e+01
4.418770137437978e+01
2.317021974510058e+00
3.317872245478384e+01
7.281113712713640e+01
4.006704350005232e+01
5.568818708680951e+01
1.483352976610583e+01
4.880774340071144e+01
4.942437449909019e+01
4.059270706055347e+01
9.049805267271495e+01
1.596156932225524e+01
7.794915958212184e+01
5.022237936510815e+01
9.149504317505986e+00
8.514118664206060e+01
2.213153383793846e+01
1.632846203461683e+01
2.833510107748914e+01
9.086879039689376e+01
1.587772030191390e+01
2.849060060851770e+01
9.793613296837366e+01
9.055343921787731e+01
1.623240477230046e+01
1.309139249524632e+01
7.826476948254964e+01
5.722307411824497e+01
4.486542965512044e+01
1.416918519612829e+01
9.094105562704664e+01
8.559902542531445e+01
1.648620717063835e+01
3.803503189144425e+00
7.671046539987925e-01
5.655325067069067e+01
1.771554472749845e+01
1.560063442010462e+01
3.644494588321305e+01
8.107042777401881e+01
5.619334152722422e+01
1.643088148740627e+01
9.703199714284018e+01
6.757683622072304e+01
2.190903524025764e+01
8.171418373552811e+01
8.187500777741661e+01
4.219609463689667e+01
2.250996349496300e+01
1.021010880833962e+01
3.916613014376077e+00
6.095950275704242e+01
2.888036800030636e+00
1.852745936183607e+00
4.219878280637729e+01
5.801254047919649e+00
8.265174323816399e+00
5.139486466133728e+01
6.302432816616461e+01
1.228699451884581e+01
6.556404985746558e+01
5.396538374664512e+01
3.872962935768516e+01
6.732448631307319e+01
6.646052336621122e+01
9.713979186356990e+01
5.496168874900867e+01
9.810657664113984e+01
5.591178748566274e+01
9.140663463222171e+01
7.917700441515865e+01
1.210512896632083e+01
6.309329050737120e+01
7.301739685843577e+01
3.813545845362146e+01
2.746876055722533e+01
5.473158059396389e+01
2.001046618447195e+01
2.904289477925883e+01
9.981336304909240e+01
4.976437718130853e+01
6.395225425434869e+01
6.077286575956870e+01
5.265241402790528e+01
5.912603608291877e+01
9.874459286161911e+01
5.845366807582494e+01
4.651856191759862e+00
1.815986010160291e+01
2.147799619542342e+01
1.693885071060567e+01
5.086187541059306e+01
7.544337998863467e+01
5.925144369679105e+01
9.859300735341058e+00
9.143612137596874e+01
9.679405214115701e+01
7.151564004435932e+01
4.311075813281851e+01
5.270583958025362e+01
5.622762411657144e+01
2.750247285119373e+01
6.943850171260466e+01
1.701919446560517e+01
5.198696630633760e-01
1.105859852910908e+01
4.323240325005371e+00
8.088726689149033e+01
2.758442630413194e+01
1.415281021695249e+01
8.578773331166605e+01
5.780500129694352e+01
9.731838940517902e+01
4.233354327377562e+01
7.900670747226415e+01
6.316849261669838e+01
4.974063991091244e+01
3.746037550152297e+01
6.782034880845825e+01
3.503846546403992e+01
6.646732230040587e+01
8.475919951906390e+01
8.590034087463297e+01
4.501098042587330e+01
3.608893791031509e+00
1.163211139460658e+01
9.001516191755196e+01
6.000012930482632e+01
7.645310092552243e+01
3.312592000380435e+01
9.074199022294115e+01
3.268072504209388e+01
5.541368250521537e+01
2.831851040400495e+01
5.200163966603654e+01
7.898462297347589e+01
3.589247052366495e+01
8.788723931083793e+01
3.479771336298329e+01
6.347689682779689e+01
2.040049481224292e+00
8.930088649005671e+01
6.955576695946779e+01
8.700940450048512e+01
6.291898990185884e+01
4.856247438516584e+01
4.345382989545065e+01
3.997125990687463e+00
9.858886804365966e+01
6.728946569715136e+01
6.323512218111899e+01
4.496122158363519e+01
1.164691579139182e+01
6.500793284038451e+01
1.006717067680655e+01
4.676446735242590e+01
9.463048493239586e+01
8.233259435851713e-02
8.480061799511343e+01
8.495859819695288e+01
5.612312660372031e+01
7.554260821805457e+01
8.577387020260741e+01
8.862193514994435e+01
6.245445798265490e+01
5.473797212109807e+01
4.253238157487120e+01
9.770712419306260e+01
9.410038985968585e+01
4.780857597841349e+01
6.182382528755060e+01
8.379140495499196e+01
3.710946242190406e+01
1.046436462107318e+01
7.080080945547708e+01
6.083453146779655e+01
5.902683905280514e+01
8.738240938977451e+01
6.483165745848402e+01
2.970277510103899e+01
8.145578628473720e+00
8.704490404904118e+01
9.475896544510451e+01
9.319102083947092e+01
6.286291571467319e+01
4.826136075344931e+00
6.043241478522886e+01
5.749340064706905e+01
7.451472989028073e+01
4.523303273377616e+01
4.245199879745580e+01
3.063785644743492e+01
2.077564090526460e+01
8.581772031533426e+00
2.673865641781066e+01
8.029317487044874e+01
8.528658798210630e+00
6.927103799268185e+01
7.864010337676858e+01
4.045767166673097e+01
4.660113293053635e+01
4.046392861775306e+01
9.581913109674079e+01
6.371627750979562e+01
2.356965198347794e+01
9.504988607720001e+01
5.351205871138352e+00
5.468355908742340e+01
1.764112925978430e+01
3.091538559222379e+00
8.438633418846238e+01
2.578670788825802e+01
9.824964296922538e+01
9.503873274430573e+01
8.403965122254549e+01
9.132435540264675e+01
8.397143570891183e+01
9.248648164443973e+01
6.103911207105923e+01
8.887990437861527e+01
7.618925090701751e+01
5.294475772089547e+01
2.699662564648158e+01
9.402796779481135e+01
9.242878593151866e+01
5.373528206429224e+01
1.776695154503312e+01
3.878606778512992e+01
1.356917806601579e+01
6.734528358436435e+01
6.641797337979915e+01
6.960745298751046e+01
9.342517461321557e+01
3.492816027017690e+00
1.412412739085226e+01
5.878350756074465e+01
9.249582439311585e+01
1.947533330855674e+01
7.167838563755079e+01
1.013695360633403e+01
8.965819663817911e+01
2.378946315673621e+01
3.592366149459205e+01
3.084557225501424e+00
3.521001936644782e+01
7.537831686221917e+01
7.923219491691896e+01
8.322081225142853e+01
7.522199059614073e+01
4.027130694141206e+01
2.212815844552971e+01
5.141124150315824e+01
2.411832084139731e+01
3.505798505389038e+01
8.628123350733948e+01
2.625687659078132e+01
2.644430009016968e+01
1.976035187009738e+01
4.152097978699998e+01
4.001347820275159e+01
7.272159786555990e+01
7.938953166799132e+00
8.018947135665894e+01
2.922568182890568e+01
3.806972999035834e+01
9.553116755351945e+01
8.800918938965033e+01
6.267188198988879e+01
9.393831807837743e+01
5.481998466645367e+01
7.280883559622282e+01
6.886432649049177e+00
3.056029343538000e+01
4.315551730951086e+01
9.970989874550602e+00
4.609472381234855e+01
2.589102630777798e+01
6.605490542298878e+01
6.527617888770820e+01
5.937620082841077e+01
1.207603882629240e+01
7.333753829511699e+01
5.252425836051081e+01
5.215301213420602e+01
8.395523302441241e+00
6.604292400462690e+01
7.840988872498734e+01
9.718879046718999e+01
1.772381948201163e+01
1.993086851198732e+01
1.286859932023501e+01
4.148457760060420e+01
4.265155486885996e+01
9.305807067689396e+01
7.071025942950988e+01
9.804587932212551e+01
8.592658531196722e+01
5.871944881916021e+01
6.071776126544817e+01
7.107813072906720e+01
9.455377347513743e+01
6.179337648758356e+01
7.796456337811638e+01
5.438477874472029e+00
4.225909385935361e+01
8.793555325266698e+01
4.543906177647369e+01
3.083992005830627e+01
5.399045862908962e+01
7.804836327119189e+01
3.195293696222498e+01
8.205109130686665e+01
9.014691886964576e+01
8.447719532273578e+01
1.824545097455636e+01
7.919664419218742e+01
8.244066293465005e+01
1.718493933658345e+01
5.205176530967083e+01
1.641832106579948e+00
3.711580784857078e+01
6.492036462990583e+01
4.312640970718414e+01
2.171311318954132e+01
5.797843530679980e+01
1.383666913669401e+01
6.303150880291663e+01
8.104161325890647e+01
7.255611795585422e+01
2.374927002179868e+01
8.197469933981760e+01
8.148965187440145e+01
8.156149149013753e+01
8.757248292098403e+01
8.692812974887347e+01
8.651038524066583e+01
7.209649522420787e+01
3.846133143569405e+01
2.590486846207868e+01
2.608695380673136e+01
5.527071201022282e+01
1.165097700974484e+01
1.270899233068758e+01
4.541763083330245e+01
3.378043753736672e+01
6.720489997777038e+01
4.396007300538945e+01
8.709499150844989e+00
2.700131550757276e+01
3.969130559810032e+01
1.035133125742494e+01
5.784790174004058e+00
4.441091578659179e+01
5.347774101117520e+01
2.777598701779544e+01
3.952594373353102e+01
6.731441014786922e+01
3.021038506655506e+01
2.056755694587135e+01
3.987052805715731e+01
5.755119857264273e+01
8.583205360259491e+01
2.262310242402512e+01
3.153999151268042e+01
6.999299557413579e+01
1.201389451139322e+01
1.805037670678011e+01
4.208949075177754e+01
9.154992578157686e+01
3.540068200575219e+01
6.817644460507502e+01
3.283275618815457e+00
8.470392426694926e+01
8.088543693576261e+01
3.950453784293707e+01
2.907664763232537e+01
3.236947992461243e+01
9.071399601675290e+00
3.778614678317036e+01
5.236005929874259e+01
3.235228500904156e+01
4.813747808716143e+01
5.842293312699670e+01
7.676320084219948e+01
1.615219051770502e+00
8.619892014479214e+01
6.174644546664621e+01
6.892962919963972e+01
1.139560067625511e+01
3.685670152160186e+01
8.800157210230902e+00
6.894679924889783e+01
2.721417398527925e+01
8.671708227448029e+01
8.377386461187800e+01
9.720716960598116e+01
9.873097678587351e+01
1.597817345335063e+01
3.929666031119258e+01
9.028090252088425e+01
3.840278519243132e+01
7.473104869701483e+00
3.941522270413824e+01
9.032065677005828e+01
6.290983644449611e+00
7.891976054707531e+01
1.939730435581752e+01
3.164972743561945e+01
8.799116014875061e+01
8.927260380670083e+01
2.176648398012225e+01
1.868118686540107e+01
4.036364892514592e+01
2.858973640417202e+01
8.736509619623661e+01
6.936148231353680e+00
2.863164000615088e+01
3.654240678834840e+00
7.586577743099340e+01
4.504094517093196e+01
4.051094220043669e+01
6.415182732238985e+01
8.652580850130217e+01
7.990990000772752e+01
4.019248035745346e+01
7.029967306661405e+01
9.423596928559055e+00
2.578436556541564e+01
2.533472055817708e+01
1.479483647960929e+01
6.039489608276399e+01
7.671357606384605e+01
5.174147451843204e+01
9.981011878690222e+01
1.279635574333200e+01
9.858842180044782e+01
7.872987928741139e+01
1.655631000947036e+01
8.968218564506721e+01
6.011478009639065e+01
5.663610103383478e+01
4.108292746408048e+01
7.071667545042777e+01
7.906069037460755e+01
6.967266386825250e+01
2.131243158192953e+01
8.599683860596123e+01
4.475633224693888e+01
6.173601227893308e+01
6.184203320268637e+00
9.343508169680604e+01
5.800785355177143e+01
4.652855063161280e+01
7.996089015154210e+01
8.215685448709729e+01
1.052851100011194e+01
5.026056321815614e+01
8.772091348083732e+01
8.802556110919713e+01
3.591729548569643e+01
6.375287895265636e+00
4.842045719196110e+01
1.263087150297634e+01
5.811676246026381e+01
4.823057593229719e+01
2.269348149313288e+01
1.614922062314545e+01
7.384339956280003e+01
3.924979150260323e+01
5.831406221646539e+00
9.368149465587059e+01
4.942682550727708e+01
7.952337864764192e+01
4.674855016486186e+00
9.205024302566900e+01
9.564807088842991e+01
6.275662661658443e+01
7.804708158506411e+01
5.224097382847265e+00
1.936523477517312e+01
4.806070534887756e+01
9.865917912621944e+01
2.673959337488729e+01
1.839673599153605e+01
3.142770828280025e+01
1.633886993692204e+00
4.349815707816656e+00
4.201028321031960e+01
4.768992310747966e-01
6.523812355717557e+01
7.792757869601603e+01
7.983248898751684e+01
6.093981455123975e+01
7.311123519815096e+01
6.496894963317035e+01
8.902640994127206e+01
9.580471673784997e+01
8.111817025631581e+01
2.676144387887858e+01
8.776401965309121e+00
9.844848127032094e+01
6.071962353806926e+01
4.804406084494855e+01
6.647295507903814e+01
8.875208063458655e+01
4.009430382405142e+01
8.751186737209180e+01
2.815110517113987e+01
4.650630492088679e+01
9.273596475493906e+01
5.264374406665738e+01
5.805108298456813e+01
9.139514383459237e+01
8.588655618293515e+01
4.448933119163352e+01
6.415481775261220e+01
8.827978525696312e+01
4.883914689945018e+01
6.165100916365674e+00
7.687524365115689e+01
7.127116763557828e+00
4.647260478067799e+01
5.670773259210760e+01
6.806693131479757e+01
1.958383997882895e+01
3.724778994789710e+01
2.098497563087613e+01
1.538855667011279e+01
4.169599150386452e+01
8.702363268799319e+01
9.941320926855002e+01
2.864556793526074e+01
8.466043047823964e+00
9.848712575551454e+01
7.367616117637425e+01
7.386052160237941e+01
3.858142953299984e+01
6.118802850189993e+01
7.459230603398397e+01
8.752544507734731e+00
5.392399321027285e+01
5.465537079361052e+01
1.477389792668349e+01
4.531913704486524e+01
6.899233002634362e+01
5.926322911831701e+01
1.533435006408689e+01
2.231849344555219e+01
8.102376017767179e+00
6.281200603712909e+01
1.107517793359010e+01
4.931689973423113e+01
4.690468560294466e+01
6.684049594534584e+00
3.336634237010328e+01
2.155581541431873e+01
6.726187088864943e+01
2.364024940116343e+00
1.219262267099350e+01
4.442737681997352e+01
8.938765762810952e+01
1.160583189297739e+01
3.760343028120856e+01
1.056378055855808e+01
6.922226858754748e+01
3.272195329550745e+01
7.152372299298817e+01
3.146850817439543e+01
8.996150227727439e+01
4.611602902697214e+01
4.022105268213016e+01
4.972648017561364e+01
4.109129972806726e+01
4.354060745962924e+01
9.406701549611381e+01
7.513000791665633e+01
5.982390849842872e+01
9.401365513634573e+00
5.472690600656295e+01
1.799620274361046e+01
6.167747865509124e+01
8.523679249232485e+00
8.329561379891615e+01
8.433436131306661e+01
1.520772884376707e+01
2.693292080747565e+00
3.013797962578851e+01
5.554211375095980e+00
5.057317020863908e+00
6.029619847438121e+01
9.142746207836431e+01
9.444497469553956e+01
5.393643418975940e+01
9.941283804337161e+00
8.367479228585715e+01
5.101984774275677e+01
4.357714058997908e+01
6.809909444679464e+01
3.420666476441858e+01
5.171434788578858e+01
5.453502333468526e+01
9.484826363383246e+01
1.440828014836101e+00
9.562632306275253e+01
2.879982661865644e+01
4.365939555860096e+01
2.560031233616188e+01
9.821277954532430e+01
4.252486817656311e+01
6.820483229505123e+01
6.479572065397899e+01
1.424884619854803e+01
6.844214115684952e+01
3.616175536818884e+01
9.858320751161463e+01
9.193624043461691e+01
3.885504749550254e+01
4.292249066891264e+01
5.220702465260728e+01
8.717982633373693e+01
8.525309301226078e+01
6.583330219883160e+01
6.029083796790374e+01
3.918952715545405e+01
9.486419455840448e+01
4.396563020719477e+01
6.234822993276092e+01
5.661704021348481e+01
7.093031148935218e+01
1.697544083789710e+01
8.331388052707252e+00
6.909468810497536e+01
8.925767703412923e+01
8.125696726201892e+01
6.222607100486107e+01
1.805750365278567e+01
5.343161167271045e+01
3.298240193770378e+01
4.842535497081715e+01
5.309017209945720e+01
2.408398269865847e+00
2.559980993419877e+01
6.733901829800523e+01
7.791574582360487e+01
6.176156530238761e+01
6.592222580961987e+01
1.750335265766054e+01
6.166127513240152e-01
5.586582839296471e+01
6.971037731026783e+01
6.748531170537943e+01
5.262684233143313e+01
1.009112853095454e+01
2.777614962671704e+01
8.030844851411341e+01
4.955323042792884e+00
1.768280287165325e+00
4.265667844687434e+01
3.973592405195159e+01
7.269859177651750e+01
7.861780588450739e+01
6.990375135555107e+01
4.179327983492672e+01
7.145582375650099e+01
7.967596746966055e+01
1.263232343487084e+01
2.166839918199386e+01
7.757384124098991e+01
4.561472537257463e+01
7.009375419937714e+01
3.066401334044711e+01
4.680195960532965e+01
3.472809136599679e+01
9.800303163845233e+01
3.361426509619424e+01
9.886702462046735e+01
6.392525740150607e+01
9.456969164059016e+01
7.917250999210985e+01
9.803205169645699e+01
3.882751792614698e+01
4.665782165092315e+01
4.567853456627509e+01
4.891864645710152e+01
6.213035758683940e+01
1.945942152266364e+01
7.675587193889352e+01
6.389863787400473e+01
9.169667027504028e+01
1.649179594427896e+01
3.659722960395609e+01
2.174821920774329e+01
5.033578302261223e+01
8.038850807602913e+01
3.818995898505205e+01
6.502605153481757e+01
1.666465686478869e+01
1.487244214623815e+01
4.301057855738819e+01
3.863555683690848e+01
7.086002136155032e+01
7.367459189783530e+01
8.543751648880425e+01
1.969428766504596e+01
5.642057520170722e+01
1.015522182460652e+01
7.729535809592127e+01
9.858679855176564e+01
2.451559269079733e+01
1.201042188890764e+01
9.661885020165650e+01
4.534358770835381e+01
4.439164392854629e+01
3.576982321020673e+01
9.247107784844519e+01
1.882561520618648e+01
2.553352295678739e+00
4.634504734833960e+01
6.500136636430462e+01
1.734534465584222e+01
6.179138015107781e+01
9.498362196375784e+01
6.456449863713443e+01
4.714146421623484e+01
3.227119740670137e+01
2.754457622186494e+00
1.216751575105242e+01
6.839296145755470e+01
4.717004897406793e+01
1.030114638167487e+01
2.595583848932564e+01
9.773742449364505e+01
3.749883595737574e+01
9.246603478326743e+01
5.183053293816305e+01
3.545355505098289e+01
2.621256561307822e+00
1.822968959725913e+01
7.105643594221046e+01
7.346170026504514e+00
3.024011148616676e+01
8.912505986593899e+01
5.089860141784819e+01
1.251731138327965e+01
7.404411671405849e+01
4.706727659658868e+01
7.487939501874121e+01
7.659746900973724e+01
8.971472661463298e+01
9.634429295377075e+01
9.746947241829218e+01
5.150610671914468e+01
4.604354135042221e+01
3.656303628187768e+01
7.486598588287178e+01
6.670004486418331e+01
6.886064310970747e+01
1.081508663986581e+01
2.725059298204751e+01
1.603069203720926e+01
1.205808655920349e+01
5.320643147137315e+01
4.816693731032635e+01
7.583401812046488e+01
1.894597984801325e+01
3.715606920288693e+00
1.128757312488164e+01
3.720881591421031e+01
2.194529651754782e+01
8.234400911365822e+01
2.173661921254202e+01
5.218540805028072e+01
3.416574966822088e+01
3.073332297184194e+01
5.103229431017875e+01
5.906063274436659e+01
7.780059961499674e+01
8.237522089964487e+01
3.269660381260170e+01
3.969432094120156e+01
4.072223088737681e+01
3.665423287854262e+01
8.004409981893566e+01
7.004742863124582e+01
7.321726916042030e+01
7.869167075431518e+01
6.508051099492261e+01
7.712253331072746e+01
8.950675739418099e+01
9.233110402353624e+01
5.810860426077089e+01
1.062299041572166e+01
4.553753544834328e+01
4.947659561851834e+00
6.923805944120421e+01
6.448351529635653e+01
6.273011726454371e+00
2.890869366419906e+01
8.575837956078274e+01
7.666232719862010e+01
1.125270273129116e+01
4.430363771706057e+01
8.279397109653520e+01
9.330772086666325e+01
7.503696068890251e+01
6.620960438913181e+01
6.003961179407295e+01
5.283756025733312e+01
4.858482524221056e+01
9.922437230088951e+01
9.253188124510081e+01
2.730433900249393e+01
3.587860513286601e+01
7.317231221737913e+01
3.252133421251612e+01
2.460364034613764e+01
5.186398292512818e+01
9.760184520743873e+01
1.726173610298975e+00
6.293944896335688e+01
8.993294918440886e+01
4.389255779976610e+01
5.199373073503083e+01
1.990172514687373e+01
4.884021740818406e+01
2.123179012966891e+01
6.845128879344617e+01
2.183094393547203e+01
4.300432970887252e+01
5.420966830766278e+01
9.849327118065825e+01
9.817559090357999e+00
8.452303376259424e+01
1.367058121304520e+01
1.079653814006436e+01
1.028998648295644e+01
2.737997152254915e+01
7.083614998070344e+01
7.488020578160891e+01
2.846501084438759e+01
8.732710428877132e+01
8.723105824889200e+01
5.576934989344764e+01
5.939127321326699e+00
4.118073039743152e+01
5.312111752718739e+01
1.503500156804687e+01
4.587965558556824e+01
8.292043911429142e+00
9.930447307382919e+01
8.819104548925116e+00
9.822499314240413e+01
4.319703082702916e+01
1.354565588456842e+01
1.306180456330152e+01
9.203724823521323e+01
7.640974413436361e+00
8.151309335674769e+01
4.954073212553782e+01
8.714969329868894e+01
5.617049599819374e+01
1.137332595483089e+01
6.046286321266687e+01
2.024579533387245e+01
8.558797002098895e+00
7.125940139929736e+01
6.485676884877346e+01
3.593876852464805e+01
1.069919537319764e+01
5.415987551871682e+00
6.835207113453750e+01
9.802629966196898e+01
7.342440577849020e+01
8.915845355445448e+01
7.100095873279541e+01
1.460513612935559e+01
5.721113442313445e+01
3.313020241126893e+01
7.649849405349163e+00
6.550317838112971e+01
9.933899044959759e+01
1.415498662467813e+01
2.266000906129368e+01
7.483016912584667e+01
2.770064250924654e+01
9.742364920555784e+01
3.118010192698804e+00
3.611546179098797e+01
1.723490693477677e+01
5.265874231823662e+01
8.676076591329685e+01
5.295766855262112e+01
9.013266083324918e+01
4.024250900384155e-01
1.023877482406738e+01
1.517656800112527e+01
1.848303047869496e+01
7.509554367284082e+01
2.010066081774452e+01
6.057858181212963e+01
3.465148947883932e+01
5.348976447875135e+01
1.460347069176076e+01
8.257963898711822e+01
4.968209366764971e+01
8.560442942455617e+01
4.089472002391458e+01
8.492778906828156e+01
2.396005854194987e+01
4.623060209966759e+01
1.442771866658131e+01
2.329904894498133e+01
6.038558872434571e+01
3.612457785574932e+01
3.314818061569155e+01
8.808623123359224e+01
7.280954135247019e+01
3.626619080839036e+01
1.148987664444832e+01
6.462135383143152e+01
8.892493312662697e+01
2.423865069832590e+00
5.186497659974963e+01
3.290049360734433e+01
2.826290159871006e+00
6.210375142381701e+01
7.810677274973446e+01
8.704265863031273e+00
1.994482628998572e+01
1.291585956370265e+01
2.453588392796734e+01
2.910005954517986e+01
2.166748690496548e+01
9.727053926199234e+01
5.328927810922697e+01
6.575911122642417e+01
8.810039539267326e+01
8.864473602205736e+00
4.924349395988672e+01
1.206045388805701e+01
1.369909812402869e+01
4.504874569598993e+01
1.740443148529363e+00
6.059902569306968e+01
7.589403543430103e-01
3.488862376422092e+01
3.597344054653004e+01
1.472155056648029e+01
9.749721889267546e+01
4.056662159998278e+01
7.934290439791182e+01
4.026505166677062e+01
4.299048666981537e+01
3.120788095109532e+01
7.316554532068108e+01
4.581677682968638e+01
2.282062742059148e+01
2.124260688258456e+01
5.452104269271765e+01
3.051092742500404e+01
8.942032935536481e+01
7.980247963210684e+01
7.186551330232318e+01
1.108781621376417e+01
7.695195673822982e+01
8.354521178805511e+01
7.540352115193546e+01
6.505235208433696e+01
4.983498819630360e+01
8.482730248236437e+01
2.484974871615402e+01
6.108783467723422e+00
2.987604813178817e+01
2.659019186468338e+01
9.104977724656918e+01
8.907716813919933e+01
6.147881562890429e+01
2.681249707323150e+00
6.264564984601254e+01
4.345824846227572e+01
5.014456694486764e+01
5.113826554787265e+00
8.372330012904634e+01
9.585852674015729e+01
3.632170750588259e+01
3.202958001384027e+01
9.310082303970159e+00
5.569425404802628e+01
7.813145233231199e+01
6.383112499668781e+01
9.845970780516960e+01
6.755178164111068e+01
4.363360458222851e+01
6.250597930630016e+01
2.620724128848279e+01
6.332099179891916e+01
1.815696936946221e+01
5.404311896024417e+01
6.387801797309798e+01
6.799195756576580e+01
7.869013402550021e+01
4.099082389892583e+01
5.824154590174627e+01
6.700836176379042e+01
5.346313265779201e+01
4.929132310174933e+01
5.608552985642363e+01
9.942416227395840e+01
2.922752039936721e+01
8.990584895476040e+01
4.288241068966799e+01
7.192252747338382e+01
9.501967550954767e+01
4.676348029019473e+01
6.778105416697498e+01
7.786338607681141e+01
7.879306035060112e+01
5.482781229299857e+01
6.097472289622515e+01
6.162600850762148e+01
9.702010401385841e+01
2.111899015545798e+01
8.037004483880942e+00
2.999845665413815e+01
8.362496950832427e+01
3.424424581892986e+01
9.331944849962342e+01
1.781938831220353e+00
6.186050687071891e+01
8.159749702624860e+01
2.493119799761623e+00
9.583595725513806e+01
3.516462917214475e+01
5.488202150672768e+01
4.892151227636333e+01
7.605145353640032e+01
7.397873232792072e+01
6.364453242330092e+01
1.651875787252503e+01
9.575669285643691e+01
8.237571207917097e+01
1.835802640689445e+01
6.767922028325461e+01
9.798196339885796e+01
4.496373717904265e+01
6.948826982150239e+01
5.228857558792856e+00
2.845829335435214e+01
9.028808669666205e+01
3.878649763706443e+01
9.008430186197361e+01
7.838684901519997e+01
7.080384547393949e+01
1.926209191757352e+01
8.385305622771991e+00
9.504202888116336e+01
6.665226638626879e+01
1.704754075829291e+00
9.682396775894983e+01
8.893998669876716e+01
5.518979814610900e+00
3.185253577858793e+01
3.511467386740943e+01
2.810730069321920e+01
9.461330645466843e+01
8.403618614377277e+01
3.378883341038080e+01
7.192007185515020e+01
6.941625385983673e-01
7.963436994684598e+01
5.646998237654100e+01
5.491292106682105e-02
2.087645159143789e+01
3.471898270524991e+01
9.803687631992479e+01
3.820879214359857e+01
4.207252480186174e+00
