1.185259488963177e+01
7.352192037437200e+01
9.813703745516811e+01
6.103214526597045e+01
2.077751300333883e+01
9.100432684226163e+01
9.561393414419793e+00
6.188976590609633e+01
3.110112465503678e+01
3.258593321432636e+01
7.538768708491125e+01
3.693403179614527e+01
2.466146025092409e+01
8.203453742062419e+01
6.034277172775136e+01
4.426411615883192e+01
7.062199035222734e+01
9.148067002719299e+01
7.114731058066121e+00
3.559435742702073e+01
5.063779840741204e+00
2.084252709562077e+01
3.861756363819240e+01
8.444875166027282e+01
4.066545303941958e+01
1.779570813188129e+01
7.902900668747212e+01
6.993308866859091e+01
3.412710550899017e+01
7.283235777767018e+01
6.863170725695402e+01
8.292642737875060e+01
2.410778171574128e+00
1.843630066999993e+01
7.011845618026260e+00
9.013562676968780e+01
2.758961074407660e+01
3.288053555082555e+01
4.872422579150844e+01
5.392835664280148e+00
9.697360969007649e+01
6.297818183106286e+01
6.810653711115314e+01
2.163506989443445e+01
5.278369744903581e+01
8.715644901951610e+00
5.088664160617004e+01
6.381491504787231e+01
8.967474991906190e+00
5.800137271080230e+01
7.570034445994550e+01
8.644291492479059e+01
8.408528272252775e+01
8.194470884368974e+01
1.636731853539465e+01
2.475073571538121e+01
9.974041702213717e+01
1.483295495381251e+01
5.784550730970012e+01
9.273897288029033e+01
8.766531273148270e+01
7.441730227992744e+01
7.096223592337326e+01
5.702342645126555e+01
2.744067089047314e+00
8.685906854777554e+01
2.342585181976941e+01
7.703577814485682e+01
5.140281522246208e+01
2.745865058501188e+01
8.242861385570309e+01
6.338795417146196e+01
6.204887929467898e+01
1.755595301164126e+00
9.182859831109113e+01
5.051142720063749e+01
7.898445971262848e+01
3.564954387752783e+01
9.061741428012840e+01
5.839246747009105e+00
7.166125814973435e-01
1.123179458604744e+01
3.775781366869705e+01
7.956051238792041e+01
8.304270463205999e+01
2.034792696142007e+01
9.210148546476917e+01
4.800288451276854e+01
6.711453896347179e+01
9.788708048774259e+01
8.187040699732975e+01
5.662339988938692e+01
7.230438272110391e+01
6.171762988051290e+01
5.204107149133509e+01
1.443145238535081e+00
5.607383668239873e+01
6.131239638724941e+01
3.808945144437693e+01
4.143103614516139e+01
9.555542748214464e+01
3.451284171757887e+01
7.086460607632277e+01
9.328315723374632e+01
8.504799263786896e+01
4.535097360860136e+01
4.492030448509394e+01
3.176107175264558e+01
3.270350891756988e+01
7.912542702589437e+01
4.930615087473120e+01
8.878282610735988e+01
6.744365816351197e+01
7.629512719637487e+00
6.834333844871415e+01
4.630990896667815e+01
1.890420015850300e+01
5.785536833938927e+01
9.699510936485376e+01
8.937893844646352e+01
3.705535262685984e+01
5.729729824573607e+00
8.733613192445418e+01
3.063628702919757e+01
4.058314619613027e+01
9.829582185405111e-01
5.684736792782664e+00
8.915984462441870e+01
6.178883773358019e+01
5.776896470122457e+01
5.747614710474207e+01
3.713835256040951e+01
9.018059023198700e+01
4.092855040958550e+01
5.062742235633890e+01
1.147042173495070e+01
5.634949596428754e+01
5.658875408423540e+01
1.742198686926718e+01
4.441570944358395e+01
3.571418106356365e+01
9.443128048182990e+01
3.319853550437769e+01
6.875624939275731e+01
4.949101747455588e+01
1.196576762570337e+01
7.855598762564175e+01
7.041689770781291e+01
5.437237664795126e+01
3.625794529740603e+01
5.643563678322157e+01
5.935916940651795e+01
5.441661330611287e+01
9.866697201443230e+01
5.095488920386643e+01
3.819694036533914e+01
6.920882652942502e+01
5.663962599664909e+01
8.416355856888163e+01
6.143876791998687e+01
6.190709074116643e+00
4.163575118483778e+01
7.543810418594539e+01
6.690397070110961e+00
5.263427354052396e+01
6.941045544548447e+01
8.402019617334948e+01
8.983769504811507e+00
6.383246218964107e+01
2.538244748738708e+01
1.303004706885202e+00
9.266646764830988e+01
8.191892378121565e+01
8.659801449933929e+01
8.112445645086675e+01
3.140994120920540e+01
8.813988845243114e+01
7.862179543758827e-01
7.652690311732093e+01
6.072103886898655e+00
7.633731494487138e+01
2.599252794216970e+01
1.717324877026176e+01
4.916623567657836e+01
4.609578118943413e+01
6.851353434310926e+01
2.575368770666127e+01
4.574571142240693e+01
7.803970360105843e+01
9.913291786756968e+00
1.124830637650951e+00
9.244829425236597e+01
1.568797883376851e+00
4.964588859567693e+01
3.209267167006278e+01
7.451555429702418e+01
9.231865214757559e+01
8.315888749582642e+01
1.316708597036408e+01
5.921042997353264e+01
8.541334936647365e+00
6.656656496532567e+01
5.187689757527640e+01
4.515773288214474e+01
5.316457941809882e+01
7.410712795057665e+01
6.375939588237526e-01
7.549819633155046e+00
4.743317074488530e+01
3.673556309041361e+01
8.776615834225255e+01
5.123066084982393e+01
8.416437231198157e+01
6.187624249694694e+01
3.322442021836732e+01
5.610205761906787e+01
8.327632010135628e+01
7.738276760903316e+00
7.600586487725650e+01
3.125033836404343e+01
5.130821692352566e+01
8.319034421965030e+01
5.376431786164842e+01
9.570878068716674e+01
6.881305951104176e-01
6.330167081360783e+01
4.708027758033959e+01
2.196967914792229e+01
3.606189663338563e+01
8.655101400173783e+01
6.374625431548164e+01
5.561102882754572e+00
5.311757892049737e+01
4.148476377198694e+01
8.976096449874387e+01
9.594953590815399e+01
8.973027984133469e+01
8.188309547579060e+01
2.365065446293477e+01
6.462362574628723e+01
2.713412150141509e+01
3.901768016583178e+01
1.585428659611116e+01
7.700534168491389e+00
1.860718024829737e+01
9.783887569691933e+01
4.400817046128594e+01
8.417024271756888e+01
5.471197504303976e+01
1.756451209893660e+01
4.548626632685134e+01
6.020191919999286e+00
7.548562720207760e-01
2.764171731082802e+01
5.889720672690180e+01
9.912712830078188e+00
9.802976502013847e+01
6.581326041641331e+01
1.444853717202718e+01
7.486575882642799e+01
8.389157647448199e+01
5.732945541726866e+00
8.042686170918255e+01
5.481853245516239e+00
9.381794342483299e+01
1.678661895766231e+01
1.176401153754630e+01
5.864710894350294e+01
9.866971443345291e+01
6.946192759529777e+01
5.052649125015666e+01
3.921595608779041e+01
9.836831781937197e+01
6.402613556199994e+01
3.468079345053099e+01
9.926224043558456e+01
1.870444306112102e+01
9.296950706884708e+01
7.202430976183355e+01
3.946076167722268e+01
6.405006780477710e+01
2.891874938687252e+01
5.646995969883630e+00
1.128887543980446e+01
2.816933357537227e+01
3.026510171138919e+00
8.041313187238440e+01
7.553723602347878e+01
4.891347738397936e+01
3.565012548847595e+01
5.040299480334064e+01
8.823364949237259e+01
9.571052840711108e+01
4.845826502351941e+01
6.759605001080597e+00
7.662860354251628e+00
2.746185382244263e+01
1.852361658519302e+01
9.121108362041930e+01
3.691506904406243e+01
7.787425423873322e+01
3.938293253974194e+01
7.702743507783275e+01
3.862801941047796e-01
4.661756052943764e+01
2.843829487843360e+01
7.550481244712360e+01
6.532200359055865e+01
1.677523232846299e+01
5.893729555371091e+01
2.520305361841016e+01
3.194182106849822e+01
4.770954775051658e+01
7.494526196967124e+01
2.061477588518279e+01
1.602537846938957e+01
6.487344348098778e+00
6.443228487131758e+01
9.634830541738695e+01
4.860213154396141e+01
5.131817886201580e+01
6.488672232482895e+01
7.365146152379525e+01
3.910251839044621e+01
5.595917885934896e+01
3.778688443721593e+01
2.159018769002994e+01
8.342103272835773e+01
8.196179512048224e+01
1.280127126388311e+01
2.709575436408434e+01
1.690566340317282e+01
9.300645542936699e+01
1.634732797571799e+01
5.964152890240845e+01
5.559327185880080e+01
8.451089997985908e+01
1.158343377131197e+01
2.086735107976354e+01
1.286132261755938e+00
9.946205611315652e+01
6.916590415368131e+01
8.591110733612958e+01
3.261254156595680e+01
3.984991132274732e+01
7.470589558347402e+01
7.440215273499588e+01
8.345806565296746e+01
9.357408871574984e+01
7.075045810581672e+01
7.576345111046146e+01
9.365649902897724e+01
3.165728311597243e+01
7.398135232458885e+01
7.408068933248552e+01
8.761646197532139e+01
6.624395985447055e+01
2.917401405478549e+01
9.206172651241614e+01
4.093743443532728e+01
6.085586401673773e+01
3.681148823202191e+01
7.734837479765917e-01
9.415948916885978e+01
2.328067031841756e+01
3.685210507216496e+01
9.348633531177711e+01
5.584215463876825e+01
4.129225250393723e+01
7.062011210742412e+01
9.811440813267343e+00
9.744032481566086e+01
2.420370598519393e+01
9.572254814939693e+01
8.483571516575093e+01
5.986691655584933e+01
2.486435194726305e+01
1.663734825171407e+01
8.463249294303009e+01
1.256555854928007e+01
2.248565313522036e+01
2.349138028150954e+01
1.209493964542399e+01
5.812283356586603e+01
3.678476765602118e+00
1.967876596361341e+01
6.355938132086740e+00
6.992243662007267e+01
4.885278001839890e+01
5.206560122411028e+01
4.640032874718324e+01
9.082806538363363e+01
7.122308210061075e+01
1.971539869891265e+01
7.335766822721700e+01
7.444243569599578e+01
5.656750377107761e+01
8.024591881793268e+01
5.034590701123043e+01
5.003042614554540e+00
3.109701985078725e+01
6.015734782449778e+01
5.689519818727635e+01
2.956413353307365e+01
1.708804169534149e+01
4.173091330646114e+01
3.073856082313627e+01
8.074424792115774e+01
4.458851094571338e+01
1.537105371960022e+01
9.918268858417062e+01
7.551320133521835e+01
9.668627274068365e+01
9.226167890814210e+01
3.363603485451826e+01
3.647494597196344e-01
6.470594702507645e+01
9.363990956621240e+01
3.589575567091617e+01
7.980917421160693e+01
2.606649930871394e+00
5.483767062185224e+01
6.893802255808284e+01
1.692859279780118e+01
8.415296398296626e+00
5.562479400803559e+01
1.700223796861350e+01
3.112057309184250e+01
9.036510944849118e+01
6.177825218149380e+01
3.612361570639705e+01
9.572553699637089e+01
1.057554451309868e+01
6.008292644288527e+01
2.528967048287842e+01
6.634388485287496e+01
6.137527956691351e+01
2.652095711162358e+01
5.855974385447789e+01
3.016037961009908e+00
7.139928502561492e+01
5.728411630600883e+00
8.991602900899763e+01
7.314971712098910e+01
6.902006057511086e+01
6.715068503615944e+00
5.637767867016498e+01
9.997645476831889e+01
1.719197338316216e+01
4.048749899514369e+00
8.067127525837687e+01
6.289748412691871e+01
7.114418101084613e+01
6.039665889013403e+01
7.982607697128601e+01
3.343948984213150e+01
6.047662396937452e+00
9.125842214154937e+01
6.983804435927330e+01
9.641277184542864e+01
2.570662974645692e+01
6.836785938049101e-01
1.123467172087853e+01
7.497227432903473e+01
6.999686941038671e+01
1.742797923154569e+01
5.278777026235488e+01
9.438379807136198e+01
5.329564435095323e+01
1.134751407026663e+01
6.335923767805064e+01
4.485549556317530e+01
6.908994650891513e+01
2.646074123981443e+01
5.511721458989997e+01
9.283411698082188e+01
6.105070950512341e+01
6.902366456064566e+01
3.808646175921264e+01
6.720477848649247e+01
2.731895871801253e+01
1.787209064600621e+01
3.010226256684506e+01
4.620706520332353e+01
5.953791884683907e+01
9.810206331224278e+01
1.964486903494451e+01
7.434262147841166e+01
1.186761633114313e+00
8.420493196891850e+01
1.982631074256557e+01
5.422343595615749e+01
8.488861056272341e+01
6.289370207250757e+01
9.035650877764286e+01
4.565521559941359e+01
6.632369168397211e+01
9.298256784350731e+01
6.779710015645115e+01
6.363009198737800e+01
9.333099457124760e+01
4.341812387267971e+00
2.026314871397947e+01
5.936308813251699e+01
3.080255367364853e+01
5.375060199468891e+01
5.309480710564871e-01
8.081535877697885e+01
7.702081081318707e+01
7.066718981166706e+01
2.433900550209871e+01
4.339769484633472e+00
6.980844976837210e+01
7.812239978375025e+01
9.054514872401262e+01
9.815450240771962e+01
8.805073932188132e+01
8.640103013552773e+01
9.912708108272733e+01
1.482547466402197e+01
9.439494972787563e+01
3.867911470061127e+01
1.610709736873726e+01
8.782924250132834e+01
3.277617638594293e+01
5.383455704610542e+01
2.620394668830742e+00
1.309785768999618e+01
6.336923305102123e+01
9.273587599989767e+01
2.508153171515163e+01
4.797112208230939e+01
9.707768843373175e+01
9.892612742210093e+01
7.655898163866203e+01
1.427359549062028e+01
1.925973888452152e+01
1.092301118696249e+01
8.695600791226886e+00
9.628054969770859e+01
4.954042101723162e+01
5.671573800813208e+01
6.465986876965493e+01
6.029921493506954e+00
3.483813774531620e+01
9.116546790635468e+01
3.081438109782263e+01
8.198610743600229e+01
1.355485618745669e+00
2.994146213398383e+01
1.212637792906090e+01
3.217575793721516e+00
9.982393649398531e+01
5.558731479364788e+01
7.503399559065420e+01
9.422747213124646e+01
2.824396185029482e+01
9.997277143410071e+01
4.569797056992444e+01
5.643449605276552e+01
4.939303428372044e+01
1.257372010153426e+01
3.085521149023213e+01
8.978633582116400e+01
7.808285703793301e+01
4.124727460613813e+01
1.766657783541203e+01
9.734259596902066e+01
7.894555785644127e+01
8.921966161076895e+01
8.454555318902506e+01
7.836893428041084e+01
5.898819307749541e+01
3.926463734324307e+01
7.740628303839187e+00
1.791605433352108e+01
8.540893266229375e+01
3.855500940166181e+01
4.080493140071860e+01
7.485744919388436e+01
4.712114797305369e+01
3.452577550640599e+01
2.736760709777829e+01
6.832040798306484e+01
8.518624123427376e+00
5.754884917174878e+01
9.205207698608380e-01
3.676258597372220e+01
8.332435231810639e+01
3.410819626138927e+01
1.964667538164494e+01
5.023026794671559e+01
2.468716643037608e+01
2.086377210023988e+01
8.657963899270614e+01
3.727506847925255e+01
2.244541105928151e+01
1.573418728808602e+01
7.538777276658814e+01
6.065905432247513e+01
1.882507410777038e+01
4.999254138674240e+01
3.679557784311267e+01
7.746123884686327e+01
2.050278290198314e+00
8.662874907563848e+01
8.503933115165650e+01
7.893207346970778e+00
9.192579169381679e+01
2.584426250580897e+01
9.465762562801019e+01
6.042226318289631e+01
7.877557183558847e+01
1.030640011201911e+01
6.185793846932144e+01
8.729419595901584e+01
3.472132833428743e+01
2.966319193582199e+01
5.573393872740397e+01
1.005648039749660e+01
7.628168327560726e+01
4.370345731438299e+01
4.247321684028638e+01
3.547389471692680e+01
9.420534418626006e+01
8.248982056159984e+01
7.274896319617935e+01
8.595450561770913e+01
4.017300211832533e+01
7.366627551320301e+00
2.999769539106530e+01
6.067820459635844e+01
5.251806101413353e+01
8.224732674762947e+01
2.551114052790736e+01
4.177523974411899e+01
5.210251968917555e+00
3.899489717511223e+01
9.489294667490429e+01
2.080068072341414e+01
2.225232637592234e+00
6.064254527941465e+01
8.161263222881250e+01
7.665049996071053e+01
3.781502444195329e+01
7.822774354285922e+00
6.829500043219655e+01
7.253635277624072e+01
3.962880696152747e+01
9.235178236493459e+01
6.477930162324537e+01
1.591049023713474e+01
8.160892514586864e+01
9.945497917917324e+01
7.068063517598465e+01
6.821856189901874e+01
8.974233902513159e+01
2.413334810367476e+01
1.621508934358838e+01
2.991534109689078e+01
3.149997565499505e+01
4.608904213928107e+01
5.413370335201439e+01
6.710741318161945e+01
7.615331503383504e+01
4.547534237870730e+01
2.519912543948699e+01
4.512158639036193e+01
2.185631251049056e+01
9.118404513745757e+01
4.680536638330918e+01
9.016471323099206e+01
5.182659037030609e+01
2.841799856555555e+01
5.082349621263496e+00
9.160703750867723e+00
6.245727765488311e+01
7.847804360952138e+01
6.217796754193397e+01
8.882821066716137e+01
3.998473158105497e+01
6.144755266674215e+01
1.799657485354532e+01
2.159365672692361e+01
7.418453100797932e+01
8.264001346316189e+01
4.085658697451306e+01
1.339248084155492e+01
9.351430791128162e+01
6.289633836732076e+01
5.386746765760121e+01
7.978195188556889e+00
9.434908721332862e+01
9.082741937172945e+01
9.212169670132999e+01
1.594223604348592e+01
5.347651338832291e+01
1.732082214081698e+01
8.709585731248178e+01
7.533282589881347e+01
3.577135649312817e+01
2.506698552755033e+01
9.941437109346239e+01
6.033145760201452e+01
5.204230013864222e+01
8.022253312180869e+00
2.091826112983667e+01
5.262793295673463e+01
7.787407072161979e+01
1.215103986307561e+01
2.526327223762091e+00
4.360320304688216e+01
6.556915438993329e+01
7.271059242669054e+01
4.538757500489595e+01
8.682623276804864e+01
4.209155218773128e+01
9.189917225944771e+01
2.187135630374372e-01
3.560586005244677e+01
5.842201507576835e+00
5.113769073557932e+01
6.062014357215732e+01
2.004166292959902e+01
5.913886174519494e+01
5.274184027348731e+01
3.598389897308494e+01
1.261537508695171e+01
3.833306857307119e+01
2.394172969457774e+00
7.186131010384361e+01
1.014768579515986e+01
4.007316568869779e+01
8.736257203266145e+01
9.267898774364916e+01
3.024382099054932e+01
2.182453070852185e+01
6.109084997376932e+01
8.287175399385008e+01
6.973336337587487e+01
1.023099385678349e+00
3.758577152042918e+01
8.799678263626843e+01
4.013140836736719e+01
8.842223574799590e+01
5.872414138108685e+01
8.228763690324857e+01
4.196639002392366e+01
3.615667206987583e+01
1.197164711168578e+01
8.799377623386391e+01
6.184924783271236e+01
8.183254300702016e+01
6.545004870996347e+01
8.189091076231139e+01
2.099628048995336e+01
1.355759986376278e+00
7.099324347031919e+01
8.796602133101132e+01
7.141842240068057e+01
2.026898270485410e+01
4.205957704319599e+01
9.649917171173691e+01
4.224359851434995e+01
5.586185439297084e+01
3.667176050910342e+01
9.058596943066733e+01
7.768638510149269e+01
5.791342312372915e+01
6.315523575206997e+01
7.051508462546164e+01
7.878009810986933e+01
1.104349489838048e+01
8.385165100165254e+01
1.891150647723652e+01
8.030412186882650e+01
8.383758551619835e+01
3.236101140843751e+01
4.816660156853804e+01
8.303346716940099e+01
4.308073941761662e+01
6.172155116764900e+01
4.058171228532759e+01
4.938158162375054e+00
1.033547092710411e+01
2.366979006848754e+01
2.593443865232842e+01
1.169123091348039e+01
4.766319880618862e+01
5.954609422923349e+01
6.744605305951372e+01
6.061641548788940e+01
3.405239667466488e+00
3.352816651273899e+01
2.095856388144128e+01
2.611335275048081e+01
1.834352245477192e+01
1.154453326554249e+01
4.157990684806364e+01
6.796253745814903e+01
8.500225669005991e+01
6.132518512258548e+01
1.644842648713310e+01
9.604575158844038e+01
4.604172666838473e+01
9.742914782717320e+01
1.738561038737446e+01
2.987931213801695e+01
5.971170112477229e+01
9.111338536772568e+01
7.112716495577580e+01
7.287089860666120e+01
3.328887835763808e+01
6.863377716794319e+01
7.780905681560237e+01
6.317040746247881e+01
9.230356723643074e+01
1.270861910316563e+01
9.573812233085657e+01
6.988686093589610e+01
6.328958969716430e+01
5.797129169012014e+01
5.036299654765194e+01
4.439554044250191e+01
9.106689705097438e+01
6.706122591489051e+00
3.442391973660510e+01
4.005867784845581e+01
6.300637357076927e+01
2.523402023372893e+01
4.457748031456838e+00
3.838005687034692e+01
6.155444274728858e+01
8.246789499300900e+01
4.405438175613730e+01
2.629230782682649e+01
8.873177384432952e+01
8.396566816790293e+01
1.948866994096370e+01
1.852193298680798e+01
5.255337746467133e+01
8.597376285399019e+01
9.139283164003530e+01
5.388313953479898e+00
9.304056805234428e+01
5.768007857616995e+01
6.855872141595870e+01
8.398513611591660e+01
4.639750893525663e+01
4.342035979191790e+01
9.246685714110120e+01
3.623497348103438e+01
7.778759136692975e+01
2.297013351832057e+01
8.063051392353630e+01
3.737967397895626e+01
7.443197377698122e+01
2.320768731795609e+01
7.743835187397821e+01
9.742273632316977e+01
9.730989020192526e+01
8.503583366285815e+01
8.544697751544741e+01
3.715607809701752e+01
9.593600737673045e+00
4.001324113459012e+01
5.858370073073716e+01
6.295608084786500e+01
9.094135136853035e+01
3.183073905847536e+01
7.583381355546128e+01
1.317911511900794e+01
6.404613347912493e+01
8.240139162279730e+00
8.456104164224166e+01
5.708670148490309e+01
7.744202757135128e+01
1.744176420264028e+01
7.966669769010818e+01
5.038741140178750e+01
2.997102538588039e+01
5.051577405562428e+01
2.346532471639352e+01
6.225377543003009e+01
9.510368834952996e+01
6.725289880635817e+01
5.471232391647637e+01
6.953566207994506e+01
5.906665816859652e+01
6.021831387664113e+01
6.974009381129410e+00
3.466829356489158e+01
7.850928859715782e+01
8.072896119241089e+01
6.077745280264758e+01
8.495913957476576e+01
2.192234612159540e+01
8.027146201593403e+00
8.642826396339957e+01
4.571435923954209e+01
8.609951687329426e+01
3.275571485644007e+00
1.004112931435980e+01
5.014565035241919e+01
8.563160662801546e+01
4.570932860752070e+01
7.765003548825628e+01
8.895773826584114e+01
2.268323326608317e+01
8.689904952743046e+01
2.877359186707698e+00
6.648334193345315e+01
5.903260431207372e+01
3.141384759518032e+01
4.579913264410530e+01
7.956035415621491e+01
6.510495974919989e+01
2.023101352165966e+01
2.367195464841647e+01
2.126831287577204e+01
6.072977043722280e+01
3.064596402954588e+01
5.302480582754352e+01
2.133730697507844e+01
2.306695092612270e+01
1.380225858362497e+01
2.734194832264537e+01
4.457758522805646e+01
5.963671717775833e+01
2.980361600862985e+00
9.029194446759855e+01
4.169366054315756e+01
1.704578377168895e+01
1.421142076803903e+01
6.586427947779386e+01
2.856149446617881e+01
1.945288983148192e+01
4.351431491948399e+01
3.385084240410981e+01
4.213612309756508e+01
8.597071221376336e+01
2.962478158512376e+00
2.568148031164030e+01
5.969544698470061e+01
6.307088549391874e+01
2.188192397443667e+01
9.913960909430851e+01
2.527254020109425e+01
5.430040343399178e+01
7.207029693390722e+01
5.989122319030167e+01
3.272183990698394e+01
5.345752777227085e+01
1.291602897127905e+01
7.196089889479843e+01
7.652447869839355e+01
9.727066522337061e+01
4.483034952768607e+01
2.151377569954553e+01
5.286480889323391e+01
4.715903585178733e+01
6.210999244922306e+01
2.365691946989713e+01
3.011884322861156e+01
9.357819095886228e+01
8.639778033196824e+01
3.387621605483639e+01
4.080389814488771e+01
8.546944301830112e+01
5.252744166763846e+01
5.516720384134315e+01
7.144015518549837e+01
8.925564325845598e+01
8.715779724864187e+01
1.644347161820320e+01
1.589586954372743e+01
3.053997225618920e+01
9.778457241961014e+01
9.194821966437074e+01
5.115265876574100e+01
3.839464436210442e+01
2.413992198376913e+01
5.704320648547411e+01
3.887069511174722e+01
2.661738150129904e+01
2.900410533370642e+01
6.837665078620270e+01
9.050266830739689e+01
2.830695255115020e+01
8.989042648574824e+01
8.344128955315858e+01
5.363542128057938e+01
6.925719667657148e+01
3.792594654389003e+01
7.149885528325049e+01
3.695440987914541e+01
9.661940797074671e+01
6.424276962142567e+01
5.226944165875643e+01
9.793169801027128e+00
7.757504898010522e+01
8.593483678341602e+01
1.692759279018622e+01
3.944271609161176e+01
9.469935963614815e+01
1.578368559283376e+01
3.935764256834874e+01
6.421165343570135e+01
1.746060984090930e+01
4.728680525314380e+01
8.853302001419152e+01
5.165452163277870e+01
9.081514062863548e+01
4.557622645309951e+01
9.860316435741407e+01
6.473835332539787e+01
8.173169571986966e+01
1.188334450679056e+01
7.454981197349252e+01
2.887284337956125e+00
8.445087135045364e+01
4.526592765248657e+01
4.426729639259507e+01
7.103096762254414e+01
5.584323567144723e+01
1.576615162927944e+01
3.386635521141177e+01
8.016696250073936e+01
4.594534460732031e+01
8.772003794448452e+01
7.863846634451228e+01
5.232410796560538e+01
5.527468070167800e+01
7.119345728829198e+01
6.947733511658262e+00
4.997404029126001e+01
6.887025389302069e+01
6.530011676498694e+01
1.686050543415384e+01
8.213013111712883e+01
1.251568832086198e+00
5.393525401779230e+00
3.378465270334140e+01
8.520735552776948e+01
3.469515979974305e+01
7.729134647049538e+01
6.925449919386510e+01
2.468207787009053e+01
5.795154504382589e+01
4.380431116735763e+01
2.843736797964078e+01
9.094846192325859e+01
6.172160024834872e+01
7.270466437223585e+01
7.732738907324494e+01
1.857061312467354e+01
3.964101022092672e+01
7.741176103121218e+01
9.773179842053531e+01
3.441616060883560e+01
6.513179892913057e+01
8.769193072230179e+01
2.471455690670505e+01
2.040647958424244e+01
6.619447780130174e+01
7.850709263165811e+01
9.421673067576100e+01
2.775564181048220e+01
2.561250223108218e+01
4.559389205909981e+01
9.885772927611029e+00
2.000471713021618e+01
2.124798690026998e+01
9.721671701279316e+00
5.212072611419518e+00
7.221773875514872e+01
2.096177205488168e+01
7.608617473211426e+00
9.776782239683337e+01
1.013646298560149e+01
1.827088292607613e+01
3.545279611621648e+01
6.040521876905357e+01
8.324603879975436e+01
9.890985470214386e+01
6.306435445466282e+01
8.307618856573301e+01
8.738067070365915e+01
5.891013916531118e+01
9.528911746818997e+01
5.762948326656105e+01
6.448874742001702e+01
8.298104814392563e+01
8.537099793803458e+00
1.083385134620306e+01
4.186643610795328e+01
1.622890379104247e+01
9.827807363973841e+00
6.962207791843549e+01
1.265669465654376e+01
2.568226886246459e+01
4.026382371795542e+00
3.266141178675993e+01
6.370913854972885e+01
4.131784278029475e+01
7.096220588822021e+01
1.914799447131715e+01
4.414004853188062e+01
7.857082336143164e+01
6.955009720732929e+01
9.442016663701281e+01
7.779571403646642e+01
4.312100719805854e+01
5.536143647290833e+01
6.232944497015767e+01
4.265472187784255e+01
2.043877393959033e+01
8.160741351619707e+00
6.410178638254376e+01
7.733593004631621e+01
8.267644005020914e+01
2.173126960253868e+01
2.315508831439311e+01
8.643090696373531e+01
5.974546361702748e+01
5.265852876597016e+01
2.829734302512246e+01
4.678965604248906e+01
1.552460059315180e+01
6.988488653203700e+01
5.944635069903283e+01
7.524339755775566e+01
7.391126895039866e+01
4.169346147295715e+01
6.881828749031681e+00
6.373014993208002e+01
5.679782552495497e+01
9.456659937024425e+01
4.474559679848403e+01
1.349130129138534e+01
1.468515117405222e+01
9.902210836253226e+01
9.624414280813380e+01
1.428367929266937e+01
8.484195200020538e+01
8.353566442780927e+01
3.576226487558440e+00
2.744267891507721e+01
2.103875182617397e+01
8.229032698194045e+01
5.014526566962957e+01
3.715191829816993e+00
2.085648389573045e+01
9.196994308939666e+01
1.955065411494610e+00
8.776562967699283e+01
5.104808488443871e+01
9.874514588096419e+00
4.346955713977551e+01
7.114807938744690e+00
7.793935531654365e+00
7.939431382314969e+01
9.528341297771941e+01
8.522120732125883e+01
9.986218567931195e+01
3.038227368629644e+01
8.582675558786222e+01
3.478266356269953e+01
8.462912895932287e+01
4.630594278979392e+01
6.732622010974502e+01
8.518116925153004e+00
2.959446065574626e+01
4.025846218702312e+01
7.007548030003696e+01
7.203296570667671e+01
9.317744043337993e+01
2.639002144634259e+01
8.512688841909491e+01
9.219953417414779e+01
1.211609514994365e+01
6.659013510988567e+01
1.063679699349999e+01
5.324908781482331e+01
9.890254978039421e+01
9.221396855647394e+01
4.101471744525001e+01
8.397517604007160e+01
6.476287225483119e+01
8.919999096039682e+01
5.064582952793959e+01
9.882418629658602e+00
3.940675521241815e+01
7.904186499260453e+01
5.213869048847756e+01
5.731892020316744e+01
7.631151619195543e+01
8.093038153877966e+01
1.214448609954886e+01
6.094064510471217e+01
1.150273383199365e+01
2.232556926194838e+01
1.673244606551362e+01
8.527477657668049e+01
1.972916834975088e+01
9.953048108123731e+01
5.730774223679106e+01
7.308633940903765e+01
7.254632910366465e+01
8.186254095372863e+01
4.398915914073081e+01
2.531404300840294e+01
8.879514764472616e+01
6.965062435234461e+01
7.436457568517167e+01
3.708989803543775e+01
9.518024786151025e+01
2.009500945922686e+01
6.665867151071255e+01
7.533639360933397e+01
9.295000419623685e+00
8.187454840255647e+01
7.383549468304751e+01
1.410899172262707e+00
2.780379086164934e+01
6.893912063396495e+01
8.855046820293668e+01
4.115307007038643e+00
5.345561450973880e+00
8.039721836354454e+01
7.332316058376951e+01
6.137223595817212e+01
7.047942516881946e+00
8.178839817726444e+01
1.257307604540748e+01
6.460933706937793e+01
6.859632454281501e+01
4.142668286404884e+00
1.967332690007674e+01
8.179427240127430e+01
9.407171192302915e+00
6.693685090492333e+01
7.108315363111122e+00
9.832403547983805e+01
8.722960403525718e+01
7.358497244938508e+00
8.590001616901719e+01
9.780312538975994e+01
2.665483589594012e+01
1.712873499706794e+01
9.790024440637801e+01
1.086290092713335e+01
9.900328344619055e+01
9.572054035762349e+01
2.627216434398301e+01
1.213634559518487e+01
7.044025220463064e+01
8.242682557666060e-01
3.092238126831240e+01
6.592286711834504e+01
7.399875837098749e+01
9.597833338006322e+01
4.461056038020671e+01
8.104670088786943e+01
4.062394427164641e+01
3.221269502873192e+01
8.034712126494718e+01
2.383322763435227e+01
7.822453816338654e+01
1.467346810487726e+01
2.815732840828473e+01
4.216545370508239e+01
2.742978675636919e+01
5.161013722029055e+01
4.048948913835432e+01
9.951236224710586e+01
1.673853477311252e+01
7.544016445774592e+01
3.345953060009495e+01
1.830643528062219e+01
9.256889945481387e+01
7.950870640553008e+01
8.841147603858796e+01
2.458172651221125e+01
3.095513956200105e+00
4.675433614605774e+01
9.674859745276561e+01
4.377037358645833e+01
4.226740460948432e+01
8.320916406028400e+01
3.431473529632890e+01
4.378662716773648e+01
4.527997167095540e+01
8.623133296437157e+01
4.878911983631045e+01
9.616684405885955e+01
4.061736098519403e+01
8.847201642974839e+01
4.611477816762159e+00
2.033370841310067e+01
3.204905760104258e+01
9.756708764357822e+01
6.249916211818306e+01
3.679868324510691e+01
3.628119367001634e+01
9.865724462953268e+01
5.899120655795150e+01
4.957126614152047e+01
9.096735892396764e+01
5.387594185484384e+01
3.712115056678707e+01
7.143506094414511e+01
2.381051207138715e+01
5.760332232229566e+01
6.300724379858339e+01
9.405932156092456e+01
4.357658421787274e+00
8.138650086772931e+01
7.067639961404558e+01
8.075757859310022e+01
3.068813920518762e+01
2.495535478226624e+01
2.454420571427057e+01
7.596811087614303e+01
5.793364404604474e+01
5.001571585890638e+01
9.901481405785997e+01
3.183982876680783e+01
5.706693784197184e+01
6.842457324658734e+01
5.438784805796475e+01
1.800930756982849e+01
1.741439556582570e+01
6.827369684738744e+01
5.480799081493542e+01
6.348775865672518e+01
2.762569441815172e+00
7.586046311811566e+00
4.839565835352785e+01
8.165464330541651e+01
7.345467967607765e+01
1.627335977567051e+01
2.200091635901524e+01
2.384729554124516e+01
1.332039740556869e+01
8.474554688890723e+01
5.075332156883242e+01
5.181057138918460e+01
6.639466097876181e+01
8.117862696814286e+01
3.256814993571869e+01
9.708280018394943e+01
3.728850364558794e+01
9.825101671658969e+01
4.496560201280080e+01
1.927330792847709e+01
7.128071508895639e+00
7.206572507138631e+01
3.443384917193737e+01
9.445646949785596e+01
8.694612900118629e+01
3.871000699638855e+00
5.331100479388191e+01
4.525580426922804e+01
7.214469754702631e+01
1.905844501175845e+00
5.306351327014319e+00
4.384439147256519e+01
9.491890812987410e+00
8.763745007460818e+01
9.441024688743532e+01
9.528674282845424e+00
5.481784071531978e+01
1.323615010512813e+01
6.714651322325064e+01
8.329576686178137e+01
9.798169704060149e+01
8.412929139292299e+01
3.510633825096597e+01
6.781398433624487e+01
5.559012529234873e+00
5.008953853980152e+01
2.406459358710078e+01
3.197986862248735e+01
1.819243282926848e+01
2.776222938101843e+01
9.300653068023107e+01
3.191491534556957e+01
1.001342055854081e+01
3.009100702129817e+01
9.610992469643705e+01
5.050371887651445e+01
2.977345792100460e+00
7.634134393946330e+01
7.327167274117082e+01
2.874082826484964e+01
4.361511172895092e+01
6.229202931853571e+01
1.896643481169196e+01
6.081866480448221e+01
1.599403895251175e+01
1.434434983615966e+01
1.116900700664567e+01
8.596940840872442e+01
5.973276666353120e+01
3.312558323756120e+01
6.926517527050579e+01
2.556219698188929e+01
8.785260030434122e+01
1.305980557252644e+01
3.275032044982087e+01
2.278127694631986e+01
3.215417104407873e+01
5.681491403692165e+01
2.539148140949732e+01
4.949955313908846e+01
1.865632460390047e+00
7.501467390685093e+01
2.874776079726767e+01
2.897307161659611e+01
7.412101904587868e+01
4.382499588831561e+00
7.946950540853176e+01
7.709836483797913e+01
7.427861493745755e+01
3.616761734530684e+01
5.222040817710590e+01
2.560538888238622e+01
8.166047920550243e+01
7.118684298879786e+01
4.425467091810641e+01
5.307242137057353e+00
8.456352468792512e+01
8.316168612016443e+01
1.171458527059974e+01
2.693880834939834e+01
8.854926120887941e+01
5.288910179067827e+01
7.720630102660800e+01
4.834730194338938e+01
5.726061526558390e+01
8.272818107284986e+01
4.175891473039934e+01
2.930661692717421e+01
8.497627269708378e+00
