9.231487847506762e+01
1.592754172902905e+01
9.726592441893459e+01
6.517137082534440e+01
9.283877769151646e+01
5.957858416232214e+01
8.866902305216948e+01
2.094503092623550e+01
7.081221838985208e+00
1.206220393630779e+01
5.631735774516936e+01
4.970789814819950e+01
9.117591203710805e+01
6.121163780857420e+01
9.727662685200414e+01
6.381249146713526e+01
6.186894423415370e+01
8.368929139510229e+01
9.186155949340275e+01
1.235655840130363e+01
4.028403765535170e+01
3.505770486549367e+01
3.486382758005701e+01
2.435153798402824e+01
1.781365876915569e+01
9.817803627726531e+01
8.333211978121294e+01
8.028038837028686e+01
7.805749535470153e+01
8.908596895126904e+01
1.788426033122663e+01
2.280131076593013e+00
1.943833172295165e+01
9.484382755814298e+01
7.613683905272597e+01
1.227710936790197e+01
5.442241167389900e+01
6.536161353129970e+01
3.266952351325635e+01
4.169595900070666e+01
7.686806604120324e+01
5.305103908900686e+01
1.121153161451758e+01
5.334847427594870e+01
2.837001407908742e+01
7.210878807683885e+01
6.735201648778842e+01
9.216011678434913e+01
5.357132756783223e+01
9.214886976040381e+01
5.581785601369005e+00
7.211128816572544e+01
2.669313551238418e+01
5.206695266629892e+01
2.070675097438821e+01
8.872100989740389e+01
1.782494211468144e+01
8.511620605602684e+01
6.900139822112462e+01
9.588243746938298e+01
6.155956725662553e+01
2.761187363770412e+01
6.625481125258599e+01
5.762909932882949e+01
5.100383351138041e+01
7.470534633598540e+01
5.979688738463301e+01
3.615189769126098e+01
7.197512317075167e+00
9.415257181699972e+01
9.765553120414519e+01
3.217946739503157e+01
4.833538203888358e+01
4.938101957057650e+01
4.755475169399509e+01
7.670539611797099e+01
2.148980764741535e+01
4.766069075449402e+00
5.194024362226028e+01
2.176848520607151e+01
2.772023152919497e+01
9.323209831175959e+01
8.230958710532150e+01
9.862758265744317e+01
2.838094715419269e+01
8.330843741228266e+01
8.734859250828093e+01
2.741392395804353e+01
7.879093665573324e+00
4.903961911287141e+01
3.520382979661404e+01
3.596053995935272e+01
2.051841254370213e+01
9.989299187431718e+01
8.348031792951762e+01
5.815107606265278e+01
1.716302052008129e+01
2.273953078442231e+01
6.111703299037974e+01
3.914033530239963e+01
3.574361616547388e+01
5.427205010981860e+01
5.452880033037104e+00
8.126106615237009e+01
6.763962696662156e+01
5.300763177359832e+01
4.104119294371512e+01
3.551603990398163e+01
6.538603532378843e+01
9.298143656597540e+01
2.769639628366399e+01
9.310626685298340e+01
5.050346578960468e+01
9.002759670374337e+01
2.180985837327776e+01
6.009244763296677e+01
3.947545347710859e+01
7.908244192557522e+01
8.750637163757644e+01
8.130072484784793e+01
3.543243260841464e+01
1.080273301843681e+01
5.885023225976631e+01
9.525486402923934e+01
3.539056518831782e-01
6.679540503155226e+01
8.920433758255297e+01
1.040328247957084e+01
6.105357769925780e+01
8.341841580505410e+01
7.143706393960727e+01
4.581622641804452e+01
6.979140805536481e+01
9.464297755371918e+01
3.661880061804261e+01
9.116244115455190e+01
5.526294375549207e+01
6.811848551412973e+01
2.667848105853353e+01
2.064897903271438e+01
6.946392253481966e+01
4.077559622972068e+01
3.926137929747877e+00
7.666975430989162e+01
9.694261234111275e+01
5.408439196370747e+01
7.169583545611046e+01
3.641806577165521e+01
9.843655982913290e+01
5.329859971688064e+01
8.377261291433713e+01
2.000396983698195e+01
1.490039011226054e+01
6.708770001637177e+01
9.867205168058726e+01
7.035884571744076e+01
3.388310500135790e+01
3.520498533509904e+01
2.655574308082263e+00
4.395571525392855e+01
1.862340109358700e+01
7.409263824768952e+01
2.973979470773591e+01
6.546078471721187e+01
8.769775228002004e+01
6.635859532577851e+01
7.626917798829692e+01
1.642249804754858e+00
8.496771970995130e+01
8.419255078034128e+00
4.464753858961516e+01
5.137656999350367e+01
1.016133232515367e+00
5.840278447531293e+01
2.804632425682914e+01
4.613746364886754e+01
6.389187977830502e+01
2.936686492961219e+01
7.077210073860926e+00
4.846341700687232e+01
6.274892346130169e+01
4.348648965521086e+01
6.846738684385427e+01
2.314595311095284e+01
3.341584225809940e+01
3.112294633459437e+01
2.893285771316516e+01
5.012299024971342e+01
1.127296505089522e+01
3.158843202124742e+01
1.125466251338583e+01
6.942341712742271e+00
3.767757859904206e+01
1.026604185358903e+00
2.707855884315379e+01
8.190438788472879e+01
1.787583838118046e+01
8.819332862654390e+00
8.354663768948365e+01
2.843558091131765e+00
2.279432612601403e+01
4.306278412372934e+01
4.891119983462207e+01
8.186254607600278e+00
4.919653537180114e+01
6.582229308123807e+00
1.257090294387699e+01
1.902985289647703e+01
1.288615740504402e+01
4.894975686862588e+01
1.382086533765349e+01
1.807810697615059e+01
3.694232056706321e+01
8.797279330341741e+00
4.122406008710342e+01
9.487041691079290e+01
4.942769065938317e+01
3.544398268472589e+01
8.696606433343425e+01
1.887239782087151e+01
4.361346794460596e+01
7.342402663706990e+01
8.883021668942189e+01
4.929453821354291e+01
7.445063082242879e+01
8.245118259566425e+01
2.371122423732244e+01
9.471924118451739e+01
9.905647397928707e+00
6.449631879315541e+01
9.517002734130715e+01
5.749464079620999e+01
6.518925394173210e+01
5.072895388618529e+01
6.568089540381025e+01
5.933987864262419e+01
5.066345643748690e+01
8.751344573102587e+01
7.836973158566735e+01
9.599506859481105e-01
8.263987804885949e+01
4.583313620920904e+01
1.903805766209869e+01
4.409445260842072e+01
2.784756912283952e+01
9.422289519301751e+01
3.896486947264749e+01
7.754907909666611e+01
6.247931069809912e+00
1.134233596331549e+00
9.648664253600250e+00
2.493683808713073e+00
2.211274179728364e+01
5.850939501938848e+01
9.915593727452490e+01
4.900889105583024e+01
3.424528321914621e+01
2.764579063637452e+01
3.950217042095129e+01
2.551579867746485e+01
8.762339599785554e+01
3.650538755418052e+01
3.402490212303815e+01
7.432140753340042e+01
6.358642660248393e+01
8.967444863620887e+00
1.820057514971149e+01
3.125007107446439e+01
9.648089059464675e+01
9.181310599288582e+01
1.786262179625343e+01
2.705578181289872e+00
5.468311479998897e+01
6.008312234658894e+01
4.424511955317348e+01
8.280450323727192e+01
2.321623387896280e+01
6.218009067800831e+01
7.922243363187762e+01
3.123774059640139e+01
9.028882002005764e+01
5.677505915834339e+01
6.705416933030550e+01
1.240156177077515e+01
8.569159781825338e+00
7.848150119114737e+01
7.012679123791251e+01
4.281444304753768e+01
1.348662656428601e+00
9.628961612297669e+00
5.680213051699201e+01
8.833449147098442e+01
6.472222333062544e+01
8.310375035884965e+01
4.719518797807171e+01
4.530883796760293e+01
1.132258871166156e+01
1.427954212496036e+01
7.655890904206731e+01
7.916178357748397e+01
6.196606981659590e+01
6.442087188568938e+01
8.692424790324841e+01
9.689598032128811e+01
3.212502781866353e+01
1.013946906204311e+01
7.970048351199389e+01
4.663110340322885e+01
2.022504011179555e+01
4.005406575279966e+01
7.609526835200157e+01
3.607051038931613e+01
2.028333629494688e+00
5.542083231519015e+01
4.299361628619657e+01
6.318698924183239e+01
9.336237283114454e+01
9.969084835596888e+01
4.821272774050605e+01
3.548115703066865e+01
8.094083735763135e+01
1.654296941894245e+01
2.046626970193641e+01
2.545070588842533e+01
1.889811326698312e+01
8.801008676551753e+01
9.863584106724515e+01
3.022070202521081e+01
3.305722076122520e+01
9.522954583877211e+01
3.802418133151912e+01
8.382276961757929e+00
6.961628090106709e+01
4.262220675247824e+00
1.059020185404932e+01
9.303115047189927e+01
3.508789829681064e+01
8.100532949017609e+01
3.966225382856198e+01
7.407458036862061e+00
5.502866849071750e+01
5.076115562150309e+01
4.304134205125334e+01
5.705700212021219e+01
7.526465094427795e+01
1.688681599539091e+01
8.473337534104165e+01
4.053721625382882e+01
1.657766430479366e+01
8.078488841689419e+01
7.266899448478082e+01
6.554053442810687e+01
9.732785783583664e+01
9.313526418671722e+01
1.886753748118297e+01
9.910983480471644e+01
6.079672182015921e+01
1.872318201638906e+01
4.644667312803058e+01
1.899281447706410e+01
9.269812865774060e+01
8.447085445954970e+01
2.737509143882203e+01
5.844799525032193e+00
9.419283601184974e+00
2.012133007874774e+01
5.534555993757470e+01
4.450718189799561e+01
7.901736371173401e+01
6.470122577841451e+01
4.400066195242137e+01
8.874741023813719e+01
1.076533594670023e+01
3.132342082975591e+01
3.618535307989705e+00
8.194369044245391e+01
5.381357104229442e+01
3.619069598437785e+01
8.702437835141289e+01
6.478790112994048e+01
1.697558435470591e+01
3.778512558796682e+01
5.398008155356165e+01
4.835861299576173e+01
5.175961165305208e+01
6.532933868715975e+01
7.364228985907617e+01
9.324479852488487e+00
9.035099762973888e+01
3.878448486271523e+00
4.084927930536180e+01
4.724648936989088e+01
6.144694083437646e+01
1.483070310895830e+01
5.309128889492307e+01
2.995642755644229e+01
6.754411541276804e+01
7.090956441634779e-01
1.537340633355705e+01
7.358698098621656e+01
5.724431027529961e+01
3.622169594104481e+01
6.442209094037399e+01
6.482245357000384e+00
9.802892375645644e+01
3.581467966354204e+01
8.264227615792410e+01
5.993433038701039e+01
4.231322232741547e+00
7.545031410430107e+01
1.102706166497761e+01
6.191806963734238e+01
2.806376480872918e+00
8.485622312168415e+01
2.128673587985650e+01
9.689673599642549e+01
6.704177575513803e+01
6.603976211791847e+01
6.141189283757092e+01
7.936606615752264e+01
4.301584849274524e+01
3.234514153206029e+01
6.241519235186986e+01
3.050842449558360e+01
4.863318882353287e+01
7.778728058458645e+00
1.910261303144629e+01
4.320280609801542e+01
8.487823702622123e+00
8.252006991883744e+01
1.818442736667787e+01
4.204733112922280e+00
4.922557279897182e+01
5.993084472600875e+00
6.218341834013510e+01
4.725449655542825e+01
4.180776413614291e+01
5.899032021825682e+01
9.349365709046538e+01
5.487846683472324e+01
7.456322832711191e+01
2.115546172538561e+01
1.756793829499182e+01
7.736960480798483e+01
6.233155776855143e+00
2.784462088152981e+01
2.945701779306728e+01
6.135220139350379e+01
7.763548436464531e+01
3.866847052176877e+01
4.898984834970433e+01
4.721333014183367e+01
2.475482762081308e+01
1.979788058427995e+01
7.707213152994966e+01
8.145955530063227e+01
1.091218791478881e+01
4.431358074970244e-01
1.166655105150610e+01
4.134410426083212e+01
9.114555585717110e+01
2.633449436460365e+00
2.360474473033321e+01
4.913602212869377e+01
8.626533909061241e+00
3.429172320025587e+01
6.937051670130832e+01
5.043429804520416e+01
3.340463742306672e+01
6.335283204137945e+01
9.743235111117006e+01
7.967865703612503e+00
1.952251532092808e+01
4.973493425628866e+01
3.505324690372368e+01
2.013503118424445e+01
6.547124114142323e+01
1.479448830466461e+01
5.321184948701963e+01
5.506307983541073e+01
5.663398888736683e+00
9.393011703804606e+01
1.038263654819812e+01
9.879348170887376e+01
9.706357689437623e+01
2.906514319082030e+01
3.236073615605046e+01
7.975764762598912e+00
7.557196476290559e+01
1.901136842510261e+01
2.737577638000985e+01
2.065383480892229e+01
2.428479461198896e+01
5.098052111034306e+01
5.031376162092842e+01
3.422806320443193e+01
7.292263324974228e+01
3.916037363892438e+01
9.733270457821558e+01
5.114830078144944e+01
3.765121802578271e+01
1.531581274015634e+01
2.664474739071203e+01
2.203572095466578e+01
9.384294370833922e+00
1.198221790230936e+01
1.389536904818163e+01
1.441767016165781e+01
1.481121495124475e+01
6.509808738022022e+01
6.948074999706854e+01
3.244010514227678e+01
7.497898399596055e+00
9.047903981547758e+01
7.745234313302318e+01
5.810091242105743e+01
3.136435078054869e+01
1.148662372095819e+01
8.420397922592423e+01
6.087262977886601e+01
3.406211688838066e+00
3.734231439295333e+01
5.773566856874882e+01
2.517677816803417e+01
4.443297462744311e+01
5.840805669241028e+01
8.358753602187500e+01
2.970521889147592e+01
9.047669516432877e+01
4.103314752738603e+01
4.838210057857545e+01
9.298990079806647e+01
7.205335869083804e+01
7.673617949557313e+01
1.502562170616613e+01
8.143765306167195e+01
8.700906591816296e+01
4.757055414261788e+01
9.648615130991031e+01
1.378577207857080e+01
9.602820938268127e+01
9.483433784676451e+01
3.545902456876777e+01
5.706554490936247e+01
9.713354543649291e+01
7.745946402543198e+01
9.523654561268005e+01
2.849789617047547e+01
8.847998431347310e+01
8.124313446751010e+01
8.714840555896443e+01
9.235229948179438e+01
7.469558798461016e+01
7.089699049056367e+01
6.951329320180849e+01
7.848004362475129e+01
2.221331201596805e+01
7.693391897572852e+01
4.883378145696305e+01
1.269000713373069e+01
3.367146487984409e+01
9.721588203553850e+01
9.797020000311090e+01
9.615900218307925e+01
7.224272995825984e+01
2.070552963796329e+01
8.716247658578794e+01
5.925179582985667e+01
7.659957002690042e+01
5.456641053527892e+01
6.908978036096775e+01
4.565472977499232e+01
7.848296569589664e+01
1.926344512927506e+01
3.449624224309635e+01
7.561651108582342e+01
1.746017263152645e+01
5.145025535088510e+01
3.209831022289503e+01
2.316345526984122e+01
9.912986638915254e+01
1.924671573529332e+01
7.802129633632549e+01
3.283742826098457e+01
6.438192360307180e+01
9.555037393958791e+01
7.410065530524619e+01
8.659523561903984e+01
9.540852070572251e+01
3.950909061334519e+00
1.570439716601018e+01
6.155757748594395e+00
3.900368029205300e+01
1.367459712255495e+01
1.469037263406924e+01
5.202579058335432e+01
1.720183436628516e+00
9.904305790506446e+01
7.049820608016951e+01
1.371992175174873e+01
8.741065440113222e+01
9.047831925120127e+00
2.095193053640050e+01
6.117465140352708e+01
6.279921916443818e+01
2.367220522075528e+01
4.570495348689377e+01
5.952212831914524e+01
4.155893714239771e+01
5.099529081536238e+01
4.519112517367635e+01
4.068880353155024e+01
3.439050276502525e+01
7.172097050199331e+01
1.451425781218068e+01
2.975428902066978e+01
1.876279540302362e+01
2.300966611272174e+01
8.536766198713688e+01
3.436246408818404e+01
5.892102464983287e+01
8.465290473990743e+01
9.740284611350057e+01
8.825975334656412e+01
5.616983964860898e+01
9.283427386210965e+00
9.950616359687697e+01
7.237417999299903e+01
8.326485244709293e+00
7.000436963048035e+01
6.517809036428950e+01
9.101817104547200e+01
1.354014361907735e+01
1.153786704481480e+01
7.727626402735535e+01
8.827521972743571e+01
3.875708539912341e+01
8.898398489178344e+01
3.586149105609464e+01
7.676900945453393e+01
2.988955449773444e+01
4.901223357255209e+01
3.343134104899659e+01
7.700380383851184e+01
2.073320407454539e+01
8.234035185647214e+01
6.305248367742286e+01
2.302783314279645e+01
1.077549183311662e+01
6.165362455027812e+01
1.427492141457038e+01
3.072799063787237e+01
1.071838485576137e+01
1.167776748150483e+01
7.695617181107224e+01
9.611197053273766e+00
1.451536566694983e+01
4.988937235897843e+01
3.926240449736938e+01
2.928768015899122e+01
4.646670494529731e+01
4.440494815092764e+00
4.456330092836325e+01
3.063533004868558e+01
4.010364508261143e+01
7.249867356033003e+01
9.876082506904417e+01
7.531371734818151e+01
4.482078237683549e+01
7.220770235741870e+01
7.216200636334811e+01
9.137221294984789e+01
5.326031858718969e+01
6.954053969566736e+01
7.454429058104022e+01
5.752535628039639e+01
1.512610447366075e+00
1.870475384346431e+01
8.055318942319285e+01
4.095295590392917e+01
6.712489946145791e+01
4.245522545764931e+01
2.964937436843728e+01
1.979497727928450e-01
6.505878319268059e+00
2.024423043254960e+01
2.288905555516903e+01
1.418158519742153e+01
4.444989335930435e+01
6.086889703798523e+01
5.675475339254120e+01
8.692776592770953e+01
8.943467507578184e+01
7.550553040369671e+01
3.429378733704508e+01
4.508555119162684e+01
4.955927806420218e+01
2.588764630532248e+01
4.852037413442525e+00
1.104193646974952e+01
6.233205202144201e+01
1.623843373555617e+01
6.220008091172207e+01
4.062172520934684e+01
2.647530386525919e+01
3.674437149276229e+01
8.881023483761131e+00
2.104998469401616e+01
7.677117342910319e+01
3.931359278006180e+01
6.894087026312057e+01
4.389607284399498e+01
8.426232374471721e+01
7.291441204627715e+01
4.033476046302112e+01
5.074362012126652e+01
6.747493304660308e+01
2.794996496660168e+01
6.492520536525417e+01
9.404498613162198e+01
2.785197520994208e+01
9.405060731528820e+01
9.885259233361697e+01
1.728665023915779e+01
7.673191781003584e+01
7.339693655883751e+00
4.682497035098493e+01
1.609911211584653e+00
5.288933392283010e+01
5.167700781099359e+01
1.624289071943745e+01
9.444285104723780e+01
8.611771980585424e+00
1.355142133010152e+01
3.506457621001852e+01
2.793498324599815e+01
7.313241664000434e+01
2.468997217933180e+01
2.374015223409057e+01
1.136594554938653e+01
6.400356495939361e+01
3.201586042159044e+01
9.379966291310249e+01
6.525591591617832e+01
3.060610500658215e+01
6.886622871685132e-01
7.487253894790659e+01
3.580189577108337e+01
9.925845148938636e+01
3.979774426659464e+01
2.406556802991106e+01
3.272873891178926e+01
3.384835153531672e+01
2.568439078781958e+01
9.451588703995380e+01
4.014270996681541e+01
4.920352033768013e+01
4.496460959546483e+01
2.909966280176289e+00
8.243086029888637e+01
4.851736731292557e+01
1.556181400807659e+01
1.375354887626765e+01
5.833736902956728e+01
3.808533187866459e+01
4.997154662849919e+01
8.627235227556544e+01
3.760227702446388e+00
7.466151885439713e+01
5.121977559813288e+01
5.366381772498778e+01
3.411950051510683e+01
8.730706576598206e+01
4.746348059152415e+01
8.443746696432935e+01
3.023357318259476e+01
8.535716612141448e+01
7.633771378376414e+01
5.371506654364758e+01
9.023392982326165e+01
7.291870246311589e+01
8.816808638543267e+01
5.401307873149081e+01
1.377372504853351e+01
2.520894241761832e+01
7.297805793256408e+01
1.507378011712515e+01
6.884798159303516e+01
6.981841743449607e+01
1.798374644386757e+01
6.530891482965504e+01
3.298333484352722e+01
8.675795755663790e+01
5.483926974927972e+00
9.398853284958216e+01
3.077199260274507e+01
2.961945907660735e+00
8.026088507858147e+01
6.793359921683259e+01
3.011699241125816e+01
3.148066063014821e+01
2.159741694182037e+01
6.878207622504890e+01
1.027941019752967e+01
7.491911685788963e+01
5.321954314281211e+01
2.819258097009388e+01
5.441806365475900e+01
8.951880624029729e+01
5.859831723319289e+01
9.303547516140877e+01
7.470460425815760e+00
7.187543156178455e+01
8.955835215261129e+01
7.001228615176504e+01
7.933274324952286e+01
4.059272005250338e+01
3.631796563804055e+01
5.064083265636155e+01
9.116306206731268e+00
6.838325060363078e+01
9.945956668791341e+01
4.476747002674615e+01
8.784727253385228e+01
6.449195736297033e+01
3.875600282976217e+01
5.202064404823847e+01
2.595625274160702e+01
1.901688786177751e+01
1.995424321850493e+01
7.541183204176455e+01
6.618577617508629e+01
9.882118697223309e+01
9.385228743490404e+01
5.144740131285387e+00
7.518679675421994e+01
6.750113864778594e+01
5.970638010637200e+01
6.503062134842882e+01
7.826746673242536e+01
6.757140241915891e+01
9.682614733317221e+00
9.695015251494485e+01
7.493325060928856e+01
7.729727694638878e+01
1.819433798929413e+01
3.704644685473593e+01
1.788999695232603e+01
5.451230367390081e+01
5.908915715249682e+01
2.830113443932549e+01
8.814015709242790e+00
1.906285249584487e+00
8.541101370258770e+01
8.024857276130867e+01
6.447560152247344e+01
2.416701648578375e+01
3.788469454175080e+01
9.235449535416183e+01
3.315288835817617e+01
6.863617550983847e+01
8.777579017345597e+01
2.801821824536576e+01
1.018783567016378e+01
8.326645688305909e+01
3.316295837665115e+01
2.080039336383361e+01
3.197666668890820e+01
6.650027947803041e+01
8.543002385898960e+01
3.191216035369419e+01
5.197765438443872e+01
9.551362944557967e+01
5.136961385205836e+01
5.667849860930746e+01
2.932779524909695e+01
1.277633207513780e+01
1.094449242155277e+01
9.070090334429449e+01
6.447254575997245e+01
1.339121102978997e+01
1.900203773705384e+01
4.743361847821325e+01
1.529749627937446e+01
7.605009445736654e+01
5.019891832498783e+01
8.169573889192927e+01
3.730999735990073e+01
8.207093886196192e+01
7.405023424609109e+01
5.426051097654761e+01
9.008204750254846e+01
4.181656159545135e+01
4.794196386260072e+01
9.114873883833585e+01
3.435176333149512e+00
3.164406234009380e+01
2.107027648997972e+01
1.158732590805149e+01
8.263173232908908e+01
6.901291155676027e+00
6.222802822581867e+01
1.500358125893566e+01
4.047428543701502e+01
1.359764203131089e+01
3.656808842745055e+01
7.522582694665800e+01
1.657749368649791e+01
9.289178424183828e+01
5.780807643095407e+01
9.968917397767733e+01
3.844465601185554e+01
8.492876802800632e+01
9.791659847736200e+01
7.620128815816776e+01
2.710970324795214e+01
9.321762746815459e+01
4.085639549459163e+01
3.818630987693849e+01
5.417859258790435e+01
3.194726124962199e+01
9.244682085348612e+01
5.963005202805161e+01
7.376382284507334e+01
4.855957536425421e+01
4.453052321659891e+01
9.605741263183644e+01
9.887691172718857e+01
6.775021835591188e+00
2.637328045739479e+01
8.203438649980090e+01
3.730606224262438e+01
8.373378202493012e+01
9.703796780530269e+01
6.162030546070091e+01
9.075713441276790e+00
9.606390986408289e+01
5.014283845673447e+01
1.838414781651653e+01
9.628670150241196e+01
7.816834621046127e+01
2.250277252053040e+00
3.480247754361596e+01
9.983366359948818e-01
6.221905814587095e+01
9.809659267687080e+01
4.547816260972906e+01
5.308903774856080e+01
4.810440351632629e+01
8.366447248666755e+01
4.913037132896966e+01
8.794088093002368e+01
5.975859628979051e+01
9.339101141942247e+01
8.771088974909432e+01
9.625065368425597e+01
1.266499395140679e+01
3.890370286018760e+01
3.550853758841220e+01
3.522334342600002e+00
2.769002794646194e+01
1.754292404164696e+01
7.602442525142079e+01
2.569552051168657e+01
6.905966218051485e+01
5.094143676149726e+01
2.750217464170520e+01
8.253859397142129e+01
1.084275171665603e+00
5.934696330658484e+01
4.353010656476491e+01
1.715384382622030e+01
2.432856402561467e+01
6.656551131353039e+01
3.016553285073746e+01
1.035565785614571e+01
6.352200366720650e+01
9.225037362996972e+01
5.307436597211024e+00
1.951562330104207e+01
4.879529427215238e+01
1.375461188785481e+01
7.456504184499618e+00
6.941324266112095e+01
7.205053724909692e+01
6.916120791303049e+01
5.191953915726371e+01
8.109890743209930e+01
6.719988424666219e+01
5.788543515740216e+01
8.927268832422453e+01
3.575493871968004e+01
5.294028048074817e+01
5.166892933271310e+01
1.427294687101289e-01
1.955189258770639e+01
3.085907731710890e+01
8.895263387307182e+01
4.538536586118180e+00
1.732282546224204e+01
4.511155404388511e+01
1.593959099424053e+01
7.628487817770097e+01
6.944011806949979e+01
8.250510230777091e+01
7.122962669061013e+01
9.333121399084628e+01
5.766603697913980e+01
3.275822938082657e+01
9.863865058805730e+01
9.653168115603350e+01
7.315366779135245e+01
5.307645851423799e+01
1.798428083676113e+00
7.682173549049615e+01
9.052778598411372e-01
2.481141911112304e+01
2.874127460119374e+01
9.092618664304084e+01
9.201130335778525e+01
6.902226836840728e+01
7.592832016569020e+01
4.586819817585321e+01
9.812424057075951e+00
5.601620895602564e+01
8.765401155112964e+01
9.513794183504672e+01
3.940352799343110e+01
4.072395802509224e+01
4.850102804997052e+01
7.478680944758784e+01
8.583551206897735e+01
9.656967120085362e+01
9.263478689484057e+00
5.527563009191101e+01
4.607183874867476e+01
6.189232853329383e+01
7.851806216804221e+01
8.917147651741816e+01
9.195517063697575e+01
9.773637740767393e+01
8.361146430653122e+01
3.335744488675028e+01
5.238121023978163e+01
5.888805801928419e+01
1.017918033068030e+01
3.113844908361251e+01
2.813728052570358e+01
1.860194272296594e+01
1.779408087851204e+01
3.108035821052285e+01
5.508980623217757e+01
9.372240104420221e+01
3.852949065087805e+01
5.048571492102263e+01
3.494783469240546e+01
3.735229151200144e+01
1.692240290200450e+01
9.241181867775127e+01
4.724627269769380e+00
2.050279407785404e+00
3.585560067363810e+01
6.935919405396990e+00
5.681753864363652e+01
7.646210681482316e+01
9.212276762915904e+01
2.889377345745162e+00
8.622773670881415e+01
1.599358651600479e+01
3.792048382475995e+01
3.300499316910514e+01
4.779754241360236e+01
3.944791710909825e+01
8.092187814457429e-01
7.803071363737374e+01
4.277377852367879e+01
1.118035479969362e+01
4.792346719090057e+01
7.091105904938236e+01
5.382639232735448e+01
7.201659310237346e+01
9.105964288630506e+01
8.916198559532035e+00
2.068564459713439e+01
2.861955237044932e+01
9.069576970799629e+01
9.299505785712742e+01
8.044217316454377e+01
3.631942637093339e+01
4.804529796729111e+01
7.069647119878627e+01
8.259279932016172e+01
1.524392604606409e+01
9.364456929901827e+01
2.279033713172671e+01
6.957125415539893e+01
6.975515818677617e+01
8.927714456304776e+01
5.579899081764695e+01
4.039598789084516e+01
8.565988488758909e+01
6.306546128497713e+01
3.268991225989997e+00
6.503480824876335e+01
6.337240341276507e+01
6.622424394182127e+01
3.200938125700196e+01
1.782255890677802e+01
8.967420719083130e+01
5.973299711930239e+01
1.735932287637113e+01
5.667248901756130e+01
2.941995986244639e+01
2.224384104937494e+01
2.304229481287408e+01
6.751191782183568e+01
4.923710955737024e+01
7.867577414898005e+01
4.795409098637947e+01
8.458457369570833e+01
1.222570203813990e+01
9.470782731413274e+01
1.237242869677601e+01
4.196499811576912e+01
7.234021787174989e+01
9.358517862557675e+01
3.367103093009025e+01
8.416342883564691e+01
8.795751514283825e+01
6.373149904596224e+01
7.590695516015727e+01
6.914148925297962e+01
2.679696028437324e+01
3.847575059089612e+01
3.751750990632806e+01
9.067164035079611e+01
4.635161279996466e+01
6.618567875874494e+01
6.572667521691261e+01
3.602581994422982e+01
7.341259469902730e+01
4.660224008681357e+01
9.177904300940179e+01
5.533863574049372e+01
9.280784865506358e+01
3.770148965423065e+01
2.459507357543105e+01
7.495607378657725e+01
4.732603637842742e+01
2.533574962305639e+00
3.702133872407551e+01
3.982865779652663e+01
6.462887072219927e+01
5.117614094688378e+01
8.506333398868485e+01
4.437549134920141e+00
7.778219495796701e+01
2.214011369372723e+01
3.451657492412095e+01
6.126379932335755e+01
8.246586396473732e+01
1.042353003771209e+01
5.855576645515662e+01
1.928414405290230e+00
2.352014892898507e+01
4.221865415676434e+01
1.334877270895465e+01
3.634956764818615e+01
3.076726474369283e+01
6.566113977025316e+01
7.197690921461997e+01
5.668594062174016e+01
3.622514737594182e+01
6.323516460286228e+01
1.202457631566775e+01
9.336554775636901e+01
1.281550387517340e+00
2.540272424249105e+01
7.107795419687309e+01
1.765881419072804e+01
6.279222833122697e+01
4.290254183248735e+01
6.075715006364377e+01
9.488955964096336e+01
2.709955816487761e+01
9.579140115333321e+01
9.932710882244963e+01
4.881753076278490e+00
7.267170235173390e+01
4.586003392276356e+01
2.725692686031429e+01
5.465471439745963e+01
7.488432297244869e+01
9.655084092940709e+01
2.848057622484890e+01
7.459350613625418e+01
6.113242696092112e+01
4.182934893380354e+01
2.883502283544979e-01
9.189969170461394e+01
8.389402887965275e+01
7.226525944297447e+01
1.953705289379556e+01
5.810428883792101e+01
2.371275398121809e+01
6.061020859545572e+01
6.698051661578030e+01
3.456025381319237e+01
2.485961561317538e+01
5.821523901923338e+01
8.071948265690332e+01
9.429063871237014e+01
9.560648086276207e+01
3.410268576541110e+00
4.369472076357096e+01
2.960627322532529e+01
2.019422926017746e+01
4.386961969727167e+01
3.309909204631070e+01
2.660054686786633e+01
8.888186350878415e+01
9.924464444594673e+01
9.192368434366010e+01
6.502129061381393e+01
9.879065216462624e+01
1.708985148793545e+01
6.922151896600683e+00
5.642574352977133e+01
7.330785322622762e+01
5.460722537460142e+01
4.882760394775663e+01
9.518699468820682e+01
8.903109817254874e+01
9.741323622754460e+01
5.329128347956169e+01
3.341696701637328e+01
5.802344482300033e+01
4.042856825535585e+01
9.110667933295792e+00
4.403637766094710e+01
4.117041707093382e+01
8.983015063676525e+01
9.284153883012083e+01
5.686846843774824e+01
4.474658567679421e+00
3.653625954712567e+01
8.647474170963967e+01
5.370541119654915e+01
7.955808913314625e+01
6.107801904952061e+01
4.241462659203197e+00
6.843995259536429e+01
6.032266344890122e+01
5.739417139319431e+01
3.220613898346487e+01
5.611814877768892e+01
4.538717858744188e+01
7.056583150781962e+01
1.304606097426548e+01
1.869503176710337e+01
2.013735129504341e+01
2.893012996247510e+01
7.037376294395597e+01
1.497346028451503e+01
5.162106121500072e+01
6.717330988830575e+01
6.325853139313801e+01
1.731034592600090e+01
3.515627702472559e-01
2.166980277824672e+01
3.533334007269393e-01
6.161355039179956e+01
2.273419276938503e+01
8.455987809438253e+01
6.007273451428522e+00
2.720885133706446e+01
9.072452191762837e+01
3.398620045463844e+01
8.328666974943442e+01
2.893121029666216e+00
9.506421955072517e+01
5.570519387522022e+01
3.872256355300665e+01
5.113749846403370e+01
7.670260228994424e+01
7.092870253647150e+01
1.150503168418306e+01
8.394976010730014e+01
3.132551588645462e+01
2.455109270501467e+01
4.078481264448948e+01
6.682321460304000e+01
8.642475762703677e+01
7.993459565561945e+01
8.179667493412116e+01
4.571165873003735e+01
2.184014894153930e+01
5.473198106267117e+01
3.355688314584870e+01
6.903758052226043e+01
7.640178388748402e+01
2.436872819642011e+01
3.065113086749387e+01
9.907219354020069e+01
7.855699056692281e+01
4.169498595488025e+01
2.634482794736737e+01
6.097168953203209e+01
7.568118640951867e+01
8.131062024334010e+01
6.386481056169831e+01
6.084618822710877e+01
6.883875260541159e+01
4.553808530119159e+01
2.233070103560141e+01
3.236696791479689e+01
4.921538953167172e+01
3.763732055092105e+01
9.771081646797751e+01
9.070992357596286e+01
8.901127650822107e+01
9.524156143667250e+01
5.234180886873128e+01
4.994024524928082e+01
4.990840048990604e+01
4.381525853826444e+01
9.432482961300985e+01
7.174854947801145e+01
9.854723960093560e+01
3.488687865197979e+01
1.190576516646229e+00
5.017563246664388e+01
8.171556246546821e+01
3.687828902009795e+01
9.522053417527141e+00
6.793074266423040e+00
7.857327497497819e+01
5.817605492573980e+01
1.996858470140425e+01
3.619494756506521e+01
2.188839964656550e+01
8.383339526310255e+01
9.340825704550755e+01
7.920728362128477e+01
2.937148051772801e+01
4.671853671163252e+01
8.690055095911983e+01
9.662026548600768e+01
8.876947671583363e+01
2.199025034065836e+00
8.733018901540441e+01
6.428310138372849e+01
4.541856210931137e+01
4.574940821423634e+00
1.422334663300931e+01
9.532696264578354e+01
3.309675084105542e+01
9.389589042118558e+01
3.696426923245391e+01
8.203449593020346e+01
5.124272464366757e+01
6.826608859387510e+01
5.698351937205695e+01
8.171882586633731e+01
6.499115636804660e+01
3.106851937764721e+01
4.071572103570947e+01
8.371765258895124e+01
3.149834737717097e+01
6.068430573711372e+01
3.797211392688198e+01
3.918726576454345e+01
9.190309447790639e+01
6.297198122505656e+01
2.801757060364707e+01
3.930797033911011e+01
1.410413729683689e+01
1.491812151620077e+01
3.592823577855166e+01
2.873613966104394e+00
7.834058007148121e+01
6.248083122190127e+01
5.383150393787376e+01
9.385636457887308e+01
1.426181309589269e+01
5.340256469948337e+01
9.544476903762890e+01
4.735856393694811e+01
2.310633828076829e+01
2.071621223386201e+01
2.845217484443084e+01
5.799842800851837e+01
2.452492775606221e+01
1.745491680570641e+01
3.969917317838370e+01
6.054296896818232e+01
6.367098338141618e+01
2.473030682873461e+01
1.338695795898650e+01
4.800256092473984e+01
4.751521239407138e+01
5.135907188586848e+01
8.718982673584941e+01
1.774077984399199e+01
5.853415613925743e+01
8.973037651261798e+01
5.952416293300882e+01
3.335974069003004e+01
8.799117826297469e+01
1.465451294307341e+01
3.130880437386632e+01
3.642898063940414e+01
3.791293769046335e+01
9.588842196198573e+01
5.446072530674782e+01
8.433602754228563e-01
3.854287301122345e+01
1.946867230323547e+01
8.266847882544084e+01
8.584132808532627e+01
7.572751151198871e+01
7.571321403408106e+01
8.438250780309667e+01
2.524392680509199e-01
2.730520601724517e+01
1.406301982424363e+01
2.992174463808618e+01
7.425153300829768e+01
4.061228136560520e+01
4.274108882189779e+01
2.565568267631144e+01
3.561327524278931e+01
9.466777452950727e+01
4.380815217448778e+01
2.754580053852210e+01
9.037576014659170e+01
2.575885878212697e+00
6.272077703043855e+00
5.795633730383420e+01
2.731347471816161e+01
4.578036286206002e+01
6.874282237549444e+01
2.699604473402539e+01
5.883952833658063e+01
5.388313064066838e+01
