8.662335173535317e+01
8.888729595993054e+01
2.307850915150647e+01
2.157719434312414e+01
8.660810058312867e+01
7.461609839211036e+01
5.739002388780472e+01
3.847429879870000e+01
5.306748023865161e+00
8.608924485095277e+01
1.765707215185141e+01
3.216066003412039e+01
2.094134782484795e+01
2.704558983773254e+01
5.879067348259998e+01
1.145202476133221e+01
2.938146769505994e+01
9.804000346830115e+01
1.640273584816732e+00
3.171016463623856e+00
6.070345782707606e+01
4.347581870084434e+01
1.328769778520227e+01
1.101104910998188e+01
4.119075212683098e+01
6.705490358502367e+01
8.024526507605113e+01
6.565024106095090e+01
1.137948702619387e+01
7.009629284501835e+01
7.145318308447170e+01
4.639309861063636e+01
2.973370315960315e+01
8.497129747875562e+01
5.280059657655685e+01
5.041007951386742e+01
4.229853085349246e+01
7.168640162408650e+01
7.699226121278119e+01
1.287717288959640e+01
9.590732962633824e+00
3.917626721746114e+01
1.000609300565258e+01
4.612684130953944e+01
9.058633404345546e+00
4.186568359931264e+01
1.807129276826572e+01
2.924422990961197e+01
6.403459071369589e+01
6.449152457736970e+01
7.279543218798723e+01
9.939895216347601e+01
4.355332969853344e+01
4.138257640478321e+01
8.216152516294342e+01
8.682334930022402e+01
8.720204769037760e+01
9.956518663073200e+01
5.039432283974919e+01
9.542238837826177e+01
7.602689595708013e+01
2.428356540588828e+01
3.145784420494821e+01
1.091325446540176e+01
9.320489545036335e+01
1.870665620952223e+01
4.501940433169687e+01
1.307835770448593e+01
7.603345246800848e+01
7.708708661472755e+01
9.675259417703030e+01
3.829561916100588e+01
2.553534089845389e+01
7.080945417788320e+01
9.226684001845626e+01
7.729805832602925e+01
3.712042949028333e+01
6.098420371347303e+01
8.295277412186972e+01
7.959572811592172e+01
2.163832104841169e+01
7.880523078087961e+01
8.004466974178547e+01
9.761884021461888e+00
2.615496726993237e+01
7.690797069897314e+01
9.450596589339244e+01
2.932283949541060e+01
8.043204708044979e+01
2.964040065633152e+01
3.736022172372799e+01
8.736454094171735e+00
5.246728130265478e+01
2.469304503160205e+01
1.964970855957349e+01
8.514713998192323e+01
1.766256378854744e+01
7.419672248614799e+01
8.387118525983355e+01
5.024814249493561e+01
4.354009816587907e+01
9.305581436169139e+01
5.622432583767191e+01
5.529931739685093e+01
2.368891561575649e+01
4.106218043764224e+00
4.395134870146929e+01
1.302086003731045e+00
6.509042180380338e+01
5.222357132109979e+01
2.457106161144146e+00
6.605660368970437e+01
2.507456137103707e+01
9.822890595450481e+01
5.891065325537262e+01
3.654595512735935e+00
5.338145566796021e+01
3.556682604158615e+01
5.265222338617417e+01
6.498420376562709e+01
8.046711472816165e+01
7.013872781309240e+00
4.583732180569196e+01
5.354589226355119e+00
5.474041539930757e+01
5.761080657020714e+01
7.352826035280165e+01
2.370452537373850e+01
4.159315239712277e+01
3.532751749052085e+01
3.680503253676232e+01
8.513325056300184e+01
8.778162486282253e+01
8.742435182790474e+01
5.021195698073691e+01
3.686424351151299e+01
3.850434419629366e+01
1.948275413340086e+01
9.386707441595712e+01
4.370263407179277e+00
7.170632545450066e+01
6.651329196361513e+01
7.547600100537576e+01
4.596225919479609e-02
6.998376565518964e+01
3.003905361054421e+01
4.044895509278818e+01
9.544950914357301e+01
5.700499753328273e+01
5.725314210041107e+01
2.282141476069643e+00
3.747211226144439e+01
2.689381070756065e+01
2.835158199460785e+01
9.184061195321409e+01
2.330280296658296e+01
7.148011902881791e+01
8.440887685139145e+01
9.923455179633319e+01
1.808162257917301e+01
3.336176091495983e+01
8.128990143597588e+01
7.891885655881784e+01
6.174509276717207e+01
1.719911020118702e+01
4.472957567532062e+01
7.329411607854726e+01
4.515951017158083e+01
9.857311560705915e+01
3.860799970040470e+00
2.550315602007469e+01
4.258473103055019e+01
4.881604078636320e+01
7.461515673185474e+01
5.237522714416274e+01
4.383659509189268e+01
9.605332822355132e+01
2.588029677322148e+01
6.769630241566166e+01
5.305832575683404e+01
3.948287956392527e+01
2.232722655047068e+01
3.235776016132802e+01
4.860042466251199e+01
2.822694374631482e+01
1.638367060403511e+01
8.110222419775195e+01
7.240075695905870e+01
5.454044018617851e+01
7.827759016225002e+01
1.278033415450730e+01
3.261148209339542e+01
7.424854071543018e+00
8.522125635539240e+01
8.077251528425725e+01
2.399646976217463e+01
9.298257496812501e+01
5.406663136280451e+01
6.249361651134380e+01
1.637995243835261e+00
5.213453050336546e+01
9.797987146208989e+01
3.263438014901913e+01
3.571584915542782e+01
9.304523295399045e+01
3.501246219268649e+01
9.874365958326666e+01
7.811443162062878e+01
7.783949932914204e+01
8.797072725741693e+01
5.134928876131274e+01
4.350892470381638e+01
4.685565105027317e+01
8.370704896920688e+01
1.103989780463273e+00
7.999548883177130e+01
3.808686595321021e+01
8.848424911894102e+01
3.654430575507893e+00
6.749573301872971e+01
3.524225597979606e+01
1.567390790007725e+01
3.162755543907525e+01
2.094833651601725e+01
2.666076399696095e+01
7.966647747888531e+01
6.759544539619024e+01
4.001658630558131e+01
6.459284073887059e+01
7.639848425816675e+01
9.301053369092315e+01
6.044156251495777e+01
7.479908046070443e+01
7.884076939841768e+00
6.901305237273363e+01
4.447820360980844e+01
6.065737598606263e+01
2.752535656444978e+01
7.544728646774185e+01
3.849687531520467e+01
1.549608382186670e+01
2.679657518248846e+01
5.166908621400087e+01
3.228108153319037e+01
2.270246340087730e+01
7.044218893649159e+01
2.604194824865179e+01
4.390057667340179e+01
7.344267762892073e+01
7.881643049363812e+01
4.566625717359886e+01
2.111518011480346e+00
8.551299412991526e+01
1.230424368395668e+01
2.305985452749760e+01
7.948534026718016e+01
2.858952401605878e+01
7.726201483852324e+01
5.559296764228166e+01
7.116708516663270e+01
9.720970434006756e+01
2.812945750920542e+01
2.120936513934721e+01
2.433524794147129e+00
5.377437130258157e+01
5.279262780807569e+01
2.084800313266367e+01
4.486729695688341e+01
8.031798441909159e+01
5.487182566657282e+01
3.253183059046596e+01
4.621921686745213e+01
5.061837898130454e+01
2.470573253217420e+01
5.446165495294223e+01
5.965921420588122e+01
7.634281133131256e+01
7.437757611012906e+01
7.568256839908780e+00
7.814922462131327e+01
7.834064996724047e+01
8.458379650701946e+01
5.817456187595360e+01
8.795474776437263e+01
2.897884944871946e+01
3.747320791588781e+01
6.812362664757465e+01
5.540666498961237e+01
4.952999011125881e+01
3.242550465856935e+00
9.567618146337391e+01
7.976978024457105e+01
3.137200797506236e+01
8.235534750034816e+00
3.879014488253284e+01
7.742228786341020e+01
6.102816260467664e+01
5.777033793636148e+00
7.594201582294983e+01
4.134614697720210e+01
8.878083121440412e+01
3.107814967216838e+01
7.636983174661633e+01
7.866636937422044e+01
7.477357088344803e+01
8.088172277476718e+01
1.687569237168677e+01
6.748258153325068e+01
6.970359430168924e+01
8.560529643930741e+01
2.530323975966463e+01
5.697881805569810e+00
3.539158377581816e+01
7.847783387567748e+01
5.581503834380537e+01
9.810008858242076e+00
9.002346568276336e+01
7.954655335263654e+01
7.404185755832208e+01
5.653320954019819e+01
8.278910381849349e+01
5.520399443581886e+01
5.409173553534399e+01
3.418446846035517e+01
4.377333882440503e+01
2.129200725876354e+01
1.160675627719925e+01
3.300306579703608e+01
6.615960954975318e+01
2.620468024453366e+01
8.313959864114393e+01
1.705094520796600e+01
6.834944163837909e+01
1.351191970217597e+01
3.143697592031070e+01
7.798572325985214e+01
7.363017456309412e+01
7.301835323358810e+01
5.624224415805296e+01
7.914014313329949e+01
2.840362280998548e+01
1.895175879772369e+01
3.307829277267600e+01
8.536872159939665e+01
2.429560386775788e+00
2.673092234261842e+01
9.751128470409256e+01
8.393040768985189e+01
9.068342851972368e+01
7.155314221584850e+01
4.046361718348395e+01
4.353172175750682e+01
9.668942349808729e+01
3.106239420876949e+01
3.199162643029896e+01
8.136549875203777e+00
5.235440151409917e+01
8.207728019080930e+01
4.222886555000621e+01
2.759441576320418e+01
8.096289773516492e+01
2.457988938529970e+01
9.037815597391602e+01
5.222603685791886e+01
6.857004769545516e+01
9.827173822478937e+01
5.852120190789979e+01
5.201582436078034e+01
5.203027802148381e+01
5.216972094595885e+01
4.590979714221778e+01
3.352679644409884e+01
8.488615107950109e+01
3.708256699008987e+01
4.563184666709595e+01
8.994204443411066e+01
3.870952969356884e+01
7.977770808142503e+01
7.387245207739642e+01
2.939295816672638e+01
4.348645896813202e+01
6.895685464560839e+01
5.849676907923854e+00
8.081162794530933e+01
2.289564238064719e+01
8.423095144528475e+01
8.894817782051311e+01
1.374666882387673e+01
6.437197447026706e+01
9.681998663433827e+00
9.072253200724839e+01
4.727112932469283e+01
9.213213300897372e+00
8.799324235319776e+00
2.566852608028265e+01
3.522154979185274e+01
9.192032515626416e+01
6.609135845959715e+01
9.881434920188707e+01
3.590920117493216e+01
4.250646785018336e+01
3.496428068492761e+01
7.121457432918929e+01
1.346909190223976e+01
4.272897920698346e+01
1.043223185019206e+01
3.498983636265147e+01
6.462148822127911e+01
7.998523329383937e+01
7.559232510421069e+00
2.261437513987272e+01
8.264144760679521e+01
8.182940328578903e+01
8.194815278144002e+00
8.949443203839215e+01
7.353598488193749e+00
8.160209948271611e+01
1.525184387120039e+01
5.696833946600945e+01
1.686487580503564e+00
1.803853000422871e+01
2.097097887702797e+01
5.108886559078882e+01
9.171690465496710e+01
8.345809210252860e+01
1.512243366573119e+00
8.899269042955370e+01
8.890417203721785e+01
1.932417341476501e+01
6.081032765135650e+01
8.089378479909794e+00
2.981747371601755e+01
6.025030941714081e+01
9.256560657758527e+01
6.275714634114743e+01
6.782145605786771e+01
5.838338148704888e+01
2.640578803904624e+01
9.274117899720612e+01
4.664409558598143e+01
5.753725276213942e+01
1.535555409051271e+01
2.844366521036423e+01
1.842297670357999e+01
7.492045842805899e+01
1.877997513803652e+01
6.199374392721511e+01
3.426388052025059e+01
9.521650126912469e+01
8.248047110740117e+01
2.441531979684500e-02
9.098275526938157e+01
5.063600775349699e+01
4.423815032664600e+01
9.987898324610617e+01
2.665402746137885e+01
2.224961203627736e+01
3.565796168318855e+01
9.883420476635648e+01
8.541023269547627e+01
4.873949394036992e+01
7.134986909634893e+01
8.444317667020633e+01
2.063244330726212e+01
8.444895934520706e+01
9.738869177987273e+01
7.610080906939729e+00
8.937939181429306e+01
3.320912790168502e+01
9.658389687379072e+01
3.483888629583591e+01
3.323294172679677e+01
9.381236452321167e+01
6.328255155276626e+01
1.699084929050451e+01
8.475651651842358e+01
8.408900563795540e+01
1.137370034650606e+01
4.262734979513444e+01
6.374564541678207e+01
4.950029260921306e+01
4.265176511493128e+01
5.791340091168573e+01
1.363003161439208e-01
3.465138582263672e+01
5.233574428238708e+01
9.649463924416092e+01
3.121798142381850e+01
5.443665723057308e+01
5.290302846250265e+01
1.157199107649363e+01
1.481879112069439e+01
4.862039664230328e+01
4.103496234912190e+01
3.545123447452264e+01
4.665744558286734e+01
4.251487536472961e+01
4.733273626646620e+01
6.904360319908876e+01
7.202806997673031e+01
7.541587728793540e+01
5.710265233977822e+01
4.735228482044874e+01
7.124342213908371e+00
1.439148560836515e-01
8.630958953234814e+01
3.115953879019224e-01
6.867305905030717e+01
7.384995951962190e+01
9.714103550517048e+01
9.080472029317390e+01
3.032768449295670e+01
8.559071034453378e+01
4.871812115829351e+01
4.653626570782451e+01
7.935575637005073e+01
2.070440306361038e+00
8.939887443063729e+01
5.943696115139731e+01
1.043953742386752e+01
1.050687362929195e+01
1.602874683031288e+01
7.132588870419464e+01
4.662612269009749e+00
3.699858348676869e+00
2.157094628623265e+01
6.474888006446365e+01
4.251880042372215e+01
6.584008953806017e+01
8.868713722968806e+01
9.606706402081395e+00
4.043338403125916e+00
5.843751735912520e+01
5.374908878176896e+01
5.054931326329211e+01
5.758222921638853e+01
9.165416420048761e+01
4.859982521673656e+01
8.327876491624805e+01
9.811961683357117e+01
3.573461716796021e+00
4.702546784981408e+01
3.091130383820799e+01
6.215571605700801e+01
5.644484886734041e+01
7.744756954603250e+01
2.779542455812703e+01
6.440752235446475e+01
1.842913432904945e+01
1.164177158458241e+01
2.091461989139887e+01
9.794213175677794e+01
9.860893897647455e+01
2.993303142950546e+01
8.554642735307404e+01
1.948784399753802e+01
9.901763172774464e+01
5.029530741753769e+01
9.958144132959723e+01
1.451970535075278e+01
1.668529120119535e+00
8.216429901410093e+01
6.660454201819587e+01
6.282924560961744e+01
8.295965966906383e+01
8.934399135845899e+01
7.085428781381542e+01
9.659877461222874e+01
8.113820468128576e+01
7.492164879800829e+01
9.999338961206067e+00
6.896193002767951e+01
7.271684942427877e+00
6.526729281305676e+01
1.740159826232195e+01
6.960876699053159e+01
1.835821234544656e+01
9.754771124457369e+01
2.898342317388553e+01
3.347543433004778e+01
9.189482829156091e+00
5.493090918982909e+01
8.314678803232815e+01
7.259286123914312e+01
2.684554365782325e+00
6.080500421151752e+01
2.082417566367619e+01
6.826971590904040e+01
7.763894529903259e+01
1.423116792656070e+01
1.104677059270757e+01
7.930747441915213e+01
5.574310452479082e+01
9.743546154230621e+01
5.530003800769339e+01
1.659649890689016e+00
6.725797111506479e+01
8.589966124198384e+01
8.417967263803801e+01
5.279266017153518e+01
7.733730970757888e+01
9.307523355496826e+00
8.158111939280346e+01
8.807707586701822e+01
5.721420713570631e+01
3.528177758459085e+01
5.768584281098370e+01
3.229059499329449e+01
7.786821228352758e+01
9.170213215598004e+01
2.309655049959968e+01
7.199097139387902e+01
4.663304129924301e+01
3.328847826145984e+01
8.993469648525803e+01
9.380445908466561e+01
8.260431521693445e+01
5.996943277305431e+01
5.081166157071091e+01
3.385297597099699e+01
7.420060069961501e+01
4.253637992895040e+01
1.731431457088996e+01
9.290059101437245e+01
7.658838498247246e+01
5.305216557022751e+00
2.311697472963341e+01
6.022680581557881e+01
9.144130851674885e+01
5.677102755604825e+01
2.573746402083778e+01
7.224669939477309e+01
2.121342025753735e+01
8.691521644914300e+00
6.032377526179133e+01
4.443934296464517e+01
8.480644290559295e+01
5.009070693053804e+01
8.808763874139991e+01
5.302744528885346e+01
9.711750135622802e+00
9.843749930078047e+01
1.969946172074390e+01
6.385732510306747e+01
2.882857119144340e+01
3.866221943807892e+00
5.014925051953143e+01
4.409455114234916e+01
2.927241354681198e+01
9.014275897766592e+01
2.401833437570293e+01
1.581613161406300e+00
3.676297363674406e+01
3.011951461905591e+01
9.637360521423332e+01
9.383775670725749e+00
5.490822016955737e+01
1.404248150719445e+01
8.047110544539574e+01
4.584837907266262e+01
6.176756069146448e+01
7.011337399953668e+01
3.150550463772635e+00
4.899269652040335e+01
3.206883963759469e+01
8.973483875847181e+01
8.253657318769795e+01
4.858335100514039e+01
7.821414320646512e+01
8.151967817988232e+01
6.972972544363222e+01
7.663917857065758e+01
2.543088538825087e+01
7.429979284028512e+01
5.243194757608322e+01
2.537027966481181e+01
4.932210023949020e+01
9.365192441905472e+01
7.913989158307197e+00
6.971937295502022e+01
8.379468339672064e+01
2.431067462279958e+01
4.571376198237471e+01
8.155558285375851e+01
2.588687680004485e+01
7.914042243693975e+00
4.587339402449941e+01
3.662868404603968e+01
6.049983844184309e+01
6.627873604478256e+01
9.522911039890214e+01
9.538974310056760e+01
2.548728795977649e+01
6.260746268676941e+01
1.453358103266618e+01
1.773807127854697e+01
9.272650424052333e+01
2.233682280515173e+01
3.701114837872383e+01
9.949010927206376e+01
8.459268653979184e+01
5.806692869312453e+01
4.757982597107991e+01
9.072407572098266e+00
2.921090728100897e+01
3.015066558967841e+01
2.915992659011852e+01
6.965786668921722e+01
9.776370618388229e+01
8.478488348647248e+01
3.937723959767131e+01
7.597273312321525e+00
7.425004796788565e+01
2.521912973617163e+01
3.257499473755015e+01
1.369247213643625e-01
7.762999114470091e+01
6.693649178693839e+01
9.544354211326853e+01
5.508969577732016e+01
4.797690927422462e+01
5.307945830425223e+01
6.490285660368524e+01
5.331634443873370e+01
6.812472407153096e+01
8.501264056424269e+01
1.340765180690570e+01
8.639082218817940e+01
8.550872098911028e-01
5.041880018562954e+01
5.733146958860171e+01
8.230787230763019e+01
8.449595369607952e+01
2.769501755372389e+01
9.922771160454849e+01
9.423878229886236e+01
1.728765411176144e+01
9.949841131432839e+01
6.389664898807958e+01
1.321184728909835e+01
9.818783653815642e+01
9.159133112597807e+01
5.493487080323271e+01
5.084129020145222e+01
1.584351529173717e+01
5.044158564435391e+01
3.156314121166390e+01
5.434149408449488e+01
2.261089981655167e+01
5.902474613814835e+01
4.061459188378164e+01
7.058780909077628e+01
4.969739855718678e+01
8.098488477104570e+01
6.448568741999831e+01
4.336171650484284e+01
4.168040069829691e+01
5.270525862123131e+01
6.253749149038340e+01
1.568481880970524e+01
4.743292846131740e+01
8.708400828162395e+01
5.747946037793506e+01
3.192888215739694e+01
9.199530384130557e+01
5.670717193591742e+01
4.933703404354725e+01
9.691837290158419e+01
5.943928428899463e+01
3.367172090041997e+00
6.617466391351758e+01
7.622127909037344e+01
9.880907628629780e+01
9.089960720897634e-01
7.977545483958696e+01
1.240555067193022e+01
9.451649710280657e+01
5.079226444977907e+01
3.033022127595274e+01
1.712739687279211e+01
6.626258001954414e+00
3.668984898211893e+01
4.305965893113039e+01
1.372013753918937e+00
8.102811038541985e+00
2.661557124304379e+00
2.774286010663158e+01
1.814266229893205e+01
4.600524327066040e+01
5.749539879965382e+01
9.988385895261722e+01
3.377531852283297e+01
7.488123074866888e+01
5.736331928398614e+01
4.869895058157805e-01
9.368846937720127e+01
1.022141157194106e+01
6.684554278238003e+00
1.639188412408898e+01
4.142290774799087e+00
5.781318697045240e+01
6.691839297624230e+01
1.829421148556015e+01
7.924035674856992e+01
1.424199357360694e+01
5.845535037035837e+00
1.945015775014188e+01
8.492395495293846e+01
6.031005273587539e+00
2.223854908823899e+01
9.934210926263691e+01
2.144946578026259e+00
9.318336224797338e+01
4.476045469975120e+01
1.702372707287955e+01
3.239426535200061e+01
8.972993390156418e+01
5.283875402660983e+01
8.778828619410670e+01
7.456853234887521e+01
2.007373078729665e+01
7.876146225201033e+01
9.994923290794215e+01
4.740996814677955e+01
7.319711925145104e+01
3.845314320104809e+01
2.561103539802648e+01
8.968386523876520e+00
9.119550375789194e+00
7.061749718646404e+01
2.219125219722802e+01
4.565718646424691e+01
6.860465820348108e+01
9.742179890043187e-01
1.285108193422252e+01
3.335383885230582e+01
4.503516687314733e+01
3.277577922343080e+01
7.778667550430944e+01
7.251831501373943e+01
2.699795883474777e+01
4.752544609248891e+01
7.466326163833182e+01
2.018132103615502e+01
2.491701022950793e+01
3.549997188872656e+01
8.982694493132966e+01
1.878082804325075e+01
8.149807070451699e+01
9.382964307154977e+01
3.874375104845676e+01
2.490912905191496e+01
9.663442992448546e+00
9.248215886414151e+01
5.683169516587243e+01
8.286056224389959e+01
7.262347413814788e+01
8.711686967272165e+00
3.379702895590897e+01
7.607299949790956e+01
3.369304134216767e+01
6.153807396140791e+01
8.265918175813704e+01
6.261482558334936e+00
9.349405164527431e+00
3.859703160757061e+01
3.961532141064076e+01
5.506723292873578e+01
1.157020032944633e+00
5.789311521588504e+01
3.598673578164854e+01
4.877794512956308e+01
5.418561261807830e+00
9.749645227449781e+01
4.744895330977112e+01
6.939805064787997e+01
5.308370145647028e+01
2.486597747768554e-01
8.817887869113072e+01
8.439873903263302e+01
9.407830284632664e+01
6.281383380424875e+01
5.743457682311283e+01
3.741745792209052e+00
1.506817714081527e+00
3.495231006990760e+01
4.395088429746725e+01
6.611234464967268e+01
3.605390518719978e+01
8.339487206348910e+01
4.218534410101611e+01
6.863275830104611e+01
4.639288128651347e+01
7.234270361826881e+00
6.729419551198100e+01
1.536124614782689e+01
5.980625965623476e+01
4.994500686877640e+01
5.801869014185792e+01
5.792408765196991e+00
5.291153399874994e+01
2.798970105498550e+01
8.158259493372523e+01
8.861718321620356e+01
2.231710852231696e+01
3.149031988880147e+00
5.110086284163449e+01
8.077116714826373e+01
8.153710820783726e+01
8.778458483879668e+01
1.027550460317894e+01
9.665293595597750e+01
5.232451988958032e+01
3.271125752139429e+01
3.625908355985725e+01
8.656890503436742e+01
3.032171634506514e+00
6.209029548898819e+01
6.157827911040665e+01
3.100965899927991e+01
8.966742353032689e+01
3.425992025726471e+01
4.280047609601192e+01
6.199602506216431e+01
3.434177233574064e+01
6.216089705105913e+01
4.557615637107573e+01
3.897716106799299e+01
6.624608429439650e+01
5.310601804084425e+01
7.061151790926769e+00
7.813826067286462e+01
7.228488618148718e+01
3.562627478299024e+01
7.208049263436371e+01
9.997235187328064e+01
8.934414074260003e+01
9.259859257964351e+01
4.835867464931620e+01
9.191877385225091e+01
8.923187339176977e+01
2.738162531861180e+01
6.501162898028811e+01
7.975070643227114e+01
6.009288284000609e+01
8.896639146328270e+01
5.039036881662457e+01
8.583820526759988e+01
4.172560332423337e+01
9.193758815151527e+01
5.246243931002097e+01
7.114810388123063e+01
8.680418184343920e+01
8.264769319568188e+01
7.208408604938728e+00
8.057034052003657e+01
6.043729980496564e+00
9.494130341100568e+01
7.876208498085015e+01
1.623128038655560e+01
8.466166387529191e+01
1.697712844096922e+01
7.462399400520324e+01
9.587207194225493e+01
9.066923623470088e+01
9.272216264750909e+00
3.606080582181961e+01
6.374687974515692e+01
1.870808797828298e+00
6.928401275970228e+01
5.410431868122161e+01
2.268588357730112e+00
7.622353433455505e+01
3.545147778254537e+01
3.039149783104262e+01
1.407470261402181e+01
9.230258031389796e+01
8.957312223015964e+01
8.451497130306204e+01
1.820287067359447e+01
8.836762834729981e+01
3.697741056651688e+01
2.729665251788527e+01
4.039556479099932e+01
7.484883073477485e+00
8.293615099179380e+01
7.673192549344708e+01
8.882232703679350e+01
2.290589261004044e+01
6.822900328237051e+01
5.053607423349101e+00
5.938283864379993e+01
4.131724719950801e+01
3.785555057127753e+01
1.807728988028937e+01
9.549971446185359e+01
6.574421602568785e+01
1.142583671557989e+01
7.634419620798165e+01
9.037530300690574e+01
2.144229925304758e+01
8.937960233976115e+01
3.470309317796635e+01
3.124894496577277e+01
1.259157802564631e+01
6.509459100900898e+01
2.942856602809791e+01
4.766963005423063e+00
5.643890516666644e+01
8.973676268464736e+01
2.837763863074483e+01
9.456644160420002e+01
7.007374538577803e+01
4.473078266937788e+01
9.100146661093527e+01
3.671108718808325e+01
4.865294562124319e+01
1.196737182883889e+01
9.369447068017649e+01
8.489950773534342e+01
4.206542579553343e+01
4.370799872265570e+01
3.165625810234633e+01
7.150502441055376e+01
5.737473166425467e+00
5.070991332210131e+01
2.539080852893684e+01
4.954318257493115e+01
6.042724384946154e+01
3.246439408160020e+01
8.396689960917779e+01
3.187100171664310e+01
5.898838027333300e+00
2.366404958239945e+01
2.976184223301794e+01
3.603745216319219e+01
4.368999974973966e+01
8.892121021119934e+01
2.338457434595776e+01
9.864315912064312e+01
9.383959201809000e+01
5.317717918808441e+01
4.924906089401295e+01
1.214929270192482e+01
8.150347484345710e+01
1.419350631264667e+01
5.002290371340835e+01
4.149954125354976e+01
9.279858856126600e+01
5.661922793677972e+01
4.166634340848137e+01
5.998809461481315e+01
4.694293762880514e+01
2.808960682157874e+01
6.200993478391782e+01
4.445246604478567e+01
1.500077546341381e+01
8.977563292243315e+01
7.324452189414042e+01
6.717189339323522e+01
6.294868610005298e+00
9.877564287687449e+01
1.871435056380664e+01
5.344714208200907e+01
2.528998084612655e+01
9.345343992740542e+00
3.068412273688434e+01
7.134960930391662e+01
4.224469416879336e+01
3.028900941381650e+01
2.462657914712400e+01
9.507023985268094e+01
8.346618860190091e+01
2.203588351702126e+01
9.211936862772301e+01
2.323905705625147e+00
3.622938982966793e+01
1.398622990305826e+00
2.648383501287728e+01
2.802062254772551e+01
8.748239003470279e+01
2.291718377867582e+01
5.400291898008572e+01
3.442532761694180e+01
5.100679060025457e+01
5.751092082704926e+01
6.790818249243694e+01
1.298463247389748e+01
7.074277529993223e+01
9.640005286615344e+01
8.015652591369884e+01
7.703764390993754e+01
3.992834721688570e+01
8.076313407195877e+01
8.923135059384227e+01
4.414333656623183e+01
8.747450224471955e+01
4.904672924850450e+01
5.289472120483160e+01
2.971919636694677e+01
7.933573866232099e+01
2.319803523048667e+01
5.218905124449592e+01
9.913704046008040e+01
5.119134534671500e+01
2.215449396621180e+01
5.040748973861685e+01
8.742073522294905e+01
1.544590015683598e+00
9.386318833281434e+00
8.299392027919829e+01
2.261279957490638e+01
3.321713429559820e+01
8.042735130546026e+01
8.520000082682819e+01
3.543119678992368e+01
9.606612077730993e+01
6.477307680285213e+01
5.216715342931783e+01
3.137506112986014e+01
7.089689563535940e+00
2.069834113153552e+01
1.776187350869266e+01
9.930943883923322e+01
1.017510826241929e+01
7.732400851199590e+01
8.141301371222967e+01
5.089119395748302e+01
2.637073771393427e+01
3.430773487049515e+01
9.547944911545116e+01
9.154369937793524e+01
6.346319674675501e+01
2.041042140704133e+01
7.135877989761474e+01
1.465454204690388e+01
4.442410606165608e+01
6.168697847131964e+01
1.264287578530743e+00
9.737472273287118e+01
7.107329730460108e+01
4.997626093680797e+01
2.428318151472284e+01
6.568856330853355e+01
5.033080957379696e+01
5.658879310665130e+01
7.007002144589556e+01
4.083915121892427e+01
9.742719121157528e+01
6.525810037984424e+01
3.250643761479596e+01
2.110788902319404e+01
4.546009080738765e+01
3.813578539441144e+01
4.358113810586796e+01
7.499832034809437e+01
4.768075698412990e+01
3.862456485565033e+01
2.292066236162589e+01
5.958018994870604e+01
6.958383799976848e+01
3.890255002253808e+00
4.121916449685542e+01
3.304703469995736e+01
5.594149709490197e+01
3.960180140081877e+01
7.581478901012558e+01
2.123932392394138e+01
2.537845937785621e+01
4.977685401671420e+01
4.261591785709184e+01
8.305231131755389e+01
2.327612541768519e+01
6.606816023870751e+01
6.071206147815662e+01
8.779224356999261e+01
1.752528469894327e+01
7.380300842868304e+01
8.073354246128982e+01
9.614946576587366e+01
8.062740372523078e+01
6.459409383339533e+01
1.102111032745853e+01
7.335590714279371e+00
5.859763811277116e+01
5.663740996114789e+01
8.310425648610305e+01
8.944515282728018e+01
1.070465986184062e+00
9.101221239707070e+01
5.426150316105294e+01
6.028025399906573e+01
1.156047466749347e+01
5.328204345576560e+01
1.709896066090975e+01
1.274026553739806e+01
2.366136360152688e+01
8.909386186352644e+01
8.099119755485617e+01
4.753844987020756e+01
1.330064889662929e+01
7.949995672306976e+01
3.353612345342344e+01
3.511565771657772e+01
9.935951875492907e+01
2.678816319759384e+01
8.322081402094142e+01
7.686315764526984e+01
5.911715797107534e-01
3.854560402154252e+01
8.989212074777676e+01
7.691297627841726e+01
1.776684355818054e+00
5.378655784474060e+01
8.666244148586991e+01
8.013853546238437e+01
9.151791450172566e+01
5.056118348173852e+01
2.486399655456841e+01
8.258745804549542e+01
6.430652600913612e+00
8.118470082114669e+01
2.783156653299535e+00
8.756955610009355e+01
3.446674423034617e+01
8.088496075052998e+01
5.891948359036794e+01
8.011062037204887e+01
8.177192969330210e+01
8.372773653069872e+01
2.301202631695756e+01
6.201801125985477e+01
1.595879942921866e+01
5.781422306681714e+01
1.251059417264098e+01
3.719385477583570e+01
9.335860809933330e+01
3.661011203034320e+01
9.776598033391219e+00
4.851626653620799e+01
5.309543914771426e+01
4.382241090937629e+01
7.114456117672127e+01
2.382301293491526e+01
7.870291544995408e+01
4.691950280541531e+01
2.429188835634472e+00
7.022082990511359e+01
9.960458031837111e+01
8.853008723283656e+01
7.211160383751225e+00
5.083673049269092e+01
9.706140984644249e+01
7.475501809956275e+01
3.212480979604870e+01
1.020338694108808e+01
9.327460550389932e-01
7.596415620109261e+01
5.341260165600693e+01
6.108012039264670e+01
6.742558584894314e+01
3.279712392613158e+01
7.759863095246192e+00
9.119196333512289e+01
3.423885099321550e+01
1.026290520572239e+01
2.263473077799880e+01
6.069207045281868e+01
5.583475546717399e+01
3.669174315253819e+01
2.600623929221473e+01
9.841232877150752e+01
8.051415406191450e+01
9.299992383131755e+01
9.783477722566332e+01
7.704002916675063e+01
2.406793601069038e+01
8.590143233812481e+01
2.943789937041602e+01
2.367251628249535e+01
7.443151952439524e+01
5.313483954087591e+00
4.261495151678796e+01
1.189451716462826e+01
7.827543382452589e+01
8.248766957898050e+01
3.584392742991631e+01
7.080191423688174e+01
7.071425419799716e+01
8.828921056738552e+01
6.366780943408040e+01
4.594741805733527e+01
6.116313480826241e+01
7.543842409524993e+01
5.000508746598152e+01
4.508888551271003e+01
2.524679593054894e+01
7.355173634064931e+00
4.100727114873345e+01
1.627743542952344e+01
5.928329017911259e+01
6.701351044094818e+01
1.468976415446483e+01
9.648289982997017e+01
5.042216752209801e+01
7.515035256517602e+01
2.514770311543145e+01
4.938349386182777e+01
1.179072228809387e+01
5.232540916294111e+01
9.632436167277599e+01
9.725805763027540e+01
5.927838741768077e+01
4.738821356901350e+01
8.882066360154221e+01
8.627915097692942e+01
9.565727836250201e+00
3.034138205942762e+01
5.663970078185186e+01
2.045577602482204e+01
8.943387148409796e+01
7.192076643552667e+01
2.582427571798874e+01
4.827167119284704e+01
3.930059049245929e+01
1.103600818246417e+01
5.805470997377052e+01
5.314662123711156e+00
6.390178113426165e-01
8.065275111266075e+01
2.159209755323459e+01
8.605549744612327e+01
4.766626155360893e+01
7.012443550402506e+01
5.198613109625229e+01
9.195155929399262e+01
7.320696756858703e+01
6.627202330449225e+01
7.371744526257619e+01
5.454059548421790e+01
6.748069360269265e+00
8.022105902443690e+01
6.488673950773046e+00
6.326647268760319e+01
5.094342532145950e+01
6.609855925948293e+01
6.297403684024422e+01
3.619385693976370e+01
7.493268697286616e+01
7.574177429813042e+01
7.511056497465380e+01
1.507053389915756e+01
3.416259201903017e+01
4.151375905681111e+01
2.246699762645504e+01
2.868076689945569e+01
4.505633453142659e+01
9.159601959008539e+01
8.434923625753690e+01
8.790943459044649e+01
9.789033927856494e+01
7.693113501972107e+01
8.216172190483739e+01
7.152715575486755e+01
3.932847778281592e+01
1.373307579836486e+01
7.466302596715420e+01
1.543016308705796e+01
8.367911450736183e+01
1.947310795982979e+01
5.400578251760722e+01
6.486668156686551e+01
4.747732847345868e+01
6.652354787407609e+01
8.877992946132083e+01
4.757780872638235e+01
2.120329375434820e+01
5.175396625499891e+01
5.610834353422203e+01
5.166045392475112e+00
4.157574420868221e+01
1.918077744505404e+01
5.791930372729865e+01
3.294939526028438e+01
1.418523253602219e+01
6.823219823103035e+01
9.788610902516456e+01
6.872604301605655e+01
1.773505276894898e+01
4.238665506354843e+01
4.741168117495798e-01
5.273696228523598e+01
8.536300202150038e+01
2.513211370684771e+01
1.296920925982725e+01
5.091917512515521e+01
3.275381635537083e+00
3.880008591283117e-01
1.252398631187341e+01
2.659589072065237e+01
4.013547801418951e+01
9.554928550289445e+01
2.533844612787405e+01
5.504636618078052e+01
6.687395026296096e+01
3.396365513744003e+00
5.013354031840970e+01
1.478838930595126e+01
7.437464477232409e+01
9.457226795822953e+01
1.066646972236525e+01
1.229496212317374e+01
1.375304535671745e+01
4.745678214703536e+01
4.524435738345811e+01
2.793827793930577e+01
1.320335972737677e+01
4.271600644230656e+01
8.903404706578425e+01
1.076549292112025e+00
7.818640548651405e+01
7.804727865292098e+01
7.893416289190490e+00
8.977710282885334e+01
2.479090081750923e+01
2.775024344574206e+00
4.069627795400856e+01
2.660562970051804e+01
3.263143907889325e+01
6.289259640634647e+01
8.707739430809272e+01
1.637230907397918e+01
1.568197976596746e+01
7.637225095013727e-01
3.402517365013490e+00
9.670378961446872e+01
1.362886289769265e+01
8.908673189072252e+01
8.348552914498632e+01
7.889350060322019e+01
3.569077981435265e+00
2.926763562917133e+01
8.764217257855562e+01
4.829432147009965e+01
4.380468425518120e+01
