8.664625416819297e+01
7.284760245720278e+00
2.879535175338171e+00
3.208560372334235e+01
3.727489432193101e+01
2.259912738697562e+01
2.278208957183272e+01
1.532217297485199e+01
5.306748023865161e+00
8.912802198395507e+01
1.765707215185141e+01
9.808693989090943e+01
2.466146025092409e+01
7.610567900170837e+01
7.510836090664769e+01
8.204784718437486e+01
7.011919509159364e+01
9.148067002719299e+01
6.047613432653068e+01
5.623730940569067e+01
7.576625178370917e+01
6.420117251770625e+01
7.487153102404976e+01
5.174692345398800e+01
4.066545303941958e+01
6.705490358502367e+01
3.390983242257956e+01
6.993308866859091e+01
3.228698290525329e+01
4.602622135822951e+01
2.307421254137261e+01
6.644211316781217e+01
4.188008762052286e+01
8.497129747875562e+01
9.852771689115451e+01
3.410614986629511e+01
7.570424819165107e+00
7.168640162408650e+01
9.447715496387200e+01
1.287717288959640e+01
1.043782840037617e+01
4.908650435930421e+01
6.771102271401837e+00
8.976376982860442e+01
5.832502514045920e+01
8.021067412579930e+00
6.642922450156381e+01
2.844422018548670e+01
5.256953577165005e+01
7.366113284307585e+01
4.924140048643639e+01
6.036207967454664e+01
7.967343278214030e+00
7.407042918450685e+01
8.689119810559377e+01
9.853390683351732e+01
2.228914863536561e+01
9.346567988091414e+01
7.780343507314261e+01
2.267445950893427e+01
1.194642605816313e+01
2.428356540588828e+01
2.101824466186494e+01
1.091325446540176e+01
9.254862838077761e+00
4.694083419020327e+01
9.580248482329885e+01
1.682528770380900e+01
9.784217495370757e+01
6.933377732957423e+01
9.059041090802774e+01
5.129359636981673e+01
2.553534089845389e+01
5.565890695697577e+01
4.105736619842116e+01
9.878148515652004e+00
6.367997436955570e+01
1.286898316483432e+01
3.420512254080042e+01
7.959572811592172e+01
9.785437728178426e+00
8.756376923414123e+01
3.995780774390223e+01
2.439242132212614e+01
1.292713499298651e+01
2.034792696142007e+01
1.862145611952127e+01
3.396584937999297e+01
8.626813175448595e+01
7.297631822199389e-01
8.854198092061188e+01
8.736454094171735e+00
1.607410750169032e+00
9.664802709438280e+01
1.964970855957349e+01
2.843880608139504e+01
2.910618713549626e+01
6.858871349533494e+01
6.864244833991046e+01
6.996195510493682e+01
3.792249077834305e+01
1.753025297891826e+01
2.125555147475356e+01
8.947561420010199e+01
8.299018590850299e+01
5.269767518746558e+01
4.395134870146929e+01
3.686913430544973e+01
7.518190083800903e+01
3.767613146345882e+01
4.930615087473120e+01
4.536319181572794e+01
5.220548606114718e+01
9.754362194684502e+01
8.610443816804533e+01
4.630990896667815e+01
4.621455513230271e+01
9.030766230556539e+00
7.088245077565426e+01
1.600611396879242e+01
5.288730797026646e+01
7.086054006165850e+00
2.197534051815762e+01
1.136794020951164e+01
6.898465723217682e+01
9.476156923675983e+01
6.707673336708766e+01
2.370452537373850e+01
6.335028268552863e+01
8.449194630817134e+00
6.805279947260991e+01
9.915742883419499e+01
5.387405760301001e+01
2.364447499795094e+01
9.074838766397367e+01
3.686424351151299e+01
3.850434419629366e+01
9.010215037972766e+01
1.742198686926718e+01
4.617101207662886e+01
3.571418106356365e+01
7.244014375491075e+01
5.728309608869399e+01
5.301818244765428e+01
6.998376565518964e+01
7.461962428624724e+01
8.993478384331557e+01
5.259617513632224e+00
5.909024628768221e+01
6.081723457240371e+01
4.198076261299698e+01
1.197755421138255e+01
2.024166622210372e+01
4.324107204714840e+01
4.778860139091900e+00
2.330280296658296e+01
3.800264123734210e+01
4.458560647656471e+01
4.700732838688760e+01
9.386596139234769e+01
6.190709074116643e+00
7.876747538278227e+01
3.100431395275719e+01
3.134050892262743e+01
9.520568786897030e+01
9.337408500414998e+01
9.776879921451621e+01
9.629958672276679e+01
5.449164353985881e+01
3.562567268294546e+01
2.310275604161562e+01
1.125451708736574e+01
8.065816391290079e+00
1.161794215981753e+01
4.072653643820740e+00
6.242204688602222e+01
3.726784667804272e+01
5.420748337833560e+01
8.401176537573886e+01
9.164022337256010e+01
4.956897126956329e+01
8.894739592864522e+01
3.235776016132802e+01
7.026266593963963e+01
5.067880854507852e+01
6.807773712467296e+01
9.356546895278872e+01
7.019110916656959e+01
7.823430592111978e+01
1.180987535594491e+01
7.154403308944033e+01
6.413182246691167e+01
6.717984260394230e+01
7.416973047618276e+01
1.576552387129773e+01
1.185816070617091e+01
7.581061687125387e+01
6.881026517078759e+01
9.134851330488385e+01
5.102005077107812e+01
3.711584775574312e+01
3.126050342398719e+01
3.263438014901913e+01
4.049283226043583e+01
7.028197300167847e+01
3.062852198752972e+01
4.205397402031998e+01
3.096908281136727e+01
8.075475081836561e+01
7.059654354611251e+01
5.134928876131274e+01
3.084132384082364e+01
8.057486516450292e+01
8.370704896920688e+01
1.103989780463273e+00
7.625054059375569e+00
3.038058305642595e+01
9.466945873325200e+01
3.654430575507893e+00
4.304392661109750e+01
6.734843587845025e+01
3.346754956686290e+01
8.742071226584757e+00
5.458252860912239e+01
7.637279996479526e+00
5.345446460575539e+01
7.022433498419092e+01
7.518109543024613e+01
4.847674260310677e+01
1.628772724246966e+01
8.458695243326339e+01
1.346556195684968e+01
7.479908046070443e+01
1.114282068384011e+01
1.620513569386915e+01
1.610083482977973e+01
4.177134267136983e+01
5.687327331717744e+01
5.779914770172869e+01
9.187938230665372e+01
8.432484906368184e+01
5.680311674103285e+01
9.155639316493478e+01
3.638311635534424e+01
1.050362410512922e+01
7.662155873916184e+01
2.604194824865179e+01
4.948654577577791e+01
8.527181934810794e+01
2.969637882415968e+01
9.253047238687540e+01
1.670733560654676e+00
2.745107981723318e+01
3.472809420653065e+01
9.737951424782142e+01
8.177450959653339e+01
2.269034256352593e+01
9.561118166689351e+01
3.511892381828228e+01
7.116708516663270e+01
8.094895434610031e+01
8.315675118153763e+01
4.454228433060566e+01
6.675364434102255e+01
7.163246519473961e+01
9.850067854789117e+01
9.543677996631563e+01
1.443174728864419e+01
4.545997099273837e+01
6.946192759529777e+01
5.292862260384886e+01
3.921595608779041e+01
9.230262506394770e+01
4.208288436852530e+01
7.559907248970077e+01
3.150661426200839e+01
1.870444306112102e+01
4.860368843591012e+01
7.863155276450865e+01
5.782065827298008e+01
8.927336846910107e+01
4.277937684337579e+01
5.817456187595360e+01
6.341059802258881e+01
7.243456876484424e+01
2.434264869631391e-01
6.812362664757465e+01
2.716157693749367e+01
2.664819426212842e+01
2.140712552769442e+00
5.823829931124965e+01
5.452193583106713e+01
7.848530974168577e+01
7.591715891655402e+01
7.435079290268514e+01
5.692992888248056e+01
1.281262143180362e+00
6.978757282243463e+01
4.358537543731992e+01
8.235296089311734e+01
2.302350039734668e+01
2.601855421719074e+01
7.054471041566912e+01
3.306254471329159e+01
8.933944631802825e-03
9.356507570183140e+00
6.220755170202234e+01
9.660236751502489e+01
1.677523232846299e+01
4.083910446653100e+01
2.530323975966463e+01
4.723356447519435e+01
1.200112957134895e+01
8.347780163561823e+01
1.064416245121703e+01
9.918909161313860e+01
9.180593974506759e+01
5.582927007033921e+01
1.159727522712074e+01
1.845413396062987e+01
6.061720869532656e+01
2.512932239339190e+01
2.605128252229247e+01
1.416111174698971e+01
1.796409721391466e+00
4.020753784114846e-01
3.446359435769897e+01
6.720776877701644e+01
6.615960954975318e+01
4.378275058408396e+01
6.577399357490893e+01
9.321314859819280e+01
6.980130484784083e+01
4.862380919448277e+01
2.627569326491826e+01
3.962401591223851e+01
7.940812459187960e+01
4.831266829199748e+01
4.946019456231044e+00
3.736832059797287e+01
2.932234943347161e+01
7.424428550258479e+01
8.460188507316721e+01
4.132347900482057e+01
4.918954742568990e+01
5.033591885600980e+01
2.575917729444763e+01
9.901835611044353e+01
5.107531754815733e+01
3.735645252156837e+01
3.957260844277805e+01
9.881797209327014e+01
7.192027013372643e+00
7.888751843892388e+01
8.276978921274180e+01
8.761646197532139e+01
6.602596639004814e+01
7.238408479484920e+01
7.103749465711297e+01
3.621561454432813e+01
6.085586401673773e+01
3.681148823202191e+01
2.942876314252092e+01
6.609417701423828e+01
2.415439874127247e+01
9.263575127936702e+00
3.590441576014479e+01
6.676965405548441e+01
4.129225250393723e+01
2.317021974510058e+00
7.108630206020842e+01
5.222317355322799e+01
4.006704350005232e+01
4.075989082491020e+01
1.483352976610583e+01
7.355104013045832e+01
4.703291116609839e+01
1.663734825171407e+01
4.902750726278289e+01
3.285248481335699e+01
7.794915958212184e+01
3.007066106892687e+01
1.138353059598409e+01
8.514118664206060e+01
9.569455208056353e+01
4.930402103313432e+01
6.494937183565897e+01
6.172051842404554e+01
1.587772030191390e+01
1.865497735266340e+01
4.196456197740723e+01
1.217059246831136e+01
2.913217201322884e+00
2.736489606432845e+01
3.640628919769372e+01
5.722307411824497e+01
8.306935251833374e+01
1.416918519612829e+01
9.094105562704664e+01
5.365546893032987e+01
1.648620717063835e+01
6.202735764068894e+01
5.689519818727635e+01
1.001619454939672e+00
1.771554472749845e+01
1.560063442010462e+01
2.286780715122251e+01
8.976189037308185e+01
5.619334152722422e+01
7.559232510421069e+00
2.261437513987272e+01
3.414250106277992e+01
4.650154260289927e+01
2.407553737241567e+01
7.994973151010915e+01
4.219609463689667e+01
6.470594702507645e+01
8.423305949393337e+01
5.670389591562743e+01
6.095950275704242e+01
9.227176541102666e+01
9.866845789303466e+01
6.893802255808284e+01
5.801254047919649e+00
7.467782128354433e+00
5.344311709210422e+00
1.700223796861350e+01
1.228699451884581e+01
3.965983895569101e+01
5.828122098850144e+01
3.954404836499321e+01
8.205025702810393e+01
1.599274138733407e+01
4.031115301899200e+01
3.860350765222847e+01
1.025717938796486e+01
2.564266059810419e+01
2.640578803904624e+01
1.710016234642834e+00
3.016037961009908e+00
3.396502059603343e+01
1.535555409051271e+01
4.624763002910075e+01
1.842297670357999e+01
3.943109150949451e+01
6.553131773394128e+01
6.966485519412200e+01
9.981336304909240e+01
7.016455594923559e+01
7.358146820849807e+01
7.223033740754721e+01
8.694669072839744e+01
7.543421419124780e+01
3.390296093835633e+01
5.845366807582494e+01
4.651856191759862e+00
8.529782559969361e+01
2.147799619542342e+01
1.693885071060567e+01
5.086187541059306e+01
7.544337998863467e+01
7.134986909634893e+01
4.531152334311582e+01
4.481390362829617e+01
1.877657236474407e+01
6.803339816072648e+00
2.514440744423513e+01
6.342434876757876e+01
3.320912790168502e+01
2.750247285119373e+01
6.644038677515481e+01
6.717414849771845e+01
3.170846497253909e+01
1.105859852910908e+01
8.559712520129845e+01
7.113955648203360e+01
9.534551445178013e+01
1.415281021695249e+01
5.506481325955355e+01
6.551007035444960e+01
9.385417145390723e+01
4.170647060578059e+01
5.245676103628089e+01
7.500310036121081e+01
4.974063991091244e+01
3.746037550152297e+01
6.782034880845825e+01
3.121798142381850e+01
5.893837169694638e+01
6.677536706755653e+01
1.662821407272863e+01
1.281622704715292e+00
4.124209854809665e+01
5.644863343632250e+01
2.581787296841753e+01
3.803615064268753e+01
6.632369168397211e+01
1.166609302706369e+00
9.074199022294115e+01
6.363009198737800e+01
7.846475326384639e+01
9.034530729537146e+00
4.339928424144131e+01
7.898462297347589e+01
6.661155729862467e+01
8.788723931083793e+01
4.097068078861138e+00
3.176786472637573e+01
2.040049481224292e+00
8.930088649005671e+01
9.727793508082532e+01
8.977432795324098e+01
5.138565416046681e+00
4.856247438516584e+01
5.294282052337324e+01
9.815450240771962e+01
2.070440306361038e+00
2.076316928526534e+01
8.991767083756517e+01
4.496122158363519e+01
5.522368757763118e+00
7.581801171219816e+01
1.610709736873726e+01
7.355073027943760e+01
9.463048493239586e+01
5.160846191067643e+00
8.480061799511343e+01
4.251880042372215e+01
5.612312660372031e+01
7.554260821805457e+01
1.454687035388633e+01
4.125596677942945e+01
3.109556689443792e+01
5.473797212109807e+01
4.177416113287870e+01
1.427359549062028e+01
4.262521138536987e+01
2.664420768927979e+01
4.619388801334141e+01
8.018661419869709e+01
3.710946242190406e+01
1.046436462107318e+01
3.443958881983514e+01
4.224802788451687e+01
1.679748954102280e+01
8.738240938977451e+01
9.712723325804212e+01
8.198610743600229e+01
4.016019922688613e+01
6.042060934026754e+01
2.091461989139887e+01
1.366794743280296e+01
6.286291571467319e+01
1.291867946876152e+01
2.740535867745306e+01
5.749340064706905e+01
7.451472989028073e+01
4.523303273377616e+01
4.245199879745580e+01
6.485772121923870e+01
7.450310866092477e+01
5.379068667711257e+01
6.113687952102017e+00
5.187120784626864e+01
8.528658798210630e+00
1.581638912475500e+00
7.934484811469207e+01
5.797124982717039e+00
4.745286817078146e+01
9.466929901143037e+01
8.454555318902506e+01
4.923447782603767e+00
9.512943220098010e-01
3.025871991657592e+01
5.964305347746381e+00
5.997813337481494e+01
8.398983212373678e+01
3.450000567105599e+01
3.401628929843022e+01
3.347543433004778e+01
9.013644265482968e+01
5.493090918982909e+01
8.733006282119548e+01
9.402033900563622e+01
4.717141773885648e+01
1.473542145208242e+01
1.049275892343966e+01
3.890734624066732e+01
4.512010284006600e+01
8.224350064166053e+01
6.954520268810224e+01
5.782746093246502e+01
5.574310452479082e+01
3.477093900310385e+01
1.776695154503312e+01
1.526410319621866e+01
7.165445553681555e+01
6.734528358436435e+01
6.641797337979915e+01
6.989827923006298e+01
8.080539092459036e+01
6.223710447653993e+01
3.679557784311267e+01
5.878350756074465e+01
2.050278290198314e+00
9.856576011449366e+00
1.876164088899346e+01
1.013695360633403e+01
7.291698449892783e+01
2.378946315673621e+01
3.592366149459205e+01
3.084557225501424e+00
1.882819585447581e+01
7.537831686221917e+01
5.608391554843817e+01
8.322081225142853e+01
7.526538692194288e+01
6.657667451844395e+01
3.999350845813449e+01
2.038548971544276e+01
1.952143219277329e+01
9.167336113363194e+01
8.628123350733948e+01
2.625687659078132e+01
6.820073764221777e+01
5.305216557022751e+00
2.311697472963341e+01
3.985519313246719e+01
9.144130851674885e+01
7.938953166799132e+00
8.018947135665894e+01
6.775546994421420e+01
2.121342025753735e+01
8.408174202036194e+01
8.800918938965033e+01
6.267188198988879e+01
9.393831807837743e+01
3.899489717511223e+01
8.540935259564284e+01
6.886432649049177e+00
3.056029343538000e+01
8.732497044248738e+00
4.596483593153062e+01
7.591657288182367e+01
8.411081390646790e+01
6.605490542298878e+01
3.260930149471820e+01
9.179175141816575e+01
5.792852386735776e+01
5.473745994024791e+01
7.976169054385353e+01
9.038686742558464e+01
4.118303802850798e+01
3.011951461905591e+01
7.840988872498734e+01
7.285512116404954e+01
7.009110905699949e+01
4.019256440931585e+01
1.286859932023501e+01
4.148457760060420e+01
2.786982167878645e+01
9.360041799657067e+00
7.071025942950988e+01
8.674833680817315e+01
9.225078336533660e+01
6.097696878061488e+01
6.071776126544817e+01
7.107813072906720e+01
6.549027909780399e+01
3.352659681510487e+01
5.949080347059797e+01
9.016471323099206e+01
7.645182887858330e+01
5.455639355562460e+00
4.543906177647369e+01
2.636990776582151e+01
5.399045862908962e+01
9.365192441905472e+01
2.706656326868877e+00
5.532689460335620e+01
8.379468339672064e+01
6.550779909151969e+01
4.571376198237471e+01
2.497772137866249e+01
6.887127033847908e+01
1.718493933658345e+01
5.205176530967083e+01
1.641832106579948e+00
3.711580784857078e+01
6.492036462990583e+01
5.536159111902192e+01
6.498562952735723e+01
5.797843530679980e+01
1.383666913669401e+01
6.303150880291663e+01
3.511824795748957e+01
7.255611795585422e+01
2.373840395535268e+01
8.709585731248178e+01
9.949010927206376e+01
5.727586683690355e+01
5.585549215593166e+00
3.409696949370996e+01
9.953496074282330e+01
5.204230013864222e+01
8.022253312180869e+00
2.590486846207868e+01
3.635276576334274e-01
2.380258996216701e+01
1.165097700974484e+01
5.569042226098964e+01
7.597273312321525e+00
1.502008746146229e+01
5.969558533266912e+01
6.956686180530436e+01
3.444042472841238e+01
6.866898237199941e+01
6.693649178693839e+01
1.035133125742494e+01
5.784790174004058e+00
8.653899174488102e+01
5.347774101117520e+01
2.874560702068061e+00
4.451742700511470e+01
7.895491070996734e+01
3.380192850427792e+01
9.376231687784303e+01
9.988876064302808e-01
5.755119857264273e+01
8.583205360259491e+01
4.889968319279127e-01
8.230787230763019e+01
6.999299557413579e+01
1.201389451139322e+01
1.436202605923732e+01
2.687828514113943e+01
9.154992578157686e+01
9.583703269988160e+01
3.590090881842231e+01
5.012823503936093e+00
5.191787153106083e+01
9.159133112597807e+01
2.818584788040530e+01
4.784721217483618e+01
8.842223574799590e+01
9.071399601675290e+00
7.101680965675824e+01
1.038462250045716e+00
4.819900391073851e+01
2.386953398765509e+01
2.955167774555817e+01
1.722901846153150e+01
1.615219051770502e+00
8.098488477104570e+01
9.983917535275182e+01
1.917189272082033e+01
1.139560067625511e+01
4.138212042925047e+01
2.017078032725061e+01
1.568481880970524e+01
6.924196661880332e+01
4.205957704319599e+01
9.799269111733543e+01
9.720716960598116e+01
7.796765727827681e+00
8.937297095049776e+01
3.929666031119258e+01
9.028090252088425e+01
8.521000365037938e+01
7.473104869701483e+00
3.941522270413824e+01
4.019148090863204e+01
8.835854185203023e+01
1.486218129976754e+01
7.977545483958696e+01
2.072802173007653e+01
8.799116014875061e+01
5.079226444977907e+01
2.176648398012225e+01
1.868118686540107e+01
7.466179848400029e+01
2.858973640417202e+01
3.591020532693258e+01
5.653816724966195e+01
1.767473370659851e+01
9.765665079357878e+01
6.651378146676057e+00
1.757900925240433e+01
4.766319880618862e+01
5.422145354292424e+01
6.744605305951372e+01
3.377531852283297e+01
1.890922208265831e+01
4.655529393188436e+01
6.570420068022990e+01
7.477107652219527e+01
1.834352245477192e+01
2.756775032149989e+00
5.245746157712185e+01
6.838348930160677e+00
1.022987994841760e+01
9.981011878690222e+01
9.715900570021896e+01
8.697647568163298e+01
7.872987928741139e+01
1.655631000947036e+01
1.945015775014188e+01
6.672103943616200e+01
7.373976114845824e+01
4.108292746408048e+01
7.229269471591930e+01
2.144946578026259e+00
4.137329894181961e+01
2.131243158192953e+01
1.702372707287955e+01
9.229310419982911e+00
1.896908232894218e+01
1.270861910316563e+01
1.606652434732137e+01
5.800785355177143e+01
8.955826418919408e+01
1.542360215234738e+01
5.036299654765194e+01
8.017708448701403e+01
2.171515539368389e+01
1.134611354737827e+01
8.802556110919713e+01
1.869612690931937e+01
9.047768851298731e+01
4.842045719196110e+01
7.142885428454207e+01
4.565718646424691e+01
4.455457736950115e+01
2.269348149313288e+01
9.929599021528661e+01
3.335383885230582e+01
3.725116943812518e+01
1.861243365267871e+01
9.368149465587059e+01
1.298955265106147e+01
8.218823935938453e+01
7.908372091086756e+01
9.205024302566900e+01
8.935269773441958e+01
3.961524462309444e-01
7.804708158506411e+01
5.224097382847265e+00
8.398513611591660e+01
3.990969757545260e+01
9.865917912621944e+01
7.737308832694455e+01
8.643824825363153e+01
7.862006923119542e+01
1.633886993692204e+00
2.823432713199143e+01
2.888063240278542e+01
8.935480047452953e+01
9.237537681701377e+01
6.550657137553515e+01
7.983248898751684e+01
9.730989020192526e+01
3.693542561351109e+01
8.054005740235563e+01
6.816258466251315e+01
9.580471673784997e+01
8.617413406547817e+01
8.505700583805191e+01
3.505450819388707e+01
9.844848127032094e+01
9.668359723719004e+00
4.804406084494855e+01
5.814384238708013e+01
8.875208063458655e+01
3.741750611803378e+01
6.514288385638170e+01
2.525131852610564e+01
8.918344093914304e+01
9.273596475493906e+01
3.307280686361380e+01
5.805108298456813e+01
2.470333423684507e+01
8.588655618293515e+01
4.448933119163352e+01
7.001521306578779e+01
8.752044317662737e+01
4.883914689945018e+01
1.090074000456405e+01
9.093861667948711e+01
9.530497798477532e+01
4.647260478067799e+01
5.670773259210760e+01
6.103271290707995e+01
1.958383997882895e+01
3.724778994789710e+01
6.729419551198100e+01
1.538855667011279e+01
1.708383751897320e+01
8.702363268799319e+01
1.987465658219282e+00
1.553231878929414e+01
7.766519765260871e+01
9.848712575551454e+01
6.713862534013512e+00
8.544407299973260e+01
2.231710852231696e+01
9.127490417625518e+01
7.459230603398397e+01
1.150054941489387e+01
5.392399321027285e+01
8.310577388997459e+01
1.477389792668349e+01
4.531913704486524e+01
6.899233002634362e+01
2.344745170485576e+01
4.000440795906093e+01
7.063966243091954e+01
8.102376017767179e+00
1.423019548609396e+01
6.157827911040665e+01
4.931689973423113e+01
3.924423984216723e+01
3.425992025726471e+01
3.132725736653770e+01
8.028664029216704e+01
2.734353930100032e+01
1.380225858362497e+01
2.994839932301473e+01
3.897716106799299e+01
8.938765762810952e+01
4.611826177971356e+01
5.995969560926766e+01
8.607965003982170e+01
1.454101671210538e+01
9.700580704817818e+01
7.152372299298817e+01
3.617439341553226e+01
8.828071117786723e+01
4.351431491948399e+01
2.686443968064359e+01
9.690750567098497e+01
5.423715722478794e+01
9.180405390998537e+01
9.406701549611381e+01
9.821413289672421e+01
1.525150556827500e+01
3.395255470366802e+00
5.472690600656295e+01
9.948128550289259e+01
2.363156099972853e+01
8.811492281412470e+01
7.136603476077599e+01
8.433436131306661e+01
7.821067212066178e+01
2.693292080747565e+00
1.488195020467134e+01
4.669031582152952e+01
5.057317020863908e+00
6.029619847438121e+01
4.998158824163563e+01
9.557003942111974e+01
8.466166387529191e+01
6.431707142121952e+01
8.052462468879513e+01
9.920268058739727e+01
7.856565251879657e+01
2.788866540784420e+01
3.420666476441858e+01
3.840102578438866e+01
9.816437666218931e+01
7.411629677476189e+01
8.714890423563723e+01
2.738617948600379e+01
2.879982661865644e+01
3.545147778254537e+01
2.748444631112946e+00
9.807945969425117e+01
3.672219032269074e+01
8.032721838929095e+01
3.841039675213881e+01
1.424884619854803e+01
9.416699665326951e+01
3.616175536818884e+01
8.935097455482509e+01
4.039556479099932e+01
7.036799731215835e+01
6.320420907028216e+01
8.556101093327673e+01
4.391236451636644e+01
3.809731869869741e+01
2.188612847676786e+00
3.835733916533987e+01
8.525635455048473e+01
5.838875740691496e+01
1.888196380756887e+01
7.536503094032642e+01
3.695440987914541e+01
7.093031148935218e+01
1.514138025936735e+01
9.410806307294781e+01
9.037530300690574e+01
8.925767703412923e+01
6.755464280375961e+01
9.648086763754527e+01
4.127818287409757e+01
6.247288694720384e+01
2.208117992714102e+01
6.354389137753466e+01
5.309017209945720e+01
1.746060984090930e+01
3.691838771892637e+01
6.733901829800523e+01
7.085053942671536e+01
1.830970073040095e+01
6.592222580961987e+01
1.750335265766054e+01
6.473835332539787e+01
5.973339362988872e+00
6.971037731026783e+01
6.182463814589411e+01
9.747402588719224e+01
7.189899015794461e+01
8.288631647959646e+01
5.085368922485676e+00
8.402888680995856e+01
6.941160204327275e+01
6.347642562514005e+01
3.973592405195159e+01
4.898354455315673e+01
4.877939310333663e+00
3.384398707833326e+01
2.553112098273408e+01
6.787548291863664e+01
1.510095429378606e+01
9.556605913469851e+01
2.373117116453646e+01
6.881929145605270e+00
6.035532739961302e+01
6.308881373288521e+01
8.742040213543008e+00
9.864315912064312e+01
7.233688573927473e+01
9.800303163845233e+01
3.361426509619424e+01
3.409845104166234e+01
7.375780622184175e+01
4.025052745838209e+01
3.471506379298636e+01
9.305169223484197e+01
2.082799501755647e+01
7.924404110724295e+01
4.567853456627509e+01
4.652764212644084e+01
6.213035758683940e+01
8.040388523619802e+01
7.675587193889352e+01
6.389863787400473e+01
9.169667027504028e+01
1.649179594427896e+01
3.659722960395609e+01
7.031447611298155e+01
2.687847145222057e+01
4.619262397577643e+01
3.818995898505205e+01
6.543673736296442e+01
6.673934039042301e+01
2.412294550990823e+01
7.038051992206859e+01
7.701998426440171e+01
7.086002136155032e+01
4.559389205909981e+01
3.978370988731445e+01
9.507023985268094e+01
7.167762353628763e+01
5.683581431248962e+01
7.729535809592127e+01
3.560288089122757e+01
9.708634177087170e+01
1.201042188890764e+01
6.013427984907026e+01
4.930424105809268e+01
1.703956230405698e+01
3.545279611621648e+01
6.040521876905357e+01
5.338482053642386e+01
5.243182990347586e+01
5.389771538502431e+01
1.728345836386245e+01
9.425002257071901e+01
3.131824072046123e+01
6.937080960225818e+01
5.762948326656105e+01
8.165402378963960e+01
3.992834721688570e+01
2.754457622186494e+00
2.633471108336687e+01
6.667687560742576e+00
9.291737228302162e+01
8.722827475854581e+01
1.432289630841599e+01
3.551571608312229e+01
3.282216677107949e+01
6.573954837664010e+01
2.811749043321120e+01
3.545355505098289e+01
1.374805407307486e+01
1.510436405199783e+01
7.105643594221046e+01
6.967408567186169e+01
3.024011148616676e+01
9.971100906827999e+01
2.642443232537454e+01
2.149457448231735e+01
7.404411671405849e+01
4.706727659658868e+01
7.487939501874121e+01
7.659746900973724e+01
6.189372137277095e+01
1.822838723577018e+01
6.410178638254376e+01
2.727396480146514e+01
5.938109162234753e+01
3.541199017102457e+01
7.486598588287178e+01
7.831473875712358e+01
1.610573931415833e+01
2.195674694234354e+01
2.725059298204751e+01
6.504385092530579e+01
1.316002719717101e+01
5.320643147137315e+01
6.278127541895084e+01
6.250354436342770e+01
1.894597984801325e+01
3.715606920288693e+00
9.838263695052947e+01
5.808350320816204e+01
2.194529651754782e+01
8.234400911365822e+01
2.173661921254202e+01
6.800120303779896e+01
9.466038327415491e+01
2.836491657810515e+01
2.428318151472284e+01
8.699578814534274e+01
7.780059961499674e+01
4.855937750477315e+01
3.269660381260170e+01
5.232472813330811e+00
4.072223088737681e+01
3.089524825610930e+01
3.250643761479596e+01
8.676577228436516e+01
3.895608551751640e+01
7.772268870739392e+00
1.955065411494610e+00
7.712253331072746e+01
2.881354080923532e+01
5.749943030881669e+01
1.582211368522705e+01
4.197356800640634e+01
4.553753544834328e+01
4.947659561851834e+00
1.762112049275130e+01
2.387428191670882e+01
8.663266482140527e+00
2.890869366419906e+01
2.256701845795243e+01
7.788560082106180e+01
9.288327609788779e+01
4.430363771706057e+01
8.279397109653520e+01
1.593807172772385e+01
7.503696068890251e+01
5.647395358256714e+01
2.933859826500462e+00
8.779224356999261e+01
6.007046734917465e+01
7.380300842868304e+01
9.302471642988954e+01
4.575556197471710e+01
6.225699096091883e-01
6.659013510988567e+01
5.115106005740867e+00
2.460364034613764e+01
3.321043315027395e+01
9.760184520743873e+01
4.101471744525001e+01
6.293944896335688e+01
8.993294918440886e+01
4.389255779976610e+01
1.381089646081016e+01
6.149207491497140e+01
3.623114490706062e+01
2.234767187496073e+01
9.995399992910866e+01
5.750348389032459e+01
9.463186240505048e+01
6.579353556306732e+01
7.014170972171320e+01
8.302379044844945e+01
6.682465610412166e+01
7.090601798654814e+01
7.281764381230698e+01
9.542857045094881e+01
2.322227141038621e+01
5.223644760075792e+00
5.730774223679106e+01
7.308633940903765e+01
8.732710428877132e+01
1.203725622596092e+01
7.816886458460655e+01
7.297465911739258e+01
1.776684355818054e+00
1.069019875055654e+01
3.760597009100298e+01
4.587965558556824e+01
9.518024786151025e+01
4.036520046198982e+01
8.819104548925116e+00
9.822499314240413e+01
4.319703082702916e+01
1.354565588456842e+01
9.887943346932504e+01
6.193580062218746e+00
2.591391630746141e+01
3.364947761113265e+01
4.954073212553782e+01
8.011062037204887e+01
5.617049599819374e+01
3.765277901555075e+01
6.313441082049832e+01
2.299515205574927e+01
7.047942516881946e+00
1.960742819104690e+01
6.485676884877346e+01
3.719385477583570e+01
1.069919537319764e+01
4.601184313465461e+01
3.356553289739673e+00
4.083775716872781e+01
5.804909936061553e+01
4.652093567257791e+01
7.100095873279541e+01
5.945622649018477e+01
5.721113442313445e+01
6.857925814975950e+01
9.967259559765114e+01
6.550317838112971e+01
2.665483589594012e+01
1.415498662467813e+01
6.372817147696771e+01
1.108076195748558e+01
4.625295458652683e+01
9.742364920555784e+01
3.118010192698804e+00
7.216687089398823e+01
9.073341218323139e+01
5.265874231823662e+01
6.207708323471113e+01
8.724362281488423e+01
6.503971147585646e+01
8.866867613451028e+00
4.350859417743450e+01
9.887031833588627e+01
5.877975703160267e+00
3.221269502873192e+01
3.480908686053431e+01
6.069207045281868e+01
7.822453816338654e+01
3.669174315253819e+01
1.460347069176076e+01
9.428030894802897e+01
4.968209366764971e+01
5.161013722029055e+01
4.089472002391458e+01
5.921706946530243e+01
4.737214313231974e+01
9.231011434100108e+01
2.943789937041602e+01
6.455460855018097e+01
6.038558872434571e+01
3.612457785574932e+01
3.314818061569155e+01
2.458172651221125e+01
6.067467334711676e+01
3.626619080839036e+01
4.413236824056710e+01
9.540838175239432e+01
9.374366067058577e+01
2.423865069832590e+00
5.186497659974963e+01
6.774241899500714e+01
2.826290159871006e+00
7.899624573951412e+01
7.810677274973446e+01
9.616684405885955e+01
1.120894072167992e+01
1.291585956370265e+01
2.528143693938918e+01
1.953295293242342e+01
1.607701755877445e+01
8.467105649629192e+01
1.381326183388627e+01
6.593063365012902e+01
2.815515018448008e+01
9.865724462953268e+01
7.265233927064219e+01
7.552729331679981e+01
9.096735892396764e+01
4.504874569598993e+01
6.730551429433073e+01
8.001888640225814e-01
3.338464821380779e+01
2.714705086645999e+01
8.888642009761483e+01
3.996758849358540e+01
7.115481461917740e+01
9.062645481462891e+01
8.946770326675274e+01
6.007974769923824e+01
4.299048666981537e+01
3.120788095109532e+01
3.931620211308645e+01
1.714468361676889e+01
9.331163237491234e+01
1.742297486282092e+01
5.452104269271765e+01
3.051092742500404e+01
6.390178113426165e-01
3.331159932227414e+01
2.361712000501208e+00
4.641585198529803e+01
7.003500180786243e+01
7.978417891067647e+01
1.217496316515606e+01
9.819015199234251e+01
4.274987319612404e+01
1.957873782123380e+01
2.484974871615402e+01
1.992573999796330e+01
2.987604813178817e+01
2.659019186468338e+01
9.104977724656918e+01
1.104937163696130e+01
6.147881562890429e+01
7.993619729761788e+01
2.577092220344158e+01
6.717601240015402e+01
2.050281885103454e+01
5.113826554787265e+00
9.271337794731994e+01
4.267430866261679e+01
3.632170750588259e+01
3.202958001384027e+01
4.032300200328371e+01
6.452225384513021e+01
5.122666459122052e+01
6.383112499668781e+01
1.096021794293086e+01
9.445646949785596e+01
4.363360458222851e+01
6.250597930630016e+01
2.620724128848279e+01
6.332099179891916e+01
1.815696936946221e+01
6.210350266755722e+01
5.919263426176860e+01
6.799195756576580e+01
2.320950693600322e+01
3.334746469433767e+01
5.824154590174627e+01
7.095677348363995e+01
5.481784071531978e+01
4.929132310174933e+01
6.714651322325064e+01
4.914528226905748e+01
9.053472606024459e+01
8.990584895476040e+01
1.632129462264539e+01
4.973033925040175e+01
9.501967550954767e+01
5.008953853980152e+01
1.322364477125166e+01
7.373322270518786e+01
7.879306035060112e+01
2.253372707522182e+01
9.300653068023107e+01
2.824561518069618e+01
8.636485211847575e+01
2.744037980560231e+01
8.037004483880942e+00
6.834288796798459e+01
8.536300202150038e+01
4.674362221115437e+01
1.296920925982725e+01
1.781938831220353e+00
8.847124832145461e+00
3.246430700293942e+01
6.977389644355229e+01
9.583595725513806e+01
3.516462917214475e+01
9.554928550289445e+01
1.904123514846025e+01
9.510228573116581e+01
7.730676544704789e+01
5.792131594285430e+01
1.651875787252503e+01
6.534285799848980e+00
2.962287842744164e+00
2.208218631431562e+01
4.578210653075115e+01
1.229496212317374e+01
9.047571317780563e+01
6.948826982150239e+01
5.811121648089551e+01
9.612540090276181e+01
9.202199694329035e+01
9.029806926394724e+01
7.808724347412922e+01
1.076549292112025e+00
1.141705937283908e+01
3.240802056733892e+01
7.946950540853176e+01
9.504202888116336e+01
6.665226638626879e+01
5.274117810313644e+01
9.682396775894983e+01
3.927871665883750e+01
8.520548510607587e+01
1.490827287310188e+01
3.511467386740943e+01
3.868654772578112e+01
6.720604173243328e+01
8.403618614377277e+01
3.378883341038080e+01
9.670378961446872e+01
9.709262512488878e+01
4.291719898717347e+00
7.845435765499917e+01
5.815819406796162e+01
4.467789453672147e+01
9.173470269503756e+01
9.803687631992479e+01
6.699721471732353e+01
4.207252480186174e+00
