6.897055617020025e+01
2.252768805368230e+01
6.538820465346249e+01
5.841351997033392e+01
7.165124345182033e+01
3.169050455637765e+01
9.561393414419793e+00
6.188976590609633e+01
5.748457468928982e+01
9.338445393060542e+01
5.402352360730224e+01
3.693403179614527e+01
5.192950058352645e+01
3.245465072451842e+01
7.510836090664769e+01
1.790409163474296e+00
7.670932164262483e+01
7.723104249557063e+01
7.264082253567913e+01
2.282435895075293e+01
4.654702658138565e+01
7.853169742903286e+01
9.766905070173976e+01
5.174692345398800e+01
6.126513698197209e+01
4.659563854643871e+01
7.902900668747212e+01
5.844827231878800e+00
9.252706919448778e+00
4.602622135822951e+01
4.665750644479762e+01
8.947188900293405e+01
2.410778171574128e+00
2.470571427825173e+01
4.735202782198415e+01
1.360252542123316e+01
4.694802707384714e+01
9.817034518260991e+01
6.716038671655599e+01
1.595634972488338e+01
9.241128647346575e+01
6.492892571954472e+01
4.065049124911916e+01
2.163506989443445e+01
7.439313245676138e+01
2.122066003327289e+01
5.662272980279416e+01
6.381491504787231e+01
8.967474991906190e+00
3.146043756579069e+01
9.603874715791957e+00
4.968471366431784e+01
8.408528272252775e+01
2.409919617888480e+01
6.661443368839772e+01
7.114696729516004e+01
8.348626591427544e+01
1.279571713544229e+01
5.784550730970012e+01
9.273897288029033e+01
3.418061371621705e+01
7.814477057109809e+01
1.867652182405653e+01
3.659139193435730e+01
9.658107124109803e+01
4.694083419020327e+01
8.734476742676681e+01
1.163734584657352e+01
5.140281522246208e+01
7.719521139617787e+01
9.224845412757642e+01
1.140224962094903e+01
8.304220837682588e+01
8.673819396027281e+01
5.104083225645164e+01
9.352682553861608e+01
9.715206180566552e+00
3.564954387752783e+01
6.130106116705624e+01
8.160662002936314e+01
9.785437728178426e+00
1.570105897993830e+01
3.345672890239243e+01
4.165276253672911e+01
8.304270463205999e+01
6.604716166204176e+01
6.887179625633722e+01
6.837268069776366e+01
4.897569960401193e+01
1.330528045692727e+01
6.026057953027104e+01
6.130992400520944e+01
3.914871930105087e+01
3.023017925686677e+01
3.505216596417696e+01
1.717653475570331e+01
1.629038323475531e+01
6.131239638724941e+01
3.808945144437693e+01
2.478636425211391e+01
6.106942080011098e+01
1.953423620179958e+01
7.086460607632277e+01
1.872583786897633e+01
8.972462350024125e+01
4.046139812118439e+01
4.492030448509394e+01
3.998185616917063e+01
5.364870827349309e+01
2.094298145777685e+01
4.930615087473120e+01
9.740753495013692e+01
8.474667616409560e+01
5.708141711404613e+01
4.146625289761752e+01
7.744379433684227e+01
1.890420015850300e+01
5.785536833938927e+01
1.468258961787568e+01
2.427787716699665e+01
3.705535262685984e+01
2.692437047461251e+01
8.731389175509750e+01
2.734455444260712e+01
9.029935211422823e+01
2.063996708981691e+01
5.838048605172917e+01
4.596661815697635e+01
7.059623406762083e+01
9.646993754267224e+01
6.225097759731625e+01
5.845438561330288e+01
9.018059023198700e+01
3.079791657198123e+01
9.051678399113788e+01
2.364890231920821e+00
3.798251544962754e+01
5.658875408423540e+01
6.565867050814380e+01
9.740009913099934e+01
3.921576456130285e+01
2.853672785150666e+01
6.538335302164003e+01
6.875624939275731e+01
4.949101747455588e+01
3.476481206471325e+01
1.924261209519702e+01
7.041689770781291e+01
4.022602724853252e+01
3.625794529740603e+01
3.921685905159305e+01
9.003332168331059e+01
5.751458362560466e+01
3.743193728729707e+01
3.390201029083785e+01
3.819694036533914e+01
6.920882652942502e+01
9.275579158810703e+01
8.691133735091954e+01
8.848152779437672e+01
6.190709074116643e+00
7.156121287101936e+01
7.543810418594539e+01
5.464112248953485e+00
9.263446493662636e+01
4.267276350533253e+01
9.776879921451621e+01
7.154783805438683e+01
9.926151758956794e+01
4.747965365996568e+01
1.303004706885202e+00
3.497569865313158e+01
8.191892378121565e+01
7.345932515964812e+01
8.112445645086675e+01
3.140994120920540e+01
8.376828715380668e+01
1.947951764775418e+01
7.652690311732093e+01
6.511228394932686e+00
4.956897126956329e+01
5.565436084552405e+01
1.717324877026176e+01
3.166874359905196e+01
7.671206834572929e+01
1.144269896272696e+01
2.358509508128515e+01
2.477561329713818e+01
6.458871055608090e+01
6.458067128648082e+01
1.124830637650951e+00
9.375871200755178e+01
2.003802089953703e+01
4.964588859567693e+01
6.067106796459810e+01
7.591826379109093e-01
5.072594636619367e+01
4.996701467315062e+01
2.482024311312486e+01
1.679894897006403e+01
2.872510907646507e+01
2.953113458563161e+01
8.042792299782295e+01
4.762692360562595e+01
7.349855572613821e+01
4.706610224538767e+01
1.498253062133795e+01
5.670060112918755e+01
4.743317074488530e+01
4.642744946592835e+01
8.776615834225255e+01
4.269144211089772e+01
5.760699415468005e+01
5.319743163566917e+01
3.322442021836732e+01
5.610205761906787e+01
1.990530095990063e+01
1.445333474057416e+00
1.764090732561467e+00
2.667738102687401e+01
1.734434930484013e+01
5.104224204599962e+01
5.787889778515273e+01
2.674208964535132e+01
9.880396826137043e+01
1.743124575234542e+01
4.708027758033959e+01
2.196967914792229e+01
7.044188402148052e+01
1.628772724246966e+01
4.433898359739175e+01
3.497078057144339e+01
4.581886187466740e+01
5.770042462167350e+01
1.198254908061705e+01
9.274643580091485e+01
3.371690289756139e+01
8.188309547579060e+01
2.365065446293477e+01
5.158456869031516e+01
2.831054489515282e+01
6.540974865919434e+01
2.004222130404889e+01
2.753565093853308e+01
6.715803373007012e+01
3.570306503013850e+01
7.638436745683866e-01
8.763789994997806e+01
2.303935132130950e+01
7.640883781779969e+01
8.719194731078666e+01
8.116714366766026e+01
2.745107981723318e+01
2.764171731082802e+01
5.889720672690180e+01
4.147093605318616e+00
6.064285727247729e+01
6.760384918544621e+01
7.388291809423031e+01
7.486575882642799e+01
6.775499538879608e+01
4.582071492719497e+00
8.042686170918255e+01
5.183062844529312e+01
8.690502102808330e+01
1.678661895766231e+01
8.291261558556585e+01
4.703847018398273e+01
9.866971443345291e+01
5.509116633566617e+01
5.052649125015666e+01
3.921595608779041e+01
1.490464825877205e+01
6.419534630337513e+01
3.468079345053099e+01
5.293394529862979e+01
1.870444306112102e+01
5.237449754605745e+00
7.202430976183355e+01
8.513488731586136e+01
5.279602042995209e+01
4.178712928750884e+01
5.646995969883630e+00
2.346716053945346e+01
7.750747104990644e+01
3.026510171138919e+00
1.327465945541610e+01
2.670020797601911e+01
7.409895498962092e+01
8.170408866447588e+01
5.040299480334064e+01
8.823364949237259e+01
9.571052840711108e+01
4.845826502351941e+01
9.029886978226661e+01
9.536107601381887e+01
2.746185382244263e+01
3.598673228918889e+01
1.211335352254722e+01
6.487636308412830e+01
8.548163198189886e+01
7.855442770689467e+01
7.294234878986252e+01
3.862801941047796e-01
4.661756052943764e+01
1.462482489395180e+01
1.453897148116444e+01
6.532200359055865e+01
4.490946575296552e+01
7.919905813373582e+01
2.520305361841016e+01
8.810910419007256e+01
9.284997302705887e+01
7.494526196967124e+01
2.061477588518279e+01
6.471296542543590e+01
3.754115502235533e+01
8.786484454193378e+01
7.472632759005126e+01
4.860213154396141e+01
4.555647775789558e+00
4.783472285970799e+01
7.365146152379525e+01
3.239069801400914e+01
5.595917885934896e+01
4.776210428577015e+01
7.178588401143713e+00
4.032872600496222e+01
1.740008863499392e+01
8.771569299870902e+01
6.577399357490893e+01
1.690566340317282e+01
9.432811368924013e+01
3.998881272971109e+01
5.964152890240845e+01
3.962401591223851e+01
2.799377493932553e+01
1.379415407487850e+01
4.946019456231044e+00
1.286132261755938e+00
9.946205611315652e+01
6.916590415368131e+01
5.409111969829124e+01
9.846504786911655e+01
1.007652278527456e+01
8.281479640063587e+00
3.180163313252927e+01
1.491207881593708e+01
1.318433941955880e+01
6.849052592576041e+01
7.576345111046146e+01
2.705198210992477e+01
2.759933929312943e+01
7.398135232458885e+01
5.753127753619630e+01
7.978538655665955e+01
4.106780110908105e+01
7.238408479484920e+01
7.103749465711297e+01
2.661896204884115e+01
6.085586401673773e+01
3.681148823202191e+01
5.780529331313693e+01
2.962251148634707e+00
2.415439874127247e+01
6.812985505355981e+01
4.178947216914477e+01
2.449117415793760e+01
4.129225250393723e+01
9.843235481457428e+01
3.912163252901362e+01
9.744032481566086e+01
2.001700518653589e+01
1.843054756449095e+01
1.222781413804172e+01
5.086117635986822e+01
7.436479519790262e+01
4.137777864997172e+00
4.432625325598114e+01
3.461876406083757e+01
7.741245277105480e+01
2.613809058728539e+01
3.311429164983066e+01
5.214391958533970e+01
6.430449479459995e+00
4.930402103313432e+01
6.355938132086740e+00
1.156042283939217e+00
3.324933724163535e+01
4.364575522190228e+01
4.640032874718324e+01
2.468997613745275e+01
4.226808326424476e+01
5.411619700217442e+01
7.335766822721700e+01
5.182810935742599e+01
1.172852931159014e+01
4.182077801871149e+01
8.310773441712732e+01
9.361433069855643e+01
8.856176449384623e+00
3.842639985421039e+01
5.689519818727635e+01
1.001619454939672e+00
6.222818119555161e+01
4.173091330646114e+01
8.601711401064746e+01
9.662973442889272e+01
7.936967275076064e+01
5.598382095619283e+01
7.492257662812368e+01
4.300948979473183e+01
9.668627274068365e+01
9.226167890814210e+01
3.635616266930298e+01
3.647494597196344e-01
7.324911936803215e+00
8.031054073027826e+01
2.303727368034295e+01
9.429807518343351e+01
2.606649930871394e+00
1.262108926317705e+01
6.893802255808284e+01
5.831087793144903e+01
5.621976356777352e+01
5.308305181240806e+01
2.509388207695162e+01
7.935088778815739e+01
7.820632363586050e+01
1.938126316265262e+01
3.064949625667627e+00
2.702124017617723e+01
5.047230820659190e+01
5.307974850436661e+01
4.675486686022713e+01
6.634388485287496e+01
6.630008754613813e+01
2.652095711162358e+01
1.256563841019088e+00
4.083976347038512e+01
7.153712952115440e+01
5.728411630600883e+00
9.097640332345684e+01
7.314971712098910e+01
8.421600879366324e+01
1.432291931208359e+01
5.637767867016498e+01
8.583628464761949e+01
9.970098794424021e+01
6.701734325243967e+01
5.780698268572194e+01
9.197275330870075e+01
7.114418101084613e+01
7.037915693148000e+01
6.608466821074703e+01
2.848840408422445e+01
9.265677537427133e+01
5.153479354993198e+01
3.026421695494290e+01
9.280447200536935e+00
2.570662974645692e+01
1.585970926837051e+01
1.123467172087853e+01
9.855039794861824e+00
3.395115790606996e+01
2.493202538459191e+01
6.781232341556452e+01
1.370745576625106e+01
2.739395491191836e+01
5.678109929746999e+01
6.335923767805064e+01
6.691045251996744e+01
3.440857587121827e+01
5.098999531520064e+01
3.925025124999241e+01
9.283411698082188e+01
7.140833790013956e+01
9.751307167928344e+01
1.846998469832818e+01
3.835579596383301e+01
7.576134962763700e+01
6.604534111267204e+00
1.555808503905222e+01
4.620706520332353e+01
7.698369104274721e+01
1.986960960546024e+01
2.646500795449364e+01
7.301762950281501e+01
5.859922178024390e+01
5.559081787038167e+01
5.438625680021302e+01
6.856621395264109e+01
9.545862953898433e+01
1.798115042875574e+01
9.035650877764286e+01
8.672110288716904e+01
6.632369168397211e+01
2.273503286891386e+01
4.259414400094848e+01
6.363009198737800e+01
5.794770860017636e+01
1.909227372104873e+01
3.152686698898993e+01
7.925186901318462e+01
6.002452604473779e+01
3.290913460446016e+01
2.261356442357114e+01
3.447862413454737e+01
2.082237076052575e+01
1.310469196788254e+01
9.706864617628447e+01
2.882036009282822e+00
6.980844976837210e+01
4.556975199169002e+01
7.279094484299000e+01
7.113349129032972e+01
8.103600897874497e+01
8.640103013552773e+01
2.363998024893923e+00
9.091794327409842e+01
8.304257322244466e+00
8.758248481321264e+01
6.868479576366245e+01
4.969562424798292e+01
2.142018159917564e+01
2.609270323351617e+01
2.620394668830742e+00
2.443154855837652e+00
2.666717843463047e+01
4.521453871634534e+01
1.888219417020781e+01
6.214576445619844e+01
5.424906944588249e+01
9.892612742210093e+01
7.655898163866203e+01
1.427359549062028e+01
1.436023521905776e+01
1.370519172107111e+01
3.191032904754874e+01
9.389813011228020e+01
1.944443048883436e+01
5.624933454964744e+01
6.465986876965493e+01
6.923182619234166e+01
4.862661200977239e+01
2.459589085755679e+01
9.857819476098669e+01
6.690202256054711e+01
4.016019922688613e+01
6.042060934026754e+01
9.681158210002425e+01
6.666768904154546e+00
7.447730292308950e+01
8.557560531682130e+00
2.666817522918255e+01
9.422747213124646e+01
3.392273841142782e+00
2.928856994457942e+01
8.747075385761947e+01
5.643449605276552e+01
4.939303428372044e+01
8.760871383715826e+01
1.602697713115577e+01
7.339682456729786e+01
2.610512395673670e+01
7.118604428655749e+00
4.017108294189492e+01
4.358938943761838e+00
7.894555785644127e+01
9.639127095993202e+01
8.454555318902506e+01
7.836893428041084e+01
1.035555876342373e+01
3.926463734324307e+01
4.760076047275250e+01
5.572808606351170e+01
6.386052824736598e+01
3.450000567105599e+01
6.863057169533828e+01
7.485744919388436e+01
4.712114797305369e+01
3.452577550640599e+01
2.736760709777829e+01
7.025364957295994e+01
2.756696107218366e+01
5.403578237352696e+01
8.824781109031653e+01
1.459239749917407e+00
7.858729431339879e+01
3.410819626138927e+01
6.105629432064309e+01
3.583751094333712e+01
2.468716643037608e+01
4.234958139357603e+01
8.657963899270614e+01
5.241238132697175e+01
2.244541105928151e+01
6.596694214547377e+01
7.538777276658814e+01
6.065905432247513e+01
1.882507410777038e+01
4.999254138674240e+01
3.679557784311267e+01
7.746123884686327e+01
6.355325489470422e+01
3.510044181491268e+01
3.831447509038936e+01
8.314713820961637e+01
3.926606696996189e+01
8.206876357182337e+01
2.797515612466966e+01
7.992885223586525e+01
1.812781790184221e+01
1.030640011201911e+01
6.185793846932144e+01
7.334299612480355e+01
8.794068139416198e+01
5.010574951307184e+01
5.573393872740397e+01
9.213906856819012e+00
9.651065361523565e+01
6.932266199464102e+01
8.922097277325623e+00
1.718876306767984e+01
8.467873096683934e-01
8.543114274993127e+01
1.386495214601278e+01
8.256028386883450e+01
4.220515882699059e+01
4.284271436875812e+01
4.506641353716442e+01
6.067820459635844e+01
5.251806101413353e+01
1.446575830432855e+01
2.551114052790736e+01
3.189560809726623e+01
5.210251968917555e+00
9.451771811326859e+01
9.489294667490429e+01
7.812723646784538e+01
9.842403409929203e+01
6.264047145966462e+01
8.161263222881250e+01
4.420006910534579e+01
3.317450286502694e+01
7.822774354285922e+00
9.084753416983760e+00
8.212318559276088e+01
5.792852386735776e+01
9.804911259470931e+01
3.117166465668551e+01
5.340938407620853e+01
3.224907877494073e+01
4.494335853724897e+01
7.068063517598465e+01
5.703128825734895e+01
1.877996247204950e+01
8.409917693776040e+01
5.712203795887625e+01
8.141310870713234e+01
2.554028100592097e+01
9.399818391259676e+01
4.809121691998617e+01
9.533685953139181e+01
7.615331503383504e+01
7.450014062901033e+01
5.822515145792866e+01
4.512158639036193e+01
9.997186600229324e+01
4.807621326673600e+01
4.680536638330918e+01
2.074292568524504e+01
9.185502752282424e+01
2.841799856555555e+01
9.185785725333628e+01
7.387883671274355e+01
6.021313251006097e+01
7.974182003165680e+01
3.027588801005664e+01
9.473604266286644e+01
1.011560103395749e+01
7.577288047213708e+01
4.837142925167988e+01
2.159365672692361e+01
7.418453100797932e+01
8.365139704367677e+01
6.880600311272126e+01
7.097430530515234e-01
3.404113339914062e+01
5.592573329616604e+01
4.962210969516174e+01
7.538902399846774e+01
6.791657524552038e+01
9.082741937172945e+01
2.442810694893268e+01
7.745216799781292e+01
1.712765945919215e+01
8.265325840686134e+01
8.709585731248178e+01
7.381233469294959e+01
5.547195377548781e+01
2.506698552755033e+01
8.901969193900921e+01
8.253130194848930e+01
2.312103133793968e+01
8.022253312180869e+00
1.408863533944294e+01
6.211032516421299e+01
3.070787206790776e+01
5.119414913989331e+01
2.526327223762091e+00
1.543809953864575e+01
2.993884693362697e+01
3.839812848642381e+00
4.214067894133770e+01
5.065508589644687e+01
5.354415432249390e+01
6.297290458482360e+01
2.187135630374372e-01
8.758528776820064e+01
5.842201507576835e+00
9.502430311172469e+01
8.648214414086293e+01
5.564163190109731e+01
6.828066793656008e+01
9.990416564974197e+00
9.335630247060037e+01
4.904886528339649e+01
6.897729745552749e+01
8.397733209839899e+01
1.214505835070510e+01
1.014768579515986e+01
2.465087702714413e+01
7.224535223666828e+01
9.267898774364916e+01
1.643654378896418e+00
5.881577472147335e+01
3.368651365567302e+01
1.534177098206327e+01
7.883426802178577e+01
8.785248016372904e+01
2.872665041532677e+01
8.799678263626843e+01
4.784721217483618e+01
1.841751854793053e+01
5.110904129739341e+01
8.228763690324857e+01
1.971879784004707e+01
5.967763450913021e+01
1.197164711168578e+01
7.988773909392197e+01
1.447314504276642e+01
8.183254300702016e+01
6.545004870996347e+01
2.616317785632013e+01
1.949844575463722e+01
3.062848650413961e+01
6.799214764870337e+01
4.563889896759712e+01
6.891698277039313e+01
6.924196661880332e+01
4.205957704319599e+01
1.752768345993370e+01
9.619417884209854e+00
7.667654658512983e+01
5.217706693903406e+00
4.388725293981249e+01
5.617870658458151e+01
3.965759917146415e+01
6.315523575206997e+01
6.758058782088597e+01
1.004760950340312e+01
9.188188616739674e+01
1.088505648583409e+01
3.019944016365309e+01
8.030412186882650e+01
7.340772863170491e+01
5.661821228294550e+00
5.051450945926574e+00
8.303346716940099e+01
7.483642034923491e+01
8.095399177677650e+01
6.831381147183190e+00
6.569484116774743e+01
5.343187058038631e+01
2.366979006848754e+01
4.981072035143651e+01
6.894485464736114e+01
6.019328784206569e+01
9.257801845324134e+01
1.762500136048766e+01
8.306161224984639e+01
5.109645661483354e+01
9.622333911071686e+01
9.203416565062207e+01
2.611335275048081e+01
1.834352245477192e+01
4.877862741648156e+01
5.569164462186939e+01
3.629893252453717e+00
3.932987490637688e+01
3.999522805213706e+01
1.644842648713310e+01
4.445882809556035e+01
3.076189389953478e+01
8.208512816675247e+01
2.270787634081574e+01
9.380831708843276e+01
5.971170112477229e+01
1.122814184577583e+01
1.723190490958835e+00
2.024332388315505e+01
3.328887835763808e+01
7.810658778907107e+01
7.637156950140911e+01
9.229310419982911e+00
9.230356723643074e+01
1.270861910316563e+01
9.573812233085657e+01
7.135470531478278e+01
3.319866761248497e+01
4.535310801367886e+01
2.552869311791318e+01
8.467486271852389e+00
6.629528364459765e+01
6.706122591489051e+00
1.081404118370919e+01
1.872101799525368e+01
8.992571695238618e+01
3.569602432460339e+01
4.457748031456838e+00
3.838005687034692e+01
2.556579435503380e+01
8.246789499300900e+01
2.873703834076274e+01
3.423022764466248e+01
6.258792000011910e+01
2.072647526894066e+01
4.677373326698957e+01
9.747003484399525e+01
8.218823935938453e+01
6.582484383407274e+01
8.210607947879755e+00
2.248908417415297e+01
5.414694764378805e+01
5.768007857616995e+01
4.928235190421452e+01
8.398513611591660e+01
9.971712166430294e+01
4.502047418850496e+01
3.341711551575787e+01
6.990781681142180e+01
7.778759136692975e+01
7.529553271611013e+01
7.837530308327419e+01
3.737967397895626e+01
4.765336851014447e+01
2.320768731795609e+01
8.058733827461830e+01
9.742273632316977e+01
9.730989020192526e+01
8.503583366285815e+01
1.311550909332722e+01
3.715607809701752e+01
2.651802521502507e+01
1.052675550362410e+01
2.608377231568274e+01
6.295608084786500e+01
7.881126402821917e+01
8.168589048166103e+01
5.475199080759287e+01
1.317911511900794e+01
5.089716704138423e+01
9.169477955051455e+01
8.940304028308161e+00
1.749450965667819e+01
3.570456357472789e+01
4.775967283535734e+01
4.845173435679252e+01
8.540799230588972e+01
2.997102538588039e+01
7.802056925279115e+01
2.346532471639352e+01
7.352106607217391e+01
1.832173774872056e+01
3.585897085064042e+01
1.090074000456405e+01
1.423962382331473e+01
5.906665816859652e+01
3.241957725604045e+01
1.780688106911578e+01
1.398233897703809e+01
8.209306717947734e+01
6.559941054582569e+01
5.598220054804450e+01
8.495913957476576e+01
7.288310493942495e+01
4.583445859413336e+01
7.238028700108653e+01
7.209502401393605e+01
5.441361132749059e+01
4.821410050998167e+01
4.252672709642291e+00
4.077025136946247e+01
8.563160662801546e+01
4.570932860752070e+01
1.258702558120108e+01
1.419941667197245e+01
3.065987980489614e+01
5.789424523613148e+01
1.228820952227721e+01
6.648334193345315e+01
9.891531909765457e+01
5.774741790152500e+01
4.000440795906093e+01
8.345768525426168e+01
2.304811893172940e+01
2.023101352165966e+01
8.408182160187597e+01
2.126831287577204e+01
3.924423984216723e+01
7.522581465320000e+01
5.347761681930982e+01
2.133730697507844e+01
3.670604011821842e+01
1.380225858362497e+01
8.658554762908516e+01
2.734147861010464e+01
5.963671717775833e+01
1.907729679675647e+01
9.029194446759855e+01
8.783173486023756e+01
2.392113209884666e+00
5.434061105099535e+01
6.586427947779386e+01
3.617439341553226e+01
6.220161717487574e+01
3.275629581546238e+01
5.139564073243906e+01
9.690750567098497e+01
4.439061742480408e+00
1.721160049420390e+01
5.349240212398227e+01
6.224819871701682e+01
6.307088549391874e+01
2.188192397443667e+01
4.434071865134906e+01
2.527254020109425e+01
5.430040343399178e+01
1.484084446674252e+01
5.989122319030167e+01
9.982304228461490e+01
4.898484346875215e+01
5.023102930292070e+01
5.655623560610983e+01
5.412395468639394e+01
6.865159630247001e+01
4.483034952768607e+01
9.126790104958596e+01
8.501206607791225e+01
4.715903585178733e+01
6.210999244922306e+01
2.365691946989713e+01
5.267510011451091e+01
7.856565251879657e+01
8.952119894769098e+01
7.767563098002022e+01
4.080389814488771e+01
8.485428191947484e+01
1.282243654728981e+01
6.375386927451652e+01
3.570946391472102e+01
8.925564325845598e+01
8.715779724864187e+01
6.677985571640536e+01
9.807945969425117e+01
3.053997225618920e+01
9.778457241961014e+01
7.759906890690283e+01
5.115265876574100e+01
4.913609644823526e+01
2.413992198376913e+01
7.507443915823215e+01
3.887069511174722e+01
4.640483541712391e+01
9.306257832472332e+01
8.556101093327673e+01
5.685581912140167e+01
2.161357049905396e+01
7.682891193629658e+01
1.361471084580510e+01
1.337664365460008e+01
3.344745381430138e+01
8.645851178395493e+01
8.267932091033055e+01
7.402893261705941e+01
7.233776136875980e+01
6.424276962142567e+01
2.123115459514370e+01
6.464597613767069e+01
5.540112753184565e+01
9.153673559964483e+01
1.692759279018622e+01
1.752363951761445e+01
3.299714812682809e+01
2.710319348941706e+01
3.935764256834874e+01
5.764385622816340e+01
2.663331372972266e+01
3.595145211366538e+01
9.585098498307680e+01
2.515048008651960e+01
6.808062171008467e+01
8.766204332358299e+01
6.358362327496690e+01
6.473835332539787e+01
8.173169571986966e+01
4.889118543308749e+01
5.663431503653261e+01
4.529348846771451e+01
8.445087135045364e+01
4.526592765248657e+01
7.487813121400686e+01
8.619938371060387e+01
5.236413662897615e+01
1.990889810021450e+01
2.877967731504686e+01
2.904529898848631e+01
4.877939310333663e+00
6.877944486624536e+01
7.863846634451228e+01
8.245298833700502e+01
5.527468070167800e+01
8.488708086539390e+00
2.625971582078362e+01
6.577682335198709e+01
6.376588817861205e+01
3.926393377560374e+01
2.220894485814913e+01
3.368320289705098e+01
1.251568832086198e+00
4.213586474868276e+01
5.688343544345508e+01
6.570515794013868e+01
3.469515979974305e+01
6.186478271235934e+01
9.373682816221232e+01
2.468207787009053e+01
5.795154504382589e+01
2.094054884321082e+01
7.531851631371237e+01
4.652764212644084e+01
5.591892937939564e+01
7.934266374415843e+01
4.131233642870203e+01
8.219069153172461e+01
6.929058263510959e+01
7.680629942417438e+01
5.332577920208023e+01
1.877613878751925e+01
6.513179892913057e+01
2.970655738828078e+01
9.883457440828653e+01
2.040647958424244e+01
6.619447780130174e+01
2.880270617492623e+01
8.031460050508129e+01
5.700077966647259e+01
4.259834384666679e+01
2.967668088603610e+01
8.970348610994569e+01
9.821397601543646e+01
3.088697173208323e+01
5.404604741094916e+00
2.930752762095422e+01
8.179663390936173e+01
5.592603159878684e+01
3.719390786122247e+01
2.455185438718268e+01
1.387757659604660e+01
1.344390400380078e+00
4.237907861470202e+01
6.040521876905357e+01
8.324603879975436e+01
1.585668130584838e+01
4.489485395368880e+01
9.689202285226995e+01
7.487407218426189e+01
7.780064552919969e+00
6.937080960225818e+01
7.963016004284385e+01
9.644127529880092e+01
3.537182925984814e+01
8.456661341924529e+01
1.684775483647723e+01
6.798356215841302e+01
1.581297582751744e+01
4.051375907869718e+01
3.426485431113506e+01
1.319131092782659e+01
3.282216677107949e+01
4.026382371795542e+00
7.812126138160063e+01
6.370913854972885e+01
8.819062839643593e+01
7.096220588822021e+01
3.747225335681450e+01
9.064102936100262e+01
8.587246788007788e+01
4.968333549317128e+01
7.138670155377439e+01
7.779571403646642e+01
4.623635348222980e+01
6.874339080822813e+01
8.993397457056398e+01
1.388962539559678e+01
2.043877393959033e+01
1.330563044795097e+01
6.410178638254376e+01
2.821883849251030e+01
8.267644005020914e+01
1.479588309991913e+01
2.315508831439311e+01
1.125060353020700e+01
2.313277037960141e+01
7.223147916245809e+01
5.723056488541447e+01
5.596610831840248e+01
7.688044257316758e+01
6.988488653203700e+01
7.339572122944320e+01
9.228010498559107e+01
7.391126895039866e+01
4.169346147295715e+01
6.881828749031681e+00
1.396636451313568e+01
5.679782552495497e+01
3.167976328715671e+01
8.298524077189398e+01
8.180117312902640e+01
1.468515117405222e+01
4.088507096324352e+01
7.852317489614859e+01
2.247663257758908e+01
8.484195200020538e+01
5.361646025144330e+01
3.576226487558440e+00
2.744267891507721e+01
9.858324709282408e+00
8.229032698194045e+01
7.693459972596476e+01
8.980318875508532e+01
2.085648389573045e+01
9.369267620783891e+00
6.737521908589417e+01
8.776562967699283e+01
5.104808488443871e+01
8.097433349163008e+00
6.245570344033451e+01
9.557932787368975e+01
3.276597733272518e+01
9.247754173934345e+01
7.416237684626243e+01
3.676312725840283e+01
1.234743255765523e+01
2.496450763426931e+01
5.270865282635607e+01
9.077902724537022e+01
9.288327609788779e+01
4.630594278979392e+01
4.588680381229464e+01
3.590690495255725e+01
8.719101375303744e+01
7.388381337462170e+00
6.943962158143503e+01
7.203296570667671e+01
9.317744043337993e+01
6.972732170006601e+01
5.105618091814973e+01
8.982446267727039e+01
5.530617500436779e+01
6.659013510988567e+01
7.461801165464242e+01
5.324908781482331e+01
3.852449899470643e+01
1.332429722571946e+01
4.101471744525001e+01
7.184473577507062e+01
2.142173062144859e+01
5.683683113047705e+01
4.487665088143044e+01
4.724462779576174e+01
6.922132241037737e+01
7.904186499260453e+01
5.213869048847756e+01
5.731892020316744e+01
7.935717109560835e+01
5.600626843795472e+01
6.365117703734487e+01
3.793921300114096e+01
6.505744772267408e+01
7.269710035654580e+01
7.281764381230698e+01
8.172658913849229e+01
6.188654944388501e+01
9.953048108123731e+01
5.730774223679106e+01
7.308633940903765e+01
7.254632910366465e+01
5.575694216217704e+01
9.132160809418262e-01
4.577022932738542e+01
8.368049519307935e+00
1.860717074880710e+01
6.971696977024757e+01
3.708989803543775e+01
6.018659153961884e+01
4.036520046198982e+01
6.665867151071255e+01
7.533639360933397e+01
2.766991785153277e+01
9.313010754675145e+01
7.463316241029332e+01
7.673573921282578e+01
4.752277096152434e+01
4.610254124091125e+01
9.756139437554468e+01
5.175041805568637e+01
5.345561450973880e+00
8.039721836354454e+01
6.288138402760093e+01
4.040521566774939e+01
9.668370121935554e+01
3.414020037005665e+00
1.257307604540748e+01
7.062690191465751e+01
2.944501071676845e+00
4.142668286404884e+00
1.967332690007674e+01
4.690522004240435e+00
1.341089266976849e+01
1.513165049959517e+00
3.343334236807812e+00
9.832403547983805e+01
7.135312337025680e+01
9.453502231954364e+01
6.902165634977709e+01
3.224111508216761e+01
5.724008966108788e+01
3.617660945103346e+01
8.052009115019818e+00
6.736780911095805e+01
8.812570431648088e+01
9.572054035762349e+01
2.627216434398301e+01
6.191204160540925e+01
3.790245919390696e+01
5.082845923063739e+01
3.880109732914767e+01
9.129893546518821e+01
1.840874553583970e+00
8.866867613451028e+00
4.461056038020671e+01
8.104670088786943e+01
4.062394427164641e+01
2.328607203591898e+01
8.034712126494718e+01
5.228347519984631e+00
8.985120583784358e+01
1.467346810487726e+01
1.905927547209863e+01
4.297453744475475e+01
5.219352932283353e+01
5.161013722029055e+01
1.971690930412938e+01
2.198528620506883e+01
5.315412923374871e+01
9.231011434100108e+01
5.199002840183211e+01
8.044362286126410e+01
6.833737998657738e+00
7.520597822740952e+01
8.841147603858796e+01
1.875044066400753e+01
2.085008766541727e+01
9.678830108455769e+01
9.674859745276561e+01
5.394121103637908e+01
9.374366067058577e+01
5.358903717882421e+00
6.269916289611680e+01
6.774241899500714e+01
2.041908824835862e+01
8.193324654453119e+01
4.878911983631045e+01
9.616684405885955e+01
5.900740370108159e+01
8.847201642974839e+01
9.788424628688220e+01
2.033370841310067e+01
7.477950270975917e+01
7.781202843310872e+01
1.506740879969085e+00
3.679868324510691e+01
3.586537420557131e+01
9.865724462953268e+01
7.075175739394118e+01
9.992572502229629e+01
9.359743743836761e+01
3.440163607448415e+01
3.712115056678707e+01
9.795242440791448e+01
3.338464821380779e+01
5.760332232229566e+01
5.138479175576232e+00
9.405932156092456e+01
8.423848873201688e+00
2.446087958498899e+01
8.946770326675274e+01
8.372977286750906e+01
4.945213540897338e+01
7.607098695639101e+01
3.433465046544310e+01
2.808913189363160e+01
5.793364404604474e+01
8.312377030175355e+01
1.331152762906232e+01
3.610915398975329e+01
5.924574735539302e+01
9.374364227696491e+01
2.375649522233591e+00
7.760297128819069e+01
8.489833329101015e+01
9.977391823184392e+01
2.467672197365981e+01
1.070033414787628e+01
2.762569441815172e+00
2.629268994847904e+01
2.844481581283958e+01
9.210876966459153e+01
2.016362776987424e+01
7.644337931482279e+01
8.922187089418148e+01
6.839327843319312e+00
3.404670159055232e+01
8.474554688890723e+01
8.986494042438685e-01
6.717601240015402e+01
9.206426473896217e+00
8.117862696814286e+01
2.213413287984865e+01
1.687647011916920e+01
1.096477485772445e+01
9.825101671658969e+01
4.496560201280080e+01
1.927330792847709e+01
5.122666459122052e+01
5.153934832268364e+01
2.934632498274852e+01
3.174962239887082e+01
2.769708271496793e+01
3.902786930046410e+01
1.962629008089485e+00
4.525580426922804e+01
4.921186973769770e+01
6.727376783605375e+01
8.206246471128541e+00
9.828738695862116e+01
8.372476221235691e+01
3.941236484768445e+01
3.362908243836327e+01
4.728094905022576e+01
1.059540543267289e+01
1.323615010512813e+01
6.714651322325064e+01
5.855587253279791e+01
9.798169704060149e+01
2.761665816773505e+01
9.696023259170364e+01
6.426090903778604e+01
2.478755611217933e+01
5.008953853980152e+01
6.857234675836393e+01
1.162443291937207e+01
1.819243282926848e+01
4.968350909169927e+01
9.948329585580309e+01
6.941909746705512e+01
3.127962026339007e+00
3.009100702129817e+01
6.387556691834496e+01
1.294648885398474e+01
7.952895857371807e+01
1.991643804121597e+00
7.327167274117082e+01
2.874082826484964e+01
4.746724062015640e+00
6.674897403770544e+01
8.071526744436252e+01
6.388805795641991e+01
3.749095324310053e+01
1.434434983615966e+01
4.340095759527802e+01
5.754370049459101e+01
5.973276666353120e+01
1.279466227292766e+01
2.406488001535874e+01
2.556219698188929e+01
3.736411665443523e+01
1.305980557252644e+01
7.745356684432065e+01
2.278127694631986e+01
3.215417104407873e+01
5.681491403692165e+01
3.800926643331035e+01
4.949955313908846e+01
8.738922345796098e+01
5.111774711456045e+01
2.336619981721332e+00
2.897307161659611e+01
9.350575962732815e+01
5.354925480370841e+00
8.270762068345566e+01
4.502637602622917e+01
7.584011921465402e+01
7.582978032335164e+01
1.775546372763601e+00
1.201113439724368e+01
2.227360551351384e+01
8.249081381712612e+01
4.425467091810641e+01
5.307242137057353e+00
8.491586399493546e+01
6.936303953144841e+01
1.171458527059974e+01
1.067971140643568e+01
8.854926120887941e+01
6.872282939437908e+01
7.720630102660800e+01
1.298449230984994e+01
5.757411842121469e+01
8.892868402829798e+01
9.002410266083857e+01
3.515360771452711e+01
8.176101985469508e+01
