9.058097614468121e+00
1.592754172902905e+01
7.695956722691635e+01
5.764465222956829e+00
4.578272409075066e+01
5.957858416232214e+01
8.866902305216948e+01
5.034590701123043e+01
7.081221838985208e+00
1.700615301588837e+01
2.038151557575051e+01
4.581709054569578e+01
2.956413353307365e+01
6.121163780857420e+01
1.292353077462107e+00
1.400354221183972e+01
7.789743993333421e+01
4.170049589206488e+01
5.560214601252328e+01
1.342166886358599e+01
5.653795821430998e+01
4.795318862793650e+01
4.648516701836380e+01
9.520584223568711e+01
1.781365876915569e+01
6.575798949494865e+01
8.333211978121294e+01
8.028038837028686e+01
7.805749535470153e+01
3.510789947356465e+00
1.652176241228439e+01
7.063723954867443e+01
1.692859279780118e+01
7.455306932076489e+01
7.613683905272597e+01
1.143234517026336e+01
5.442241167389900e+01
9.036510944849118e+01
3.266952351325635e+01
6.150363351288421e+01
6.755741190517200e+01
2.193560000599157e+01
1.121153161451758e+01
5.334847427594870e+01
1.190981926019761e+01
5.900935016526346e+01
5.602823130601469e+01
9.216011678434913e+01
1.070466232984544e+01
2.295416245374557e+01
5.581785601369005e+00
6.348882562643328e+01
7.090735108168207e+01
6.902006057511086e+01
3.519853317886523e+01
6.815299422859820e+01
1.782494211468144e+01
2.457065629985680e+01
6.900139822112462e+01
8.121364134420345e+01
6.289748412691871e+01
7.429979284028512e+01
6.554580226798812e+01
8.400180576555515e+01
9.343211357175937e+01
3.312734930456027e+01
5.979688738463301e+01
3.615189769126098e+01
3.226161810209119e+01
6.246284668448514e+01
6.836785938049101e-01
8.406557835827842e+01
4.955248294843011e+01
8.867062818662760e+00
8.396212490460003e+01
5.278777026235488e+01
6.787641298392620e+01
5.522851927915053e+00
1.308716838857493e+01
5.113304385502499e+01
2.772023152919497e+01
5.752202922362929e+01
1.505613206655538e+01
5.511721458989997e+01
9.588981843362088e+00
3.765201379435696e+01
8.734859250828093e+01
3.808646175921264e+01
7.879093665573324e+00
2.731895871801253e+01
7.104391221471313e+01
2.997085849287494e+01
6.661789392429306e+01
8.955117268001248e+01
9.928339491564939e+00
1.964486903494451e+01
3.194282293875833e+01
4.327720526758451e+01
8.420493196891850e+01
3.914033530239963e+01
3.574361616547388e+01
8.488861056272341e+01
6.289370207250757e+01
7.396635789143218e+01
3.341920675403401e-01
1.977102468710906e+01
8.198348050098096e+01
3.551603990398163e+01
5.377789184161364e+01
5.307945830425223e+01
1.409711517118714e+01
9.863338740478893e+01
5.050346578960468e+01
5.616701606482594e+01
5.375060199468891e+01
6.152236920852324e+01
3.947545347710859e+01
7.908244192557522e+01
3.861740983026912e+01
4.735454714268192e+01
8.298142812353625e+01
1.080273301843681e+01
8.331508710203464e+01
9.054514872401262e+01
2.478445955774954e+01
6.679540503155226e+01
3.633217049591810e+00
3.229672863720764e+01
1.007261025257064e+01
6.475025003997155e+01
6.988247436000150e+01
4.346093686458698e+01
2.352281418793034e+01
9.045863917248310e+01
7.265664710321307e+01
9.116244115455190e+01
5.526294375549207e+01
6.811848551412973e+01
9.273587599989767e+01
5.050229879585202e+01
6.109992203353900e+01
5.733745221855931e+01
6.550913693639875e+01
1.160338777657756e+01
9.694261234111275e+01
1.925973888452152e+01
7.169583545611046e+01
3.641806577165521e+01
5.622573334547958e+01
1.313954019599573e+01
5.671573800813208e+01
6.203191357759382e-01
7.000494006555758e+01
6.708770001637177e+01
9.116546790635468e+01
7.035884571744076e+01
2.288887702063139e+01
2.305268683612937e+00
2.994146213398383e+01
4.395571525392855e+01
9.575043534662129e+01
9.089960720897634e-01
7.361855198332042e+01
7.503399559065420e+01
6.873561580140871e+01
5.181693194984315e+00
8.174077406606673e+01
2.399855951033465e+01
8.496771970995130e+01
9.270864743399837e+01
4.464753858961516e+01
4.606764174349031e+01
8.102811038541985e+00
5.840278447531293e+01
4.124727460613813e+01
4.613746364886754e+01
6.389187977830502e+01
2.936686492961219e+01
9.988385895261722e+01
4.846341700687232e+01
8.856907197673296e+01
8.867934876525744e+01
6.846738684385427e+01
7.740628303839187e+00
3.341584225809940e+01
8.987424773623898e+01
2.893285771316516e+01
4.142290774799087e+00
6.944470720805447e+01
3.158843202124742e+01
1.125466251338583e+01
8.251485358109458e+01
6.832040798306484e+01
1.026604185358903e+00
5.371378769805366e+01
7.441668607034566e+01
3.676258597372220e+01
8.819332862654390e+00
2.697852734801291e+01
2.843558091131765e+00
1.723858798725465e+01
4.306278412372934e+01
6.927298478282663e+01
6.643343934157558e+01
3.727506847925255e+01
6.340461203986993e+01
1.257090294387699e+01
1.077940254974151e+01
4.391944722454969e+01
9.512643236439975e+01
1.382086533765349e+01
2.451816621446897e+01
7.319711925145104e+01
8.228825222807389e+01
7.310834167204254e+01
9.487041691079290e+01
4.942769065938317e+01
1.202503592335854e+01
6.216936412368405e+01
9.465762562801019e+01
4.361346794460596e+01
7.342402663706990e+01
7.717247920910478e+01
4.929453821354291e+01
8.975565623946285e+01
3.277577922343080e+01
2.966319193582199e+01
8.091950289947889e+01
9.224294889357078e+01
2.212646981800276e+01
4.370345731438299e+01
8.509103445573292e+00
2.905089418825269e+01
1.809345866464705e+01
7.494254278714887e+01
6.665482254077439e+01
5.066345643748690e+01
4.017300211832533e+01
3.201227087155556e+01
8.661255072178903e+01
8.263987804885949e+01
6.227163731226308e+01
7.550410678400850e+01
4.409445260842072e+01
2.812138839071681e+01
2.209011121750349e+01
3.896486947264749e+01
6.598491965140445e+01
2.080068072341414e+01
2.225232637592234e+00
9.642147691753762e+01
4.986139901441587e+01
7.455826023340144e+01
5.179410067004808e+01
9.965615025705480e+00
5.506723292873578e+01
7.253635277624072e+01
6.082788601556229e+01
9.235178236493459e+01
6.477930162324537e+01
4.499363128328399e+01
3.605523963275144e+01
3.402490212303815e+01
2.098763893404400e+01
8.058661468354362e+01
6.955168804598586e+01
7.683770776579050e+01
7.463949829090363e+00
9.407830284632664e+01
3.149997565499505e+01
1.786262179625343e+01
3.741745792209052e+00
6.710741318161945e+01
2.899333873251143e+01
2.321522120536083e+01
2.519912543948699e+01
8.572437189785967e+01
2.185631251049056e+01
9.118404513745757e+01
6.863275830104611e+01
6.331432427433986e+01
5.677505915834339e+01
7.932556396318859e+01
1.232763436265645e+01
8.569159781825338e+00
7.848150119114737e+01
7.337735005346003e+01
4.281444304753768e+01
1.348662656428601e+00
2.821683577644492e+01
6.833024172500252e+01
4.634229393971259e+01
6.472222333062544e+01
9.847727748494468e+01
5.652517916472870e+01
6.234197801088075e+01
1.132258871166156e+01
8.696978589844415e+00
4.826004507404754e+01
7.803479306308310e+00
2.501428351971055e+01
9.442153083832075e+01
8.692424790324841e+01
9.212169670132999e+01
2.341486952426605e+01
1.013946906204311e+01
1.732082214081698e+01
4.663110340322885e+01
7.231955978661755e+01
4.005406575279966e+01
7.609526835200157e+01
9.941437109346239e+01
6.033145760201452e+01
4.819766224743690e+01
7.350646852213259e+01
5.398284692968375e+00
3.390233345977139e+01
6.038794403913801e+01
7.061151790926769e+00
5.471401757314523e+01
7.918758959471602e+01
1.654296941894245e+01
8.159329010247872e+01
4.538757500489595e+01
7.331809656383382e+01
4.209155218773128e+01
1.604606956990719e+01
3.022070202521081e+01
3.560586005244677e+01
7.519475010931247e+01
8.857170976166228e+01
6.062014357215732e+01
2.004166292959902e+01
5.913886174519494e+01
1.059020185404932e+01
9.303115047189927e+01
3.508789829681064e+01
9.029068536604321e+01
5.654564251031058e+01
8.794820098576518e+01
7.856752964601272e+01
1.575752218056355e+01
4.304134205125334e+01
2.717387598341977e+01
7.117835449575371e+01
9.185929270082120e+01
8.887205956916885e+01
8.287175399385008e+01
7.693575461252394e+01
8.078488841689419e+01
4.033168407172509e+01
7.034417422038698e+01
7.284140417950293e+01
1.029636394711973e+01
6.141160114734042e+01
2.029964189059084e+00
6.004344334827897e+01
6.928401275970228e+01
4.644667312803058e+01
3.152479945287332e+01
9.269812865774060e+01
4.267602839631775e+01
4.861391975945510e+01
4.991896108254742e+01
3.164241981303432e+01
5.580922293281611e+01
5.534555993757470e+01
4.450718189799561e+01
7.141842240068057e+01
3.697741056651688e+01
5.191463993485768e+01
7.644465937113605e+01
1.076533594670023e+01
8.922428548765568e+00
8.888493920158825e+01
8.194369044245391e+01
7.817212030206441e-01
6.659681734936164e+01
8.702437835141289e+01
7.051508462546164e+01
1.697558435470591e+01
1.104349489838048e+01
8.677112217376526e+01
6.336322681203634e+01
4.928103650420952e+01
4.257579238273939e+01
7.634419620798165e+01
5.338835620944777e+01
7.600440712459590e+01
3.044851484263712e+01
4.084927930536180e+01
4.058171228532759e+01
4.938158162375054e+00
8.606830038412861e+01
2.247262300107285e+01
2.593443865232842e+01
1.169123091348039e+01
7.090956441634779e-01
1.537340633355705e+01
8.797743161580406e+01
9.571690945686629e+01
3.030497917453990e+01
6.841836346705368e+01
6.482245357000384e+00
6.224402825452575e+01
2.198054451587635e+01
2.252187189763499e+01
7.374782081402272e+01
6.442993416657203e-01
7.545031410430107e+01
6.218736798604362e+01
5.133155181600318e+01
9.604575158844038e+01
1.616744949303914e+01
5.612019792018468e+01
5.208741298508244e+01
8.901506857434990e+01
2.979015918904457e+01
6.141189283757092e+01
6.648509291302651e+01
1.746368897960693e+01
3.128145017255165e+01
7.066805151787961e+00
8.358909207563340e+01
4.368999974973966e+01
2.953942819942694e+01
4.080441521518138e+01
6.677886963206291e+01
8.487823702622123e+00
9.070242004967407e+01
1.818442736667787e+01
4.204733112922280e+00
4.439554044250191e+01
8.260651835361800e+01
4.268817586949476e+01
2.023449452604842e+01
5.064714460198169e+01
6.300637357076927e+01
2.523402023372893e+01
5.998809461481315e+01
7.456322832711191e+01
5.903167238413900e+01
9.130262606372249e+01
7.736960480798483e+01
7.233713281915389e+01
4.412548497511330e+01
6.143999214351177e+01
6.135220139350379e+01
9.053423315777175e+01
9.086891063063820e+01
4.071826750446030e+01
2.065133281082443e+01
4.993173175022552e+01
3.133459856330165e+00
2.511412209138000e+01
6.855872141595870e+01
1.091218791478881e+01
3.028900941381650e+01
2.994590300598456e+00
9.172155749598591e+01
9.114555585717110e+01
1.391651435471909e+00
2.360474473033321e+01
4.913602212869377e+01
1.245749677180196e+01
3.429172320025587e+01
4.844884129634539e+01
6.310464137378364e+01
3.340463742306672e+01
6.335283204137945e+01
1.798310816194076e+01
7.967865703612503e+00
1.952251532092808e+01
9.406848167724371e+01
2.950135922501858e+01
1.298463247389748e+01
5.664203877404427e+00
1.479448830466461e+01
5.321184948701963e+01
8.329968828861587e+01
4.349472883320168e+01
6.404613347912493e+01
5.171648606272251e+01
2.784268186792856e+01
9.706357689437623e+01
7.698272162907884e+01
2.746884074409904e+01
7.768133588958594e+01
5.038741140178750e+01
9.191958801444601e+01
2.737577638000985e+01
2.065383480892229e+01
2.177056643262998e+01
2.091904996005774e+01
6.978985698418219e+01
5.020899616657244e+01
6.953566207994506e+01
3.916037363892438e+01
9.733270457821558e+01
1.867688168709952e+01
2.259578626723764e+01
7.850928859715782e+01
9.242098689657682e+01
2.203572095466578e+01
9.384294370833922e+00
1.198221790230936e+01
8.027146201593403e+00
8.642826396339957e+01
4.779815745903093e+01
6.710721858176740e+01
3.421486864528379e+01
5.357033184430112e+01
5.014565035241919e+01
1.151571069448987e+01
3.123358680458441e+01
5.810091242105743e+01
6.291407629051902e+01
1.148662372095819e+01
9.438171568065030e+00
7.812362535769289e+01
6.346319674675501e+01
9.345245356366618e+01
2.596753450388440e+01
2.517677816803417e+01
4.443297462744311e+01
5.131632152540438e+01
2.075277223286814e+00
2.970521889147592e+01
7.089934762143500e+01
5.673754595068169e+01
4.838210057857545e+01
9.298990079806647e+01
3.923905898781450e+01
7.502684796928747e+01
4.756699746826990e+01
8.143765306167195e+01
9.320306805577272e+01
7.646578437484138e+01
1.377021223947881e+01
5.785299449127772e+01
4.169366054315756e+01
7.234565800630752e+01
4.622587722084759e+01
9.183931089557676e+01
5.827701266774768e+01
1.945288983148192e+01
1.516645728385376e+01
2.849789617047547e+01
8.894608774639018e+01
8.124313446751010e+01
8.937052594934150e+01
2.568148031164030e+01
4.500331647927096e+01
7.089699049056367e+01
1.752907760326242e+01
7.188470911788042e+01
7.605235012064333e+01
7.693391897572852e+01
4.883378145696305e+01
1.269000713373069e+01
3.367146487984409e+01
3.501185338711918e+01
8.787257074745027e+01
5.724823524115990e+00
5.147368779940237e+01
4.335311420418002e+01
6.431570442594388e+01
2.151377569954553e+01
4.962652043887717e+01
1.307305945692261e+01
7.303756795499361e+01
4.565472977499232e+01
7.479215174670897e+01
9.357819095886228e+01
2.720274637788662e+00
7.561651108582342e+01
1.303108074377807e+01
8.546944301830112e+01
5.426025332615723e+01
8.566899690109724e+01
8.037689825537470e+01
9.348493315907425e+01
7.802129633632549e+01
4.387652745650919e+01
6.438192360307180e+01
9.555037393958791e+01
7.107376613238536e+01
8.659523561903984e+01
2.696061973784148e-01
3.839464436210442e+01
4.352833537549169e+01
6.155757748594395e+00
6.285024209080741e+01
2.200923833158297e+01
2.900410533370642e+01
6.837665078620270e+01
2.567068032253100e+01
9.904305790506446e+01
7.049820608016951e+01
9.184163403317407e+01
8.269168575419657e+01
5.378655784474060e+01
2.095193053640050e+01
3.984307774335289e+01
1.867075754267664e+01
9.061431982117440e+00
3.679116244278436e+01
7.586646837921182e+01
9.793169801027128e+00
4.090556965251713e+01
4.519112517367635e+01
8.089629513253286e+01
5.899436593008897e+01
2.321242151000184e+01
1.451425781218068e+01
9.877242641466317e+01
6.421165343570135e+01
7.468274704864377e+00
8.536766198713688e+01
8.853302001419152e+01
4.925607300794501e+01
8.465290473990743e+01
4.557622645309951e+01
4.350669372058785e+01
8.404714371266176e+01
7.458033178680591e+01
5.437312631605804e+01
1.528873574700613e+01
8.326485244709293e+00
7.000436963048035e+01
9.058593655498044e+01
9.101817104547200e+01
1.354014361907735e+01
5.584323567144723e+01
5.219282240243295e+01
7.633936278351553e+01
9.960458031837111e+01
4.594534460732031e+01
3.586149105609464e+01
7.919867387004135e+01
2.988955449773444e+01
8.105261622977099e+01
1.745781293951804e+01
6.428005730932581e+01
5.264885204501862e+01
8.369784936481055e+01
6.305248367742286e+01
1.686050543415384e+01
3.944034545656309e+01
3.763236861565726e+01
5.393525401779230e+00
8.869641851107423e+01
3.307305035790105e+01
7.757770790605699e+01
7.695617181107224e+01
2.269110573581006e+01
2.096119486771580e+01
7.646233536138308e+01
4.380431116735763e+01
4.559100332930265e+01
4.646670494529731e+01
2.856577799123049e+01
2.030585115789708e+01
7.704002916675063e+01
4.010364508261143e+01
8.590143233812481e+01
9.584578475721450e+01
7.531371734818151e+01
3.441616060883560e+01
7.220770235741870e+01
8.010440928866360e+01
9.137221294984789e+01
3.849818745558066e+00
6.954053969566736e+01
5.565227021260758e+01
2.047432913467024e+00
1.512610447366075e+00
2.836601083556470e+01
1.585446145192462e+01
7.828268365854522e+01
2.000471713021618e+01
9.482811088432935e+01
2.964937436843728e+01
1.979497727928450e-01
6.505878319268059e+00
2.096177205488168e+01
2.288905555516903e+01
1.627743542952344e+01
2.749783919541996e-01
6.086889703798523e+01
5.675475339254120e+01
2.953458643962377e+01
8.943467507578184e+01
7.600065468624264e+01
8.954143500399843e+01
9.755731909422080e+01
4.955927806420218e+01
2.588764630532248e+01
9.528911746818997e+01
1.104193646974952e+01
9.809534866274117e+01
8.298104814392563e+01
2.414149373031291e+00
5.135566720336474e+01
2.647530386525919e+01
8.704419242546157e+01
9.827807363973841e+00
2.888985449862194e+01
1.659354167831761e+01
2.568226886246459e+01
7.950785084604651e+01
4.827167119284704e+01
8.426232374471721e+01
2.317827647699894e+01
4.409402266335395e+01
9.076820211055139e+01
4.414004853188062e+01
1.234005615689794e+01
1.823527529753525e+01
9.158285585771448e+01
7.264663445420872e+01
3.628186175426555e+01
1.779825865188532e+01
1.728665023915779e+01
5.205063319394861e+01
7.339693655883751e+00
4.682497035098493e+01
2.941153255729542e+01
7.733593004631621e+01
5.167700781099359e+01
1.265184768133417e+01
3.132268857738129e+01
8.611771980585424e+00
5.974546361702748e+01
8.267835582731216e+01
2.829734302512246e+01
4.678965604248906e+01
9.155937931107329e+01
3.132113978793898e+01
6.204122335745079e+01
8.099359217146113e+01
3.201586042159044e+01
9.210776248579276e+01
6.525591591617832e+01
3.060610500658215e+01
4.995837446765898e+01
5.424685522646031e+01
3.580189577108337e+01
2.549367259512361e+00
7.425939327769885e+01
2.465799689509813e+01
7.519600171372109e+01
3.235004615613727e+01
4.186382668179638e+01
5.001538919751317e+01
1.300055068591635e+00
7.280933566987949e+01
9.684035954849811e+01
2.909966280176289e+00
8.243086029888637e+01
9.468760019852203e+00
8.009859313261629e+01
9.196994308939666e+01
5.256585145954315e+01
3.062781106244205e+01
9.643190470357979e+01
9.874514588096419e+00
3.760227702446388e+00
7.114807938744690e+00
5.529120534439161e+01
2.915907792242201e+00
9.528341297771941e+01
1.418523253602219e+01
9.502367027803496e+01
3.424079196259417e+01
1.791317072599808e+01
2.500491706887489e+01
9.026490994275777e+01
4.159921824075245e+01
9.023392982326165e+01
8.993372208901388e+01
6.145932369933432e+01
2.296266873505091e+01
7.007548030003696e+01
4.369416071274046e+01
7.297805793256408e+01
1.507378011712515e+01
2.621831937051300e+01
4.557808942421250e+01
1.211609514994365e+01
5.127884184535539e+01
1.063679699349999e+01
3.354556045194416e+01
4.051170555898533e+01
9.221396855647394e+01
4.573043382062131e+01
6.146429537863670e+01
6.768113918028826e+01
6.793359921683259e+01
5.064582952793959e+01
2.339888239437662e+01
2.159741694182037e+01
4.592924245909287e+01
2.793827793930577e+01
8.009517550472877e+01
5.268124735573365e+01
2.819258097009388e+01
5.500854433281746e+01
3.103833088233989e+00
8.190764751374147e+01
4.465199343145452e+01
1.673244606551362e+01
2.562682285235581e+01
6.761466216650543e+01
2.124418552091540e+01
2.507519988579452e+01
4.352329496458326e+01
1.319794781189316e+01
4.834648168103140e+01
5.901382735884461e+01
5.430171208190811e+01
8.879514764472616e+01
6.965062435234461e+01
4.582335606488556e+01
2.144825962439564e+01
4.211846228787604e+00
6.061174541740294e+01
2.595625274160702e+01
6.395307600682278e+01
1.995424321850493e+01
7.541183204176455e+01
7.383549468304751e+01
4.155166016032531e+01
9.385228743490404e+01
7.623259940940542e+01
1.061255769366983e+01
4.115307007038643e+00
3.333732110137927e+01
6.503062134842882e+01
2.556522177791466e+01
9.197521861268916e+01
9.682614733317221e+00
9.695015251494485e+01
2.469430399345900e+00
9.989482886153033e+01
4.755777122804791e+01
2.754463028514042e+01
9.902151399246488e+01
6.181820922615855e+01
2.446718608237206e+00
4.890991493543140e+01
8.814015709242790e+00
1.906285249584487e+00
8.339232075186088e+01
9.666128828966119e+01
6.639824261255481e+01
6.125990294910032e+01
4.868193229133353e+01
9.793999292791821e+01
3.315288835817617e+01
6.863617550983847e+01
9.900328344619055e+01
2.801821824536576e+01
1.227380009939605e+01
6.161861478426430e+01
3.316295837665115e+01
2.080039336383361e+01
4.735202782198415e+01
8.577781733394498e+01
5.468654239302806e+01
3.315640568414536e+00
8.174524804658500e+01
9.551362944557967e+01
9.458199413240979e+01
5.667849860930746e+01
7.281090634540232e+01
1.277633207513780e+01
3.544119355987813e+01
9.070090334429449e+01
6.864136833168629e+00
1.339121102978997e+01
1.900203773705384e+01
7.610265150484753e+01
3.067496643898775e+01
9.951236224710586e+01
7.276393974794259e+01
8.169573889192927e+01
3.730999735990073e+01
4.641477779783997e+01
7.405023424609109e+01
7.046288571807690e+01
9.008204750254846e+01
4.181656159545135e+01
4.575745595887185e+01
2.698831261461057e-01
3.435176333149512e+00
4.377037358645833e+01
4.226740460948432e+01
1.158732590805149e+01
8.733517289503253e+01
6.901291155676027e+00
9.219167478950306e+00
7.988958986470922e+01
9.367995224598793e+01
3.801161564793978e+00
3.656808842745055e+01
2.578991028749845e+01
6.940975923529349e+01
4.751258084900331e+01
6.592673024438635e+01
3.928592239473291e+01
1.388584878942270e+01
8.492876802800632e+01
3.283273136840795e+01
4.401523016580159e+00
6.097886243880674e+01
3.273272059519437e+01
5.789702705009702e+01
1.039015609323520e+01
5.417859258790435e+01
7.143506094414511e+01
6.875174547021824e+01
4.426064009045281e+01
6.300724379858339e+01
4.366935377180081e+01
3.849017398361590e+01
7.719899917822285e+01
9.959060889649699e+01
6.560079975314476e+01
2.978260793247382e+01
4.065050773352874e+01
2.841612260249263e+01
9.800549261179077e+01
9.765009097645529e+01
5.001571585890638e+01
6.864611863561259e+01
1.347893174434031e+01
5.706693784197184e+01
1.838414781651653e+01
5.438784805796475e+01
7.452085864475036e+01
2.250277252053040e+00
6.827369684738744e+01
9.983366359948818e-01
6.221905814587095e+01
7.169969392553888e+01
7.586046311811566e+00
6.647130114327710e+01
5.599361968040169e+01
3.111754545528327e+01
1.627335977567051e+01
8.794088093002368e+01
5.368265623863910e+01
9.339101141942247e+01
6.170470372853089e+01
5.075332156883242e+01
3.792153463602138e+01
1.363313543313795e+01
2.142972118287800e+01
3.256814993571869e+01
9.708280018394943e+01
7.568507137507436e+01
5.711235564998927e+01
8.013535480952605e+00
1.764332387486628e+01
5.094143676149726e+01
7.206572507138631e+01
8.253859397142129e+01
1.084275171665603e+00
4.588632250478786e+01
4.353010656476491e+01
1.715384382622030e+01
4.813659975684089e+01
6.542541103690183e+01
1.905844501175845e+00
7.889294427767999e+01
6.352200366720650e+01
9.491890812987410e+00
5.307436597211024e+00
2.668815470612056e+01
4.039543841052588e+01
5.443780797274681e+01
7.867309622404775e+01
6.941324266112095e+01
1.415530578892459e+01
6.916120791303049e+01
6.566389629881078e+01
8.575035398162453e+01
6.781398433624487e+01
6.079146166368922e+01
6.767448818668467e+01
6.489678447362817e+01
5.294028048074817e+01
2.478684383667393e+01
3.794769548715450e+01
4.962319249735362e+01
1.623855029057644e+01
8.895263387307182e+01
4.538536586118180e+00
1.732282546224204e+01
5.050371887651445e+01
4.806864315088310e+01
4.942092944375283e+01
8.297555608813444e+01
7.512204338569289e+01
5.262884979724365e+01
7.345932515964812e+01
5.664034618839637e+01
3.275822938082657e+01
9.863865058805730e+01
1.337668165256115e+01
7.034733908732763e+01
4.152233267273863e+01
6.412305504275628e+01
4.256691040590727e+01
6.926517527050579e+01
3.120716820992863e+01
8.785260030434122e+01
8.665563184146566e+01
9.902115254617350e+01
6.902226836840728e+01
7.592832016569020e+01
6.391793701980168e+01
2.196254880258932e+01
9.683284549826423e+01
7.841970193126225e+01
4.396249146385234e+01
5.746398398534580e+01
5.127105766500861e+01
6.674227424279893e+01
9.923135088720888e+01
3.648693200037206e+01
9.656967120085362e+01
9.263478689484057e+00
4.903764694418648e+01
5.222040817710590e+01
2.560538888238622e+01
8.166047920550243e+01
3.706826913965320e+01
9.465055791412040e+01
7.715671270953338e+01
5.433075132515782e-01
5.862921525660400e+00
3.023317122377137e+01
8.759964964706435e+01
1.037113601824787e+01
3.113844908361251e+01
6.074904290062797e+01
4.834730194338938e+01
5.726061526558390e+01
4.196334688084356e+01
8.762421109137321e+01
2.930661692717421e+01
5.893258962730532e+01
4.669401857382339e+01
2.613946237887231e+01
2.310366575750693e+01
5.354925135781487e+01
9.241181867775127e+01
2.224231279559541e+01
8.375228526245444e+01
7.974490871641082e+01
6.935919405396990e+00
9.861995060863903e+01
7.646210681482316e+01
9.212276762915904e+01
8.683675904145312e+00
3.835443530155086e+01
7.064082975063512e+01
9.576345910120916e+01
6.605296622312299e+01
7.901927553071607e+00
6.216296062905479e+01
8.877821890114723e+01
7.803071363737374e+01
6.697457300823861e+01
4.578497556307585e+01
1.982156025237477e+01
6.126513698197209e+01
6.468250014105928e+01
7.708217551795867e+01
6.968696278971012e+01
1.740650861403277e+01
2.334795409038102e+01
1.434245450158718e+01
4.941634268007071e+01
6.247636450569908e+01
6.597184388245077e+01
8.054251991237631e+01
8.741547804671129e+01
7.069647119878627e+01
8.259279932016172e+01
3.692835035590844e+01
4.743013430732774e+01
8.121274988223462e+01
9.170603286088725e+01
6.975515818677617e+01
6.344907645296728e+01
8.128227669805396e-01
2.122066003327289e+01
7.843091840782711e+01
6.686578899010354e+01
4.529191928230781e+00
5.616308322928989e+01
6.387468006642288e+01
6.622424394182127e+01
3.200938125700196e+01
7.505503486611649e+01
7.539340661624139e+01
5.973299711930239e+01
4.837332388776043e+00
6.836538616026071e+01
3.897964667481354e+01
7.810084842057007e+01
8.431623325884166e+01
5.332210122296684e+01
1.971722441712265e+01
7.867577414898005e+01
2.401135611534647e+01
1.417265274290585e+00
2.672107206970503e+01
9.470782731413274e+01
1.237242869677601e+01
4.196499811576912e+01
7.234021787174989e+01
3.021748928828979e+01
5.252431484522499e+01
4.209537601195991e+01
8.348160441195667e+01
8.385503114380643e+01
8.249136390280508e+01
6.914148925297962e+01
5.072082013390996e+01
9.257927490052734e+01
3.417629750174298e+01
9.067164035079611e+01
3.690913805594162e+01
1.371215196033574e+01
1.342017660542400e+01
1.230254467218301e+01
2.591867583148120e+01
7.056400760568864e+01
1.465919484135657e+01
5.533863574049372e+01
9.619659613640820e+01
3.770148965423065e+01
1.337814792682331e+01
1.721907407847190e+01
3.101231149910591e+01
3.738950404216978e+01
2.623464634001006e+00
4.309833587291573e+01
4.215237728420290e+01
1.673448105190624e+01
3.125678404758535e+01
4.437549134920141e+00
3.239069801400914e+01
7.061072926531115e+01
9.081693207417472e+01
6.126379932335755e+01
5.446576040911757e+01
8.525021285063131e+01
2.614078439126759e+01
9.262824249110569e+00
7.782948770459251e+01
6.458158603151402e+01
5.160995891858357e+01
3.661832121974710e+01
3.076726474369283e+01
6.566113977025316e+01
9.195606140045265e+01
2.854237730081304e+01
7.711347293905609e+01
6.358006077985282e+01
1.202457631566775e+01
7.331006902889817e+01
1.281550387517340e+00
2.540272424249105e+01
7.107795419687309e+01
1.765881419072804e+01
2.634797684212586e+01
4.290254183248735e+01
6.075715006364377e+01
2.868439067559521e+01
2.709955816487761e+01
4.582048400576249e+01
9.932710882244963e+01
3.079791657198123e+01
5.411505436250710e+01
2.364890231920821e+00
6.614555239963605e+01
4.654175953312859e+01
1.125277304614558e+01
9.331581247659206e+01
5.628353713838548e+01
2.853672785150666e+01
6.113242696092112e+01
7.552644809499684e+01
1.121182730943515e+01
9.189969170461394e+01
2.187914146197920e+01
3.224237544100842e+00
4.858563227978797e+01
5.810428883792101e+01
2.371275398121809e+01
6.061020859545572e+01
6.244324648866581e+01
3.743193728729707e+01
8.487274627428164e+01
5.821523901923338e+01
3.900459689973136e+01
1.420209571449184e+01
1.291055814964257e+01
3.410268576541110e+00
5.946696096075092e+01
8.119388580377860e+00
7.361111262515705e+01
4.302182953945447e+01
6.400051729939902e+01
4.300617954833721e+01
8.888186350878415e+01
9.924464444594673e+01
6.080631439611610e+01
6.376618643466671e+01
9.579548532878771e+01
1.625112817448151e+01
3.835969252435476e+01
5.692791224314269e+01
4.983840130727663e+01
4.957151983378991e+01
9.803074560967774e+01
9.518699468820682e+01
9.704213035155188e+00
9.741323622754460e+01
5.329128347956169e+01
2.050769255520203e+01
4.239838381409569e+01
4.042856825535585e+01
5.841127143167484e+01
2.915794501507559e+01
4.253233817523920e+01
1.064389944572183e+00
4.336004077613356e+01
4.101782210218619e+01
4.553557920527439e+01
1.545078191694374e+01
3.756306405997046e+01
9.515340938007152e+01
9.005443802571596e+00
2.837932041305086e+01
6.749101270339033e+01
6.843995259536429e+01
7.742957075938097e+01
3.590316024418136e+01
3.220613898346487e+01
5.611814877768892e+01
6.711066554631603e+01
7.346304984458865e+01
6.719377993941016e+01
1.869503176710337e+01
2.013735129504341e+01
8.723261081019072e+01
7.403438145948313e+01
3.709930155291190e+01
8.289257790096690e+01
6.717330988830575e+01
6.325853139313801e+01
6.941962399027292e+01
6.564601234423277e+00
1.554662395061302e+01
6.134672358694799e+01
5.969782725893791e+01
2.273419276938503e+01
5.418826237050269e+01
6.007273451428522e+00
2.720885133706446e+01
1.146942554575830e+01
3.398620045463844e+01
8.091426253361359e+01
2.047486934832990e+01
3.184936010830540e+00
5.007035338788776e+01
3.872256355300665e+01
8.984192511525094e+01
4.211044876934515e+01
7.595896747706409e+01
1.150503168418306e+01
2.208978087738612e+01
4.149453399772501e+01
5.126941304247333e+01
3.371690289756139e+01
5.051929566567731e+01
3.850202380609793e+01
9.984201961189602e+01
9.147344971609928e+01
2.139460170706483e+01
8.679220731686438e+01
3.373207246592830e+00
6.302200465603824e+01
6.781232341556452e+01
6.175588847219753e+01
6.323519156465083e+01
3.568771250345172e+01
9.913597665686905e+01
7.855699056692281e+01
4.802356741764749e+01
9.072087918907444e+01
6.928151248455117e+01
7.568118640951867e+01
7.259090434414843e+00
3.956412344219355e+01
7.074540591367771e+01
7.798866223450223e+01
7.828668704176633e+01
2.613228886673799e+01
2.047214676648013e+01
4.921538953167172e+01
3.763732055092105e+01
5.445674879218301e+01
4.032489575460781e+01
6.218841325593573e+01
9.524156143667250e+01
5.234180886873128e+01
4.861317088297250e+01
6.203955517245436e+01
9.545862953898433e+01
6.299666700092921e+01
4.633489290547320e+01
6.427102082607850e+01
5.734683426904811e+01
4.324254088254764e+01
5.267031893724125e+01
8.171556246546821e+01
3.687828902009795e+01
7.408500005215639e+01
1.365343994165465e+01
7.857327497497819e+01
4.298279529576320e-01
9.438395411445944e+00
5.425446138449686e+01
1.907998394178226e+01
6.911818891256964e+01
2.789377469005704e+00
8.715757754964642e+01
1.165993884748776e+00
9.602927840129905e+00
9.572025197358813e+01
1.392874867372622e-01
8.876947671583363e+01
4.760708974097254e+01
4.046418324134508e+01
1.805924797340261e+01
4.361749130469630e+01
3.967199783756956e+01
9.957106080817574e+01
5.657046430584531e+00
8.348725637583399e+01
9.389589042118558e+01
5.945429124843995e+01
8.203449593020346e+01
8.300772029115247e+01
9.295789082206689e+01
5.698351937205695e+01
3.295828706256966e+01
6.686636776051780e+01
7.265829507850962e+01
6.522035317738558e+01
8.371765258895124e+01
3.149834737717097e+01
9.288043793890645e+01
9.086913023650141e+01
4.685493747091616e+00
9.190309447790639e+01
6.297198122505656e+01
2.557284404783177e+01
7.353561496061069e+01
1.410413729683689e+01
9.826080175035671e+01
7.367490244734795e+01
6.581572814184042e+01
6.690202256054711e+01
9.836251162847621e+01
8.270712698935863e+01
7.310833408176356e+01
6.666768904154546e+00
5.340256469948337e+01
8.582805538821410e+01
4.641767891422737e+01
4.729845507410283e+01
3.423944247618292e+01
2.845217484443084e+01
9.854117971777040e+01
2.719733325168366e+01
1.048257756535084e+01
3.149946678034005e+01
2.227982963541515e+01
1.650421354756887e+01
2.473030682873461e+01
9.641909436156000e+01
8.281479640063587e+00
4.751521239407138e+01
8.728822455149526e+01
9.695584489822194e+01
6.253690196319339e+01
1.433105306435891e+01
8.973037651261798e+01
3.607251692380407e+01
5.395455637665212e+01
1.728549088225024e+00
9.747419324585897e+00
1.977028447192641e+01
3.624293340195107e+01
3.791293769046335e+01
6.515755158157906e+01
4.173890573053570e+01
8.433602754228563e-01
6.664704422775985e+01
9.963407204469389e+01
1.158455126526977e+01
8.584132808532627e+01
3.948771969391392e+01
7.571321403408106e+01
2.931996208118273e+01
2.524392680509199e-01
6.075140305829766e+01
1.588197453687059e+01
2.992174463808618e+01
7.765312179813773e+01
1.222781413804172e+01
4.330870259707267e+01
2.565568267631144e+01
8.812749375967658e+01
8.847865187026498e+01
5.124439226987045e+01
6.493199703513271e+01
8.998827547300060e+00
2.575885878212697e+00
1.004513912370668e+00
9.963372689654759e+01
9.056706414118739e+01
2.092659064611727e+01
4.237896904460106e+00
7.425153799087346e+01
3.463843829680162e+01
5.388313064066838e+01
