4.703643678083850e+01
7.623259940940542e+01
7.668196022356021e+01
6.103214526597045e+01
7.625319178973008e+01
3.169050455637765e+01
3.921470038556247e+01
7.674790093523818e+01
3.550074707507191e+01
6.228926985631197e+01
7.538768708491125e+01
6.639007491357162e+01
6.803931471334738e+01
7.054075154966711e+01
9.902151399246488e+01
1.045036758782825e+01
6.492509868225321e+01
3.802778745909584e+01
6.243072783687652e+01
1.104122186593768e+01
1.048742039617497e+01
2.084252709562077e+01
9.766905070173976e+01
5.045642859789376e+01
3.369707327042570e+01
1.779570813188129e+01
8.499770471127597e+01
9.324462194612465e+01
3.412710550899017e+01
3.329202618137563e+01
8.000803295523302e+01
4.597970039862194e+01
9.524625544214912e+00
5.668999313222710e+01
7.011845618026260e+00
8.577781733394498e+01
4.573349479852873e+01
8.656672820754663e+01
4.808372019235218e+01
9.869219581535654e+01
4.885599801729247e+01
6.490044205677717e+01
6.810653711115314e+01
6.622525447338133e+00
3.544119355987813e+01
2.844930879233839e+01
9.992937734347274e+01
4.010598703292477e+01
2.685478703438062e+01
6.929486467004514e+01
1.140751410806902e+01
7.701129651489262e+01
7.754894852524109e+01
9.076564763242642e+00
1.636731853539465e+01
3.936892917350350e+01
8.563911602163647e+01
1.246542977749623e+01
8.655882216364090e+01
4.984383976545364e+01
1.158463908898860e+01
6.656685507230779e+01
6.108500033667544e+01
3.079029546621735e+01
3.992784914557257e+01
8.437028112093465e+00
4.715905317438722e+01
7.703577814485682e+01
9.500375636620622e+01
3.585617059648790e+00
3.551859061025017e+01
4.385975433693256e+01
9.772772979816781e+01
2.884291481638463e+01
4.027352358227294e+01
3.927252676304082e+00
1.508274391064548e+01
4.713766041544157e+01
4.293544871869285e+00
8.160662002936314e+01
1.643252503892059e+01
6.631775869350776e+01
5.861791649768963e+01
9.398147356416167e+01
2.477762374318094e+01
8.608564161047603e+01
4.039625131543551e+01
4.800288451276854e+01
9.855107143453839e+01
2.695507347907641e+01
8.187040699732975e+01
5.662339988938692e+01
3.272576124068618e+01
2.134557982038035e+01
9.959060889649699e+01
7.504844981015123e+01
2.978260793247382e+01
4.065050773352874e+01
5.208422790844190e+01
2.478636425211391e+01
9.555542748214464e+01
4.266849399668560e+01
6.864611863561259e+01
9.328315723374632e+01
8.972462350024125e+01
8.919642171319406e+00
1.664943658590756e+01
4.807367364320609e+00
8.435647496225148e+01
3.441199866794609e+01
8.641398739368374e+01
7.248982762568157e+01
8.435523942315729e+01
4.503190389137338e+01
6.834333844871415e+01
6.142166422746222e+01
3.111754545528327e+01
6.867552458712622e+00
7.183840399227962e+01
3.071273203506728e+01
3.382262593778904e+01
8.400857699290317e+01
8.733613192445418e+01
3.063628702919757e+01
5.344456329636488e+01
7.356775308659661e+01
4.412333119852623e+01
8.322717122883870e+01
6.178883773358019e+01
7.253945380101887e+01
8.013535480952605e+00
5.845438561330288e+01
3.647416696719554e+01
1.099852235568619e+01
7.117656952290636e+01
7.732979905667240e+01
8.557929628788460e+01
8.782600610881393e+01
3.100615783175740e+01
4.441570944358395e+01
8.768987520024641e+00
1.123395041154416e+01
1.412642640719490e+01
4.541302800430591e+01
6.245204911681454e+01
8.059772755047202e+01
6.834692231768133e+00
4.021865438680102e+01
8.746528000918462e+01
7.867309622404775e+01
4.337448447168548e+01
2.128790590040754e+01
5.441661330611287e+01
9.721535565201908e+01
5.095488920386643e+01
6.421664294983104e+01
7.078310869204957e+01
2.766950443744171e+01
4.744381413210361e+01
6.143876791998687e+01
6.529524534255977e+01
3.575067922275079e+01
4.345575507891166e+01
1.769412263189169e+00
5.263427354052396e+01
6.941045544548447e+01
2.796820273062596e+01
1.769629992437376e+01
2.458330617499692e+00
5.897436060894950e+01
2.307334403650525e+00
1.122731813752433e+01
7.639450583439064e+01
7.345932515964812e+01
5.664034618839637e+01
3.884655490463905e+01
2.983771359074754e+01
7.862179543758827e-01
3.241614943017073e+01
4.152233267273863e+01
4.214813459764613e+01
5.565436084552405e+01
7.044518844710905e+01
5.292021425111230e+01
5.286971645097701e+01
2.140007760440934e+01
1.713685715437720e+01
2.365282514302657e+01
4.198490504267854e+00
9.913291786756968e+00
8.654194608635359e+00
6.949373584682762e+01
5.154904297159475e+01
5.210994968754703e+01
7.126314811001679e+01
4.183316465552577e+00
4.242656940707311e+00
9.923135088720888e+01
6.985132455353221e+01
5.921042997353264e+01
5.820571144959224e+01
2.918422325941930e+01
8.042792299782295e+01
2.731759516863040e+01
2.643548419067426e+00
3.706826913965320e+01
7.344677214205581e+01
5.670060112918755e+01
5.433075132515782e-01
3.673556309041361e+01
9.143105409640401e+01
4.269144211089772e+01
6.151728241775059e+01
6.103317237507234e+01
9.561165636201001e+01
1.438699882216146e+01
7.247587133779929e+01
1.274851346982108e+01
3.803982396518803e+01
7.667436184206716e+01
7.732918480286803e+01
8.319034421965030e+01
9.223236203763278e+01
9.736720570240506e+01
9.880396826137043e+01
5.290300918412535e+01
4.952223023843124e+01
6.554624245760323e+01
5.316960888596699e+01
8.655101400173783e+01
3.474684727133571e+01
7.486830804258040e+01
4.855777805138276e+01
1.562315189075803e+01
8.976096449874387e+01
5.120132647045018e+01
5.224303940881185e+01
8.291529737548684e+01
4.183409588496857e+01
5.992202342484241e+01
8.877821890114723e+01
6.124861308431654e+00
9.547778907952727e+01
5.029550127233169e+01
6.715803373007012e+01
9.108944544153728e+01
6.468250014105928e+01
3.963390502130329e+01
3.837958864792231e+00
1.842370434590788e+01
4.548626632685134e+01
8.116714366766026e+01
7.548562720207760e-01
6.247636450569908e+01
9.242933247817183e+01
4.822031089487500e+01
7.990761025804449e+01
2.805657956193042e+01
1.376655335247822e+01
8.821549000601074e+01
4.743013430732774e+01
9.438790087326798e+01
7.143851484704693e+01
9.598791235871050e+01
6.504251522246865e+01
2.257968607478761e+01
1.176401153754630e+01
1.593121030178443e+01
1.297824448578909e+01
5.509116633566617e+01
6.871755727041399e+01
5.260055631054591e+01
9.568133456431391e+01
6.419534630337513e+01
2.896057536311475e+00
2.837406137416794e+01
5.528479169834628e+01
6.757855767737075e+01
6.800796639547123e+01
5.912275060970465e+01
1.053401916778368e+01
8.431623325884166e+01
4.028989423079877e+01
1.128887543980446e+01
4.679259776454074e+01
1.882424355429795e+01
6.793753531199765e+01
2.670020797601911e+01
4.688082311622836e+01
3.565012548847595e+01
8.759519219752178e+01
9.431095742355610e+01
3.021748928828979e+01
3.463133719499751e+01
9.029886978226661e+01
9.390566018126238e+01
2.361350610089186e+01
3.748810851829504e+01
9.836870436480675e+00
3.943830711740922e+01
7.787425423873322e+01
7.855442770689467e+01
9.203886342795514e+01
9.965355070291719e+01
4.274977401026980e+01
9.493492101083272e+01
8.216936391879310e+01
9.803456570861609e+01
2.140780190071454e+01
5.893729555371091e+01
3.271624284457240e+01
3.194182106849822e+01
3.449356352653986e+01
9.744721054911949e+01
5.253158479581194e+01
8.128616129108060e+01
1.627145405685131e+01
6.443228487131758e+01
7.986369220533581e+00
5.540082173207813e+01
2.173208725719344e+00
3.125678404758535e+01
5.746323455006966e+01
3.239069801400914e+01
6.624386080831469e+01
4.776210428577015e+01
2.159018769002994e+01
4.283031376210521e+01
8.525021285063131e+01
1.280127126388311e+01
8.685201885497757e+01
7.782948770459251e+01
5.944727131139826e+00
3.305885397505893e+01
3.162479020265154e+01
5.908270555505655e+00
3.256148432035068e+01
1.379415407487850e+01
2.086735107976354e+01
5.396928622106523e+01
6.400947494619035e+01
5.358359392433595e+01
2.332161395965219e+01
9.846504786911655e+01
1.007652278527456e+01
7.585319875546415e+01
7.975120911363103e+01
1.460799696604162e+01
9.632231886327375e+01
8.773757838073074e+01
3.885888738504559e+01
9.849552763555923e+01
1.899436238174995e+01
4.696348851870908e+01
3.088622560300223e+01
4.496007610343401e+01
7.028453660676468e+01
5.718258379827373e+01
4.654175953312859e+01
7.997580565511053e+01
4.197528531866860e+01
8.756175012679851e+01
5.780529331313693e+01
8.003468768672770e+00
2.328067031841756e+01
8.943008351578847e+01
6.544089911758941e+01
5.584215463876825e+01
3.224237544100842e+00
7.062011210742412e+01
9.811440813267343e+00
6.719572188667755e+01
5.944039237659443e+01
6.244324648866581e+01
7.733304238754000e+01
4.361873014998563e+01
4.318985214605455e+01
4.541197882285900e+01
6.996670699211150e+01
1.843844061644675e+01
8.653655321641665e+01
2.349138028150954e+01
3.311429164983066e+01
5.812283356586603e+01
6.430449479459995e+00
9.045395925196537e+01
9.710399568877369e+01
1.156042283939217e+00
2.118310105110663e+01
5.206560122411028e+01
1.894191495093606e+01
9.082806538363363e+01
3.120750530213467e+01
6.400984449498813e+01
2.250238224980532e+01
5.182810935742599e+01
5.656750377107761e+01
8.794328136739475e+01
4.424883054767215e-01
3.159146221894373e+01
8.856176449384623e+00
1.899622218636620e+01
9.878718410562128e+01
4.239838381409569e+01
2.007367323156152e+00
1.292353077462107e+00
8.601711401064746e+01
4.030381256728611e+01
9.859932637708230e+00
5.598382095619283e+01
7.492257662812368e+01
1.125923377054708e+01
1.545078191694374e+01
1.127762818302849e+01
9.515340938007152e+01
5.789127520187351e+01
7.203738557735336e+01
9.225740506884522e+01
3.589575567091617e+01
9.322048662845999e+01
9.079839214254096e+01
5.483767062185224e+01
7.719400109592546e+00
6.711066554631603e+01
7.455306932076489e+01
9.564992929606229e+00
1.893877485717590e+01
3.112057309184250e+01
1.800034694280491e+01
6.177825218149380e+01
3.064949625667627e+00
2.702124017617723e+01
5.894538399714296e+01
1.852133684722769e+00
2.528967048287842e+01
6.095275132029911e+01
6.630008754613813e+01
2.886021632182422e+01
1.256563841019088e+00
1.440282767377926e+01
1.142055891054708e+01
9.241759855878428e+01
1.916950993201207e+01
1.026171902672468e+01
8.421600879366324e+01
2.355206381694975e+01
5.384214699912916e+01
9.997645476831889e+01
6.580324334362672e+00
7.178984590423751e+01
4.947388090634433e+01
4.248348457854404e+01
7.595896747706409e+01
5.042286843546799e+01
9.594150078293938e+00
1.906523020894510e+01
8.741506342190088e+01
2.853292493546983e+01
9.053871766223513e+01
9.641277184542864e+01
4.791418809812245e+01
9.360366728790275e+01
7.581660467005177e+01
6.859572048699284e+00
9.545580097262551e+01
2.020991222011387e+00
1.723630303388289e+01
6.175588847219753e+01
5.745772922293177e+01
6.906888725658361e+01
3.791590860947776e+01
6.887828813347886e+01
6.908994650891513e+01
5.708541858805596e+01
9.574962896096969e+01
2.946403647282349e+01
7.140833790013956e+01
4.450220113829812e+01
8.571743079727396e+01
7.847497466880594e+01
7.298126121656097e+00
1.787209064600621e+01
2.047214676648013e+01
9.225101447303361e+01
6.829495908147420e+01
3.006629684477407e+01
1.131624463541258e+01
7.434262147841166e+01
1.186761633114313e+00
8.336511770420014e+00
7.075539332384028e+01
5.422343595615749e+01
8.488861056272341e+01
1.798115042875574e+01
1.337298188049951e+01
4.565521559941359e+01
5.538855970622439e+01
8.118530529606403e+01
5.267031893724125e+01
7.745987092026503e+01
5.025419255264764e+01
9.058622754671902e+01
9.863338740478893e+01
9.550222027837401e+01
3.080255367364853e+01
4.208778792158132e+01
2.496625675119751e+01
5.194698914510523e+01
7.702081081318707e+01
1.068368750190534e+01
9.706864617628447e+01
2.882036009282822e+00
5.648950052284146e+01
1.754079289619848e+01
9.513305048231643e+01
2.478445955774954e+01
4.241385070719470e+01
1.222884748700487e-01
9.912708108272733e+01
6.206311474650312e+00
8.304257322244466e+00
3.439031170419898e+00
1.271972130645053e+01
3.762886814662668e+00
5.181220069146352e+01
7.265664710321307e+01
9.467731727970640e+01
4.142232329650890e+01
7.278008483014073e+00
1.616095761589751e+01
1.888219417020781e+01
4.797112208230939e+01
3.793386371710052e+01
4.874424019304301e+01
5.303442131403574e+01
8.560550980530935e+01
7.308141052400758e+00
7.800067806523326e+01
4.685493747091616e+00
8.025066134531548e+01
8.868436556713858e+01
1.754139876809968e+00
6.203191357759382e-01
3.455936477266223e+01
1.929493281957458e+01
9.191321655731332e+01
7.281895669774103e+01
6.690202256054711e+01
9.836251162847621e+01
2.994146213398383e+01
1.212637792906090e+01
6.666768904154546e+00
9.431723584156356e+01
8.582805538821410e+01
7.503399559065420e+01
1.573741744073919e+01
1.192075857516413e+01
5.106972998523607e+00
5.715974073724809e+01
1.919876710474434e+01
5.245460916890512e+01
7.604193495402203e+01
7.673096814040605e+01
9.038847288600563e+01
4.126228808484147e+01
2.976538940787566e+01
7.599398269131500e+01
4.857042918380836e+01
7.766067426542783e+00
2.636217862663892e+01
4.246855924952243e+01
1.710706763766104e+00
8.307791663477100e+01
3.924872537108545e+01
1.398325805272127e+00
1.728549088225024e+00
3.116194188183264e+01
1.834025374536414e+01
4.080493140071860e+01
2.952445351030885e+01
9.470695908866216e+01
4.173890573053570e+01
3.619122241446340e+01
8.902419493022570e+01
8.518624123427376e+00
4.662087817984674e+01
4.761612324398762e+00
3.676258597372220e+01
5.172785117837034e+01
8.547347834588656e+01
1.757811327352101e+01
4.182460300709335e+00
3.796328796910275e+01
3.541745489249818e+01
9.457093323328110e+01
3.727506847925255e+01
6.518284434693999e+01
5.768318155672549e+01
2.779600523775257e+01
4.391944722454969e+01
8.404536018336441e+01
7.026456448727500e+01
4.563015398831580e+01
6.712327677156928e+01
1.066731196393599e+00
7.695626238219266e+01
3.540655767331205e+01
4.897590528660263e+01
4.237896904460106e+00
4.037129322084193e+00
9.465762562801019e+01
4.413268996595065e+01
7.877557183558847e+01
7.717247920910478e+01
2.874267111939502e+01
7.334299612480355e+01
5.301178579824594e+01
9.273066324774672e+01
1.283071577215135e+01
4.739636930050160e+00
4.902859406966185e+00
8.661882080445943e+01
4.247321684028638e+01
3.547389471692680e+01
6.934657463307799e+00
3.493030464040595e+00
7.184088033244055e+01
8.595450561770913e+01
7.405794634207055e+01
6.300905210106124e+01
2.987395279569270e+01
2.530233856537488e+01
6.990145001090198e+01
7.550410678400850e+01
5.898034710389578e+01
7.941473986926243e+01
1.487490079127015e+01
7.638097017834940e+01
2.008997156288939e+01
1.911279774229638e+01
9.842403409929203e+01
9.028965681339133e+01
1.805765373541864e+01
8.100080447318069e+01
9.668056443179053e+01
9.965615025705480e+00
1.754306523014934e+01
4.969235023003647e+01
3.962880696152747e+01
9.235178236493459e+01
5.443198716008663e+01
5.340938407620853e+01
6.055812386821869e+01
6.335408443741225e+01
5.138438495406154e+01
3.026058377244537e+01
8.974233902513159e+01
1.786556859401314e+01
1.621508934358838e+01
9.616937655777176e+01
1.750245411764013e+01
4.608904213928107e+01
5.413370335201439e+01
6.710741318161945e+01
4.047531464159270e+01
2.518774686622794e+01
6.681864399780456e+01
5.535021547942898e+01
1.957465159686965e+01
6.420714695202520e+01
7.446301322172536e+01
1.799868569616167e+01
7.719827232751915e+01
9.252066695714400e+01
6.219875480150746e+01
8.964161481225939e+01
7.105600464672595e+00
7.337735005346003e+01
4.794493641142964e+01
2.086084616410585e+00
6.572913237182848e+01
3.589902740712233e+01
5.071412341236795e+01
1.200658460706779e+01
4.135725849371276e+01
9.673881176707280e+01
3.204495573045917e+01
2.395212656071043e+01
9.351430791128162e+01
4.826004507404754e+01
4.910943459212288e+01
4.823654813144195e+01
2.778492478084980e+01
8.001170963049480e+00
1.951073860726819e+01
1.594223604348592e+01
4.050458122068299e+01
8.632938260507275e+01
2.361045490187148e+01
6.007923281755263e+01
8.504867231708424e+00
5.036840329429526e+01
7.807791851371429e+01
5.043627040015360e+01
2.261657497036111e+01
4.027667331522176e+01
2.431510706633102e+01
5.262793295673463e+01
2.001849330031243e+01
4.788629400911103e+01
5.471401757314523e+01
3.013409433426992e+01
2.588946806541153e+01
7.271059242669054e+01
4.214067894133770e+01
6.724672655912430e+01
3.389918097942098e+01
6.297290458482360e+01
7.545109995428990e+01
4.850356134050692e+01
6.474827302840923e+01
2.456053454641278e+01
6.062014357215732e+01
9.253319785582516e+01
3.987736890086781e+01
1.211343799350478e-01
6.079343727826767e+01
8.038195012155079e+01
7.006266241430428e+01
2.394172969457774e+00
4.046118289253729e+01
7.856752964601272e+01
8.247736025716986e+01
1.853910140625159e+01
1.012478541122972e+01
9.914360004437324e+01
9.185929270082120e+01
8.887205956916885e+01
6.221300175516540e+01
7.883426802178577e+01
8.954856683944750e+01
3.758577152042918e+01
8.968362356055696e+00
8.215654505517172e+00
1.029636394711973e+01
5.872414138108685e+01
7.546238111120761e+01
1.971879784004707e+01
5.827756661841532e+01
5.091348101893136e+01
8.799377623386391e+01
6.184924783271236e+01
7.547401556534415e+01
4.861391975945510e+01
7.136341671988528e+01
2.099628048995336e+01
4.895388933315589e+01
1.787480973539632e+01
3.361165557690507e+01
3.540440627159756e+01
1.656074608515983e+01
3.619451743373392e+01
9.509292132923981e+01
9.903810634232968e+01
8.922428548765568e+00
5.217706693903406e+00
9.058596943066733e+01
7.817212030206441e-01
1.858677217671032e+01
3.432260324914130e+01
2.052713139938523e+01
2.198378565813591e+01
8.298185085085306e+01
1.352023846168082e+00
3.019944016365309e+01
6.880146771147916e+01
5.246106519012762e+01
2.170880600889623e+01
4.367548722944943e+01
6.654301107234461e+01
5.657530229379204e+01
5.674262468551407e+01
9.385438319009467e+01
3.204931781257005e+01
5.575379592168788e+00
1.673664665629000e+01
4.740070227878201e+01
1.169123091348039e+01
4.889350060787680e+01
5.954609422923349e+01
1.083845710886571e+01
6.545424673960277e+01
7.932855420714642e+01
2.143686289034638e+01
6.449235303536632e+01
3.406217300056581e+01
9.024430317349932e+01
1.169202998824978e+01
4.761156651545855e+01
2.990190229839734e+01
7.092455782504965e+01
6.132518512258548e+01
5.188568795653325e+01
9.604575158844038e+01
4.134725189830515e+01
8.208512816675247e+01
2.270787634081574e+01
9.380831708843276e+01
8.774694939504701e+01
1.122814184577583e+01
6.648509291302651e+01
4.432225164227292e+01
6.797076653128991e+01
5.724558050615973e+00
7.637156950140911e+01
6.317040746247881e+01
2.953942819942694e+01
9.428873196909611e-01
7.486163837595919e+01
7.135470531478278e+01
6.690630850703749e+01
8.222019936992795e+01
7.631443793713788e+01
4.623486271418392e+01
3.035686585603136e+00
5.146184025866065e+01
3.442391973660510e+01
9.327998975910245e+01
2.415231690935433e+01
2.523402023372893e+01
1.278498471378581e+01
8.827817397577602e+00
8.655920540288054e+01
1.944485400777536e+01
6.273422607348031e+01
9.251082134084349e+00
5.715270813421937e+01
8.544210241429606e+01
3.059399222517106e+00
4.489965748270026e+01
9.667024426007190e+01
8.597376285399019e+01
8.922190917153931e+01
6.464101074479566e+01
6.696091539550615e+01
6.559347862638229e+01
3.818715682168825e+01
9.159649009425030e+01
7.294538383043621e+01
6.626257182390549e+01
6.295119540903308e+01
5.627205882047864e+01
1.391651435471909e+00
9.976014741685249e+01
2.506921488096435e+00
8.730734856208198e+01
1.061452413472092e+00
8.280395724941229e+01
5.505989960164758e+00
3.896471203256618e+01
7.266164262437339e+01
1.829097472051669e+01
4.779252947670991e+01
2.684765925018474e+01
7.883681029958501e+01
7.417149598438829e+01
8.786747184948412e+01
3.598951838723827e+01
9.596885796448629e+01
2.896142286665804e+01
1.684730756881056e+01
9.263910217799204e+01
5.433759840872958e+01
7.011108499491172e+01
4.888304278668158e+01
2.347288374950778e+01
3.570456357472789e+01
9.546726974447597e+01
1.506937384375807e+01
2.507031388816904e+01
6.172984156838145e+01
7.213355483120939e+01
8.662238488282188e+01
4.600150349829416e+01
9.510368834952996e+01
9.568061148546664e+01
5.471232391647637e+01
7.884216908311572e+01
8.230733241993345e+01
6.021831387664113e+01
6.974009381129410e+00
2.259578626723764e+01
1.766542057398028e+01
9.242098689657682e+01
4.944344551742238e+01
8.810288938139699e+01
7.612616609601591e+01
4.384967239752862e+01
3.249174921423744e+01
1.286369744355962e+01
3.477654342296373e+01
1.338092508417597e+01
5.635842627676131e+01
8.911414183169330e+01
1.005663481077954e+01
2.201423902158357e+01
7.232351790756152e+00
1.919657365381558e+01
2.268323326608317e+01
2.765639942495916e+01
3.934514962106251e+01
7.921135033444099e+01
5.676968631184179e+00
2.560926025063230e+01
2.521285378616901e+01
5.413629261503755e+01
3.492583513023603e+01
5.852170584654515e+01
6.229985429081128e+01
4.170736299907200e+00
7.241789618153959e+01
8.010673540649319e+01
5.347761681930982e+01
3.923905898781450e+01
4.570614590575273e+01
3.283806160690173e+01
2.734194832264537e+01
2.183231195520252e+01
5.330948971831682e+01
1.907729679675647e+01
9.392733596913858e+01
8.808603318784667e+01
1.704578377168895e+01
5.866146211450057e+01
7.720017497297384e+01
2.856149446617881e+01
8.067570113608413e+01
8.978720055417493e+01
3.514680561383572e+01
9.815720990214368e+01
1.744359993256796e+01
3.790101741342853e+01
7.736856019001853e+01
2.312056856375214e+01
7.714624110476404e+01
2.581413976187545e+00
9.913960909430851e+01
1.448150790039520e+01
6.110311982273270e+01
6.887810810882510e+01
5.158011575768708e+01
3.352101595770615e+01
5.345752777227085e+01
6.232009267542515e+01
7.196089889479843e+01
7.652447869839355e+01
5.353074798059219e+01
1.018988029574504e+01
5.011971995705725e+01
6.840237652342878e+00
1.307305945692261e+01
1.045063729884598e+01
9.492627084018955e+01
6.172539902000008e+01
9.357819095886228e+01
7.212644581316339e+01
7.767563098002022e+01
7.627774750640512e+01
2.884114711957106e+01
1.282243654728981e+01
6.229470081734224e+01
7.935724629990628e+01
9.223612970311015e+01
8.084868415298345e+01
2.477814817092295e+00
4.801303150505434e-02
5.232929710872904e+01
9.056068635106119e+00
1.174059096339186e+01
8.899810439394699e+01
3.839464436210442e+01
2.333904803886034e+00
2.251912030508701e+01
2.691902021268337e+01
4.640483541712391e+01
6.722220641897164e+01
2.161000958718826e+01
9.050266830739689e+01
2.957477934173065e+00
3.813331096346179e+01
6.775821050058966e+00
8.558051045312570e+01
4.858394826230777e+01
1.702091843682384e+00
4.730590942655965e+01
1.769604762908818e+01
7.382853765684577e+01
2.498154036001374e+01
7.586646837921182e+01
3.574218397761797e+01
6.378763358285075e+00
1.542885849039483e+01
1.509943023095812e+01
3.004010656384756e+01
2.952905429039572e+01
1.757724504805041e+01
6.712424576614249e+01
6.863741361006974e+01
1.325987722410815e+01
4.728680525314380e+01
5.763551795745060e+01
4.567490473653883e+00
9.081514062863548e+01
4.557622645309951e+01
4.350669372058785e+01
9.829023107806697e+01
2.627809128085062e+01
5.309652032009163e+01
8.771410425552824e+01
8.259142464147480e+01
3.775653244823056e+01
9.448992530558721e+01
6.817193504803438e+01
3.981377949929507e+01
9.619201719583572e+01
1.547784442802791e+01
5.750982712838325e+01
8.016696250073936e+01
4.594534460732031e+01
9.732823544057471e+00
8.996013234833261e+01
8.846157979614174e+00
7.559924226980621e+01
2.086216896812532e+01
7.592239071425162e+01
8.116496283615238e+01
6.887025389302069e+01
4.710540964599019e+01
4.980237639965600e+01
6.507272779246453e+01
9.439221489913399e+01
7.437894357106599e+00
3.378465270334140e+01
1.601612396352744e+01
8.759253266621033e+01
7.729134647049538e+01
3.794644821339587e+00
1.387062390049483e+01
5.422324922598118e+01
9.150874912343396e+01
9.646204854196965e+01
4.545308046296848e+01
8.599867438245504e+01
4.171341333618081e+00
8.526685996226354e+01
8.219069153172461e+01
8.011182797146581e+01
4.277668704408067e+01
5.221124633783998e+01
2.057121271294132e+01
6.777036230441665e+01
5.797398507500719e+01
9.883457440828653e+01
8.192896008581341e+00
7.883615408969864e+01
7.138042620913146e+00
8.935785884473373e+01
1.727556810587438e+01
4.274070050695013e+01
1.585446145192462e+01
9.885772927611029e+00
2.000471713021618e+01
2.124798690026998e+01
4.367042563095243e+01
3.339926303988288e+01
3.419066217457441e+01
2.096177205488168e+01
7.446657180528462e+01
9.776782239683337e+01
7.338492249761937e+00
2.870265693809029e+01
4.452333461703888e+01
5.279157271273041e+01
7.999248322099098e+01
9.157318160476777e+00
3.805843267499397e+01
9.689202285226995e+01
8.926914613194258e+01
8.083511971907463e+01
4.910326914354380e+01
9.840358844883907e+00
4.860548197692516e+01
7.077254218550983e+00
8.674933206604297e+00
5.679837798550650e+01
8.591340830824963e+01
8.704419242546157e+01
9.827807363973841e+00
3.188976367557876e+00
1.265669465654376e+01
2.568226886246459e+01
8.553727226589679e+01
3.266141178675993e+01
3.191460153642791e+01
8.990460503376303e+01
3.787348439817945e+01
1.914799447131715e+01
9.064102936100262e+01
1.234005615689794e+01
1.691581686815052e+01
5.427651156404825e+01
7.523264325001865e+01
8.131609469713462e+01
5.077109432349498e+01
8.993397457056398e+01
6.784720261015333e+01
1.842579088100502e+01
6.582849070701212e+01
2.941153255729542e+01
2.830399238891154e+01
3.592926651981159e+01
6.695670758697983e+01
1.827012864792260e+01
4.300652073836257e+01
5.841942134239684e+00
7.506850663342910e+01
2.829734302512246e+01
9.144461666766769e+01
2.122474341710319e+01
3.210890536760395e+01
4.999829300213526e+01
6.541215398600891e+00
1.764617758693461e+01
9.210776248579276e+01
3.845581693502880e+01
1.809803816401308e+01
2.998124683740607e+01
4.561080646031108e+00
4.581299328515911e+01
6.512937651254673e+01
1.872763047866879e+01
1.332320855619535e+01
7.293224212384422e+01
7.741751497491147e+01
4.742260028022463e+01
1.739497688477625e+01
4.526471753849868e+01
8.339313612477535e+01
9.169640582599510e+01
2.381066234028463e+00
5.014526566962957e+01
6.972305479912229e+01
6.933777382100828e+01
7.132791144369538e+01
1.272957553748487e+01
4.496941461459241e+01
8.905338397671161e+01
9.874514588096419e+00
3.641403123569397e+01
7.114807938744690e+00
7.375840995170103e+01
8.641232423782922e+01
2.774613831552963e+01
8.522120732125883e+01
1.234743255765523e+01
1.261819378129123e+01
4.657655146279212e+01
2.500491706887489e+01
8.462912895932287e+01
1.819783273069087e+01
5.997330307027945e+01
2.680605623256697e+01
2.959446065574626e+01
8.645360883625858e+01
1.332441988090259e+01
3.074566872359518e+01
3.342139969273536e+01
5.858913741940127e+01
1.413880480180439e+01
6.721518797204605e+01
2.421318312371763e+01
6.719658759757718e+01
3.693824272460222e+01
3.030797747443802e+01
3.512224277254298e+01
4.966781826208710e+01
7.527739208903043e+01
8.492091707183090e+01
9.131732284618417e+01
1.169142327815826e+01
5.268238412806875e+01
8.275855168828673e+01
9.810374751598748e+01
2.670445531918875e+01
5.648032024338856e+01
1.045118007364272e+01
3.932264910047997e+01
3.056871659614552e+00
5.806979944839598e+01
5.650192352780230e+01
9.544641640756578e+01
7.947070620929389e+01
9.240882848035955e+01
3.162847595830843e+01
7.394320074186810e+01
8.680792641211670e+01
2.507519988579452e+01
7.364600388037321e+00
6.432238578066341e+01
7.651294948370800e+01
7.457978836008337e+01
2.529258943409314e+01
8.879514764472616e+01
6.965062435234461e+01
5.560056690853116e+01
8.769769737855424e+01
6.118584934677271e+01
2.009500945922686e+01
2.350533265783700e+01
5.250317214639074e+01
9.295000419623685e+00
1.969703157418270e+01
1.757890485114367e+01
4.067312979170732e+01
4.640148689337144e+01
7.405922509453224e+01
5.112430986535005e+01
4.115307007038643e+00
5.522502765768442e+01
1.993106567297646e+01
9.338765097474105e+01
6.137223595817212e+01
9.668370121935554e+01
1.261700387700321e+01
4.190989073454863e+00
7.062690191465751e+01
4.036813627014315e+01
6.714730116871526e+01
7.799150230269484e+01
8.179427240127430e+01
4.307808323906646e+01
2.431951138392068e+00
9.333380162405493e+01
9.215504587262639e+01
6.408932170089768e+01
8.558367839343086e+01
6.902165634977709e+01
6.567778399478541e+01
1.567900507509662e+00
3.617660945103346e+01
9.790024440637801e+01
1.086290092713335e+01
9.900328344619055e+01
1.336572305921732e+01
9.970414941185346e+01
2.275127872021463e+00
4.067485963025823e+01
8.242682557666060e-01
8.799926386587288e+01
4.653256980075155e+01
6.002256854438343e+01
3.022532329439434e+01
9.723863880952757e+01
5.670626971717284e+01
6.486021124984147e+01
5.438602806738858e+01
2.733317163183036e+01
5.228347519984631e+00
8.985120583784358e+01
5.324673887959063e+00
2.815732840828473e+01
3.292928903034390e+01
5.789596455073728e+01
3.990198100912477e+01
1.971690930412938e+01
7.479254942144851e+01
2.548565935598950e+01
9.343755389258151e+00
3.345953060009495e+01
4.194729670041581e+01
2.491517505837380e+01
2.503880030710194e+01
7.391098103202459e+01
8.078881608358995e+01
2.039604825917447e+01
5.651653532707902e+01
8.306394395561141e+01
8.981252130577924e+01
5.151092491648669e+01
4.930163833745831e+01
3.431473529632890e+01
8.786626131640108e+01
1.288531069312492e+00
5.544017406899490e+01
6.823976317804295e+01
6.614874231915397e+01
7.872624610491388e+01
9.557293480987332e+01
7.137708983913859e+01
6.857745189619132e+01
3.204905760104258e+01
8.129595940992979e+01
1.506740879969085e+00
5.879357320200352e+01
2.119794037248843e+01
3.425997078151441e+00
8.077885940707236e+01
4.668359972847793e+01
9.962215838004935e+00
2.803931656667931e+01
8.863089642889373e+01
3.487739089637873e+01
5.307811687378125e+01
8.960921270288956e+01
1.566620697996868e+01
7.347416513295573e+01
9.029167838873884e+01
9.873015093558010e+01
7.067639961404558e+01
9.608769453879805e+01
6.979335871049825e+01
4.991134863808348e+00
2.454420571427057e+01
7.108188977981075e+01
5.507195156769452e+01
7.419227155586344e+01
3.723063205239858e+01
3.183982876680783e+01
1.714879461431354e+01
8.607721891537178e+00
2.375649522233591e+00
1.804640331214592e+01
8.990368130146697e+01
9.991175918835764e+01
7.683997651414944e+01
1.110162162738928e+01
2.510604063286727e+01
5.761883592122180e+01
5.778522135586721e+01
3.506825647087221e+01
8.565815248790111e+01
4.641611773819482e+01
2.200091635901524e+01
2.384729554124516e+01
1.332039740556869e+01
8.561185434721962e+01
1.221043444807196e+01
2.631700878325710e+01
8.434200528279972e+01
3.008738990411506e+01
6.811961208848265e+01
5.413536394673184e+01
7.512889838550653e+01
2.145570876144604e+01
2.521725367997646e+01
3.020084990663494e+01
4.303156865901853e+01
6.244788573237503e+01
6.399904757924334e+01
6.018036327333206e+01
7.105560762391221e+01
6.637469710147693e+01
7.822676658547798e+01
6.095928887881306e+01
7.214469754702631e+01
5.506674309962744e+01
7.206091050620233e+01
4.384439147256519e+01
9.137250114761875e+00
2.984613181550341e+01
3.043138456085296e+01
9.834373146218421e+01
7.626224955369824e+01
2.514490411856440e+01
3.708000077730045e+01
6.161937050596782e+01
1.419323310916928e+00
4.929043527193853e+01
3.860458873147359e+01
7.033089151155710e+01
2.478755611217933e+01
6.767448818668467e+01
6.489678447362817e+01
5.641659049150375e+01
2.817990953483615e+01
4.968350909169927e+01
3.011730440432081e+01
7.121147819385467e+01
5.439616309217929e+01
9.910634513902772e+01
3.139184146718674e+01
8.318700244798652e+01
6.049104903847493e+01
9.618608006098590e+00
4.414629132679956e+01
3.074813654215454e+01
6.197794911543744e+01
7.216723061733285e+01
2.611126463213529e+01
7.737093008000913e+01
4.605333364850532e+01
5.654264923955438e+01
7.571466154219334e+01
2.231558315563741e+01
2.978784489901171e+01
1.279466227292766e+01
3.460316310385389e+01
3.120716820992863e+01
6.208509754486619e+01
4.371513474905637e+00
1.323945890797277e+01
8.687265370361165e+01
7.204600166159030e+01
3.770571431969559e+01
8.678910820129751e+01
8.111862143553729e+00
8.738922345796098e+01
4.071849828619440e+01
7.932334033740840e+01
1.187905301893086e+01
1.993806940500535e+01
2.485768549370472e+01
8.270762068345566e+01
7.709836483797913e+01
2.033378981069373e+01
1.936844988696671e+01
2.261950076679676e+00
8.501914091641974e+01
4.306111379669100e+01
2.837321475538109e+01
6.239007099642887e+01
5.332299044976150e-01
9.381767748567168e+01
3.810473249205609e+01
8.362392656673860e+01
4.183554511602760e+01
5.089939476498374e+01
4.603319370468761e+01
8.474411251244327e+01
1.298449230984994e+01
1.924094549344897e+01
9.798357142041604e+01
4.175891473039934e+01
9.917289814873268e+01
3.568928574011162e+01
