6.897055617020025e+01
1.280670031570210e+01
9.622924942347652e+01
5.841351997033392e+01
5.870520912981835e+01
9.100432684226163e+01
3.921470038556247e+01
2.348753648041167e+01
5.295870097026169e+01
4.561482562944983e+01
4.245470587278470e+01
3.693403179614527e+01
2.466146025092409e+01
8.203453742062419e+01
9.902151399246488e+01
4.479415456056323e+01
7.062199035222734e+01
3.841121808551775e+01
8.215251843545236e+01
9.201842131652795e+01
7.432368270788513e+01
4.308234357418602e+01
1.328769778520227e+01
9.837356731219849e+01
4.066545303941958e+01
1.167535586826287e+01
7.902900668747212e+01
4.014404436580094e+01
9.252706919448778e+00
4.602622135822951e+01
9.974825307715138e+01
8.292642737875060e+01
1.920565637722875e+01
1.843630066999993e+01
4.735202782198415e+01
7.915498198902002e+01
2.758961074407660e+01
2.555915779693013e+01
4.872422579150844e+01
8.507418543336642e+01
6.372675828809233e+01
4.521096062157813e+01
2.200821718294556e+01
3.176607295487359e+01
3.532541326029478e+01
9.823416969656674e+01
6.642922450156381e+01
1.891257707910267e+00
7.777346720815332e+00
5.378079998948648e+01
4.006161929111072e+01
8.644291492479059e+01
8.408528272252775e+01
3.968998041920829e+01
6.902744275006812e+01
2.475073571538121e+01
4.890108362254737e+01
8.361201946791820e+01
8.655882216364090e+01
3.760574941411882e+01
9.884709450362581e+01
7.814477057109809e+01
7.096223592337326e+01
3.659139193435730e+01
9.320489545036335e+01
1.972241127850600e+01
6.641327532306931e+01
1.163734584657352e+01
8.067718752691391e+01
5.568045301161727e+01
3.551859061025017e+01
6.338795417146196e+01
6.204887929467898e+01
5.455774755895033e+01
8.162628071458371e+00
4.173525410785119e+01
9.859247412467025e+01
5.014729544061576e+01
1.627919823689349e+00
1.943871524158805e+01
3.445137009697564e+01
8.160433796309137e+01
3.345672890239243e+01
9.398147356416167e+01
8.304270463205999e+01
2.034792696142007e+01
9.567658463291664e+01
6.837268069776366e+01
3.126134343038376e+01
1.330528045692727e+01
6.874459477548702e+01
4.430852734684410e+01
5.464661128569702e+01
6.254999761588406e+01
9.959060889649699e+01
9.563326020521730e+01
5.607383668239873e+01
6.131239638724941e+01
5.831495433036002e+01
3.730298529253480e+01
4.423612479317753e+01
1.953423620179958e+01
6.972030115766465e+01
1.272218390960348e+01
4.127849044337798e+01
6.970640917760619e+01
4.492030448509394e+01
8.452762439126505e+01
3.270350891756988e+01
7.912542702589437e+01
3.843505537995838e+01
9.542005047920162e+01
6.744365816351197e+01
4.503190389137338e+01
4.146625289761752e+01
4.630990896667815e+01
2.163945684285809e+01
8.716960441654995e-01
1.468258961787568e+01
2.966861684325552e+01
7.598344482294445e+01
5.729729824573607e+00
8.731389175509750e+01
4.191742667086303e+01
9.267722596073395e+01
4.287616319157004e+01
7.663450887270015e+01
4.596661815697635e+01
2.465713486292266e+01
9.646993754267224e+01
8.660600897232349e+01
3.178865771358305e+01
3.647416696719554e+01
7.665965411656521e+01
1.934789331599506e+01
3.265625333071512e+00
3.798251544962754e+01
8.782600610881393e+01
1.742198686926718e+01
1.191990427296604e+01
3.571418106356365e+01
2.801740925201094e+01
5.728309608869399e+01
6.875624939275731e+01
4.949101747455588e+01
1.196576762570337e+01
1.924261209519702e+01
7.041689770781291e+01
5.437237664795126e+01
6.671301334477636e+01
4.337448447168548e+01
1.180919423317965e+01
1.077207965346616e+01
9.721535565201908e+01
1.722538825926622e+01
3.819694036533914e+01
6.920882652942502e+01
8.191322166561766e+01
8.416355856888163e+01
5.546279752415735e+01
6.529524534255977e+01
7.156121287101936e+01
7.543810418594539e+01
5.464112248953485e+00
1.719911020118702e+01
4.295151780496887e+01
8.629766064057949e+01
5.491688193516661e+01
9.926151758956794e+01
9.021886884710699e+01
4.434438345224800e+01
3.497569865313158e+01
8.191892378121565e+01
7.345932515964812e+01
8.112445645086675e+01
6.216241114873551e+01
8.376828715380668e+01
7.863746931712957e+01
3.241614943017073e+01
6.072103886898655e+00
4.956897126956329e+01
2.599252794216970e+01
9.113848749135551e+01
6.942321596174651e+01
9.426053990342680e+00
2.567796037796790e+01
1.713685715437720e+01
2.365282514302657e+01
7.823430592111978e+01
7.748653603600643e+00
1.124830637650951e+00
3.261148209339542e+01
1.568797883376851e+00
4.964588859567693e+01
3.209267167006278e+01
5.478978718388350e+01
6.418357224398459e+01
6.148095729829788e+01
2.482024311312486e+01
4.253602733022348e+01
6.145881985382123e+01
2.620541827110826e+01
6.594164584108705e+01
2.731759516863040e+01
8.269334490536401e+01
4.706610224538767e+01
4.205397402031998e+01
1.253105844954544e+01
5.433075132515782e-01
8.797072725741693e+01
1.932418459063591e+01
9.557562395724264e+01
7.658936356966819e+01
5.319743163566917e+01
3.322442021836732e+01
5.610205761906787e+01
2.223787597484787e+01
1.445333474057416e+00
1.764090732561467e+00
5.559395889546441e+01
5.130821692352566e+01
5.104224204599962e+01
4.616809764232864e+01
9.570878068716674e+01
6.881305951104176e-01
1.123985075915225e+01
4.952223023843124e+01
7.087142708286244e+01
7.683599385285564e+01
1.937355474539732e+01
8.458695243326339e+01
7.295335637077380e+01
4.581886187466740e+01
4.148476377198694e+01
9.143533105563155e+01
5.891075546802522e+00
7.596958427502288e+01
3.142603013265227e+01
2.365065446293477e+01
9.187938230665372e+01
8.863156670175100e+01
5.004033425359071e+01
2.004222130404889e+01
7.700534168491389e+00
1.860718024829737e+01
7.662155873916184e+01
1.621177299703088e+01
3.963390502130329e+01
5.471197504303976e+01
1.842370434590788e+01
7.926955939236542e+01
6.020191919999286e+00
4.941634268007071e+01
2.764171731082802e+01
5.889720672690180e+01
6.095173971771809e+01
5.079370301719462e+01
5.744067321412296e+01
2.114599315502960e+01
3.240771635081978e+01
8.389157647448199e+01
5.732945541726866e+00
7.470358492559920e+00
1.495692758586115e+01
5.639325587842300e+01
1.678661895766231e+01
4.581127313236300e+01
5.864710894350294e+01
9.910764219197800e+01
3.261087659402326e+01
5.052649125015666e+01
3.921595608779041e+01
1.490464825877205e+01
3.148214511176671e+01
4.599024590383761e+00
3.150661426200839e+01
5.528479169834628e+01
9.848338528465638e+01
7.202430976183355e+01
4.943242205746119e+01
2.074445771088100e+01
2.711344329971514e+01
5.646995969883630e+00
2.346716053945346e+01
6.829250066927285e+01
3.026510171138919e+00
5.464828165930150e+01
7.553723602347878e+01
7.063035940315126e+01
7.175226554821816e+01
8.759519219752178e+01
8.823364949237259e+01
7.721156416331026e+01
4.845826502351941e+01
7.606723298135550e+01
9.536107601381887e+01
2.746185382244263e+01
3.598673228918889e+01
5.400818491075569e+01
6.391459841463464e+01
3.972216092037137e+00
1.849200414423458e+01
9.089485774324037e+01
7.866636937422044e+01
3.354538131204684e+01
9.493492101083272e+01
3.389810874774032e+01
6.532200359055865e+01
3.077648846934386e+01
7.890224371985637e+01
2.520305361841016e+01
8.810910419007256e+01
6.585343422640740e+01
7.494526196967124e+01
2.061477588518279e+01
9.918909161313860e+01
7.797177218737629e+01
9.154592891761378e+01
7.472632759005126e+01
4.860213154396141e+01
5.131817886201580e+01
3.979693913822851e+01
9.568605874464198e+01
3.910251839044621e+01
5.595917885934896e+01
3.778688443721593e+01
2.964425656462286e+01
8.342103272835773e+01
1.740008863499392e+01
3.281582330019019e+01
6.577399357490893e+01
5.398571330773910e+01
9.300645542936699e+01
3.305885397505893e+01
1.251256885589686e+00
9.149506226717264e+01
8.451089997985908e+01
2.441945663859111e+01
4.946019456231044e+00
1.286132261755938e+00
5.909424734259687e+01
6.916590415368131e+01
5.409111969829124e+01
3.261254156595680e+01
3.984991132274732e+01
9.797210064622206e+00
3.180163313252927e+01
1.491207881593708e+01
7.573380329447509e+01
6.849052592576041e+01
4.046361718348395e+01
9.849552763555923e+01
1.899436238174995e+01
7.398135232458885e+01
3.088622560300223e+01
8.422832171629571e+01
6.624395985447055e+01
5.043404998743629e+01
7.103749465711297e+01
7.433287155550573e+01
6.085586401673773e+01
3.681148823202191e+01
4.479710219651326e+01
5.386231939953859e+01
7.670962544004881e+01
1.521483870000338e+01
9.348633531177711e+01
8.665298721131542e+00
4.129225250393723e+01
9.843235481457428e+01
9.951430982887480e+00
5.384893601473837e+01
2.001700518653589e+01
7.795202107073368e+01
3.921765756756890e+01
5.986691655584933e+01
2.369385725990583e+00
4.541197882285900e+01
4.902750726278289e+01
1.256555854928007e+01
1.788189030153765e+00
1.433606926088038e+01
3.311429164983066e+01
3.977801354591642e+01
6.430449479459995e+00
4.930402103313432e+01
6.355938132086740e+00
6.992243662007267e+01
4.088800923940168e+01
1.347654867613528e+01
7.676120101323407e+01
2.468997613745275e+01
3.120750530213467e+01
6.400984449498813e+01
7.335766822721700e+01
7.444243569599578e+01
1.888926328108146e+00
8.024591881793268e+01
8.310773441712732e+01
4.772847622992866e+01
3.109701985078725e+01
9.305916540001479e+01
6.062726567528549e+01
1.001619454939672e+00
9.127131667512995e+01
4.173091330646114e+01
1.098094159317247e+01
9.145283689324411e+01
4.458851094571338e+01
7.027203583636881e+01
4.018395395958049e+00
2.487143782194305e+01
9.668627274068365e+01
8.036868277954342e+00
3.635616266930298e+01
3.647494597196344e-01
7.203738557735336e+01
6.327352885309305e+01
7.081753680054915e+01
7.209462750334974e+01
9.988516783336419e+01
3.608087200488936e+01
9.623251003037790e+01
4.255980231918385e+01
8.415296398296626e+00
9.396674767786951e+00
1.893877485717590e+01
9.202357194946313e+01
3.523693621868125e+01
1.938126316265262e+01
7.771412775745343e+01
6.442599048112798e+01
1.057554451309868e+01
8.872034456055627e+01
2.517551077770792e+01
6.095275132029911e+01
2.438692866097527e+01
2.886021632182422e+01
3.961320069600512e+01
3.016037961009908e+00
1.228089403001633e+01
5.728411630600883e+00
9.097640332345684e+01
7.691543604103636e+01
7.579356821989342e+01
6.715068503615944e+00
3.131374168736569e+01
3.426388052025059e+01
5.406096845588691e+01
7.178984590423751e+01
8.067127525837687e+01
6.465321619280297e+01
7.114418101084613e+01
2.046056996121098e+01
9.594150078293938e+00
2.848840408422445e+01
4.651267167484047e+01
5.153479354993198e+01
6.983804435927330e+01
8.174960789352171e+01
2.570662974645692e+01
6.469097703913738e+01
3.260136727830459e+01
3.628217425955560e+01
1.523215850593157e+01
9.875058247649605e+00
1.233555828795562e+01
5.188725923741574e+01
4.906826831822669e+01
5.678109929746999e+01
6.335923767805064e+01
5.663305677316760e+01
8.898431946941852e+01
5.098999531520064e+01
9.574962896096969e+01
9.283411698082188e+01
6.105070950512341e+01
6.902366456064566e+01
3.717276339287532e+01
7.159675442222355e+01
7.298126121656097e+00
3.519131170361830e+01
9.667416610600155e+01
4.357591971921544e+01
5.953791884683907e+01
9.810206331224278e+01
4.552133765328738e+01
7.301762950281501e+01
4.497545577817385e+01
8.336511770420014e+00
9.965608832410354e+00
6.513409831800224e+00
9.135236865438165e+01
5.644863343632250e+01
3.578069835704784e+01
6.854014474364936e-01
6.632369168397211e+01
9.298256784350731e+01
3.004209139851951e-02
1.679009106792048e+01
5.794770860017636e+01
5.604355621898712e+01
5.620322374450193e+01
5.083280422297902e+01
2.753298293218621e+01
3.290913460446016e+01
6.145599794641882e+01
5.194698914510523e+01
1.932799165105819e+00
7.066718981166706e+01
6.701439217059611e+01
7.660193903213457e+01
1.541189943226609e+01
4.561570866294937e+01
4.382839367903229e+01
8.613213551516279e+01
4.760708974097254e+01
8.640103013552773e+01
1.355399219950381e+01
1.482547466402197e+01
2.888239618804417e+01
3.867911470061127e+01
1.271972130645053e+01
8.782924250132834e+01
9.512774813693377e+01
5.383455704610542e+01
6.474888006446365e+01
6.145143977433975e+01
6.336923305102123e+01
4.521453871634534e+01
2.508153171515163e+01
2.131694160463146e+01
3.793386371710052e+01
6.473181651194199e+01
1.282854509205955e+01
1.427359549062028e+01
1.436023521905776e+01
2.875618665886865e+01
3.191032904754874e+01
8.018661419869709e+01
1.944443048883436e+01
1.996930978259505e+01
6.465986876965493e+01
1.082529034969643e+01
1.679748954102280e+01
2.459589085755679e+01
9.857819476098669e+01
1.397772310952550e+01
4.016019922688613e+01
6.042060934026754e+01
3.937302368663858e+01
3.217575793721516e+00
9.909972404087881e+01
1.291867946876152e+01
2.666817522918255e+01
1.599497916921739e+01
9.617371209718925e+00
8.322875233517436e+01
5.715974073724809e+01
5.643449605276552e+01
4.939303428372044e+01
7.408436479702794e+01
5.980747782616292e+01
9.457083889030425e+00
4.601235391852090e+01
5.018937115100649e+01
7.082852948029922e+01
3.882856179905523e+01
7.894555785644127e+01
8.921966161076895e+01
1.402611472365731e+01
8.687248727626749e+01
2.507746481573091e+01
2.389492328460092e+01
4.760076047275250e+01
1.728549088225024e+00
6.386052824736598e+01
2.877929212002982e+01
3.771419345294787e+01
7.485744919388436e+01
9.744911589540965e+01
1.198608992248126e+01
2.736760709777829e+01
2.244160977305920e-01
2.756696107218366e+01
5.403578237352696e+01
8.824781109031653e+01
3.948771969391392e+01
8.332435231810639e+01
3.410819626138927e+01
5.868648679865827e+01
7.150883333362120e+01
5.955784314291451e+01
2.086377210023988e+01
1.986376429901634e+01
5.241238132697175e+01
2.244541105928151e+01
1.690429305513589e+01
1.517748200110043e+01
6.065905432247513e+01
7.834476073195448e+01
4.374164605687449e+01
6.939934476716412e+01
3.042845624984636e+01
2.050278290198314e+00
8.662874907563848e+01
3.831447509038936e+01
5.311770693078530e+01
2.135927296306904e+01
4.037129322084193e+00
7.403782684078340e+01
7.992885223586525e+01
1.812781790184221e+01
8.761409152653724e+01
8.796905092334796e+01
9.969686442040693e+00
8.794068139416198e+01
5.010574951307184e+01
8.046635015889366e+01
1.005648039749660e+01
3.092814047398424e+01
7.151720257080962e+01
8.156531373111778e+01
9.806112861170486e+01
3.911029968369300e+00
5.371928161649000e+01
2.713774690736911e+01
1.844881089331993e+01
7.405794634207055e+01
9.321430530083100e+01
4.506641353716442e+01
6.067820459635844e+01
5.251806101413353e+01
5.023238237492386e+01
1.182281631595586e+01
9.426379953243946e+01
1.487490079127015e+01
3.899489717511223e+01
8.523145657276336e+01
7.812723646784538e+01
9.842403409929203e+01
6.264047145966462e+01
8.161263222881250e+01
7.114777694044065e+01
3.317450286502694e+01
1.432775180522713e+01
8.805638290385546e+01
9.179175141816575e+01
2.367805769838302e+01
3.037378100230069e+01
3.117166465668551e+01
5.918966925665256e+01
8.160892514586864e+01
9.945497917917324e+01
3.509078455860298e+00
9.074090318323155e+01
2.554580183957973e+01
2.122416669559859e+01
5.077884572128711e+01
8.141310870713234e+01
6.393185074624226e+01
4.247576810534846e+01
2.030203101239262e+01
1.171615832099512e+01
7.615331503383504e+01
6.097696878061488e+01
5.822515145792866e+01
7.691984096398569e+01
9.997186600229324e+01
8.690494512529344e+01
5.149289018078376e+01
1.603613631615235e+01
1.071668467983449e+01
9.252066695714400e+01
4.192359314389694e+01
9.160703750867723e+00
9.854737156934448e+01
7.847804360952138e+01
3.027588801005664e+01
8.882821066716137e+01
1.011560103395749e+01
6.144755266674215e+01
4.837142925167988e+01
5.203779556417734e+01
7.418453100797932e+01
4.423245133097863e+01
4.085658697451306e+01
3.327134951635792e+01
3.404113339914062e+01
6.289633836732076e+01
5.536159111902192e+01
7.978195188556889e+00
2.957897522932802e+01
5.151407339215003e+01
7.494019087168397e+01
3.314003280044535e+01
4.050458122068299e+01
9.590763305123320e+01
8.709585731248178e+01
7.381233469294959e+01
8.459268653979184e+01
9.807346812359684e+01
4.129388581090322e+01
4.134142768631756e+01
6.591127224541793e+01
8.022253312180869e+00
2.431510706633102e+01
1.369811660316685e+01
7.799777601752326e+01
7.301790121617630e+01
2.526327223762091e+00
2.317302437646921e+01
8.916928576732488e+00
5.969558533266912e+01
7.978167965998020e+01
1.664247625351067e+01
5.206881698782966e+00
9.189917225944771e+01
2.187135630374372e-01
4.850356134050692e+01
1.419121069563144e+01
9.502430311172469e+01
8.648214414086293e+01
9.253319785582516e+01
2.909730879082219e+01
8.959053265377437e+01
6.079343727826767e+01
3.335792763780706e+01
4.256860806726321e+01
3.966711668282147e+01
4.046118289253729e+01
1.014768579515986e+01
2.718920401632283e+01
1.380227734977485e+01
6.744798313241823e+01
1.643654378896418e+00
5.881577472147335e+01
6.109084997376932e+01
1.534177098206327e+01
5.012823503936093e+00
3.281978058294383e+01
2.872665041532677e+01
8.799678263626843e+01
4.784721217483618e+01
3.167702645607154e+01
7.295252903036426e+01
7.546238111120761e+01
4.196639002392366e+01
5.827756661841532e+01
4.218594196354316e+01
7.988773909392197e+01
1.447314504276642e+01
8.183254300702016e+01
6.545004870996347e+01
5.513843235333377e+01
7.347365793468136e+01
4.895388933315589e+01
7.099324347031919e+01
8.796602133101132e+01
6.808414024677320e+01
6.924196661880332e+01
1.556144678758525e+01
9.649917171173691e+01
7.805293005800476e+01
5.586185439297084e+01
5.670717193591742e+01
7.554618105084923e+01
4.902503869916547e+01
1.858677217671032e+01
3.122681706735250e+00
9.238366153667852e+01
1.004760950340312e+01
9.880907628629780e+01
1.910940977703287e+01
3.497431033056896e+01
8.030412186882650e+01
8.383758551619835e+01
5.661821228294550e+00
7.142672360475488e+01
1.823371374897366e+01
7.673712436889164e+01
4.024132901813896e+01
4.779902880443215e+01
6.861977282381607e+00
5.575379592168788e+00
2.366979006848754e+01
4.611997122230007e+00
6.894485464736114e+01
4.766319880618862e+01
1.141219600635217e+01
9.635518453845529e+01
8.874796172080001e+01
3.405239667466488e+00
8.502659647959592e+01
6.063943661779139e+01
2.611335275048081e+01
7.227923421760985e+01
7.487881317496245e+01
6.228641707556621e+01
6.796253745814903e+01
1.610398647193983e+01
3.515667018255063e+01
5.188568795653325e+01
7.915231412237152e+01
4.604172666838473e+01
8.208512816675247e+01
4.709871082897238e+01
2.987931213801695e+01
8.774694939504701e+01
5.234537695178081e+00
6.035132811421124e+01
1.841059206910925e+01
5.713999618642963e+01
6.863377716794319e+01
6.799986505322153e+01
9.229310419982911e+00
9.230356723643074e+01
4.233358928111083e+01
1.594994101484769e+01
8.696660072867135e+01
8.129544881232802e+01
7.515986150836565e+01
3.496020884949723e+01
9.733398584524821e+01
3.035686585603136e+00
6.706122591489051e+00
4.652924204549252e+01
4.005867784845581e+01
1.181769189975117e+01
9.842311623432819e+01
6.922977341768787e+01
3.838005687034692e+01
8.668070108940857e+01
8.246789499300900e+01
7.200449196249455e+01
6.439724702592811e+01
7.626076898363453e+01
7.731825582558209e+01
6.263715725514906e+01
5.516405331677014e+01
9.667024426007190e+01
8.551317052241096e+01
7.357464538587939e+01
9.398564537707048e+01
5.414694764378805e+01
1.640309119429583e+01
8.102469597059520e+01
8.398513611591660e+01
8.997556105720605e+01
4.502047418850496e+01
4.023554331633986e+01
5.627205882047864e+01
7.778759136692975e+01
6.780596373966242e+01
7.837530308327419e+01
3.737967397895626e+01
1.583780051015215e+01
2.320768731795609e+01
7.743835187397821e+01
5.316258503737048e+01
1.159033696706888e+01
4.820291546555372e+01
1.311550909332722e+01
3.715607809701752e+01
6.001667918638172e+01
1.052675550362410e+01
8.505700583805191e+01
5.856420079179304e+01
7.881126402821917e+01
9.092687107200122e+01
8.515461785027507e+01
1.317911511900794e+01
5.089716704138423e+01
9.169477955051455e+01
2.236895776464090e+01
1.749450965667819e+01
3.570456357472789e+01
1.735189031686256e+01
1.506937384375807e+01
8.540799230588972e+01
6.222152447431419e+01
5.051577405562428e+01
2.346532471639352e+01
7.882985006032040e+01
1.832173774872056e+01
3.585897085064042e+01
1.233653231167073e+01
2.233161843490397e+01
5.906665816859652e+01
3.241957725604045e+01
1.975435471150761e+01
4.189827849245550e+01
3.522909816132351e+01
8.072896119241089e+01
6.077745280264758e+01
3.991583871651247e+01
2.254370889744894e+01
4.583445859413336e+01
7.238028700108653e+01
4.571435923954209e+01
3.561124677565473e+01
7.463410001929574e+01
1.004112931435980e+01
5.034334713143453e+01
7.941070170114315e+01
2.201423902158357e+01
7.765003548825628e+01
1.919657365381558e+01
1.748150876605953e+01
7.808336828746059e+01
7.239469106886288e+01
6.648334193345315e+01
5.139186240331822e+01
5.414847287076920e+01
4.000440795906093e+01
8.767982888393097e+01
6.510495974919989e+01
2.351551792748064e+01
8.947056838752263e+01
2.126831287577204e+01
4.618252233890003e+01
8.010673540649319e+01
5.302480582754352e+01
8.095856410495870e+01
9.279610588811157e+01
1.380225858362497e+01
5.506514127136447e+01
1.533981473899438e+01
5.963671717775833e+01
2.980361600862985e+00
9.392733596913858e+01
2.096044329039773e+01
5.885762062801869e+01
2.669942943691249e+01
9.304752880383633e+01
1.595023196002014e+01
6.220161717487574e+01
4.684128446823046e+01
3.385084240410981e+01
8.601695335750327e+01
4.439061742480408e+00
7.941369315582034e+01
5.349240212398227e+01
8.032046979308150e+01
8.082225494125032e+01
2.188192397443667e+01
2.144565010510648e+01
7.987383700901356e+01
5.400917355623523e+00
9.755990649459879e+01
2.311455482762053e+01
6.009757563476338e+01
8.680418184343920e+01
6.232009267542515e+01
6.486953006352742e+01
4.669031582152952e+01
3.538714062207711e+01
4.483034952768607e+01
7.876208498085015e+01
9.230830636448614e+01
4.715903585178733e+01
6.210999244922306e+01
7.783249881017605e+01
8.205319781883304e+01
3.364539385477332e+01
8.952119894769098e+01
3.387621605483639e+01
4.437698309513600e+01
2.884114711957106e+01
5.252744166763846e+01
3.639267386700617e+01
7.935724629990628e+01
8.925564325845598e+01
7.223968737397328e+01
3.268797902049868e+01
4.801303150505434e-02
2.789498452464817e+01
9.778457241961014e+01
7.759906890690283e+01
5.115265876574100e+01
7.793417679049735e+01
1.336615314398247e+01
3.250871171825971e+01
3.887069511174722e+01
4.640483541712391e+01
1.108414470734268e+01
3.717375739345968e+01
5.685581912140167e+01
5.631333331405806e+01
7.682891193629658e+01
8.344128955315858e+01
5.942111125188931e+01
2.678647270742174e+01
4.224533110030244e+01
4.730590942655965e+01
3.695440987914541e+01
8.312282379862053e+01
6.720394364893620e+00
5.226944165875643e+01
1.010317448997087e+01
7.757504898010522e+01
4.249452163581481e+01
9.640654311348057e+01
6.025854500953972e+00
9.469935963614815e+01
1.757724504805041e+01
2.942856602809791e+01
2.226027498126974e+01
5.048539277654393e+01
4.566232894810957e+01
5.763551795745060e+01
2.957841550446042e+01
6.009137409743451e+01
8.650297219236521e+01
2.464855505370002e+01
9.829023107806697e+01
8.173169571986966e+01
1.369760120925382e+01
6.182463814589411e+01
2.070730646173810e+01
8.445087135045364e+01
4.526592765248657e+01
6.817193504803438e+01
6.454300515565230e+01
9.619201719583572e+01
1.990889810021450e+01
2.877967731504686e+01
4.898354455315673e+01
4.877939310333663e+00
8.772003794448452e+01
7.863846634451228e+01
8.245298833700502e+01
7.559924226980621e+01
3.128145017255165e+01
6.947733511658262e+00
9.785524113003873e+01
6.376588817861205e+01
5.540209447750919e+01
2.220894485814913e+01
2.086334848816663e+01
1.251568832086198e+00
7.437894357106599e+00
3.175879406358991e+01
9.437755746505110e+01
3.469515979974305e+01
6.186478271235934e+01
5.911591074388284e+01
7.455763387240360e+01
5.795154504382589e+01
2.094054884321082e+01
9.646204854196965e+01
4.545308046296848e+01
6.620647649569739e+01
8.040388523619802e+01
7.732738907324494e+01
8.219069153172461e+01
8.847235631592216e+01
7.741176103121218e+01
5.221124633783998e+01
7.434102970843252e+01
6.513179892913057e+01
8.917737183588434e+01
6.066081582599357e-01
5.344714208200907e+01
6.619447780130174e+01
8.290304633923948e+01
9.421673067576100e+01
5.700077966647259e+01
4.259834384666679e+01
4.559389205909981e+01
6.316138532159915e+01
9.821397601543646e+01
3.088697173208323e+01
9.721671701279316e+00
5.955691894495716e+01
6.614794026415234e+00
3.622938982966793e+01
7.608617473211426e+00
5.578633982491975e+01
3.275224009191256e+00
1.703956230405698e+01
3.545279611621648e+01
6.040521876905357e+01
8.324603879975436e+01
9.157318160476777e+00
8.538731964555910e+01
1.876524091640731e+00
3.605937861653948e+01
8.083511971907463e+01
6.937080960225818e+01
6.138164273527528e+01
9.644127529880092e+01
1.760492237173250e+01
8.456661341924529e+01
5.679837798550650e+01
8.591340830824963e+01
1.721927892287228e+01
4.329312147725985e+01
3.188976367557876e+00
8.909922143868134e+01
3.282216677107949e+01
4.026382371795542e+00
2.144075381636655e+01
6.370913854972885e+01
8.990460503376303e+01
9.816807424564290e+01
4.798213501832547e+01
3.008781272456414e+01
7.857082336143164e+01
6.955009720732929e+01
9.797952161076456e+01
7.779571403646642e+01
3.833078781065102e+00
4.395688103696186e+01
7.671004076335115e+01
4.265472187784255e+01
6.571736189802986e-01
1.330563044795097e+01
6.410178638254376e+01
2.821883849251030e+01
6.999724952969572e+01
6.695670758697983e+01
2.315508831439311e+01
3.642184414734218e+01
7.828575055035098e+01
7.223147916245809e+01
5.723056488541447e+01
2.805648405480035e+01
1.552460059315180e+01
4.421357100094369e+01
8.223108909196736e+01
7.524339755775566e+01
7.391126895039866e+01
4.169346147295715e+01
3.617345422328145e+01
3.121947410107565e+01
3.863113007444475e+01
9.456659937024425e+01
4.797091435080902e+01
6.765947168118296e+00
1.468515117405222e+01
4.088507096324352e+01
9.624414280813380e+01
7.741751497491147e+01
8.484195200020538e+01
3.772870699769291e+01
6.410457466920120e+01
8.339313612477535e+01
8.378566670407805e+01
2.381066234028463e+00
1.186062107414967e+01
3.715191829816993e+00
2.085648389573045e+01
7.881660576854674e+01
1.272957553748487e+01
4.496941461459241e+01
5.104808488443871e+01
4.164950453753094e+01
3.641403123569397e+01
9.600449451059312e+00
8.248175558749668e+01
7.939431382314969e+01
7.416237684626243e+01
1.313211070985166e+00
9.986218567931195e+01
9.831667672764355e+01
4.657655146279212e+01
3.478266356269953e+01
9.288327609788779e+01
4.630594278979392e+01
2.941979245721353e+01
8.518116925153004e+00
3.873430506267319e+01
2.423816757474009e+01
6.943962158143503e+01
5.847044897194507e+01
9.317744043337993e+01
8.812972753687284e+01
9.623310081485337e+01
9.219953417414779e+01
2.237686222529824e+01
5.721863981206838e+01
7.461801165464242e+01
7.703036795231996e+01
7.614869576699506e+01
4.966781826208710e+01
4.007694699805088e+01
8.397517604007160e+01
6.476287225483119e+01
5.683683113047705e+01
9.357562553769705e+01
4.567824641507038e+01
4.928480230704174e+01
8.042852244359838e+01
5.648032024338856e+01
5.704149140838603e+00
2.332433053447135e+01
5.049275222723035e+01
4.682728985642422e+01
5.650192352780230e+01
2.331218310786047e+01
6.800592880137541e+00
7.281764381230698e+01
8.527477657668049e+01
6.188654944388501e+01
9.953048108123731e+01
5.730774223679106e+01
2.319752020910267e+01
6.432238578066341e+01
7.174707379739129e+01
8.285695658198416e+01
4.610139524848265e+01
7.862739133584657e+01
3.406409091971074e+01
9.935048306330594e+01
8.223403607599160e+01
3.020474553583411e+01
4.142976637996257e+01
5.624801197845862e+01
3.958364284577949e+01
7.955350693294476e+01
6.023429700184349e+01
9.076245543116818e+01
3.343317649952750e+01
5.661623922950413e+01
7.471971189357328e+01
9.075209670269494e+01
8.855704976644230e+01
7.711609680071292e+01
9.194109267179904e+00
7.332316058376951e+01
3.429324321183062e+00
7.047942516881946e+00
3.414020037005665e+00
4.442178413477809e+00
6.387924769142608e+01
2.944501071676845e+00
6.656513375535846e+01
1.967332690007674e+01
4.083775716872781e+01
8.083914899306333e+01
6.993372443594677e+01
3.343334236807812e+00
9.832403547983805e+01
8.722960403525718e+01
7.358497244938508e+00
7.158392820115384e+01
1.769250417952077e+01
1.646163734442630e+01
1.499008448561192e+01
9.814247772942413e+01
6.148514173062758e+01
9.117780131808379e+01
4.253803628615012e+01
8.260555434162056e+01
1.213634559518487e+01
6.347640038629826e+01
5.082845923063739e+01
9.252208345221452e+01
6.592286711834504e+01
6.742558584894314e+01
8.866867613451028e+00
9.723863880952757e+01
5.670626971717284e+01
4.062394427164641e+01
3.221269502873192e+01
8.034712126494718e+01
5.228347519984631e+00
4.997384718152408e+01
1.467346810487726e+01
4.577872312896826e+01
3.689483932074850e+01
8.275635460519993e+01
1.070623365729406e+01
2.223534165985665e+01
5.418690305863828e+01
2.976110700041107e+01
9.231011434100108e+01
4.726045720617308e+01
2.879622966460708e+01
4.295779384810375e+01
7.950870640553008e+01
8.841147603858796e+01
2.458172651221125e+01
2.085008766541727e+01
4.675433614605774e+01
3.897160181727801e+01
1.545493449804137e+01
1.222586543868569e+01
8.320916406028400e+01
5.721320694182683e+01
6.774241899500714e+01
2.041908824835862e+01
3.139500125841936e+01
4.878911983631045e+01
6.614874231915397e+01
2.414191450185232e+01
8.847201642974839e+01
4.611477816762159e+00
2.033370841310067e+01
2.491466129427527e+01
8.129595940992979e+01
1.506740879969085e+00
3.679868324510691e+01
3.628119367001634e+01
9.865724462953268e+01
9.636666537093310e+00
7.583447009131055e+01
9.096735892396764e+01
5.387594185484384e+01
3.712115056678707e+01
9.795242440791448e+01
3.338464821380779e+01
5.760332232229566e+01
5.138479175576232e+00
9.405932156092456e+01
4.357658421787274e+00
4.851022830629266e+00
8.946770326675274e+01
8.372977286750906e+01
4.945213540897338e+01
2.495535478226624e+01
3.433465046544310e+01
2.808913189363160e+01
9.268282567741480e+01
8.312377030175355e+01
3.964547996392729e+01
1.516054124346028e+01
1.359933857507973e+01
7.350130340713137e+01
4.594020128526735e+00
1.800930756982849e+01
1.741439556582570e+01
7.666913735525178e+01
5.480799081493542e+01
8.382360785446298e+01
2.510604063286727e+01
5.761883592122180e+01
2.483208129407469e+01
1.590233771870953e+01
7.341488156161033e+01
7.826639408164955e+01
2.387027341121355e+01
9.127940069477978e+01
3.404670159055232e+01
8.474554688890723e+01
8.986494042438685e-01
6.717601240015402e+01
8.434200528279972e+01
8.117862696814286e+01
2.213413287984865e+01
8.173956194973530e+01
3.728850364558794e+01
6.951516725566013e+01
4.496560201280080e+01
8.405803995395920e+01
5.789708190499670e+01
6.244788573237503e+01
6.399904757924334e+01
9.445646949785596e+01
9.577626073536290e+01
6.022189285616479e+01
1.246577702111834e+01
6.908559951422997e+01
4.921186973769770e+01
1.784804603916036e+00
5.919263426176860e+01
9.536312813654688e+01
5.936156416282130e+01
8.763745007460818e+01
3.362908243836327e+01
9.834373146218421e+01
9.468760019852203e+00
1.323615010512813e+01
6.714651322325064e+01
1.228757994821648e+01
9.798169704060149e+01
6.804516262749451e+01
9.696023259170364e+01
5.179521951442362e+01
8.541716033845076e+01
5.008953853980152e+01
2.446625541172282e+01
7.373322270518786e+01
8.727518631484136e+01
3.212120576394778e+01
4.711107022460134e+01
7.121147819385467e+01
3.127962026339007e+00
3.009100702129817e+01
4.741168117495798e-01
8.318700244798652e+01
6.049104903847493e+01
7.634134393946330e+01
4.414629132679956e+01
8.551591405901867e+01
6.197794911543744e+01
1.742111240393534e+00
8.071526744436252e+01
4.848996556759344e+01
4.990851918696823e+01
1.409669523783806e+01
1.116900700664567e+01
5.504684949063083e+01
5.691968116765827e+01
3.312558323756120e+01
2.406488001535874e+01
6.980249628881108e+01
7.565235322138871e+01
1.305980557252644e+01
3.275032044982087e+01
3.641369516794276e+01
1.375304535671745e+01
9.093019845473124e+01
4.548694093035857e+01
4.949955313908846e+01
2.584510959025710e+01
1.690641255905219e+01
8.269410588904009e+01
9.027033070580584e+00
9.350575962732815e+01
5.905805298083371e+00
7.946950540853176e+01
7.151381358109127e+01
2.033378981069373e+01
9.413333679276208e+01
9.079412063155048e+01
8.036661300825263e+01
4.306111379669100e+01
2.837321475538109e+01
6.239007099642887e+01
5.307242137057353e+00
6.720604173243328e+01
3.810473249205609e+01
3.325637794717046e+01
3.305927684207413e+01
5.089939476498374e+01
2.781415829798866e+01
7.720630102660800e+01
6.704948054023528e+01
4.467789453672147e+01
9.798357142041604e+01
4.869465476306838e+01
8.127281362250113e+01
9.370233174120185e+01
