6.897055617020025e+01
2.252768805368230e+01
8.992777755014960e+01
4.216507004674760e+01
5.488722322270610e+01
7.461609839211036e+01
5.110210788021894e+01
7.624791859474401e+01
3.714425169729826e+01
2.411738011246425e+01
4.245470587278470e+01
9.047133596170291e+01
2.591237240746262e+01
2.612341597030098e+01
8.822807669091415e+01
2.252067156253414e+01
7.670932164262483e+01
6.577857600794107e+01
8.215251843545236e+01
1.619507270687961e+01
5.636505193839086e+01
5.407259024403645e+01
6.220703528365448e+01
1.982156025237477e+01
3.252694789903562e+01
9.677575770615402e+01
3.188750070141977e+01
6.724593060428553e+01
9.529029330950711e+01
1.546570314814602e+01
1.903150184966228e+00
9.106944403195261e+01
4.430485844812583e+00
9.534014574966400e+01
8.274074349680018e+01
7.915498198902002e+01
5.879499826524174e+01
9.817034518260991e+01
6.716038671655599e+01
2.529993486837481e+01
9.241128647346575e+01
2.118391027729209e+01
2.200821718294556e+01
3.053208078748178e+01
7.439313245676138e+01
2.122066003327289e+01
4.203119130899720e+00
4.121752001401853e+01
8.381395283332745e+01
6.186107968066869e+01
5.741259276746428e+01
7.146165038992727e+01
9.151509319968292e+01
7.300920857722369e+01
6.661443368839772e+01
2.721903367304198e+01
8.404290130550177e+01
9.959136047381506e+00
3.897964667481354e+01
7.810084842057007e+01
1.194642605816313e+01
6.563223184348654e+01
1.867652182405653e+01
5.382651372525213e+01
7.802781550121858e+01
4.694083419020327e+01
3.298149566770601e+01
2.584263683568809e+01
8.051411755406956e+01
2.281337786596891e+01
5.654895424682132e+01
4.499569807434254e+01
8.304220837682588e+01
8.673819396027281e+01
8.162628071458371e+00
9.352682553861608e+01
6.904362382788379e+01
8.567938631664933e+01
8.295277412186972e+01
8.858752361898661e+01
6.952464173991450e+01
4.036536684276786e+01
8.004466974178547e+01
8.874777154473018e+01
1.292713499298651e+01
7.690797069897314e+01
4.684697140327048e+01
1.041373345554515e+01
4.897569960401193e+01
2.964040065633152e+01
9.104714025326406e+01
4.505866814640289e+00
4.862074044003186e+00
1.487311791389860e+01
5.204107149133509e+01
7.496942629803411e+01
4.571875401107536e+01
7.419672248614799e+01
4.215237728420290e+01
2.623287151857879e+01
9.485892248100552e+01
1.953423620179958e+01
4.167318252924512e+00
1.872583786897633e+01
1.548400051681511e+01
3.342228598586390e+01
5.458394370720906e+01
8.452762439126505e+01
3.557775408754951e+01
5.688194295246245e+01
5.119978699423363e+01
9.981349040745454e+01
6.744365816351197e+01
1.134574791013531e+01
3.923391221986800e+01
5.048636274900584e+01
3.567268263347106e+01
2.606487000643503e+01
9.882492399719773e+01
8.937893844646352e+01
5.570527066276654e+01
8.929410124630392e+01
8.759349625911261e+01
5.351771467994793e+01
9.029935211422823e+01
2.063996708981691e+01
5.838048605172917e+01
3.601810607873747e+01
2.465713486292266e+01
1.284662667328800e+01
7.006394437982884e+01
4.262904526788232e+01
8.778162486282253e+01
2.364447499795094e+01
9.051678399113788e+01
5.070197575292642e+01
7.125931469316562e+01
8.291589765945258e+01
8.779324972433655e+01
9.740009913099934e+01
7.170632545450066e+01
6.651329196361513e+01
7.954530444906341e+01
6.875624939275731e+01
5.151269754930991e+01
9.651700835512813e+01
3.176528920036056e+01
3.183853716209463e+01
8.527444539837281e+01
3.059021315099216e+01
3.921685905159305e+01
1.477803337144574e+00
5.600711459108029e+01
2.957425882554346e+01
5.134028552628136e+01
8.243776717336745e+01
1.740232203966115e+00
8.191322166561766e+01
8.416355856888163e+01
9.386596139234769e+01
6.190709074116643e+00
1.976143974799730e+01
7.649266425356859e+01
3.134050892262743e+01
3.738815707032948e+01
4.267276350533253e+01
3.986299589269934e+01
5.491688193516661e+01
2.586906856199218e+01
5.279549199752299e+01
6.794697198455547e+01
9.363517407031506e+01
9.429736779737163e+01
7.296007195159795e+01
8.112445645086675e+01
3.140994120920540e+01
3.955524942816945e+01
2.588029677322148e+01
8.401176537573886e+01
6.072103886898655e+00
3.662501379690367e+01
2.599252794216970e+01
5.905913610898850e+00
3.166874359905196e+01
5.556678676771316e+01
2.567796037796790e+01
2.358509508128515e+01
2.477561329713818e+01
1.881088508237660e+01
3.530838751946966e+01
9.624227895226436e+01
9.375871200755178e+01
6.265139647882962e+01
5.826049021364212e+01
6.067106796459810e+01
4.678589745740681e+01
9.298257496812501e+01
4.902720565396697e+01
8.665698910442042e+01
7.991341132666608e+01
5.332955580825431e+01
2.953113458563161e+01
1.336144102428176e+01
4.762692360562595e+01
9.304523295399045e+01
4.633544774089728e+01
2.451292193704886e+00
7.549819633155046e+00
5.010803963528389e+01
9.109242744329032e+01
3.149178471951363e+01
9.967701090484718e+01
5.760699415468005e+01
1.636329177597691e+01
3.355106675697074e+01
6.535479569125678e+01
8.487682611908616e+01
8.650260608946095e+00
6.592141700252957e+00
2.667738102687401e+01
1.734434930484013e+01
2.888921370212418e+00
8.820544103542596e+01
2.674208964535132e+01
7.945185624037489e+01
6.330167081360783e+01
7.742057902618338e+01
2.196967914792229e+01
9.509980529318554e+01
2.080781134814388e+01
7.554311797746603e+01
5.561102882754572e+00
5.262332845135747e+01
5.770042462167350e+01
4.841230397504395e+01
6.053333797516922e+01
3.371690289756139e+01
8.188309547579060e+01
3.402382248734302e+01
5.158456869031516e+01
3.558031615595348e+01
6.540974865919434e+01
8.201874833648036e+01
9.509184551196725e+01
2.175399620167632e+01
6.900972308079234e+01
4.782713695793745e+01
2.367560049690102e+01
8.527181934810794e+01
3.923081785404627e+01
6.582653730447709e+01
4.802356741764749e+01
6.845560393689927e+01
6.747500038122526e+01
8.392058326113995e+01
2.813921045890972e+01
9.802976502013847e+01
5.977484260675257e+00
5.559296764228166e+01
9.619365366929846e+01
6.775499538879608e+01
5.493044702100123e+01
9.897329360198849e+01
1.495692758586115e+01
8.690502102808330e+01
4.600551051367331e+01
4.581127313236300e+01
5.697682125353106e+01
9.049339922633646e+01
5.487182566657282e+01
5.052649125015666e+01
3.885121584816427e+01
1.490464825877205e+01
9.308581296032565e+01
3.468079345053099e+01
5.293394529862979e+01
1.336069130960884e+01
8.353586503469192e+01
7.202430976183355e+01
2.728469880637000e+01
9.601608072222028e+01
6.927040753386467e+01
5.646995969883630e+00
4.503371484812057e+01
7.560127371717303e+01
4.378160277557634e+00
1.327465945541610e+01
7.553723602347878e+01
3.329815549463879e+01
6.274497451388509e+01
1.165993884748776e+00
8.823364949237259e+01
6.922249685471063e+01
8.235534750034816e+00
2.543338226407458e+01
6.525766386895332e+00
4.687295418552726e+01
8.345997803074306e+00
8.043891400119240e+01
6.391459841463464e+01
7.885562580956874e+01
7.906195287549028e+01
7.681453180351041e+01
7.866636937422044e+01
4.661756052943764e+01
9.798009265120146e+01
2.331481409413499e+01
9.860340659441586e+01
6.970359430168924e+01
5.922418463007742e+00
1.937818900653077e+01
7.519630606993861e+01
5.696509878941117e+01
4.489677690197563e+01
5.581503834380537e+01
8.485631099196911e+01
3.754115502235533e+01
4.181067330847060e+01
7.236962107586191e+01
4.860213154396141e+01
6.061720869532656e+01
3.794414048918716e+01
3.630298978476925e+01
7.377814463050018e+01
2.248994723078327e+01
3.532543104855597e+01
2.964425656462286e+01
1.413908564212690e+01
1.740008863499392e+01
8.847177926845465e+01
2.889474324364902e+01
1.705094520796600e+01
4.469668438876825e+01
3.998881272971109e+01
1.251256885589686e+00
3.962401591223851e+01
9.062030291679329e+01
9.353963765014878e+01
4.396285048870502e+01
8.762452382949391e+00
6.436350101808249e+01
2.227982963541515e+01
1.407744531243920e+01
4.717160386367310e+01
5.055893354609560e+00
5.033591885600980e+01
6.430999821252655e+01
2.716131956650006e+01
6.315291270760489e+01
6.333121725513191e+01
4.046361718348395e+01
6.770856048339445e+01
7.479131369608982e+01
7.676660696825320e+01
4.148670511389464e+01
7.978538655665955e+01
1.894616676445406e+01
4.866529351503835e+01
7.415610848653881e+01
8.364404848946447e+01
6.126920718758796e+01
2.190488070338260e+01
6.942893418922506e+01
8.666304530886144e+01
9.538194467098543e+01
6.812985505355981e+01
4.178947216914477e+01
3.335084995876571e+01
2.931996208118273e+01
6.107084777256048e+01
9.951430982887480e+00
8.637180006428240e+01
8.488615107950109e+01
2.784255003921806e+01
3.921765756756890e+01
5.086117635986822e+01
4.687977705471207e+01
8.921926845294390e+00
1.954083885976153e+01
2.839171990211667e+01
1.640435080807859e+01
1.433606926088038e+01
5.544370205860757e+01
5.482259209026703e+01
8.488616239507039e+01
1.212096522195310e+01
2.378907661130143e+01
7.271732225675012e+01
6.078625878355757e+01
8.051204661862555e+01
6.026442240004634e+01
9.055343921787731e+01
5.028803690815719e+01
2.475135225092589e+01
3.160707318764509e+01
9.607653207894253e+01
1.172852931159014e+01
4.959687080681179e+00
5.186388546222071e+01
4.772847622992866e+01
8.393995174390263e+01
3.842639985421039e+01
4.888078498136289e+01
1.001619454939672e+00
6.222818119555161e+01
1.043223185019206e+01
3.644494588321305e+01
8.426256947417864e+00
4.629652637350211e+01
6.333355873978397e+01
1.008703564763397e+01
3.109124024915101e+00
9.345130663991500e+01
4.135267638664352e+01
4.711281417268925e+01
7.833746898841926e+01
8.231065947670054e+01
7.879521673489140e+01
6.767128499582003e+01
4.309691821369199e+01
8.690981841036576e+01
1.262108926317705e+01
6.067327999541223e+01
5.493311423572391e+01
5.621976356777352e+01
5.308305181240806e+01
2.509388207695162e+01
6.794829287936366e+01
3.523693621868125e+01
1.099723391746973e-01
5.500829455210282e+01
6.732448631307319e+01
6.365413608199644e+01
5.307974850436661e+01
1.554001551845112e+01
1.025717938796486e+01
4.464777640283470e+01
1.133198394036479e+01
1.714081788302437e+01
3.016037961009908e+00
1.555181174331895e+01
5.728411630600883e+00
2.844366521036423e+01
7.716006817163903e+01
8.688594614476243e+01
4.996208113150768e+01
6.199374392721511e+01
2.563586776407243e+01
2.086397186893224e+01
2.966502887646902e+01
8.067127525837687e+01
9.197275330870075e+01
6.096160554371849e+00
5.245949665664672e+01
6.608466821074703e+01
6.231592412214536e+01
6.150726380828176e+01
8.792916633557955e+01
3.026421695494290e+01
8.174960789352171e+01
2.570662974645692e+01
1.585970926837051e+01
4.531152334311582e+01
9.855039794861824e+00
1.523215850593157e+01
1.606197097155357e+01
1.233555828795562e+01
1.370745576625106e+01
2.739395491191836e+01
5.678109929746999e+01
1.344759870015439e+01
6.691045251996744e+01
6.250951092807087e+01
6.328255155276626e+01
5.784151980552893e+01
4.742092497061050e+01
1.802988281381776e+01
1.983526368617791e+01
6.947613319823338e+01
8.712291865941273e+01
4.950029260921306e+01
8.849833532632250e+01
2.127670316085066e+01
1.075476166361699e+01
1.846759413297642e+01
6.098137714945775e+01
9.649463924416092e+01
4.790092331725216e+01
6.646732230040587e+01
1.007584375798509e+01
1.157199107649363e+01
6.856621395264109e+01
5.092724028552288e+01
3.244851037508273e+01
4.862663650355611e+01
5.159932638127326e+01
6.234265983213795e+01
1.166609302706369e+00
4.259414400094848e+01
4.698942343098550e+01
2.375406917359404e+01
1.840336356237687e+01
8.250345572945823e+00
1.319042407590450e+00
3.589247052366495e+01
3.290913460446016e+01
2.261356442357114e+01
6.131019329713201e+01
3.388000723620877e+01
1.310469196788254e+01
6.934485825213829e+01
1.137041021667906e+00
4.347197182638197e+01
4.871812115829351e+01
7.279094484299000e+01
8.613213551516279e+01
9.858886804365966e+01
1.852386292001412e+01
2.656772128612162e+00
9.403713750375301e+00
4.919653327632534e+01
1.422876320510579e+01
8.734216554432277e+01
1.237735618482221e-01
5.989362325514370e+01
6.220262370174873e+01
4.917848047296446e+01
2.408498619873309e+00
7.586090540320654e+01
4.911516515962554e+00
8.976318411983698e+00
9.961497462336672e+01
9.578426298489062e+01
9.892612742210093e+01
1.282854509205955e+01
3.438616201020132e+01
6.423960959736240e+01
7.733009493785448e+01
6.035789151692664e+01
8.379140495499196e+01
1.944443048883436e+01
6.367396137848216e+01
8.521939287205198e+01
3.472410232514334e+01
1.679748954102280e+01
9.958702307175240e+01
3.287860473286295e+01
4.821983345235690e+01
4.502775610658701e+01
1.164177158458241e+01
9.593451651555230e+01
5.553462973587896e+01
2.775300202320935e+00
1.291867946876152e+01
2.666817522918255e+01
8.576415809139803e+01
8.202204936278147e+01
4.448151776775789e+01
2.418283295081129e+01
3.811672131443243e+01
1.668529120119535e+00
9.689028845023843e+00
1.602697713115577e+01
4.397059229387464e+01
3.235916501486636e+01
8.934399135845899e+01
7.082852948029922e+01
9.659877461222874e+01
2.082379614972686e+01
9.639127095993202e+01
8.454555318902506e+01
4.151727824542545e+01
4.360771125350507e+01
2.712614369910496e+01
3.209282789942475e+01
4.087872106622845e+01
1.902383031278096e+01
4.537515744817217e+01
3.771419345294787e+01
6.036952685581964e+01
3.703275804269722e+01
4.957673049046505e+00
2.736760709777829e+01
1.151006096578672e+01
2.351781135588783e+01
3.799138066265331e+01
2.082417566367619e+01
2.691008519703061e+01
7.858729431339879e+01
4.515481653863323e+01
1.398533536772492e+00
7.150883333362120e+01
9.116113134248235e+01
4.234958139357603e+01
5.381245322237371e+01
2.352029635734870e+01
2.244541105928151e+01
6.596694214547377e+01
2.897776222274534e+01
5.068744218474600e+01
3.025998781912960e+01
3.969678251989967e+01
4.476753498649575e+01
5.775567063025928e+01
2.050278290198314e+00
3.510044181491268e+01
6.544091606766028e+01
3.229059499329449e+01
3.282948878259840e+01
7.683415151053768e+01
4.351666501886987e+01
2.436561590263882e+01
1.812781790184221e+01
3.980501226140419e+01
5.018250176225906e+01
9.969686442040693e+00
2.042164063100779e+01
5.010574951307184e+01
1.107788594024158e+01
7.491788346083736e+01
6.899997269222512e+00
5.458923618057242e+01
3.274534434673625e+01
9.806112861170486e+01
3.765400514828693e+01
8.543114274993127e+01
5.533317451147977e+01
6.009941620756845e+01
8.435255828516212e+01
9.321430530083100e+01
9.722460484934253e+01
9.917885032444207e+01
5.653795821430998e+01
4.199213978927217e+01
2.640892366245804e+01
1.063048607233469e+00
7.709258165075099e+01
8.078647231719758e+01
9.489294667490429e+01
1.683779992947252e+00
9.019284727526495e+01
9.843749930078047e+01
1.969946172074390e+01
6.385732510306747e+01
2.344029495652779e+01
8.046635961181781e+01
7.723660267760819e+01
9.915829040070916e+01
9.468161593874991e+01
9.913426884409705e+01
9.951636167220602e+01
2.833285021052363e+01
3.325059755391003e+01
4.494335853724897e+01
9.964274177311117e+01
1.573802191565652e+01
7.999350413679774e+01
8.074640905519315e+00
5.712203795887625e+01
6.771035830849333e+01
6.393185074624226e+01
2.249961584922840e+01
3.546582825270752e+01
1.644991171380967e+01
8.454066840211892e+01
7.450014062901033e+01
6.705634923049078e+01
5.609874443900713e+01
9.997186600229324e+01
5.923761174047255e+01
5.460033107297511e+01
8.121364134420345e+01
4.537817199964923e+01
2.841799856555555e+01
9.185785725333628e+01
8.595406407767631e+01
4.829589838548372e+00
7.014574951964698e-01
3.027588801005664e+01
9.473604266286644e+01
8.473022747073799e+01
9.966752040184453e+01
2.306889287339006e+01
4.389893074701490e+01
1.891816981086422e+01
6.698421461832906e+01
6.964470467979308e+01
7.097430530515234e-01
8.820838131392765e+01
5.522851927915053e+00
6.866421232403452e+01
9.889685641922841e+01
8.111338544688810e+01
3.689690275904579e+01
7.059566461043231e+01
7.745216799781292e+01
1.653153962294177e+00
8.265325840686134e+01
8.709585731248178e+01
5.398956088069340e+01
6.567716173160689e+01
4.067354497531128e+01
6.197425157854997e+01
9.195538363044867e+01
8.574280347011182e+01
8.087754914577935e+01
3.413691606099574e+01
8.603487735895202e+01
8.614056393790085e+01
1.237366069684441e+00
3.776894716442048e+01
3.588274891296530e+01
2.993884693362697e+01
3.839812848642381e+00
7.389763070917577e+01
5.065508589644687e+01
5.354415432249390e+01
8.586228321579391e+01
3.999228991567729e+01
2.528344440519970e+01
7.452824650077532e+01
5.307945830425223e+01
8.648214414086293e+01
5.564163190109731e+01
6.812472407153096e+01
2.130096443989359e+01
1.340765180690570e+01
4.113345059618980e+01
6.897729745552749e+01
8.397733209839899e+01
8.129627121672792e+00
6.925685311167355e+01
2.465087702714413e+01
9.551232172898590e+00
4.017258884393265e+01
1.643654378896418e+00
5.955841637195945e+01
3.368651365567302e+01
3.380678572403583e+01
5.012823503936093e+00
1.228499906709651e+01
4.768044359408340e+01
2.012040485633556e+01
1.779132705078988e+01
2.535874379116984e+01
9.401803561207747e+01
2.893830529830340e+01
8.301187245315494e+01
7.420282912170646e+01
7.155543117390732e+01
5.149879164597895e+01
9.615340572602740e+01
8.310792547795359e+01
2.376046405348949e+00
1.628914452916437e+01
1.949844575463722e+01
7.544046527493767e+01
3.443443217986936e-01
4.563889896759712e+01
6.232737016972497e+01
8.432167642019766e+01
2.557236609308625e+00
6.520266899149989e+01
4.224359851434995e+01
5.586185439297084e+01
7.178822856945369e+01
5.371239551050235e+00
9.069351064539212e+01
9.007179960146165e+01
5.922902392187576e+01
7.415717899527270e+01
5.262995043426284e+01
9.096281034451110e+01
9.313630619698033e+01
5.456714153036808e+01
4.586297690210071e+01
8.245546840245625e+01
1.729367534503978e+00
5.051450945926574e+00
1.060189535403712e+01
7.764236842172330e+01
2.485214035252675e+01
9.750661225873354e+01
5.653816724966195e+01
6.785601152472942e+01
2.366979006848754e+01
9.413162730360945e+01
1.761472007148653e+01
9.873993582964872e+01
5.666911874742672e+01
7.994209024121150e+01
9.760671430155948e+01
1.890922208265831e+01
3.810326910489391e+01
9.203416565062207e+01
7.477107652219527e+01
7.019992702184241e+01
4.877862741648156e+01
5.569164462186939e+01
4.142290774799087e+00
5.781318697045240e+01
3.515667018255063e+01
1.644842648713310e+01
7.915231412237152e+01
9.808947141193295e+01
4.487119524035193e+00
6.800529983267435e+01
1.321736225542490e+01
4.540690358048627e+01
9.746050001003803e+01
7.112716495577580e+01
6.790097102890768e+01
9.568748017572216e+01
6.389854371729239e+01
7.818766966377743e+01
4.288689328492009e+00
2.597934451232634e+01
6.340461203986993e+01
9.573812233085657e+01
3.573517712565846e+01
7.033603064265849e+01
3.276711713185865e+01
6.151910231519449e+01
8.577507305227921e+01
7.319711925145104e+01
6.706122591489051e+00
3.631287656552758e+01
3.649521061987393e+01
4.513769747928610e+01
6.584274599600711e+01
2.714146972966449e+01
6.186993795534127e-01
2.556579435503380e+01
3.423647523589268e+01
2.535653250541376e+01
3.423022764466248e+01
7.768217319514703e+01
3.277577922343080e+01
4.744758994665350e+01
8.091950289947889e+01
3.416297903012623e+01
8.551317052241096e+01
4.882047388182043e+01
1.257747077037462e+01
5.414694764378805e+01
5.768007857616995e+01
8.323701158316666e+01
6.393765521419126e+00
9.971712166430294e+01
4.050465712347285e+01
4.976683959819695e+01
3.664159115247502e+01
7.778759136692975e+01
7.529553271611013e+01
1.239364613424691e+01
4.408287496496126e+01
9.201482650452053e+01
6.161386583075573e+01
7.012817271525421e+01
7.233533490092276e+01
8.838521092589255e+01
6.153807396140791e+01
5.680019592717299e+01
5.384680081803669e+01
6.750372865586715e+01
2.549737516115297e+01
8.304121055781899e+01
6.295608084786500e+01
6.284350285438984e+01
6.681825451870368e+01
7.583381355546128e+01
4.877794512956308e+01
8.635664004197187e+01
9.511266960534857e+01
7.618828950272328e+01
8.308930866564125e+01
6.525324101804440e+00
4.775967283535734e+01
4.225844705582523e+00
3.498660257784026e+01
9.407830284632664e+01
9.736214005265484e+01
8.597054052444666e+01
7.053714057921299e+01
8.317720092980993e+01
3.369111215401958e+01
8.660230803610864e+01
9.747381508232738e+01
9.161737495642964e+01
1.161352354642634e+01
4.218534410101611e+01
8.000258588232221e+01
1.745541091889861e+01
2.120922804866416e+01
7.185613050677634e+01
8.358013135547756e+01
6.690309521132292e+01
3.601784330607292e+01
7.238028700108653e+01
4.571435923954209e+01
1.077289288433869e+01
5.788280398486313e+01
1.004112931435980e+01
4.077025136946247e+01
5.944130968276472e+01
5.723954893520082e+01
2.051809994527981e+01
7.104992171332702e+00
3.065987980489614e+01
5.465537079361052e+01
4.674071704351377e+01
9.461884591477869e+01
9.891531909765457e+01
3.271125752139429e+01
4.000440795906093e+01
8.656890503436742e+01
2.304811893172940e+01
1.679083188846280e+01
9.720298149492731e+01
1.429926693174023e+01
4.372747044252579e+01
9.486659373849005e+01
4.656443649277298e+01
2.133730697507844e+01
3.670604011821842e+01
1.842056699954931e+01
1.104624500081234e+01
7.588208139682285e+01
1.018755040605904e+01
8.202698737477277e+01
6.451159252995234e+00
8.783173486023756e+01
3.990979131306977e+01
5.434061105099535e+01
1.303544869322118e+01
1.829893026421728e+01
6.220161717487574e+01
9.259859257964351e+01
5.821891359901936e+01
9.191877385225091e+01
6.333287966592837e+01
5.629070073193437e+01
6.339084755787200e+01
6.224819871701682e+01
6.216026645254357e+01
3.224017486546197e+01
4.434071865134906e+01
4.705455854863606e+01
4.590302558890685e+01
5.726380807220182e+01
3.666592763581590e+00
8.762227389385099e+01
2.430725275739434e+01
4.580118648978006e+01
1.750474722008442e+01
2.880003584027292e+00
6.865159630247001e+01
4.483034952768607e+01
7.228552413745109e+01
1.623128038655560e+01
1.057797954910341e+01
8.582323681834303e+01
9.040001322999596e+01
7.034417422038698e+01
7.671407348323336e+01
9.272216264750909e+00
4.446784953794808e+01
4.424766122561305e+01
1.870808797828298e+00
5.252744166763846e+01
1.440828014836101e+00
3.570946391472102e+01
6.370313394055847e+01
2.623523074492590e+01
2.748444631112946e+00
9.807945969425117e+01
5.847540561038787e+01
5.413362912560517e+01
8.451497130306204e+01
7.605800920913834e+00
8.704774006598058e+01
3.697741056651688e+01
1.278451104312414e+01
6.902474880638754e+01
8.277859705629693e+01
1.108414470734268e+01
1.280283327810598e+01
8.882232703679350e+01
2.161357049905396e+01
8.508835746212320e+01
1.361471084580510e+01
4.773311570646852e+01
3.286326249729063e+01
5.877475913556979e+01
8.295817718978886e+01
5.661704021348481e+01
5.151754741161948e+01
6.720394364893620e+00
7.634419620798165e+01
1.010317448997087e+01
1.677021128906413e+01
6.761917381902187e+00
7.957162381129881e+01
8.335849167004157e+01
3.299714812682809e+01
1.578368559283376e+01
5.835238325332868e+01
4.766963005423063e+00
7.518701538219444e+00
5.836060245445026e+01
2.368528471499927e+01
6.811157831368575e+01
6.808062171008467e+01
3.966941649078830e+01
2.618617425960776e+01
3.369954486084150e+01
6.447139436587290e+01
4.515028891393463e+01
5.663431503653261e+01
6.150148755940678e+01
1.009112853095454e+01
9.369256705683310e+01
7.487813121400686e+01
8.619938371060387e+01
5.670753766629265e+01
9.558357768486421e-01
8.700224649487168e+01
6.097830429718750e+01
5.743030768699493e+01
6.877944486624536e+01
6.488649606000935e+01
9.218789641381610e-01
7.554136224814754e+01
9.556605913469851e+01
6.947733511658262e+00
6.577682335198709e+01
4.368999974973966e+01
3.553332599603260e+01
2.342067953358436e+01
3.368320289705098e+01
1.251568832086198e+00
9.586204904870226e+01
2.001818559133363e+01
6.570515794013868e+01
7.375780622184175e+01
6.792241552282238e+01
9.373682816221232e+01
9.803205169645699e+01
4.147753303008039e+01
5.456717258997595e+01
4.538938437839476e+01
6.001325527206680e+01
5.591892937939564e+01
7.934266374415843e+01
7.732738907324494e+01
1.857061312467354e+01
6.929058263510959e+01
7.680629942417438e+01
6.755415767783028e+01
6.717189339323522e+01
9.621621900993223e+01
2.970655738828078e+01
5.577835894924512e+01
5.344714208200907e+01
9.015412162530893e+01
5.464279123332481e+01
2.966561682041064e+01
1.678821394070434e+01
9.696240718335025e+01
7.005704309328321e+01
1.160395271685158e+01
4.260554525191223e+01
3.088697173208323e+01
5.404604741094916e+00
9.211936862772301e+01
4.644777953924974e+00
9.662179746507751e+01
5.097324724820128e+01
3.129687194307189e+01
9.557318510281536e+01
1.344390400380078e+00
3.545279611621648e+01
6.040521876905357e+01
8.324603879975436e+01
3.243046767657179e+00
5.751092082704926e+01
2.104617740076323e+01
1.554239271932393e+01
2.687977050751437e+01
5.549922215542720e+00
7.963016004284385e+01
9.493624986844894e+01
3.537182925984814e+01
1.340784216924004e+01
8.841400406715181e+01
2.080872073807229e+01
8.747450224471955e+01
8.722827475854581e+01
3.060366401011295e+01
9.586570965864961e+01
4.775630177359856e+01
2.915546182969373e+01
2.228020435305322e+01
1.671181927281982e+01
7.090699866921966e+01
1.356012239752343e+01
1.106465575800494e+01
1.795631214881144e+01
8.587246788007788e+01
6.955009720732929e+01
9.570282869772187e+01
9.695102753907024e+01
2.489488302957960e+01
3.855519995026067e+01
1.891558697396684e+01
4.381458090795883e+00
5.288683811802736e-01
1.820785315623873e+01
2.706077011630906e+01
1.164688054083236e+01
7.089689563535940e+00
1.479588309991913e+01
3.803017830384438e+01
5.924495433422036e+01
7.828575055035098e+01
7.732400851199590e+01
1.340195947019475e+01
6.576025274850440e+01
7.688044257316758e+01
4.298971250792486e+01
9.547944911545116e+01
7.524339755775566e+01
7.391126895039866e+01
7.686305375623658e+01
5.253448018456552e+01
6.373014993208002e+01
3.492047792995371e+01
6.901298326859854e+00
7.096606240187123e+01
7.025717239373232e+01
1.468515117405222e+01
9.545358735856301e+01
7.641984330323518e+01
5.537180400237991e+01
2.362439745274577e+01
6.624818750016772e+01
7.007002144589556e+01
2.744267891507721e+01
9.320306805577272e+01
9.395095156224023e+01
5.811110216104942e+01
2.927575727425318e-01
6.418816748270214e-01
9.614128051145994e+01
9.666136279546718e+01
4.207791222356163e+01
8.950675739418099e+01
8.977626487136644e+01
8.335092849254185e+01
3.746372891471895e+01
6.958383799976848e+01
6.244693154583076e+01
5.938937103347358e+01
4.854956364657244e+01
2.108777529610683e+01
2.496450763426931e+01
8.897253414102482e+01
7.188470911788042e+01
3.795555421987341e+01
9.118424481301766e+01
9.045923319200948e+00
6.537678943266010e+01
3.484605151919930e+01
4.142655792712539e+01
6.487072881537989e+01
6.368835948579402e+01
3.676198815776128e+01
7.301584806899348e+01
5.472951403573598e+01
5.030527159120201e+01
9.519345219954543e+01
3.653575295421097e+00
7.302922912548726e+01
5.324908781482331e+01
5.308563544092962e+00
6.488419974450218e+01
7.058006975361150e+01
8.397517604007160e+01
1.603028272093752e-01
6.109945274009344e+01
4.487665088143044e+01
6.974414082697785e+01
2.354638423935808e+01
5.785124444302695e+01
1.145594781798122e+01
7.287214983854076e+01
7.935717109560835e+01
4.266450449017086e+01
3.735807525802313e+01
3.600144201703437e+01
1.149958712584320e+01
2.232556926194838e+01
1.498195725259462e+01
8.527477657668049e+01
1.451181006362280e+01
7.575150363880745e+01
4.405245140383600e+00
2.319752020910267e+01
5.694998854629230e+01
5.575694216217704e+01
4.726352400484659e+01
2.785250410803244e+01
6.492422524137619e+01
1.860717074880710e+01
4.015163008130697e+00
3.984307774335289e+01
1.057352135450278e+01
2.970281701055487e+01
7.742994421973356e+00
7.533639360933397e+01
5.682731273436328e+01
9.313010754675145e+01
8.857520119686387e+01
1.510776333283063e+01
5.899436593008897e+01
4.639000112488400e+01
1.957843686434367e+00
5.175041805568637e+01
4.185912890446332e+01
8.039721836354454e+01
7.332316058376951e+01
4.212873510184173e+01
6.322769320720234e+01
9.741355008325239e+01
8.870410089786355e+01
5.677841001040228e+00
9.535893187642047e+01
3.221839192892350e+01
3.356553289739673e+00
7.777439494513646e+01
8.083914899306333e+01
6.993372443594677e+01
2.354462422595575e+01
7.922069271058808e+01
7.135312337025680e+01
9.453502231954364e+01
2.313234802481362e+01
3.224111508216761e+01
9.933899044959759e+01
2.133449107470666e+01
2.266000906129368e+01
1.042944458798945e+01
1.438927064388491e+01
7.160015081595636e+00
6.587928001111339e+01
3.611546179098797e+01
3.473370835871143e+01
8.369784936481055e+01
3.880109732914767e+01
9.925816748256709e+01
1.840874553583970e+00
5.167336759701062e+01
3.966338315031649e+01
3.065327900957934e+01
2.796573127990856e+01
2.278081147129685e+01
8.034712126494718e+01
6.768859297395153e+01
5.071311534881271e+01
1.816938026722957e+01
1.905927547209863e+01
3.627363752400206e+01
1.953002648406198e+01
5.861910696077119e+01
9.565186328052164e+01
7.540588298598578e+01
2.976110700041107e+01
4.834624521822960e+00
6.715396906582359e+01
8.044362286126410e+01
1.906035054431313e+01
7.520597822740952e+01
9.087306744925355e+01
2.564054048882822e+01
7.827543382452589e+01
7.803825125006877e+01
1.148987664444832e+01
9.129033987004792e+01
4.276783282066129e+01
9.670289261113055e+01
4.485270937199365e+01
6.855603250142002e+01
6.769254825436163e+01
7.543842409524993e+01
5.932759291461092e+01
8.656898019209922e+01
8.074315515381430e+01
2.415004858009054e+01
4.330330684003575e+01
8.943347893163258e+01
8.849246454820617e+01
8.467105649629192e+01
2.570711640906852e+01
3.049728573788763e+01
5.213514005399082e+01
2.988651209971239e+00
6.477074705286452e+01
9.992572502229629e+01
9.096735892396764e+01
2.528122487723885e+01
3.951253022044549e+01
9.608206031661577e+01
5.894018619271935e+00
5.760332232229566e+01
8.851792383404351e+01
9.970756419920714e+01
4.357658421787274e+00
1.626425763418165e+01
9.889666982875050e+01
9.512728289474140e+01
1.044374760726641e+01
7.075558624731171e+01
4.458728090142239e+01
7.874408558883894e+01
2.871792988326304e+01
4.749946996918855e+01
3.964547996392729e+01
9.461084990511221e+00
5.924574735539302e+01
9.734830595429442e+01
2.159209755323459e+01
9.626619452436744e+01
1.798265581856606e+01
2.392033954333530e+01
2.467672197365981e+01
6.505235208433696e+01
9.851133227279007e+01
7.524731674941597e+01
6.253573278083267e+01
9.603350572103332e+01
8.791938493397058e+01
5.540600281926152e+01
2.597181490900545e+01
5.824008824221794e+01
9.432744155373771e+01
8.309972825604478e+01
1.235530055703376e+01
3.840436005890572e+01
5.727873666085244e+01
9.494050107660726e+01
6.012130158959017e+00
3.001833023969937e+01
3.416259201903017e+01
6.858900127401063e+01
4.032300200328371e+01
1.988523999223730e+01
7.685104789065711e+01
5.363452963234602e+01
2.934632498274852e+01
2.839180237073069e+01
2.187370919709732e+01
3.217795925781967e+01
8.751334552071680e+01
2.404798857124894e+01
4.921186973769770e+01
2.672921308629644e+00
8.206246471128541e+00
5.197443917951288e+01
7.869013402550021e+01
4.806579167398894e+01
1.821312695658446e+01
6.700836176379042e+01
2.450917094224560e+01
4.755232066267744e+00
6.714651322325064e+01
5.855587253279791e+01
9.053472606024459e+01
2.761665816773505e+01
8.785963770368119e+01
9.587808041641399e+01
2.045712281039782e+01
5.008953853980152e+01
8.743922742430085e+01
1.162443291937207e+01
8.727518631484136e+01
5.482781229299857e+01
1.792781162910527e+01
6.941909746705512e+01
3.127962026339007e+00
2.744037980560231e+01
4.108148824473912e+01
1.294648885398474e+01
3.540576642165229e+01
7.634134393946330e+01
5.854272756657690e+01
3.387587449228199e+01
4.664565112751241e+00
3.618771384292641e+01
1.651550336578651e+01
6.388805795641991e+01
2.010175703098148e+01
1.994752475058079e+01
4.340095759527802e+01
5.754370049459101e+01
5.973276666353120e+01
3.109105594041341e+01
7.772873336343501e+01
1.478838930595126e+01
2.596647852378268e+01
9.457226795822953e+01
1.452840166842956e+01
2.278127694631986e+01
4.127100098006008e+01
3.546027440366348e+01
6.321801057235245e+01
8.668146007074110e+00
3.681797168069424e+01
8.045349571874993e+01
2.059233375852570e-02
1.112661739398102e+01
5.558368137831972e+01
4.196281034590807e+01
5.994244234633746e+01
4.502637602622917e+01
7.346569284492438e+00
3.088932783849972e+01
6.485992728958834e+01
6.816602776207310e+01
3.263143907889325e+01
8.137543065537486e+01
9.238688340056078e+01
7.820952850310576e+01
5.198036020248213e+01
4.611612323025061e+01
9.505007047906986e+00
2.441566364113971e+01
4.108300201645261e+01
4.758089322018479e+01
5.108037397781404e+01
7.889350060322019e+01
5.757411842121469e+01
7.127821513976819e+01
5.142747426937683e+01
4.829432147009965e+01
8.176101985469508e+01
