1.369807543870903e+01
9.725763788319082e+01
2.387029050098280e+01
4.259978483552104e+01
6.319484168812393e+01
2.961679232754596e+01
3.380490510436003e+01
7.315618888156311e+01
6.109371504797307e+00
3.347551405126020e+00
8.586291064781271e+01
2.874823451449547e+01
8.271635532505640e+01
3.358204561918138e+01
6.876618246024762e+01
9.613425172685378e+01
7.681549544297880e+01
7.002920344007630e+01
8.636961485555842e+01
4.301069040922945e+01
5.832107242118617e+01
7.863709078106893e+01
3.711303087748263e+01
8.158495504482880e+01
8.261733911122072e+01
9.865907900904263e+01
1.485433984308240e+01
9.249373799771710e+01
1.345562376708520e+00
1.655808385301292e+01
9.738744306256409e+01
9.683292503321213e+01
1.381572168963762e+01
8.729603387755157e+01
5.764342269750471e+01
8.813206622755717e+01
6.182326756502654e+01
9.750047600711717e+01
5.800506833847848e+01
2.302219766332870e+01
8.480273656770714e-01
7.065770512943050e+01
5.177043217782417e+01
8.356438269073348e+01
4.239750702045742e+00
4.676535611355926e+01
3.949928238964606e+01
5.782581048916364e+01
3.013083279604596e+01
7.598360924794507e+01
2.406593650768787e+01
8.845190521723214e+01
7.186517225199620e+01
4.495958823010307e+01
4.437955703790279e+00
8.690213951603609e+01
4.361866719257956e+01
3.106925498278311e+01
7.939587746718706e+01
1.180966985961873e+01
1.449283911590131e+00
4.643341449388927e+01
2.685330772160241e+01
1.526500560122775e+01
7.737776729156160e+01
8.449673041910712e+01
4.573504619567424e+01
5.064227448340611e+01
6.528977829277972e+01
4.244232114518169e+01
9.656336186293669e+01
9.709182339585006e+00
7.847198395918682e+01
2.543490427799285e+01
5.307421304894342e+01
7.863757031906283e+01
3.361239378974419e+01
5.467606766832809e+01
5.969281641752124e+01
6.374322658579016e+01
6.855710468653454e+01
6.438013518433094e+01
5.219513180302230e+01
7.284190509134993e+01
9.339723367867862e+00
1.924730190972206e+01
5.974404456081989e+01
5.295839060701355e+01
5.031655689250517e+01
7.091667101295511e+01
5.833460970704193e+01
5.630619640290094e+01
8.557333652189622e+01
9.406480537451097e+01
1.390917637101802e+01
4.414471985965256e+00
2.644846878314785e+01
5.964422256669226e+01
6.994505933017705e+01
4.385131399326553e+01
6.338433705427886e+01
4.360953143034575e+01
5.410687804879009e+01
3.778215667129594e+01
6.904443575490473e+01
6.634709381793956e+00
8.535911328408827e+01
1.501595457783712e+01
9.920820486694957e+01
7.611254340788001e+01
5.155329147891761e+01
6.776530950691799e+01
5.987129633308914e+01
6.636263768484939e+01
2.427401716088598e+01
4.809016596902635e+00
8.560993959457144e+01
3.512590659555323e-01
1.819493045015025e+01
5.931842516144664e+00
3.949118104739635e+01
7.652954020375830e+01
9.223269284341144e+01
2.506451752272645e+01
2.148714732447972e+01
3.834180023443969e+01
4.436730236949739e+01
6.352176278062247e+01
6.578609173455560e+01
8.244145199770175e+01
4.389999706479720e+01
2.917042878883445e+01
5.792189308345406e+01
7.482300562543003e+00
5.003757828382662e+01
4.964622689860231e+01
4.095202732875572e+00
8.337231240392305e+01
4.198228341619591e+01
3.303407553259007e+00
2.691337285885279e+01
3.466605364096633e+01
7.051202201773972e+01
8.281018938068775e+01
1.124271206149958e+01
9.478603922519183e+01
2.416516869522872e+01
4.550815208140209e+01
3.124413664045005e+01
8.437601308542118e+01
8.143464856847872e+01
5.151837172523065e+01
1.179835508195607e+01
3.048752361465596e+01
7.303037828441261e+01
3.328550240643578e+01
6.882932384909564e+01
2.095019157088836e+01
3.333418547796746e+01
2.328417465243683e+01
3.526255322399668e+01
9.674167916958298e+01
7.476573105657739e+01
9.318444635401687e+01
4.223979685559859e+00
4.171831647014167e+01
2.015077509924340e+01
1.363075925671997e+01
2.172866706816883e+01
6.213305851543930e+01
8.209328622654699e+01
8.457548463930166e+01
5.566863341055281e+01
5.316200328672398e+01
3.931636691061611e+00
1.556684589738345e+01
6.483793485203661e+01
7.949895857809994e+01
3.280897798613132e+01
7.686512552987091e+01
4.574061825207463e+01
4.250964654726425e+01
2.838349720853543e+01
2.427117350710145e+01
1.617698786602215e+01
4.966386409926408e+00
6.835631200501524e+01
4.810903046657752e+01
2.591657802738090e+01
9.089086143807083e+01
7.139320511901434e+01
9.398366543184206e+01
8.464247783862170e+00
1.634723172352986e+01
5.436357755882833e+01
1.268822746942203e+01
9.401957783569563e+01
7.451435270463784e+01
2.631898677270813e+01
8.315617711430238e+01
5.431493402193995e+01
3.702884634818362e+00
6.439028483088607e+01
9.231604458406383e+01
5.610717975353226e+01
7.166329839809951e+01
7.882890481447284e+00
1.043326408156811e+00
9.976010378438984e+01
6.895788850679895e+01
9.856794825688374e+01
1.223292220953523e+01
1.146753500749708e+01
9.202279820666779e+01
3.650409571663667e+01
4.946832063117452e+01
7.985236490138450e+01
9.406077167674005e+01
9.757735109775204e+01
5.783440990272649e+01
8.495163306824473e+01
6.897055617020025e+01
1.901354110753794e+01
5.307667695594797e+01
8.155945375634332e+01
7.337711871293239e+01
9.589639678406361e+01
7.067773629477142e+01
6.188976590609633e+01
3.714425169729826e+01
2.278117901775110e+01
1.620469992803629e+01
2.120887978058722e+01
9.051284077135513e+01
7.685492712857896e+01
9.920850372836389e+01
4.665878002841900e+01
7.062199035222734e+01
2.518300899545802e-01
6.193624290727835e+01
9.201842131652795e+01
9.834453868602614e+01
7.416916511681357e+01
6.516324107775615e+01
6.949823809298604e+01
5.267625257963140e+01
9.280776395127539e+01
4.935060294780443e+01
4.734032463624157e+00
9.252706919448778e+00
1.504822583638515e+01
2.029926326139796e+01
7.822326308964904e+01
2.410778171574128e+00
4.276234248781686e+01
5.488142154872484e+01
7.438885610289353e+00
3.865873922531434e+01
2.555915779693013e+01
5.533035698129346e+01
5.616473437108320e+01
2.561634198092685e+01
3.986923952580860e+01
9.507141220153841e+00
6.280140488538957e+01
1.672416660782144e+01
8.715644901951610e+00
9.460184867242436e+00
1.461984171281561e+00
8.967474991906190e+00
4.024156468931658e+01
5.515769024154064e+01
8.644291492479059e+01
7.454278113997671e+01
7.181091004601257e+01
5.594115297121049e+01
2.721903367304198e+01
8.348626591427544e+01
5.291755872448793e+00
5.784550730970012e+01
9.273897288029033e+01
5.112653684389150e+01
7.814477057109809e+01
7.096223592337326e+01
8.518830378781459e+01
9.658107124109803e+01
2.584365742553196e+01
9.262718944467008e+01
9.247702085062722e-01
5.140281522246208e+01
7.215007761127785e+01
9.224845412757642e+01
2.879553568959028e+00
3.707900333082257e+01
1.755595301164126e+00
1.900873627467488e+01
4.550952466461320e+00
8.991050063162601e+01
9.731405810327924e+01
1.627919823689349e+00
4.513447291456837e+01
3.755562279259582e+01
1.123179458604744e+01
9.870298388353687e+01
5.196635255215985e+01
8.304270463205999e+01
7.756747891081845e+01
6.887179625633722e+01
6.652897049976930e+01
1.364578987175868e+01
2.671730351947123e+01
5.926794333349352e+01
1.295152633122705e+00
4.862074044003186e+00
3.540532143572593e+01
3.788654456748001e+01
1.443145238535081e+00
9.833370107148481e+00
4.258781985500260e+01
8.956285602858422e+01
7.476651904860815e+00
9.054536628096615e+01
4.665236060817370e+01
8.997613531070581e+01
7.837215213960602e+01
2.128983150296371e+01
8.984871538814563e+00
5.458394370720906e+01
7.102597997105960e+01
3.270350891756988e+01
8.893604129037635e+01
5.119978699423363e+01
4.385455238812349e+01
5.010666816965988e+01
5.708141711404613e+01
9.582090498684947e+01
3.159822627510793e+01
9.243091558685104e+01
7.287124808545748e+01
1.701533320220901e+01
6.076705412043587e+00
7.973961428727006e+01
7.628327658226867e+01
7.084903212769377e+01
6.111668984457697e+00
8.581123486431838e+01
2.080966258459243e+01
4.336057195596423e+01
9.564460497146686e+01
8.651283270982691e+01
8.431261073998762e+01
8.274118666664752e+01
1.997530666178805e+01
3.096497130159520e+01
4.092855040958550e+01
3.231500081360107e+01
1.208045064102879e+01
8.170219346960177e+01
4.510072769834694e+01
4.323149348759628e+01
7.068602441376356e+01
4.174146663478644e+00
9.443128048182990e+01
3.185567545325294e+01
6.875624939275731e+01
5.151269754930991e+01
1.196576762570337e+01
8.587904115481257e+01
7.041689770781291e+01
5.478284324276393e-01
1.209752071280848e+01
1.263794117264354e+01
5.935916940651795e+01
1.254122183310856e+01
4.374952849175293e+01
1.276596077380979e+00
4.831466895915320e+01
6.894996481433043e+01
4.463716803334521e+01
8.164197014721202e+01
5.546279752415735e+01
6.546147715554640e+01
2.670046050413533e+01
7.543810418594539e+01
5.464112248953485e+00
9.263446493662636e+01
6.595488817708329e+01
8.506899098170409e+00
8.111997585795818e+01
1.105561582886410e+01
9.161332975682492e+01
6.912109887652150e+01
7.336421989526795e+01
5.459730790676424e+01
9.767742832083136e-01
2.764503468184035e+01
6.110005409508014e+00
2.865335467674460e+01
3.670684994976355e-01
7.652690311732093e+01
2.920118315573837e+01
3.662501379690367e+01
2.420971026840141e+01
9.488625828869933e+00
4.916623567657836e+01
7.671206834572929e+01
9.588773757959144e+01
3.643969960344941e+01
4.566203316005973e+01
7.703660399515023e+01
4.986288340290211e+01
1.124830637650951e+00
4.249808110413052e+01
7.099433945072551e+00
1.324404683580811e+00
3.892452956127214e+01
6.517216333428964e+00
5.527637244913558e+01
4.743142870600867e+01
8.763719219138714e+01
2.446644563435877e+01
9.193233078901299e+00
2.612324786657619e+01
6.594164584108705e+01
6.379054098566554e+01
5.773506535111697e+01
2.547570016490096e+01
3.493550500596665e+01
8.638842002786157e+01
3.899977600155388e+01
4.650727414829064e+01
8.776615834225255e+01
6.462137255101528e+01
7.071698441669204e+01
2.507822901246987e+01
5.274640319531150e+01
7.841366798543076e+01
2.096596654549519e+01
8.918610279876091e+01
9.040698743909923e+01
3.125033836404343e+01
6.958507623969814e+01
7.009442512416021e+01
4.050065159820982e+01
5.287701480690251e+01
7.945185624037489e+01
7.942518120604809e+01
4.708027758033959e+01
2.669520225687661e+01
3.899877506261634e+01
7.083891866302068e+01
7.554311797746603e+01
4.819200814151765e+01
2.759720963779707e+01
4.148476377198694e+01
9.582633995256683e+01
8.533227498891404e+01
7.446801353919693e+01
8.188309547579060e+01
7.764359031694177e+01
1.346778949418468e+01
7.726911906025798e+01
6.540974865919434e+01
2.004222130404889e+01
7.700534168491389e+00
1.238852711971315e+01
5.326664152241622e+01
2.639977141581465e+01
3.851248120819800e+01
2.002166794614013e+01
6.556668256668685e+01
3.135706415928763e+01
6.020191919999286e+00
6.845560393689927e+01
2.764171731082802e+01
5.889720672690180e+01
4.790746013070804e+01
5.128289696354555e+01
5.977484260675257e+00
6.987713932519645e+01
7.813950682903616e+01
2.033189941213089e+01
4.542025725609635e+01
4.804069877045261e+00
4.792910909649409e+01
8.516917721609080e+01
3.986721497022883e+01
7.185130937576820e+01
7.545588704545790e+01
7.062905992876229e+01
4.949489964614385e+01
7.310498024947242e+01
2.698025928203960e+01
1.490464825877205e+01
3.148214511176671e+01
9.588428241940414e+01
4.680904282574032e+00
8.474878668074905e+01
9.848338528465638e+01
7.202430976183355e+01
2.051375434757851e+00
3.909081264356654e+01
6.939246215363613e+01
9.165811962059611e+01
2.599199657607451e+01
4.125017791113359e+01
5.794937394463894e+01
8.431201036288962e+01
9.253307487467912e+01
1.035564453823289e+01
6.932722631344909e+01
4.365419514647414e+01
2.777425415244617e+01
9.571052840711108e+01
4.845826502351941e+01
6.413542295998681e+01
9.067326737133472e+01
5.458067169160613e+01
3.598673228918889e+01
5.031045808005634e+01
6.391459841463464e+01
8.548163198189886e+01
2.341543832952876e+01
7.310791056282255e+01
3.862801941047796e-01
7.460958062420114e+01
2.557565114720522e+01
3.389810874774032e+01
5.663928806625273e+01
2.405903638529546e+01
5.922418463007742e+00
2.520305361841016e+01
3.036705941444592e+01
1.834796789025328e+01
5.034878312160670e+01
2.061477588518279e+01
1.713839434885345e+01
7.506216749318976e+01
1.027907711001070e+00
5.213122067606599e+01
8.541781203142266e+01
9.998292620293000e+00
4.783472285970799e+01
7.365146152379525e+01
1.550238277553692e+01
9.629298788322741e+01
3.778688443721593e+01
2.964425656462286e+01
6.153787186440912e+01
2.818287635603122e+01
8.771569299870902e+01
2.545247027904376e+01
4.212970265286495e+01
7.990154655645674e+01
9.041557283625733e+01
5.964152890240845e+01
5.822055854751754e+01
5.940776577191789e+01
9.353963765014878e+01
1.115041515377835e+01
6.598201555478479e+01
9.946205611315652e+01
6.984107870135506e+01
8.105107191067704e+01
2.659248748169862e+01
3.984991132274732e+01
7.470589558347402e+01
8.619063328308549e+01
1.491207881593708e+01
7.573380329447509e+01
3.832185391258535e+01
4.422853050950381e+01
8.807948682833438e+01
6.112565624580051e+01
8.774329642194478e+01
3.581869557305178e+00
9.864291525382684e+01
6.961425443627604e+00
9.757519704176820e+00
9.074084595345931e+01
8.554185353477571e+01
6.624362793110480e+01
9.960857876558256e+01
4.479710219651326e+01
4.866769208976426e+01
9.846408106315140e+01
4.438631052355576e+00
6.888250590715674e+00
5.787184678850316e+01
9.797826874907048e+01
1.180671668229937e+01
8.555859284734288e+00
9.744032481566086e+01
2.001700518653589e+01
7.795202107073368e+01
1.976893144648938e+01
5.986691655584933e+01
5.265791665420770e+01
8.921926845294390e+00
3.032567590955909e+01
2.839171990211667e+01
4.428141864216021e+01
7.510888617258001e+01
5.544370205860757e+01
9.373770155652319e+01
6.229750284100767e+01
9.675960969028976e+01
6.355938132086740e+00
6.085847525897364e+01
3.324933724163535e+01
9.479083604868075e+01
4.403230084294095e+00
2.468997613745275e+01
2.839344229008697e+00
8.167723453681788e+01
7.335766822721700e+01
1.303425245593966e+00
7.320145055335082e+00
1.956223320195555e+01
5.395541789660017e+01
9.225206947524663e+01
3.109701985078725e+01
6.773113136539754e+01
8.542851344003739e+01
1.301674526790937e+01
5.733806251424275e+01
3.566658410041899e+01
1.485440238139331e+01
8.426256947417864e+00
4.458851094571338e+01
8.575993696495887e+01
3.681797684953454e+01
2.200096371676818e+01
6.086882309097275e+01
9.226167890814210e+01
1.573866522672524e+01
8.203178759758910e+01
7.939072455251157e+01
2.209460335881198e+01
7.081753680054915e+01
5.503540749430442e+01
2.606649930871394e+00
5.569394591995233e+01
7.972538363175717e+01
6.252567333286893e+01
8.415296398296626e+00
5.308305181240806e+01
7.880380739402203e+01
4.469132551210529e+01
9.713677600824124e+01
3.275922524405608e+01
9.766568909290511e+01
6.442599048112798e+01
9.073550197795755e+01
2.237190833425704e+01
4.152247116040553e+01
4.807356449220030e+01
2.756935317421767e+01
2.652095711162358e+01
3.242868605648572e+01
3.872636269718705e+01
1.556951832751255e+00
2.188206087885521e+01
9.416479090888276e+01
2.129123658933269e+01
3.849797511403354e+00
6.715068503615944e+00
3.323024140355654e+00
8.390390034015472e+01
2.880967186242792e+01
5.461374002258002e+01
6.981175419400061e+01
3.141632183986545e+01
7.114418101084613e+01
2.848036532685177e+01
1.414359710837882e+01
7.955947740914276e+01
1.347971065597595e+01
9.294740450240086e+01
9.237019186484171e+01
3.191684094812574e+00
2.895125850520621e+01
2.931358675906136e+01
3.169740998730874e+01
3.628217425955560e+01
6.999686941038671e+01
2.677468723932965e+01
6.776032497536406e+01
7.925484826753608e+01
2.959675464294700e+01
7.739620086615729e+01
6.335923767805064e+01
6.557653838096957e+01
8.898431946941852e+01
5.433564095494135e+01
5.244494311159706e+01
9.283411698082188e+01
6.105070950512341e+01
2.183503411795713e+01
1.048814789880447e+01
8.986038136755134e+01
1.038170727453274e+01
8.029990213937121e+01
6.665419864778137e+01
2.068939317049896e+01
5.953791884683907e+01
8.771987961964676e+00
6.836825956980151e+01
7.301762950281501e+01
1.471887585461088e+01
1.007584375798509e+01
1.982631074256557e+01
5.407433451808726e+01
9.005203819370458e+01
4.972426958834951e+01
6.335689484298085e+01
4.173753324045685e+01
5.783566970277376e+01
9.298256784350731e+01
5.573303608956422e+01
5.254090537901078e+01
3.130623075706243e+01
3.897359247271604e+01
8.369461190127517e+01
5.337730262120128e+01
5.111959429975580e+01
1.543410784352296e+01
7.996155027298329e+01
1.827588994907024e+01
9.190752226482496e+01
7.066718981166706e+01
5.337972568971092e+00
1.303049154255097e+01
7.074960026459284e+01
4.561570866294937e+01
5.993602213446797e+01
2.934636856864503e+01
8.076415922528327e+01
9.134688227965817e+01
2.363998024893923e+00
9.548303507989414e+01
9.647687389351282e+01
2.219030881402563e+01
3.915316939314509e+01
4.213737176830758e+01
5.325129127746974e+01
5.383455704610542e+01
8.387490505533054e+01
1.108696098024350e+01
3.362728400790472e+01
4.867286516757350e+00
3.760122844837663e+01
1.719589350614505e+01
2.400379023701129e+01
9.892612742210093e+01
1.831081738616843e+01
9.496047328922920e+01
1.436023521905776e+01
2.875618665886865e+01
3.191032904754874e+01
4.934291753421674e+01
9.942337647053570e+01
5.624933454964744e+01
6.465986876965493e+01
6.923182619234166e+01
1.865043212596813e+00
2.459589085755679e+01
9.857819476098669e+01
8.290105219134179e+01
6.595765201652313e+01
9.421927858806183e-01
6.681370128263427e+01
1.804298559112613e+01
4.575847971521247e+01
5.578281421017964e+01
6.018035740599984e+01
7.874652095080657e+00
8.476934865339162e+00
4.448151776775789e+01
9.293497525757876e+01
5.643449605276552e+01
4.892254893152162e+01
9.689028845023843e+00
7.363038955891057e+01
7.339682456729786e+01
8.615156220558639e+00
2.534855107094560e+01
8.772390116365808e+01
2.297539143961639e+01
2.362091873009732e+01
2.738858481281837e+00
7.460476862015425e+01
1.234298451447067e+01
5.898819307749541e+01
3.926463734324307e+01
7.181465056343687e+01
6.085323629009223e+01
6.386052824736598e+01
1.081618425008663e+01
4.375428843486788e+01
5.081092559304597e+01
4.712114797305369e+01
4.824547462549316e+01
6.885391123073823e+01
8.994124093555904e+01
9.184186858676460e+01
7.763428128214287e+01
4.663744245033592e+01
6.268928016661167e+01
2.211579900333462e+01
9.075086824165231e+01
4.793499039855552e+00
2.201207988989171e+01
2.128707190104158e+01
1.183123272463271e+01
1.477550776432059e+01
7.311911591008264e+01
8.171349651259999e+01
2.499408881412544e+00
8.238655518851549e+01
6.080070257224175e+01
3.459673190237802e+00
4.099691195459892e+01
3.902798860288597e+01
2.299427335289971e+01
5.123941584082294e+01
8.662874907563848e+01
3.309538049301849e+01
3.609268941734577e+01
5.577452190023592e+01
8.206876357182337e+01
8.690361505695788e+01
9.995728307401635e+01
6.277262850793667e+01
1.030640011201911e+01
5.018250176225906e+01
1.698497376264305e+01
8.794068139416198e+01
9.681994421259498e+01
1.142892619195810e+01
1.005648039749660e+01
7.846528518873514e+01
8.446775301567639e+01
7.989340567956371e+01
7.472536558039737e+01
8.467873096683934e-01
9.466891344388431e+01
7.287147295329322e+01
8.256028386883450e+01
4.220515882699059e+01
5.525802809524259e+01
9.427947215469530e+01
6.279954689685234e-01
5.251806101413353e+01
8.224732674762947e+01
3.813944344322171e+01
4.177523974411899e+01
6.887607577670182e+01
5.671764936145286e+01
8.358704530801020e+01
6.815601865209455e+01
7.124480324389637e+01
2.286810275300783e+01
6.811330172611089e+01
3.401743170526690e+01
3.317450286502694e+01
5.801182564255400e+01
8.662018640275122e+01
2.111518425918891e+01
2.861507815710040e+01
3.067665944373080e+01
3.117166465668551e+01
2.419152777837195e+01
6.737177458935034e+01
1.273697834123717e+01
3.426858416491588e+01
1.144339815315017e+01
4.348362611768936e+01
9.681535782144188e+01
4.492216773560372e+01
4.065194839642008e+01
6.393185074624226e+01
3.920163984373288e+01
4.209131325692465e+01
4.832832591995984e+01
6.624798992008343e+00
8.023075670014637e+01
9.582268181062429e+01
1.900629579043309e+01
2.161986204870970e+01
5.311809813283296e+01
4.680536638330918e+01
9.286466529260606e+01
4.990038739047031e+01
5.527561612207238e+01
9.185785725333628e+01
7.614857395000224e+01
1.328744176462639e+01
7.847804360952138e+01
3.027588801005664e+01
5.901368435426321e+01
8.561161909513716e+00
6.144755266674215e+01
4.837142925167988e+01
4.389893074701490e+01
7.418453100797932e+01
8.264001346316189e+01
3.514897252207108e+01
4.840820117313797e+01
4.404634448888076e+01
6.289633836732076e+01
9.480558954868727e+01
7.978195188556889e+00
1.927278010140768e+01
3.689690275904579e+01
4.366166519171636e+00
3.314003280044535e+01
1.712765945919215e+01
8.265325840686134e+01
4.490387488384911e+01
7.381233469294959e+01
7.959857540186428e+01
2.506698552755033e+01
9.726833510085397e+00
1.175755737896895e+01
8.734180544844912e+01
3.660893050795837e+01
5.647536695770704e+00
1.369811660316685e+01
1.449343297374129e+01
9.283609194347453e+01
5.964293156733873e+01
2.305459488325501e+01
1.264170176006933e+01
5.089775652200811e+01
4.676016920560978e+01
8.682623276804864e+01
3.353776993860387e+01
9.189917225944771e+01
2.187135630374372e-01
7.758411442748464e+01
5.479551058020233e+01
9.502430311172469e+01
9.999535935930691e+00
1.337129327583481e+01
2.167897341851097e+01
9.990416564974197e+00
4.483006561399906e+01
1.692127958728060e+01
1.455455073833212e+01
2.309168475824021e+01
3.378344780475993e+01
2.841503146496370e+01
4.815867033235667e+01
1.188089186878917e+01
4.017258884393265e+01
7.146251079228824e+01
8.011921182280369e+01
2.929962562830170e+01
1.534177098206327e+01
9.461264479654498e+01
2.213571752521010e+01
3.173468952613636e+01
8.799678263626843e+01
7.108167180376205e+01
7.458283317954411e+01
6.442740888540978e+01
2.495220104463035e+01
2.303624666437332e+00
4.633655056652452e+01
2.723093145863662e+01
7.988773909392197e+01
8.316832505314068e+00
6.995950176844349e+00
8.854130505981915e+01
8.956989459207743e+01
4.024878481414579e+01
7.544046527493767e+01
7.099324347031919e+01
8.796602133101132e+01
1.746155825325360e+01
9.408492822855941e+01
1.082722121422515e+01
1.161468439345001e+01
4.224359851434995e+01
2.270811308301432e+01
3.526677332598100e+01
4.358267879280387e+00
1.546655409758284e+01
9.776261048287274e+01
7.645002588464413e+01
9.195650093814194e+00
8.670211647949280e+01
8.184715364214366e+00
2.686288977361419e+01
3.497431033056896e+01
4.586297690210071e+01
2.335583266027077e+01
4.672724387921730e+01
4.816660156853804e+01
3.762684917898236e+01
9.966920693389570e+00
8.588939145481650e+01
9.750661225873354e+01
2.853673213559051e+01
9.350438937242347e+01
2.366979006848754e+01
4.611997122230007e+00
6.894485464736114e+01
9.466303353880673e+01
2.595558135116267e+01
9.479926223624463e+01
8.874796172080001e+01
1.690909355734899e+01
3.352816651273899e+01
3.099156023514996e+01
5.137288707838062e+01
4.168071990910951e+01
1.826318880462236e+01
6.595589242221597e+01
6.796253745814903e+01
9.471321468926649e+01
9.160494668949626e+00
9.294923534288500e+01
1.120495922453932e+01
2.014432289644346e+00
1.298445724555499e+01
5.706793612664004e+01
9.330473094866831e+01
5.971170112477229e+01
9.301310097473352e+01
7.112716495577580e+01
4.343593350771625e+01
3.328887835763808e+01
7.687526181194710e+01
7.197266564330675e+01
2.679326768349543e+01
1.238883808832096e+01
4.075818259304305e+01
3.067089283404448e+01
4.462295009038548e+01
8.129544881232802e+01
3.276711713185865e+01
2.563211388216918e+01
8.362285750155471e+01
3.188410165341762e+01
3.953703476094503e+01
3.499574453336920e+01
3.649521061987393e+01
8.158493576645149e+01
5.239394807833896e+01
4.457748031456838e+00
5.251343825483389e+01
7.610317951818145e+01
8.246789499300900e+01
5.541136830831476e+01
2.629230782682649e+01
9.545235223856399e+01
8.396566816790293e+01
1.438600556663517e+01
5.516405331677014e+01
3.408994783372150e+01
8.551317052241096e+01
3.991455307226374e-01
1.299244017013928e+01
7.922918460295963e+01
5.768007857616995e+01
6.632562906775887e+01
4.645051483365265e+01
4.639750893525663e+01
4.502047418850496e+01
3.624097273509994e+01
2.769295770101853e+01
2.246667687896019e+01
9.131677918663099e+00
1.239364613424691e+01
4.408287496496126e+01
1.410121378214155e+00
9.846235969963594e+01
8.057808563140132e+01
9.742273632316977e+01
9.941399665522110e+01
7.727540474258149e+00
1.172378315204931e+01
3.715607809701752e+01
8.048871619649637e+01
6.713515146036406e+01
5.363478788809608e+01
3.982915358609946e+00
8.211998319352045e+00
2.505713055145793e+01
6.094612742818246e+01
1.317911511900794e+01
2.741105329590433e+01
9.169477955051455e+01
5.529438636977896e+01
6.640237852297834e+00
3.371708408636837e+01
8.495055119737542e+01
9.825826054357843e+01
4.684707785344081e+01
1.861653724620889e+01
3.449923327867837e+01
2.669083547158672e+01
7.758616706244004e+00
9.637231989594750e+01
9.015745063785346e+01
5.184149167120526e+01
9.778244127416166e+01
5.906665816859652e+01
3.241957725604045e+01
5.699278621794321e+01
3.466829356489158e+01
3.107713322670997e+01
3.286986380483483e+01
7.182437166190910e+01
8.495913957476576e+01
3.585172083035657e+01
1.718577082137846e+01
1.554876473525016e+01
9.686201424191799e+01
1.310714907623229e+01
6.603535454069980e+01
1.004112931435980e+01
7.645471108912244e+01
3.784016507577159e+01
4.166005167256112e+01
7.629419256760468e+01
7.104992171332702e+00
3.065987980489614e+01
5.789424523613148e+01
1.840432701558076e+01
8.189660430974169e+01
9.051686296729224e+00
2.634268390310122e+01
2.297981838834464e+01
5.424006192676726e+00
6.220165475374164e+01
1.841381104589152e+01
8.408182160187597e+01
2.126831287577204e+01
4.176340379834333e+01
6.019923363821545e+01
5.593660644066362e+01
7.284053702505331e+01
2.891580300820796e+01
7.545721315567252e+01
8.440638640169351e+01
6.476752383856453e+01
6.303373568832582e+01
9.995515118350980e+01
8.831242941707020e+00
3.488588530332124e+01
7.645004330037629e+01
1.649228856735504e+01
4.539839972061962e+00
2.674585023277712e+01
3.685695991705030e+01
4.654481655291506e+01
3.385084240410981e+01
1.370269340169741e-01
4.439061742480408e+00
4.251784553868595e+00
5.349240212398227e+01
5.969544698470061e+01
6.307088549391874e+01
5.013449632103298e+00
6.986217809368958e+01
2.527254020109425e+01
4.211293754266246e+01
7.306862551396182e+01
4.654085307686630e+01
9.476352836692870e+01
9.363647973799914e+00
2.037821366469293e+01
3.803120150139145e+01
6.218366216038525e+01
3.023843762010263e+01
1.993467128832576e+01
5.565883319622783e+01
9.327217330842845e+01
2.239273904002865e+01
6.210999244922306e+01
2.336429605417154e+01
9.884278234040494e+01
7.860228101657810e+01
2.200865378696874e+01
1.313299066998669e+01
6.783629710219628e+01
6.855347033988380e+01
5.252744166763846e+01
6.797332408277938e+01
6.412465412361765e+01
3.232232762143124e+00
5.000695527997192e+01
2.856282597806437e+01
5.257917984974533e+01
5.502040491207521e+01
5.413362912560517e+01
3.717873996923619e+01
7.844766563663616e+01
7.149362953914964e+01
2.413992198376913e+01
4.363833011297431e+01
4.761488644760795e+00
6.602893707623190e+01
1.078571710306486e+01
1.509443689840587e+01
6.186436389659734e+01
4.107119470884613e+00
9.389633675752968e+01
5.034277464744764e+01
5.363542128057938e+01
2.967876565162035e+01
7.370707070161919e+01
2.534264085131820e+01
6.065810283676633e+01
1.611206727852675e+00
3.847563152130490e+01
5.226944165875643e+01
1.010317448997087e+01
3.745607977614556e+01
9.646772397517587e+01
7.447402937080433e+01
6.025854500953972e+00
4.647467925514778e+01
1.578368559283376e+01
5.835238325332868e+01
8.213235520857030e+01
6.991731471843893e+01
3.044623231070406e+01
7.994274975729303e+01
7.295548891320614e+01
7.609695576880917e+01
2.358107982370122e+01
9.860316435741407e+01
8.670875559873356e+01
5.250611438066984e+00
1.369760120925382e+01
3.990256648506158e+00
2.070730646173810e+01
3.855846507407653e+01
5.433303129595380e+01
3.585758946643099e+01
1.731413380117814e+01
1.323361737338529e+01
1.990889810021450e+01
2.889533351589708e+01
2.965130872542565e+01
9.967586183905409e+01
8.104911897380329e+01
4.000068397261234e+01
9.218789641381610e-01
5.385745738346942e+01
4.798220258577830e+01
7.782025415348832e+01
4.007658964957883e+01
6.376588817861205e+01
7.108774649495619e+01
2.220894485814913e+01
3.368320289705098e+01
1.251568832086198e+00
5.549395878589431e+01
9.192891693298189e+01
6.134294297608685e+01
5.351050340268318e+00
6.964589444438271e+01
4.805169852825426e+01
2.468207787009053e+01
7.556238396817929e+01
9.161627324838949e+01
1.995939268728690e+01
5.286648788157221e+01
7.808011531740432e+01
1.973211212071223e+01
7.732738907324494e+01
6.120217268411171e+00
3.964101022092672e+01
4.999905212316618e+01
5.332577920208023e+01
2.379267789600076e+01
7.388785531459742e+00
1.821227521552345e+01
2.471455690670505e+01
6.124624291492917e+01
6.619447780130174e+01
3.164526993951074e+01
6.157837955354637e+01
7.758491955585075e+00
9.696240718335025e+01
1.642567548734400e+01
2.673191997536082e+01
4.266995240127200e+00
7.191963427323830e+01
1.866083686177658e+01
8.189792981459662e+01
5.052662112308974e+01
8.876996999083551e+01
1.654757094408738e+00
6.112828290142505e+01
6.433235391244867e+01
2.540184111585926e+01
7.668625632146664e+01
2.434560913794935e+01
8.453373093369126e+01
9.641836844217887e+01
1.672998164628166e+00
9.602173701674758e+00
5.392187021389690e+01
2.658401263253019e+01
3.640196772124710e+01
7.061494447785194e+01
3.397279816398993e+01
5.461424293677054e+01
2.443996026387437e+01
4.907639084806497e+01
2.080872073807229e+01
5.608523024995124e+01
5.679742058589934e+01
1.915132497397779e+01
5.881824668441817e+01
2.020302085215366e+01
4.588324499590474e+01
1.140528694326304e+01
6.537859168154122e+01
4.131784278029475e+01
4.498317169257587e+01
3.825322526425739e+01
3.008781272456414e+01
4.663792878698461e+01
6.955009720732929e+01
5.546556727749555e+01
7.779571403646642e+01
4.623635348222980e+01
1.094680917959046e+01
7.552172638267359e+01
9.502582903719778e+01
8.753176973552060e+01
4.540563348932454e+01
7.871410049438202e+01
2.821883849251030e+01
8.180760125713776e+01
1.956264363581438e+01
4.808858048547459e+01
3.642184414734218e+01
2.313277037960141e+01
4.330762156439369e+01
6.303634250677952e+01
8.783414963997628e-02
1.050421037269021e-01
7.999651556834417e+00
5.890608083405815e+01
7.524339755775566e+01
2.807091247666204e+01
2.199132271203740e+01
6.881828749031681e+00
9.261499433434335e+01
6.697449440461327e+01
4.513505401328907e+01
9.381796265664416e+01
1.349130129138534e+01
1.468515117405222e+01
9.313747291133622e-01
9.128701532785176e+01
3.674653434974446e+01
7.003904975486876e+00
6.117391943054922e+01
3.576226487558440e+00
9.940995369079056e+01
9.902209378733397e+01
8.229032698194045e+01
1.352573596570908e+01
8.082969499790561e+01
2.827062272851850e-01
6.161431649774980e+01
2.843892878314430e+01
4.428531017354005e+01
5.104808488443871e+01
7.448210403066227e+01
4.437314432318003e+01
5.026980119304256e+00
8.248175558749668e+01
3.590391359101232e+01
4.181608303534616e+01
4.894062692715815e+00
2.527054782270945e+01
4.869791178437784e+01
9.434884558168652e+01
3.478266356269953e+01
9.383296579766692e+01
3.981465303330433e+01
4.827396485408487e+01
9.123892830276812e+01
5.068030448196470e+01
9.150965846679622e+01
6.943962158143503e+01
5.768420950401770e+01
9.317744043337993e+01
7.301584806899348e+01
5.203416531534594e+01
9.219953417414779e+01
5.530617500436779e+01
6.555990132762115e+01
7.577681666043439e+01
4.076059481164469e+01
1.960501154866303e+01
9.028076827073505e+01
2.015191317543011e+01
7.065309643310174e+01
6.476287225483119e+01
2.941904926179864e+01
3.722578191069224e+01
4.724462779576174e+01
3.269827437247069e+01
7.904186499260453e+01
5.213869048847756e+01
5.796882219518015e+01
2.773977673041624e+01
2.076290306670726e+01
5.021386437593674e+01
2.157274252808315e+01
5.251305180253137e+00
2.232556926194838e+01
7.733237034516985e+01
3.388538278354582e+01
4.758098816852132e+01
5.317832951116298e+00
9.156959228756352e+01
2.645659727345063e-01
6.507565899057111e+01
7.669648070665845e+01
4.726352400484659e+01
5.553547528364486e+00
1.621561121019330e+01
7.502277999884578e+01
4.015163008130697e+00
4.338982898899812e+01
7.923852539585835e+01
3.136004732519390e+01
7.548598478338029e+01
7.492954203622860e+01
2.766991785153277e+01
1.260912069706671e+01
4.428349744727998e+01
6.707667306395093e+01
