7.553814913869750e-01
2.252768805368230e+01
2.879535175338171e+00
5.841351997033392e+01
3.727489432193101e+01
2.224231279559541e+01
5.110210788021894e+01
7.624791859474401e+01
7.579364104931878e+01
8.642598115206974e+01
5.417561794359964e+01
3.693403179614527e+01
2.094134782484795e+01
8.980551561797294e+01
8.822807669091415e+01
4.479415456056323e+01
7.670932164262483e+01
7.723104249557063e+01
5.238349877874530e+00
3.213299956737691e+01
5.636505193839086e+01
6.970409446847816e+01
9.779354925164652e+01
5.903532591603479e+01
6.126513698197209e+01
9.677575770615402e+01
6.152006353322419e+01
6.993308866859091e+01
9.529029330950711e+01
1.546570314814602e+01
4.665750644479762e+01
9.106944403195261e+01
3.690632727784399e+01
2.470571427825173e+01
4.706823725582484e+01
1.360252542123316e+01
2.758961074407660e+01
5.090134076350431e+01
5.424892467178820e+01
3.034506478828614e+01
9.697360969007649e+01
3.459022870966709e+01
6.550189213152132e+01
4.821954357820542e+01
5.278369744903581e+01
9.711657813615938e+01
6.864136833168629e+00
6.381491504787231e+01
4.529191928230781e+00
2.690535878152836e+01
5.741259276746428e+01
2.882190501728184e+01
2.197778267878004e+01
9.435873515641258e+01
6.661443368839772e+01
6.827726111201441e+01
7.130923088235279e+01
1.279571713544229e+01
1.752309343662257e+01
3.760574941411882e+01
4.575745595887185e+01
5.332210122296684e+01
3.416209804553636e+01
5.528208154965289e+01
9.658107124109803e+01
4.694083419020327e+01
4.105989883703175e+01
5.516225474661321e+00
5.140281522246208e+01
3.585617059648790e+00
2.701653341158132e+01
8.520607286375299e+01
4.645812876823271e+01
5.053515092029011e+01
4.027352358227294e+01
8.178354207509362e+01
7.898445971262848e+01
4.713766041544157e+01
4.462927959143616e+01
9.831245429735279e+01
3.506677659930045e+01
2.942728857948784e+00
3.345672890239243e+01
9.398147356416167e+01
1.106565739543441e+01
1.650907132612032e+01
1.862145611952127e+01
5.131037125890627e+01
8.626813175448595e+01
1.330528045692727e+01
9.053094703263181e+01
6.130992400520944e+01
7.230438272110391e+01
3.413442621665747e+01
4.745705521081437e+00
3.257322596971562e+01
4.358886123801994e+01
2.239693339094377e+01
8.387118525983355e+01
4.143103614516139e+01
4.423612479317753e+01
2.033165573157913e+01
2.905416019682501e+01
1.272218390960348e+01
7.151140881307023e+01
4.046139812118439e+01
9.935376276232012e+01
4.153192557465840e+00
3.270350891756988e+01
1.815266777675257e+01
7.647370378322607e+01
4.536319181572794e+01
8.474667616409560e+01
8.276287977712363e+01
5.049374920804694e+01
8.255005510642661e+01
3.111754545528327e+01
5.785536833938927e+01
1.468258961787568e+01
2.966861684325552e+01
7.116064884288267e+01
9.620726229446348e+01
4.583732180569196e+01
2.734455444260712e+01
1.398714627790598e+01
7.356775308659661e+01
7.069424943565123e+01
2.883098345661116e+01
2.781749140835250e+01
7.253945380101887e+01
2.052688799823024e+01
3.713835256040951e+01
2.514979984851079e+01
4.268426049625699e+01
3.371972652791055e+01
6.642829029188877e+01
5.162126857397206e+01
5.658875408423540e+01
1.742198686926718e+01
5.915868471337421e+01
7.170632545450066e+01
6.651329196361513e+01
4.930909445942803e+01
4.541302800430591e+01
9.482904695664955e+01
2.507233779182301e+01
5.575079319800753e+01
3.183853716209463e+01
8.527444539837281e+01
3.625794529740603e+01
4.198076261299698e+01
8.999013164545882e+01
3.581918344638272e+01
9.721535565201908e+01
5.134028552628136e+01
5.829719596463126e+01
4.544462731361605e+01
8.191322166561766e+01
6.278671988415845e+01
8.848152779437672e+01
6.190709074116643e+00
4.163575118483778e+01
3.111057301569291e+01
1.280192491263241e+01
9.520568786897030e+01
4.267276350533253e+01
2.796820273062596e+01
1.769629992437376e+01
3.504842288561558e+01
2.983389172229631e+01
2.705297983579942e+01
3.497569865313158e+01
7.601638155803847e+01
4.075083836948073e+01
5.664034618839637e+01
3.884655490463905e+01
1.915366492194760e+01
2.588029677322148e+01
3.241614943017073e+01
1.370704719503738e+01
7.633731494487138e+01
2.599252794216970e+01
7.879370268378113e+01
3.166874359905196e+01
5.556678676771316e+01
2.567796037796790e+01
2.358509508128515e+01
2.365282514302657e+01
3.753253088217812e+01
6.458067128648082e+01
2.714991719794921e+01
8.442501499523642e+01
6.265139647882962e+01
9.053648048571146e+01
1.576552387129773e+01
4.678589745740681e+01
6.754381543376661e+01
8.315888749582642e+01
4.606339230484487e+01
9.158016969057739e+01
6.534175726833836e+01
2.918422325941930e+01
6.594164584108705e+01
4.762692360562595e+01
8.269334490536401e+01
5.314969879256082e+00
4.205397402031998e+01
6.259921065652706e+01
3.525483367743661e+01
3.776797053300216e+01
9.424930908449428e-01
4.269144211089772e+01
6.151728241775059e+01
3.739769837697860e+01
1.716548908369871e+01
9.173240735741911e+01
3.038058305642595e+01
8.650260608946095e+00
6.260465749660724e+01
2.667738102687401e+01
6.734843587845025e+01
8.984780441496885e+01
8.530200765715075e+01
9.570878068716674e+01
7.681408830770016e+01
6.330167081360783e+01
7.352798710275813e+01
7.752785877209523e+01
8.947793864155092e+01
5.454418657093504e+01
4.018456132159780e+01
5.561102882754572e+00
8.132114316398331e+01
4.148476377198694e+01
8.259770417706935e+01
6.282158292030059e+00
5.224303940881185e+01
2.752535656444978e+01
2.365065446293477e+01
9.187938230665372e+01
1.549608382186670e+01
6.124861308431654e+00
1.585428659611116e+01
9.509184551196725e+01
7.544530754696825e+01
7.662155873916184e+01
6.468250014105928e+01
8.763789994997806e+01
2.556578182874517e+01
3.923081785404627e+01
4.548626632685134e+01
1.670733560654676e+00
7.567282713748180e+01
6.747500038122526e+01
7.853434932349917e+01
9.912712830078188e+00
9.802976502013847e+01
2.805657956193042e+01
2.114599315502960e+01
9.619365366929846e+01
8.389157647448199e+01
6.477522340825537e+00
7.143851484704693e+01
9.598791235871050e+01
6.417794696249904e+01
2.563292026782079e+01
4.718923878259456e+01
4.101209945092541e+01
1.297824448578909e+01
5.487182566657282e+01
6.871755727041399e+01
5.260055631054591e+01
1.003904431594491e+01
2.683463959341619e+01
5.296013911858207e+01
2.837406137416794e+01
1.870444306112102e+01
5.237449754605745e+00
8.343248310658731e+01
2.728469880637000e+01
6.936088775720488e+01
2.711344329971514e+01
9.710634597442409e-01
6.600793156121296e+01
5.431281661349946e+01
9.035339443495189e+01
5.160637099836318e+01
2.239707467257841e+01
4.779406764907486e+01
7.175226554821816e+01
5.823829931124965e+01
9.431095742355610e+01
7.848530974168577e+01
3.463133719499751e+01
7.606723298135550e+01
2.797212154975725e+01
2.746185382244263e+01
3.748810851829504e+01
5.400818491075569e+01
6.391459841463464e+01
7.885562580956874e+01
3.938293253974194e+01
8.771700602384145e+01
9.551572901919285e+01
4.971534993951924e+01
9.356507570183140e+00
3.389810874774032e+01
6.666416817655050e+01
6.970359430168924e+01
8.945036706954723e+01
5.715731627175460e+01
2.289760085889026e+01
8.911169175482900e+01
9.156251325810445e+01
4.120423758458544e+01
4.180280251512434e+01
7.159018287043561e+01
5.989938762965583e+01
7.236962107586191e+01
1.938425047294435e+01
5.131817886201580e+01
2.512932239339190e+01
7.389341521723820e+01
3.910251839044621e+01
2.248994723078327e+01
9.932679748131279e+01
3.446359435769897e+01
1.243346445841410e+01
7.672795237820966e+00
5.271080739456733e+01
4.101999054710380e+01
8.343133809204741e+01
9.432811368924013e+01
4.123189441917087e+00
8.713863235299412e+00
5.743743034891664e+01
2.799377493932553e+01
1.379415407487850e+01
3.359034496061054e+01
9.050725358096288e+01
6.397148434257670e+01
7.424428550258479e+01
8.899828609498138e+00
1.412755256245264e+01
2.931253473708059e+01
7.585319875546415e+01
9.664663695574116e+01
2.716131956650006e+01
9.632231886327375e+01
6.527960722580533e+00
7.576345111046146e+01
9.881797209327014e+01
8.161611621343350e+01
4.696348851870908e+01
5.231274643554946e+01
4.496007610343401e+01
9.442319948897845e+01
5.251012158231350e+01
5.370560556357056e+01
7.997580565511053e+01
4.197528531866860e+01
2.190488070338260e+01
5.780529331313693e+01
8.919460046533244e+01
5.265022118233620e+01
7.706457394038540e+01
9.348633531177711e+01
4.861437899461686e+01
2.931996208118273e+01
2.091289508198988e+01
7.108630206020842e+01
1.152308751434231e+00
7.308706598034457e+00
1.843054756449095e+01
9.223948232468193e+01
4.465419521772032e+01
3.977278696362524e+01
4.786324237839470e+01
9.049805267271495e+01
3.461876406083757e+01
1.640435080807859e+01
3.007066106892687e+01
6.420169322015796e+01
1.429061871687445e+00
2.878987259640818e+01
6.400051729939902e+01
2.833510107748914e+01
9.889898081258823e+01
3.324933724163535e+01
1.347654867613528e+01
5.329969392777406e+01
9.706905470093203e+01
5.028803690815719e+01
3.893714120562055e+01
8.899558949703146e+01
5.182810935742599e+01
1.172852931159014e+01
8.794328136739475e+01
7.062478078092671e+01
4.937982780364334e+01
2.832497923091286e+01
9.305916540001479e+01
5.689519818727635e+01
1.001619454939672e+00
3.931361666848586e+01
7.665623294965188e+01
8.946110670895368e+01
8.074424792115774e+01
5.836826160474133e+01
7.189531441400541e+01
7.492257662812368e+01
4.300948979473183e+01
1.545078191694374e+01
1.540192599194214e+01
4.702890266060312e+01
3.647494597196344e-01
8.231065947670054e+01
7.090189078399068e+01
7.028718612635842e+01
5.164534363506611e+01
3.590316024418136e+01
4.169121572826580e+00
6.893802255808284e+01
5.821079279212784e+01
4.310626277844713e+01
6.069496672632869e+01
1.700223796861350e+01
5.313060397893684e+01
1.816506372679261e+01
6.081032765135650e+01
4.602166490909721e+01
1.554725152233022e+01
6.646052336621122e+01
4.031115301899200e+01
5.496168874900867e+01
3.370828611483252e+01
4.464777640283470e+01
5.221825300353498e+01
1.256563841019088e+00
3.016037961009908e+00
5.932665646976169e+01
2.225108021975080e+01
1.916950993201207e+01
2.219621470300304e+01
8.688594614476243e+01
2.090577120934882e+01
4.875257222389456e+01
3.426388052025059e+01
6.580324334362672e+00
7.178984590423751e+01
6.929597890437394e+01
4.248348457854404e+01
5.888642052136660e+01
5.719328101593688e+01
2.286400898493082e+01
6.231592412214536e+01
8.741506342190088e+01
2.853292493546983e+01
3.026421695494290e+01
6.026935314772155e+01
4.791418809812245e+01
4.759233759138377e+01
9.679174925982568e+01
4.481390362829617e+01
9.545580097262551e+01
9.685001536125783e+01
2.514440744423513e+01
1.370745576625106e+01
1.954259118975261e+01
1.771232393463716e+01
3.483888629583591e+01
5.663305677316760e+01
4.524802772572638e+01
5.708541858805596e+01
1.264598589048068e+01
2.307612873757078e+01
5.185006216720215e+01
6.902366456064566e+01
4.879755147211139e+01
7.798866223450223e+01
1.629204699596951e+01
4.233354327377562e+01
7.900670747226415e+01
3.321179153081579e+01
5.953791884683907e+01
9.810206331224278e+01
6.782034880845825e+01
7.979965609488993e+01
4.963685681560862e+01
1.007584375798509e+01
1.113711009320668e+01
4.501098042587330e+01
5.092724028552288e+01
1.798115042875574e+01
4.862663650355611e+01
7.916979527993584e+01
2.000214169733326e+01
3.312592000380435e+01
9.074199022294115e+01
2.638008972927001e+01
2.375406917359404e+01
9.390641636862719e+01
4.631579557727827e+01
9.550222027837401e+01
8.474577953328648e+01
4.667133588654517e+01
3.423607318393703e+01
5.194698914510523e+01
3.388000723620877e+01
1.068368750190534e+01
6.934485825213829e+01
6.199074888694600e+01
1.392010083138947e+01
4.561570866294937e+01
9.054514872401262e+01
8.613213551516279e+01
4.760708974097254e+01
8.640103013552773e+01
2.754200460740459e+01
1.043953742386752e+01
1.050687362929195e+01
8.758248481321264e+01
1.610709736873726e+01
3.762886814662668e+00
3.277617638594293e+01
7.366397579836844e+01
2.493877584344650e+01
5.309314516051353e+01
6.336923305102123e+01
1.616095761589751e+01
2.508153171515163e+01
4.797112208230939e+01
2.200614522304672e+00
4.534468042913111e+01
5.303442131403574e+01
1.427359549062028e+01
4.262521138536987e+01
7.800067806523326e+01
6.182382528755060e+01
9.628054969770859e+01
4.876615356130812e+01
5.624933454964744e+01
6.465986876965493e+01
3.472410232514334e+01
1.679748954102280e+01
7.046153930503016e+01
3.081438109782263e+01
4.504968889292781e+01
3.955250686945045e+01
3.286713288764801e+01
9.681158210002425e+01
9.147494234679031e+01
9.909972404087881e+01
1.291867946876152e+01
9.635279490442610e+01
2.368766466327369e+01
7.512130317051025e+01
2.928856994457942e+01
5.715974073724809e+01
5.608681382429172e+01
5.762579574139127e+01
7.408436479702794e+01
2.673865641781066e+01
2.875217806024113e+01
9.936586567171190e+01
6.927103799268185e+01
7.835675435064209e+01
9.659877461222874e+01
4.745286817078146e+01
8.067947643840661e+01
4.246855924952243e+01
6.689729865961583e+01
1.035555876342373e+01
6.235349581686476e+01
4.760076047275250e+01
5.572808606351170e+01
3.116194188183264e+01
3.855500940166181e+01
5.384903086994264e+01
6.036952685581964e+01
9.470695908866216e+01
3.452577550640599e+01
3.619122241446340e+01
3.506001761884429e+01
4.856778823238229e+00
5.403578237352696e+01
6.354695109815660e+01
2.256575814567774e+01
5.172785117837034e+01
4.392672290277049e+01
5.316447743827686e+01
6.589574374533061e+01
3.796328796910275e+01
3.541745489249818e+01
4.001660372131346e+01
1.526410319621866e+01
9.112624763097905e+01
9.822051864965843e+01
7.538777276658814e+01
4.017599315390736e+01
3.025998781912960e+01
7.026456448727500e+01
7.555793657692054e+01
6.910134687512245e+01
9.513289811794316e+00
6.078829349055341e+01
1.876164088899346e+01
8.604011041393508e+01
3.926606696996189e+01
5.119795010015273e+01
7.019968525050193e+01
6.783759946368522e+01
1.812781790184221e+01
9.263523197389917e+01
8.796905092334796e+01
3.221386793638294e+01
3.062661258998635e+01
3.907404944257534e+01
1.283071577215135e+01
6.533296949478469e+01
5.465201626282745e+01
1.247641947701407e+01
5.553212792404560e+01
9.806112861170486e+01
8.879326716474876e+01
5.371928161649000e+01
1.386495214601278e+01
1.844881089331993e+01
4.220515882699059e+01
7.307267518391491e+00
2.999769539106530e+01
6.775546994421420e+01
7.804668884633421e+01
4.199213978927217e+01
8.800918938965033e+01
6.641021942086994e+01
9.393831807837743e+01
8.078647231719758e+01
9.489294667490429e+01
9.603108963744300e+01
9.842403409929203e+01
9.843749930078047e+01
9.265747363337198e+01
8.100080447318069e+01
2.589102630777798e+01
6.605490542298878e+01
9.084753416983760e+00
4.969235023003647e+01
5.792852386735776e+01
2.501266772160897e+01
6.670963483243698e+01
3.619435966768971e+01
7.089129144833018e+01
3.175286153878684e+01
3.509078455860298e+00
5.703128825734895e+01
6.684711490145284e+01
2.413334810367476e+01
5.712203795887625e+01
9.616937655777176e+01
6.292466258766347e+01
7.692079342758321e+01
6.620739976233216e+01
2.921566410419329e+01
4.899829651648099e+01
5.871944881916021e+01
6.705634923049078e+01
8.136356704931872e+01
9.455377347513743e+01
5.923761174047255e+01
5.413391145604379e+01
2.408154514808280e+01
5.182659037030609e+01
4.220722957617009e+01
4.507096644727093e+01
8.595406407767631e+01
4.829589838548372e+00
7.974182003165680e+01
8.574610859423228e+01
8.205109130686665e+01
1.011560103395749e+01
7.800317410286664e+01
4.837142925167988e+01
2.159365672692361e+01
7.418453100797932e+01
8.264001346316189e+01
3.204495573045917e+01
3.327134951635792e+01
3.404113339914062e+01
6.289633836732076e+01
5.536159111902192e+01
3.210683447872606e+01
5.636406645940806e+00
9.082741937172945e+01
2.434398048759624e+00
6.009130741473814e+01
1.842015237473890e+01
6.714900087898084e+01
3.701114837872383e+01
6.007923281755263e+01
7.323799811920057e+01
5.036840329429526e+01
9.941437109346239e+01
8.253130194848930e+01
6.591127224541793e+01
8.022253312180869e+00
2.507296480474666e+01
1.369811660316685e+01
8.490216610250164e+01
1.215103986307561e+01
9.111458574939267e+01
6.604867021834882e+01
6.556915438993329e+01
6.632200375493709e+01
4.476668110339282e+01
5.065508589644687e+01
5.592911665138281e+01
4.776150386210601e+01
1.035133125742494e+01
2.528344440519970e+01
8.782493355117037e+01
9.869386446601425e-01
8.061039581923298e+01
9.253319785582516e+01
1.012257747823493e+01
9.170497068749040e+01
7.963567496260427e+01
4.469858545097456e+01
3.444567939007919e+01
8.440389218013915e+01
7.186131010384361e+01
5.968851505764226e+01
9.011473920667299e+01
1.853910140625159e+01
9.267898774364916e+01
4.777190836508382e+01
5.955841637195945e+01
8.612519460084158e+01
1.476765867079033e+01
5.012823503936093e+00
8.232618648667177e+01
1.457770569928815e+01
7.025408016995252e+01
1.848436180431599e+01
1.841751854793053e+01
8.931916225204205e+01
2.893830529830340e+01
1.724274829832965e+01
5.857579710827013e+01
7.591300084065320e+01
8.012979965663040e+01
7.883021891062624e+01
7.547401556534415e+01
5.665521885112637e+00
2.616317785632013e+01
1.228410001484868e+01
2.696648632500623e+01
7.371693419931313e+01
9.573333454119663e+01
6.896155507721079e+01
6.924196661880332e+01
7.604065308162973e+01
9.509292132923981e+01
2.951369696739767e+01
7.667654658512983e+01
3.265065207735200e+01
7.554618105084923e+01
1.354939351489273e+01
3.965759917146415e+01
3.694663803882275e+01
8.269920860542879e+01
8.221310706912218e+00
8.298185085085306e+01
9.186328881972624e+01
3.019944016365309e+01
1.658036835332418e+01
8.383758551619835e+01
3.236101140843751e+01
7.142672360475488e+01
6.654301107234461e+01
7.764236842172330e+01
5.182218963830834e+01
4.537322993640473e+01
9.788734591467649e+01
5.575379592168788e+00
3.539990868205201e+01
4.981072035143651e+01
1.169123091348039e+01
4.034743273646917e+01
4.313403677341250e+01
1.083845710886571e+01
8.306161224984639e+01
7.932855420714642e+01
6.091142681469742e+00
4.869895058157805e-01
1.945668171134623e+01
1.834352245477192e+01
4.877862741648156e+01
7.494634872998407e+01
7.625694562506720e+01
9.509458956080236e+01
3.515667018255063e+01
5.188568795653325e+01
7.915231412237152e+01
8.186516975139509e+01
2.835144476422642e+01
6.800529983267435e+01
1.321736225542490e+01
8.774694939504701e+01
1.122814184577583e+01
6.035132811421124e+01
2.024332388315505e+01
6.797076653128991e+01
5.724558050615973e+00
5.788066557509855e+01
8.765765842406901e+01
2.246120470690597e+01
6.340461203986993e+01
2.807541500221725e+01
5.800785355177143e+01
2.007373078729665e+01
2.940317258676662e+01
6.151910231519449e+01
8.467486271852389e+00
3.035686585603136e+00
3.845314320104809e+01
6.310045689488783e+01
9.327998975910245e+01
4.328546735611067e+01
2.790860223020827e+01
2.318189201093367e+01
3.838005687034692e+01
6.239024291857622e+01
3.423647523589268e+01
9.929599021528661e+01
1.044360395075921e+01
3.725116943812518e+01
3.277577922343080e+01
3.059399222517106e+00
1.206461885574489e+01
3.416297903012623e+01
1.906642793634274e+01
4.882047388182043e+01
9.564807088842991e+01
3.299977394426231e+01
6.609127356954444e+01
4.442383309100933e+01
6.415427874967189e+01
4.806070534887756e+01
4.050465712347285e+01
1.744296719201047e+01
3.664159115247502e+01
6.045775779544271e+01
9.976014741685249e+01
7.837530308327419e+01
8.730734856208198e+01
7.915207728704068e+01
9.237537681701377e+01
8.058733827461830e+01
5.316258503737048e+01
1.071255943305444e+01
9.055845024555850e+01
5.680019592717299e+01
2.898744029411461e+01
2.651802521502507e+01
3.859703160757061e+01
8.786747184948412e+01
5.506723292873578e+01
4.216957932439148e+01
6.681825451870368e+01
9.305473733369948e+01
6.904914303172805e+01
8.635664004197187e+01
5.195432112177569e+00
5.728011292278772e+01
2.347288374950778e+01
5.058439637095872e+00
2.486597747768554e-01
4.225844705582523e+00
3.498660257784026e+01
9.139514383459237e+01
9.680740283653485e+01
5.531580907074540e+01
7.352106607217391e+01
7.778071662307751e+01
3.585897085064042e+01
1.090074000456405e+01
1.423962382331473e+01
9.530497798477532e+01
4.647260478067799e+01
1.991135967891261e+01
6.863275830104611e+01
8.209306717947734e+01
2.035029359178166e+01
5.598220054804450e+01
1.538855667011279e+01
1.708383751897320e+01
4.384967239752862e+01
7.098074237396044e+01
4.571435923954209e+01
7.766519765260871e+01
4.821410050998167e+01
6.473412614536198e+01
7.592594794739314e+01
5.299547354364557e+01
4.570932860752070e+01
1.258702558120108e+01
8.895773826584114e+01
1.748150876605953e+01
1.072284230530394e+01
7.609803852443491e+01
6.648334193345315e+01
3.403870818858906e+01
5.774741790152500e+01
4.313153011870176e+01
8.767982888393097e+01
9.322043331024257e+01
4.704862029619916e+01
1.107517793359010e+01
6.529941105530570e+01
3.924423984216723e+01
9.340965896537978e+01
5.302480582754352e+01
2.133730697507844e+01
3.670604011821842e+01
6.024254353728264e+01
3.512252365943162e+01
4.457758522805646e+01
2.097737510734116e+00
1.907729679675647e+01
9.029194446759855e+01
9.766321694369577e+01
3.134171153946860e+00
5.434061105099535e+01
7.720017497297384e+01
9.290526485671535e+01
8.828071117786723e+01
9.259859257964351e+01
3.514680561383572e+01
9.478259556683833e+00
8.597071221376336e+01
5.629070073193437e+01
1.838444467558732e+01
8.946377769553278e+01
3.437632575369269e+01
7.683545349949759e+01
2.144565010510648e+01
1.448150790039520e+01
5.430040343399178e+01
9.755990649459879e+01
9.059331384049418e+01
8.762227389385099e+01
8.680418184343920e+01
5.023102930292070e+01
3.471349470071192e+01
9.469098942107101e+01
2.419345221677490e+00
8.338898093597450e+01
7.876208498085015e+01
1.623128038655560e+01
1.148655359236829e+01
6.210999244922306e+01
3.719172367695334e+01
2.315870277730688e+01
7.856565251879657e+01
8.952119894769098e+01
1.769939713072935e+01
7.627774750640512e+01
1.870808797828298e+00
6.074065573547998e+01
7.833836282526066e+01
9.473483725205755e+01
3.838887104689557e+01
2.714471678582240e+01
3.268797902049868e+01
4.801303150505434e-02
2.789498452464817e+01
9.511015196103145e+01
1.620898224236862e+01
8.484037573674711e+01
7.793417679049735e+01
2.413992198376913e+01
7.838501896634000e+01
2.691902021268337e+01
6.486322188976371e+01
9.306257832472332e+01
7.673192549344708e+01
8.584114866603220e+01
9.447312564331718e+01
5.896014708977199e+01
6.775821050058966e+00
3.219155004815736e+01
3.286326249729063e+01
7.098208976489589e+00
8.295817718978886e+01
1.769604762908818e+01
7.233776136875980e+01
1.683439324462525e+01
3.800773529243084e+00
9.274253658612378e+01
5.540112753184565e+01
6.761917381902187e+00
1.692759279018622e+01
4.127818287409757e+01
3.299714812682809e+01
1.967603746786529e+01
2.729918967341035e+01
6.421165343570135e+01
5.606800525266119e+01
2.559980993419877e+01
9.585098498307680e+01
5.537803008005863e+00
4.717832861802463e+01
8.015463830910373e+01
2.464855505370002e+01
6.473835332539787e+01
6.447139436587290e+01
6.605388995541907e+01
2.275733152532826e+01
8.259142464147480e+01
1.773770945972656e+00
9.448992530558721e+01
5.085368922485676e+00
4.696485448952991e+01
8.166313976126870e+01
5.497991063398304e+00
8.391926441524143e+01
6.097830429718750e+01
5.743030768699493e+01
3.384398707833326e+01
2.333355169898530e+01
7.826336169534520e+01
5.527468070167800e+01
2.905175463717979e+00
2.170255385418541e+01
4.997404029126001e+01
1.524209655599766e+01
4.440750942770742e+01
2.906405894507843e+01
4.898385086515166e+01
7.201405245438872e-03
8.529307971954955e+01
6.964021826611841e+01
6.570515794013868e+01
6.727086508985184e+01
4.620435989750752e+01
6.925449919386510e+01
4.149954125354976e+01
4.147753303008039e+01
4.665782165092315e+01
5.437998699693940e+01
9.272698517550108e+01
6.213035758683940e+01
8.040388523619802e+01
5.387396954646053e+01
1.857061312467354e+01
6.929058263510959e+01
7.680629942417438e+01
5.221124633783998e+01
7.434102970843252e+01
9.938048366428376e+01
5.599859000928634e+01
2.366282251834070e+01
7.582047315119787e+01
6.448729809582574e+01
7.950953011378158e+01
9.813363067718858e+01
7.701998426440171e+01
7.086002136155032e+01
4.559389205909981e+01
8.970348610994569e+01
1.738313902978932e+01
8.346618860190091e+01
9.721671701279316e+00
9.211936862772301e+01
4.500423564808641e+01
5.311524302378076e+01
5.097324724820128e+01
4.659315019221658e+01
9.557318510281536e+01
2.870265693809029e+01
4.452333461703888e+01
8.444444792552126e+00
2.196455948146273e+01
7.177447684657503e+01
5.499104287242100e+01
9.689202285226995e+01
3.605937861653948e+01
5.891013916531118e+01
6.937080960225818e+01
7.963016004284385e+01
4.860548197692516e+01
1.556343353146847e+01
8.076313407195877e+01
8.841400406715181e+01
4.893585427149006e+01
9.291737228302162e+01
9.925431897829023e+01
1.432289630841599e+01
9.586570965864961e+01
5.978600739491452e+01
9.498442569514012e+01
2.228020435305322e+01
4.441381690297919e+01
1.374805407307486e+01
1.356012239752343e+01
1.106465575800494e+01
7.346170026504514e+00
8.587246788007788e+01
5.692703693962052e+01
6.535229425195246e+01
6.025627877575172e+01
5.868988444967655e+01
3.855519995026067e+01
1.148897857008920e+01
7.979767377478893e+01
2.043877393959033e+01
1.068963674394863e+01
5.711634874209592e+01
7.074328072869372e+01
3.592926651981159e+01
4.996061052659555e+01
4.182467741976710e+01
5.357033184430112e+01
4.650260985200415e+01
4.245310283380239e+01
2.891992900004607e+01
9.144461666766769e+01
8.211146373400067e+01
3.430773487049515e+01
7.339572122944320e+01
9.923938089014933e+01
7.391126895039866e+01
2.593510836639214e+01
6.881828749031681e+00
1.465454204690388e+01
7.038931547216573e+01
9.456659937024425e+01
7.364083341026716e+01
8.180117312902640e+01
3.416574966822088e+01
8.506919754905124e+01
7.293224212384422e+01
7.741751497491147e+01
2.362439745274577e+01
9.533543027720202e+01
4.526471753849868e+01
8.339313612477535e+01
2.103875182617397e+01
5.397311228046804e+00
1.953786705599067e-01
7.004742863124582e+01
8.495872853554725e+01
9.614128051145994e+01
1.572097293833316e+01
6.324447903933213e+01
4.639641803055835e+01
5.751705568168175e+01
1.582211368522705e+01
9.600449451059312e+00
7.375840995170103e+01
8.144561703384184e+01
5.850049483520002e+01
9.140458753863562e+01
3.321395434123182e+01
2.177253957920360e+01
4.657655146279212e+01
4.761861937475327e+01
6.681322942805161e+01
4.630594278979392e+01
9.045923319200948e+00
9.330772086666325e+01
3.152104133345236e+01
3.501185338711918e+01
8.685302533528443e+01
6.459021929865247e+01
3.676198815776128e+01
6.972732170006601e+01
5.105618091814973e+01
5.965943637288149e+01
6.097020369999586e+01
6.719658759757718e+01
7.461801165464242e+01
3.030797747443802e+01
3.321043315027395e+01
7.657307706613703e+01
4.101471744525001e+01
4.929732300774069e+01
5.992063798937976e+01
1.740984284198370e+01
4.487665088143044e+01
6.149207491497140e+01
2.354638423935808e+01
2.670445531918875e+01
1.145594781798122e+01
1.045118007364272e+01
4.257444159247654e+01
5.114350330603472e+00
4.682728985642422e+01
5.650192352780230e+01
6.505744772267408e+01
7.576671805035635e+01
9.957572654801223e+01
4.109719448773991e+01
1.451181006362280e+01
2.200923833158297e+01
5.730774223679106e+01
2.846501084438759e+01
4.547882533887346e+01
1.203725622596092e+01
4.398915914073081e+01
6.749621115973974e+01
8.124543967714787e+01
1.069019875055654e+01
4.160556315519175e+01
3.708989803543775e+01
7.636525858024380e+01
6.214366404439493e+01
2.350533265783700e+01
5.250317214639074e+01
9.720203159246688e+01
1.354565588456842e+01
8.857520119686387e+01
3.343317649952750e+01
3.589332775952915e+01
7.289936015051759e+01
1.957843686434367e+00
5.064530412230888e+01
4.185912890446332e+01
8.039721836354454e+01
4.222605947508759e+01
4.212873510184173e+01
8.848456511669073e+01
3.347551405126020e+00
4.190989073454863e+00
5.677841001040228e+00
6.486960205476247e+01
8.847423553861409e+00
8.707676790052874e+01
7.637277691456153e+01
1.341089266976849e+01
4.734571247703661e+01
9.333380162405493e+01
2.382301293491526e+01
7.208257549073667e+01
7.358497244938508e+00
7.649849405349163e+00
3.224111508216761e+01
3.314437709429505e+01
8.601865763124947e+01
8.052009115019818e+00
7.638220702129519e+01
2.770064250924654e+01
9.742364920555784e+01
3.732818809213498e+01
6.191204160540925e+01
6.941647304660476e+01
5.082845923063739e+01
6.207708323471113e+01
6.592286711834504e+01
7.399875837098749e+01
3.279712392613158e+01
9.723863880952757e+01
8.104670088786943e+01
8.480273656770714e-01
2.328607203591898e+01
3.656254510235160e+01
2.383322763435227e+01
5.499920340022035e+01
5.324673887959063e+00
6.467098480308009e+01
3.627363752400206e+01
3.089573091403383e+01
5.805334581902872e+01
9.565186328052164e+01
9.876314452791733e+01
9.227695390222452e+01
8.549924697051721e+01
4.726045720617308e+01
2.542133094995345e+01
2.491517505837380e+01
7.520597822740952e+01
9.783162739958224e-01
1.875044066400753e+01
2.085008766541727e+01
1.743259733423246e+01
9.674859745276561e+01
5.394121103637908e+01
8.892493312662697e+01
2.423865069832590e+00
4.300211679330194e+01
6.855603250142002e+01
6.769254825436163e+01
8.193324654453119e+01
1.544545936186121e+01
1.058676885933930e+00
3.304649099383805e+00
6.010603460488191e+01
4.611477816762159e+00
5.976045032020679e+01
8.976086512662511e-01
8.467105649629192e+01
2.570711640906852e+01
3.049728573788763e+01
3.628119367001634e+01
2.122365018409847e+01
2.991927211634781e+01
7.418096632425718e+01
2.282653810588016e+01
5.387594185484384e+01
8.863089642889373e+01
6.929613084965204e+01
7.589403543430103e-01
7.656423890803207e+01
5.251264812076122e+01
1.472155056648029e+01
3.899460529861721e+01
9.062645481462891e+01
1.754997112674171e+00
4.026505166677062e+01
1.044374760726641e+01
6.128782437242932e+01
5.333609671952952e+01
4.581677682968638e+01
2.871792988326304e+01
8.312377030175355e+01
5.452104269271765e+01
5.314662123711156e+00
8.679786016549815e+01
8.607721891537178e+00
4.594020128526735e+00
1.800930756982849e+01
8.990368130146697e+01
9.977391823184392e+01
2.467672197365981e+01
4.517672422583063e+01
2.895838112056180e+01
2.464701506525605e+01
5.778522135586721e+01
1.992573999796330e+01
3.678342329188410e-02
7.826639408164955e+01
6.994564736725094e+01
7.930890018088226e+01
3.404670159055232e+01
8.474554688890723e+01
8.986494042438685e-01
3.619385693976370e+01
7.372618302410756e+01
7.549712088680693e+01
3.132113978793898e+01
4.614328637073901e+01
7.512889838550653e+01
2.145570876144604e+01
2.488737195957795e+01
1.988523999223730e+01
4.303156865901853e+01
8.364061866125121e+01
8.408730937358332e+01
9.445646949785596e+01
7.105560762391221e+01
3.653096805165102e+01
2.620724128848279e+01
7.827738708736254e+01
9.847010811719584e+01
5.506674309962744e+01
8.206246471128541e+00
9.828738695862116e+01
5.386138667997968e+01
4.099082389892583e+01
1.821312695658446e+01
9.834373146218421e+01
9.468760019852203e+00
4.755232066267744e+00
3.708000077730045e+01
9.942416227395840e+01
4.222229595399568e+01
6.804516262749451e+01
8.785963770368119e+01
9.591774106766924e+01
1.648300020791730e+01
2.660571077214820e+01
2.446625541172282e+01
7.786338607681141e+01
2.817990953483615e+01
2.776222938101843e+01
2.968016631420710e+01
6.941909746705512e+01
1.819057265212320e+01
7.921957116537708e+01
6.387556691834496e+01
8.318700244798652e+01
3.540576642165229e+01
7.817387910474737e+00
7.327167274117082e+01
3.230137565746036e+00
6.197794911543744e+01
3.246430700293942e+01
3.085731478913562e+01
3.046761738623847e+01
3.749095324310053e+01
1.994752475058079e+01
4.892151227636333e+01
2.231558315563741e+01
5.973276666353120e+01
1.279466227292766e+01
7.772873336343501e+01
3.120716820992863e+01
8.237571207917097e+01
1.305980557252644e+01
1.452840166842956e+01
2.278127694631986e+01
7.993195260871758e+01
5.681491403692165e+01
2.932334636772207e+01
4.949955313908846e+01
8.738922345796098e+01
8.045349571874993e+01
7.808724347412922e+01
9.764973544406227e+01
5.558368137831972e+01
7.746608423882448e+01
6.202003781777808e+00
2.307456947074950e+01
1.830415423880525e+01
3.088932783849972e+01
8.526850141830207e+01
6.191926596775617e+01
4.306111379669100e+01
3.185253577858793e+01
4.425467091810641e+01
6.986747522366581e+01
5.198036020248213e+01
8.316168612016443e+01
1.143003055426759e+01
1.067971140643568e+01
6.941625385983673e-01
4.291719898717347e+00
8.043652748709383e+01
1.298449230984994e+01
1.924094549344897e+01
2.414920261322949e+01
9.803687631992479e+01
4.829432147009965e+01
8.176101985469508e+01
