4.703643678083850e+01
9.123303675615836e+01
1.014773259411926e+01
2.685454316756434e+01
5.760078097581900e+01
3.583750912725809e+01
3.921470038556247e+01
7.674790093523818e+01
5.295870097026169e+01
6.228926985631197e+01
9.712724047579209e+01
6.639007491357162e+01
4.755777122804791e+01
4.656399532526918e+01
9.902151399246488e+01
1.045036758782825e+01
3.852046990698225e+01
3.802778745909584e+01
5.385142269257987e+01
4.968550757024693e+01
1.048742039617497e+01
8.254083855195942e+00
5.970904704169791e+01
9.837356731219849e+01
6.886582927259887e+01
2.738474971958657e+01
9.979575020251598e+01
4.014404436580094e+01
6.420472379038330e+01
3.329202618137563e+01
9.974825307715138e+01
7.763105937169449e+01
1.920565637722875e+01
5.668999313222710e+01
4.735202782198415e+01
8.577781733394498e+01
4.573349479852873e+01
4.213815575565125e+01
6.252571826918317e+01
2.388124476367665e+01
6.372675828809233e+01
4.521096062157813e+01
9.027131967724829e+01
3.176607295487359e+01
3.544119355987813e+01
8.929283366971316e+01
9.992937734347274e+01
3.029542585382957e+01
7.777346720815332e+00
5.378079998948648e+01
1.140751410806902e+01
7.701129651489262e+01
2.197778267878004e+01
3.968998041920829e+01
8.381626926540223e+01
3.936892917350350e+01
6.707473018536099e+01
8.361201946791820e+01
8.655882216364090e+01
3.760574941411882e+01
1.158463908898860e+01
3.003186347430193e+01
6.108500033667544e+01
5.528208154965289e+01
3.992784914557257e+01
1.972241127850600e+01
4.105989883703175e+01
1.163734584657352e+01
9.500375636620622e+01
5.568045301161727e+01
3.551859061025017e+01
2.558732527568346e+01
6.848605911642596e+01
2.884291481638463e+01
4.027352358227294e+01
9.266636962660884e+01
9.859247412467025e+01
5.728277557402978e+01
4.293544871869285e+00
6.369820845485581e+00
1.643252503892059e+01
2.942728857948784e+00
9.181252284525544e+01
9.398147356416167e+01
2.477762374318094e+01
8.608564161047603e+01
7.241028741579983e+01
9.707439415951930e+00
5.924081148544364e+01
2.693897766384248e+00
4.731318887663688e+01
4.430852734684410e+01
9.352192855138422e+01
6.254999761588406e+01
9.959060889649699e+01
7.265361038625873e+01
2.978260793247382e+01
9.212478859914690e+00
5.831495433036002e+01
2.478636425211391e+01
4.423612479317753e+01
6.393471321274280e+01
6.972030115766465e+01
1.272218390960348e+01
7.151140881307023e+01
2.707369938822170e+01
5.845071513133623e+01
4.807367364320609e+00
8.435647496225148e+01
2.094298145777685e+01
7.647370378322607e+01
9.542005047920162e+01
8.435523942315729e+01
4.503190389137338e+01
2.846140867493181e+01
2.698794870031436e+01
4.391501859944082e+01
8.716960441654995e-01
3.669538811626629e+01
2.966861684325552e+01
3.382262593778904e+01
3.209898347598453e+01
7.398128065931671e+01
3.629135509780206e+01
4.655857460878723e+01
7.559702669996629e+01
4.412333119852623e+01
8.322717122883870e+01
1.421826077355922e+01
7.253945380101887e+01
8.013535480952605e+00
5.845438561330288e+01
3.647416696719554e+01
7.665965411656521e+01
1.548678298270646e+01
8.143982262417666e+01
6.975795988447869e+01
8.782600610881393e+01
5.154370551535101e+01
4.163659882807946e+01
8.768987520024641e+00
2.801740925201094e+01
1.412642640719490e+01
3.970524805584235e+01
9.630363583392632e+01
7.799589395429749e+01
6.669319675615671e+01
9.356959457209780e+01
8.746528000918462e+01
7.867309622404775e+01
4.337448447168548e+01
8.243318390214498e+01
1.077207965346616e+01
9.721535565201908e+01
4.863246038958079e+01
3.395573642754729e+01
9.295279183096848e+01
9.275579158810703e+01
6.278671988415845e+01
8.500136951217492e+01
6.529524534255977e+01
5.545734961305622e+01
4.345575507891166e+01
1.769412263189169e+00
3.211700368305529e+01
4.295151780496887e+01
8.629766064057949e+01
4.819289960348648e+01
2.458330617499692e+00
3.784136610936437e+01
5.933289875245323e+01
1.122731813752433e+01
7.639450583439064e+01
7.345932515964812e+01
5.664034618839637e+01
6.216241114873551e+01
2.983771359074754e+01
7.863746931712957e+01
3.241614943017073e+01
4.152233267273863e+01
8.202605414298645e+01
4.575555000722201e+01
9.113848749135551e+01
6.942321596174651e+01
6.311131513822419e+01
9.863026444736416e+00
1.713685715437720e+01
2.365282514302657e+01
3.753253088217812e+01
6.458067128648082e+01
8.654194608635359e+00
6.949373584682762e+01
2.003802089953703e+01
6.129113913573844e+01
7.126314811001679e+01
5.215502458259231e+01
6.674227424279893e+01
9.923135088720888e+01
2.854419081869730e+01
6.920060486029863e+01
6.145881985382123e+01
3.085152522234783e+01
9.337069736484936e+01
2.731759516863040e+01
8.269334490536401e+01
5.314969879256082e+00
7.344677214205581e+01
1.253105844954544e+01
5.433075132515782e-01
5.862921525660400e+00
2.123636208532209e+01
6.597849333937211e+01
3.761662176699220e+01
6.103317237507234e+01
9.561165636201001e+01
1.438699882216146e+01
2.223787597484787e+01
1.274851346982108e+01
5.679204382784294e+01
7.667436184206716e+01
7.732918480286803e+01
9.061844814131895e+01
4.616809764232864e+01
9.736720570240506e+01
9.880396826137043e+01
2.955215514151014e+01
4.952223023843124e+01
5.615224417119857e+01
5.316960888596699e+01
1.937355474539732e+01
7.728391703091744e+01
7.486830804258040e+01
4.660969257662524e+01
1.517477026915866e+01
4.194602386185249e+01
2.930303743542314e+01
7.596958427502288e+01
3.142603013265227e+01
7.901927553071607e+00
5.992202342484241e+01
8.877821890114723e+01
6.307045797029066e+01
9.547778907952727e+01
6.090372370598079e+01
7.544530754696825e+01
9.108944544153728e+01
6.468250014105928e+01
3.963390502130329e+01
8.288761604711768e-02
1.842370434590788e+01
1.630826686337044e+01
5.029221486779498e+00
4.941634268007071e+01
4.968595236990878e+01
7.853434932349917e+01
6.095173971771809e+01
7.990761025804449e+01
2.805657956193042e+01
1.376655335247822e+01
3.240771635081978e+01
4.743013430732774e+01
9.438790087326798e+01
4.703614504404187e+01
9.598791235871050e+01
6.368817089297257e+01
8.090704008047797e+01
9.077678070905468e+01
4.101209945092541e+01
2.040819899198050e+01
3.261087659402326e+01
9.341228292016884e-01
4.369530093096910e+01
6.121602769066394e+01
2.683463959341619e+01
4.599024590383761e+00
7.112664206471604e+01
5.528479169834628e+01
6.623068515501483e+01
6.880982558653216e+01
8.821975322823029e+01
7.030088178361808e+01
2.626341591880816e+01
4.028989423079877e+01
1.971722441712265e+01
4.679259776454074e+01
1.882424355429795e+01
5.464828165930150e+01
2.670020797601911e+01
4.246764864887467e+00
7.175226554821816e+01
8.759519219752178e+01
1.911081556189378e+01
6.614016637492001e+01
9.470892967409870e+01
8.058455888209146e+01
3.118268155082254e+01
7.561596975457667e+01
3.748810851829504e+01
9.836870436480675e+00
3.943830711740922e+01
3.972216092037137e+00
7.312890387751577e+01
8.771700602384145e+01
9.965355070291719e+01
9.996354347093195e+01
9.493492101083272e+01
8.216936391879310e+01
8.810040903654900e+01
5.854671576924003e+01
3.959001826103312e+01
5.715731627175460e+01
4.320110527016273e+01
6.585343422640740e+01
9.744721054911949e+01
5.253158479581194e+01
4.180280251512434e+01
7.471001836224926e+01
9.154592891761378e+01
7.986369220533581e+00
6.315227717307967e+01
6.329819441926582e+01
8.458547046621585e+01
9.806759883559663e+01
3.239069801400914e+01
2.596571372168405e+01
7.865215767112196e+01
6.062104234500837e+01
1.581683429694587e+00
5.001349716913583e+01
3.281582330019019e+01
4.101999054710380e+01
5.398571330773910e+01
5.944727131139826e+00
3.305885397505893e+01
3.162479020265154e+01
5.743743034891664e+01
2.799377493932553e+01
2.441945663859111e+01
9.400867959205466e+01
9.050725358096288e+01
6.397148434257670e+01
7.032884176370167e+01
6.863287643931474e+01
2.986290912603164e+01
3.989797860379237e+01
5.530523651060893e+00
7.166571164115598e+01
2.634797684212586e+01
9.707645256867468e+01
6.865598990985006e+01
8.950025401520556e+01
9.849552763555923e+01
1.899436238174995e+01
4.696348851870908e+01
3.088622560300223e+01
4.496007610343401e+01
7.028453660676468e+01
5.043404998743629e+01
1.528858175281835e+01
7.997580565511053e+01
9.331581247659206e+01
2.140600561229792e+00
7.428374708363961e+01
8.919460046533244e+01
7.670962544004881e+01
8.943008351578847e+01
9.510287106740422e+01
4.861437899461686e+01
5.234246763975474e+01
2.091289508198988e+01
3.912163252901362e+01
1.635194253937897e+01
5.944039237659443e+01
3.765932849499365e+01
4.621485166541061e+01
9.933837098038680e+01
4.318985214605455e+01
4.541197882285900e+01
1.394636789986229e+01
3.461876406083757e+01
8.653655321641665e+01
5.946696096075092e+01
3.311429164983066e+01
3.977801354591642e+01
6.430449479459995e+00
6.400051729939902e+01
9.710399568877369e+01
6.942806368201416e+01
4.088800923940168e+01
2.752486328944790e+01
8.972609745791466e+01
2.413788252702816e+01
3.120750530213467e+01
6.400984449498813e+01
1.333248294579446e+01
5.182810935742599e+01
9.193285549615176e+01
8.794328136739475e+01
4.424883054767215e-01
3.159146221894373e+01
9.754690462609143e+01
3.956412083449034e+01
6.062726567528549e+01
4.239838381409569e+01
5.665555068135986e+01
6.444795381484923e+01
5.632566788994040e+01
4.030381256728611e+01
9.859932637708230e+00
7.027203583636881e+01
7.492257662812368e+01
1.125923377054708e+01
7.778318392940945e+01
8.036868277954342e+00
5.103724731646350e+01
7.692671095809280e+01
7.203738557735336e+01
6.327352885309305e+01
2.303727368034295e+01
7.209462750334974e+01
3.590316024418136e+01
3.608087200488936e+01
9.623251003037790e+01
6.711066554631603e+01
4.310626277844713e+01
3.022178235939787e+01
1.893877485717590e+01
9.202357194946313e+01
1.816506372679261e+01
1.938126316265262e+01
3.629889503880352e+01
1.554725152233022e+01
5.894538399714296e+01
9.692616071408902e+01
6.941962399027292e+01
6.095275132029911e+01
3.768277961652856e+00
2.886021632182422e+01
1.256563841019088e+00
7.616002018384637e+01
1.142055891054708e+01
9.241759855878428e+01
3.975019233289650e+01
7.691543604103636e+01
3.317025757076696e+01
1.432291931208359e+01
4.875257222389456e+01
5.625339432445047e+01
5.406096845588691e+01
7.178984590423751e+01
3.647150329149864e+01
4.485936055186175e+01
7.595896747706409e+01
5.719328101593688e+01
9.594150078293938e+00
1.906523020894510e+01
8.741506342190088e+01
2.853292493546983e+01
9.053871766223513e+01
6.026935314772155e+01
6.897087719709188e+01
6.469097703913738e+01
3.260136727830459e+01
6.477581479809052e+01
9.545580097262551e+01
2.020991222011387e+00
1.723630303388289e+01
6.175588847219753e+01
5.745772922293177e+01
6.906888725658361e+01
3.791590860947776e+01
6.887828813347886e+01
6.195979270244008e+01
3.362656656355903e+01
9.574962896096969e+01
2.946403647282349e+01
7.140833790013956e+01
4.450220113829812e+01
8.571743079727396e+01
7.847497466880594e+01
7.298126121656097e+00
3.519131170361830e+01
2.333433522066769e+01
4.357591971921544e+01
9.238459271955519e+01
8.865755176574808e+01
7.994442981665229e+01
7.095144878651548e+01
8.081971350164139e+01
8.336511770420014e+00
8.537978319701729e+01
6.513409831800224e+00
7.302748880955740e+01
1.798115042875574e+01
1.337298188049951e+01
3.464462646965153e+01
5.538855970622439e+01
3.180270848414056e+01
3.004209139851951e-02
3.259992912998420e+01
1.344902581230226e+00
9.390641636862719e+01
8.943550665370910e+00
9.550222027837401e+01
2.753298293218621e+01
6.220260828836010e+01
5.843474551031122e+01
5.194698914510523e+01
8.658998905987943e+01
1.794167152510103e+01
9.706864617628447e+01
7.660193903213457e+01
1.392010083138947e+01
5.375629898801274e+01
9.513305048231643e+01
3.825959192507881e+01
4.760708974097254e+01
1.222884748700487e-01
1.355399219950381e+01
6.206311474650312e+00
8.458800245290062e+00
4.477479413374085e+01
1.271972130645053e+01
3.762886814662668e+00
5.181220069146352e+01
2.609270323351617e+01
1.613091547793286e+01
4.142232329650890e+01
7.278008483014073e+00
1.616095761589751e+01
3.980068948110598e+01
2.073817133006555e+01
3.793386371710052e+01
4.874424019304301e+01
5.303442131403574e+01
3.760035687014477e+01
7.308141052400758e+00
4.247761212404706e+01
4.685493747091616e+00
9.389813011228020e+01
8.868436556713858e+01
1.996930978259505e+01
5.685260033088392e+01
3.455936477266223e+01
1.929493281957458e+01
7.703045903566780e+01
7.281895669774103e+01
1.613945947780249e+01
7.715274755710398e+01
3.049592013959583e+01
3.937302368663858e+01
6.666768904154546e+00
9.431723584156356e+01
1.239717850107568e+01
1.042965571881722e+01
2.708291491823407e+01
1.192075857516413e+01
8.322875233517436e+01
5.715974073724809e+01
1.919876710474434e+01
5.245460916890512e+01
7.408436479702794e+01
4.011917889123745e+01
9.457083889030425e+00
4.126228808484147e+01
2.416204550497329e+01
7.599398269131500e+01
3.377545342490797e+01
7.766067426542783e+00
3.660478677442520e+01
1.402611472365731e+01
2.705894127816844e+01
8.243361631521657e+01
7.087871505454123e+01
1.398325805272127e+00
1.728549088225024e+00
3.116194188183264e+01
1.834025374536414e+01
4.643916475886440e+01
2.506192155418076e+01
9.470695908866216e+01
4.173890573053570e+01
1.067346935657480e+01
8.902419493022570e+01
2.756696107218366e+01
7.777130621381630e+01
5.118980302996459e+01
3.948771969391392e+01
6.100005850242454e+01
8.547347834588656e+01
5.868648679865827e+01
6.038976845349639e+01
5.955784314291451e+01
5.769729216475845e+01
9.457093323328110e+01
8.238644808641935e+01
8.185933766973173e+01
1.690429305513589e+01
2.779600523775257e+01
4.849899525218596e+01
5.124439226987045e+01
7.026456448727500e+01
6.939934476716412e+01
3.367800853852090e+01
1.066731196393599e+00
7.695626238219266e+01
3.540655767331205e+01
4.897590528660263e+01
4.237896904460106e+00
4.037129322084193e+00
7.403782684078340e+01
9.894485603968839e+01
4.577603505261989e+01
6.390907618399202e+00
8.796905092334796e+01
7.334299612480355e+01
5.301178579824594e+01
9.273066324774672e+01
1.283071577215135e+01
2.348266086703291e+01
4.902859406966185e+00
7.151720257080962e+01
8.922097277325623e+00
9.261530427849632e+01
6.934657463307799e+00
5.371928161649000e+01
7.184088033244055e+01
2.617545054581736e+01
7.405794634207055e+01
9.963688557019313e+01
4.506641353716442e+01
2.530233856537488e+01
6.990145001090198e+01
5.023238237492386e+01
5.898034710389578e+01
9.426379953243946e+01
1.487490079127015e+01
9.438690477720783e+01
4.323970477247597e+01
2.248516079154106e+01
9.842403409929203e+01
9.028965681339133e+01
6.661785075749171e+01
3.405499376079766e+01
9.668056443179053e+01
6.026704612200477e+00
4.898595532820837e+00
4.969235023003647e+01
9.875736785994719e+01
3.037378100230069e+01
8.795409099569270e+01
5.918966925665256e+01
1.890983573110301e+00
6.335408443741225e+01
4.602468830813872e+01
8.825641036418100e+00
2.554580183957973e+01
1.786556859401314e+01
3.104968733668779e+01
9.616937655777176e+01
1.750245411764013e+01
2.600955633726416e+01
2.030203101239262e+01
2.670364269367589e+01
5.595651550961496e+01
5.451786185359483e+01
6.681864399780456e+01
8.314516022016535e+01
2.911657436244030e+01
6.420714695202520e+01
7.446301322172536e+01
1.799868569616167e+01
8.148467856528455e+01
9.252066695714400e+01
2.459232701202497e+01
7.387883671274355e+01
9.854737156934448e+01
7.974182003165680e+01
2.357118689621388e+01
9.730473938272556e+01
1.011560103395749e+01
7.800317410286664e+01
2.058207957101151e+01
6.398834943025762e+01
4.135725849371276e+01
4.423245133097863e+01
6.886258622112804e+01
3.327134951635792e+01
1.472997368067968e+01
9.991227355781582e+01
4.910943459212288e+01
3.210683447872606e+01
5.636406645940806e+00
4.974275703995617e+01
7.494019087168397e+01
6.826023946900864e+01
4.050458122068299e+01
9.590763305123320e+01
4.473808232915498e+01
3.337719320942517e+01
6.011478000325840e+01
9.807346812359684e+01
2.391452646065249e+01
5.043627040015360e+01
9.059413503417471e+01
4.027667331522176e+01
2.431510706633102e+01
8.914150655695308e+01
7.799777601752326e+01
7.301790121617630e+01
8.644624589311249e+01
8.142800162612834e+01
8.916928576732488e+00
1.169666527383806e+01
4.214067894133770e+01
1.664247625351067e+01
5.592911665138281e+01
6.297290458482360e+01
7.545109995428990e+01
4.850356134050692e+01
1.419121069563144e+01
2.456053454641278e+01
8.061039581923298e+01
9.253319785582516e+01
2.909730879082219e+01
9.383582933518841e+01
6.079343727826767e+01
3.335792763780706e+01
8.974346233985548e+01
2.615862177971686e+01
4.046118289253729e+01
5.968851505764226e+01
7.652702507401213e+01
1.853910140625159e+01
1.012478541122972e+01
9.914360004437324e+01
5.881577472147335e+01
1.653066557670509e+01
2.886577543284082e+01
1.715427679808544e+01
8.232618648667177e+01
1.998036118223349e+01
9.858227842421377e+01
9.846549541617999e+01
3.167702645607154e+01
4.399862943403360e+01
7.546238111120761e+01
1.971879784004707e+01
5.827756661841532e+01
5.091348101893136e+01
6.822235918055398e+01
7.883021891062624e+01
7.547401556534415e+01
7.716087190302130e+01
7.136341671988528e+01
7.347365793468136e+01
4.895388933315589e+01
3.215685395158680e+01
9.573333454119663e+01
6.074016348493293e+01
1.656074608515983e+01
3.619451743373392e+01
1.059840578148067e+01
7.640258105304213e+01
5.473361883998551e+01
5.217706693903406e+00
7.554618105084923e+01
3.372854554733659e+00
1.858677217671032e+01
3.432260324914130e+01
9.238366153667852e+01
8.135338969591697e+00
8.298185085085306e+01
1.910940977703287e+01
3.019944016365309e+01
5.606934412199508e+01
6.310803921106645e+01
5.661821228294550e+00
4.367548722944943e+01
6.654301107234461e+01
5.657530229379204e+01
1.940720622400157e+00
9.385438319009467e+01
3.204931781257005e+01
5.575379592168788e+00
8.615077784571368e+01
4.580610433863760e+00
5.009829367049890e+01
4.889350060787680e+01
1.141219600635217e+01
8.993367519692224e+01
6.545424673960277e+01
8.497890247263895e+01
8.502659647959592e+01
3.614584898396668e+01
3.406217300056581e+01
9.024430317349932e+01
3.660195457590834e+01
5.256811080154409e+01
4.207974166706192e+01
1.610398647193983e+01
7.309524220092932e+01
5.188568795653325e+01
4.049630413786336e+01
9.220465202452831e+01
8.208512816675247e+01
2.270787634081574e+01
9.380831708843276e+01
8.774694939504701e+01
4.024113548930787e+01
6.035132811421124e+01
4.432225164227292e+01
6.797076653128991e+01
7.055268016203897e+01
7.637156950140911e+01
2.128344859056335e+01
5.670345800775264e+01
9.428873196909611e-01
2.807541500221725e+01
1.657116995964719e+01
6.690630850703749e+01
1.800909015257335e+01
7.631443793713788e+01
9.733398584524821e+01
3.035686585603136e+00
1.301305043185737e+00
4.652924204549252e+01
9.327998975910245e+01
2.415231690935433e+01
2.790860223020827e+01
6.922977341768787e+01
8.827817397577602e+00
6.790383028234534e+01
1.944485400777536e+01
8.075260756572365e+01
6.439724702592811e+01
7.626076898363453e+01
7.731825582558209e+01
1.970993821495675e+01
5.478548996838997e+01
9.667024426007190e+01
9.640823523346718e+01
2.004081430846863e+01
6.464101074479566e+01
6.696091539550615e+01
1.640309119429583e+01
8.102469597059520e+01
9.159649009425030e+01
8.936575036000728e+01
5.240643818509133e+01
4.023554331633986e+01
5.627205882047864e+01
8.427166197647884e+01
9.976014741685249e+01
2.506921488096435e+00
8.730734856208198e+01
1.061452413472092e+00
7.356428977733678e+01
6.543373151935346e+01
5.316258503737048e+01
1.071255943305444e+01
3.769230285551972e+00
9.341888846523076e+01
7.861638971539978e+01
7.883681029958501e+01
1.052675550362410e+01
9.251484651701285e+00
3.036912788188510e+01
5.148975176340424e+01
9.092687107200122e+01
8.515461785027507e+01
6.904914303172805e+01
2.536965810012522e+01
7.011108499491172e+01
5.728011292278772e+01
2.347288374950778e+01
3.570456357472789e+01
9.815086289222858e+00
1.506937384375807e+01
2.507031388816904e+01
6.222152447431419e+01
5.623049012209778e+01
6.864556375362238e+01
9.684816198276735e+01
7.278047137557550e+01
9.568061148546664e+01
3.513186175149487e+01
7.884216908311572e+01
6.665325144615642e+01
1.389619028842831e+01
5.495332454096214e+01
7.736581087921085e+01
3.522909816132351e+01
4.837221295962679e+01
5.598220054804450e+01
8.933745705957406e+01
2.254370889744894e+01
9.601226616465127e+01
3.249174921423744e+01
7.403346066085317e+01
2.497368903130931e+01
4.861202698601970e+00
6.473412614536198e+01
5.034334713143453e+01
8.349201007908769e+01
2.201423902158357e+01
4.267392058049977e+01
1.919657365381558e+01
1.748150876605953e+01
2.765639942495916e+01
4.426688754198462e+01
4.390960472817980e+01
1.489935746178932e+01
3.924522369133552e+01
2.521285378616901e+01
8.767982888393097e+01
9.458554493942556e+00
7.588962846244203e+01
8.947056838752263e+01
4.170736299907200e+00
7.241789618153959e+01
8.010673540649319e+01
4.607728014051787e+01
1.168431980148159e+01
9.279610588811157e+01
9.459817320788193e+00
8.658554762908516e+01
1.533981473899438e+01
2.885032777155299e+01
1.907729679675647e+01
9.392733596913858e+01
5.382401680286230e+01
3.245822188093244e+01
5.866146211450057e+01
7.720017497297384e+01
1.595023196002014e+01
4.328873057071527e+00
4.684128446823046e+01
3.514680561383572e+01
8.601695335750327e+01
5.510151807922009e+00
7.941369315582034e+01
7.736856019001853e+01
2.040950926971133e+01
5.022953406452645e+00
2.581413976187545e+00
6.578253818013824e+00
1.448150790039520e+01
4.657395321250611e+01
9.755990649459879e+01
1.624281248834115e+01
2.302917485266420e+01
4.198379937651744e+01
6.232009267542515e+01
2.360433271322601e+01
3.477990521806288e+01
9.515815428232688e+01
1.018988029574504e+01
1.652330132970740e+01
6.840237652342878e+00
5.646363331771624e+01
1.045063729884598e+01
7.783249881017605e+01
8.205319781883304e+01
6.911209941334656e+01
8.199986269790674e+01
1.769939713072935e+01
7.627774750640512e+01
2.884114711957106e+01
8.500075460644474e+01
4.794501040500822e+01
7.935724629990628e+01
2.290177197330714e+01
2.531357054846062e+01
5.476080824377053e+01
4.801303150505434e-02
2.789498452464817e+01
6.285014635084669e+01
1.174059096339186e+01
8.899810439394699e+01
7.793417679049735e+01
2.836290170828016e+01
3.250871171825971e+01
2.691902021268337e+01
4.640483541712391e+01
4.612345301831302e+01
3.717375739345968e+01
8.584114866603220e+01
5.631333331405806e+01
8.729347735051694e+01
6.775821050058966e+00
5.942111125188931e+01
2.678647270742174e+01
8.768212948352198e+01
4.730590942655965e+01
9.873534715675532e+01
6.968199213486258e+01
5.917370620145169e+01
7.501309461659430e+01
3.574218397761797e+01
3.780397690730354e+01
3.730779538737042e+01
1.509943023095812e+01
3.004010656384756e+01
4.074242908542158e+01
1.757724504805041e+01
6.712424576614249e+01
6.863741361006974e+01
5.048539277654393e+01
7.924433498608150e+01
5.763551795745060e+01
4.567490473653883e+00
7.607236647795530e+00
8.015463830910373e+01
3.148651068633725e+01
9.829023107806697e+01
2.627809128085062e+01
5.046305514427976e+01
8.413137969753303e+01
8.259142464147480e+01
9.122983128355342e+01
9.398101032431285e+01
6.817193504803438e+01
6.454300515565230e+01
9.619201719583572e+01
1.547784442802791e+01
5.750982712838325e+01
5.134513189613127e+01
4.045938478804165e+01
3.829144683586966e+01
4.986827115056490e+01
7.826336169534520e+01
7.559924226980621e+01
2.086216896812532e+01
8.303468212626628e+00
5.128296513635804e+00
3.843941406274188e+01
3.560265788603697e+01
9.756293445712092e+01
2.086334848816663e+01
2.229097137334336e+01
7.437894357106599e+00
3.175879406358991e+01
1.601612396352744e+01
8.759253266621033e+01
4.504809181440999e+01
3.794644821339587e+00
1.387062390049483e+01
5.422324922598118e+01
1.231981875017277e+01
9.646204854196965e+01
4.545308046296848e+01
8.599867438245504e+01
6.463398354343791e+01
9.781068456257259e+01
8.219069153172461e+01
9.669332397016387e+00
4.277668704408067e+01
5.221124633783998e+01
7.434102970843252e+01
9.938048366428376e+01
8.917737183588434e+01
8.318718768804669e+01
8.192896008581341e+00
7.192008112180982e+01
7.138042620913146e+00
8.010802240115964e+01
4.229803683343253e+01
4.274070050695013e+01
7.767095681171443e+01
6.316138532159915e+01
2.444718620946965e+01
7.714806603134986e+01
5.198851411789121e+01
3.339926303988288e+01
1.104806163862723e+01
5.311524302378076e+01
3.719390786122247e+01
4.659315019221658e+01
7.338492249761937e+00
9.485365212655331e+01
8.674080948659257e+01
6.874709747207682e+01
1.154481107906663e+00
9.157318160476777e+00
3.805843267499397e+01
8.911844994366098e+01
5.814832172270320e-01
8.083511971907463e+01
2.842755058241428e+01
9.840358844883907e+00
4.860548197692516e+01
1.760492237173250e+01
5.810970056714010e+01
5.679837798550650e+01
8.591340830824963e+01
1.721927892287228e+01
4.615623678367410e+01
3.188976367557876e+00
1.937549375899857e+01
5.978600739491452e+01
9.498442569514012e+01
4.382267996846823e+01
3.191460153642791e+01
8.990460503376303e+01
9.816807424564290e+01
4.798213501832547e+01
2.987287618679594e+01
8.070190757545731e+01
1.416654983263768e+01
9.797952161076456e+01
7.523264325001865e+01
8.131609469713462e+01
3.409939167746315e+01
7.671004076335115e+01
7.222824547077913e+01
6.571736189802986e-01
8.682599742283392e+01
5.711634874209592e+01
6.966464667099744e+01
3.592926651981159e+01
6.695670758697983e+01
1.827012864792260e+01
1.186096366115891e+01
7.563164079358413e+01
7.506850663342910e+01
1.385967154701225e+00
2.306122105711196e+01
2.122474341710319e+01
3.320900748167606e+01
4.243671481611054e+01
9.923938089014933e+01
1.764617758693461e+01
2.593510836639214e+01
3.617345422328145e+01
5.517196392415649e+01
8.442746898365556e+01
4.561080646031108e+00
4.797091435080902e+01
8.180117312902640e+01
1.872763047866879e+01
1.332320855619535e+01
5.703381633247893e+01
7.741751497491147e+01
9.456360917285252e+01
1.739497688477625e+01
3.227521457349658e+01
8.339313612477535e+01
8.322346759178836e+01
2.381066234028463e+00
5.305778279577279e+01
7.747950883464864e+01
6.933777382100828e+01
7.132791144369538e+01
1.272957553748487e+01
4.496941461459241e+01
4.639641803055835e+01
4.164950453753094e+01
3.641403123569397e+01
2.850675742538029e+01
2.393544713218484e+01
2.415706283606452e+01
7.416237684626243e+01
9.140458753863562e+01
1.041645757407716e+01
1.261819378129123e+01
4.657655146279212e+01
4.761861937475327e+01
1.717927442732233e+01
1.819783273069087e+01
2.941979245721353e+01
2.680605623256697e+01
3.152104133345236e+01
8.645360883625858e+01
8.685302533528443e+01
7.894364161367697e+01
1.805321607648079e+01
5.858913741940127e+01
2.702341546631577e+01
6.721518797204605e+01
6.097020369999586e+01
3.407181754432238e+00
3.693824272460222e+01
7.703036795231996e+01
3.512224277254298e+01
4.966781826208710e+01
3.568949486859585e+01
8.492091707183090e+01
9.131732284618417e+01
1.740984284198370e+01
5.268238412806875e+01
6.507573275131907e+01
9.810374751598748e+01
8.042852244359838e+01
5.648032024338856e+01
5.526923921784039e+01
4.434811498240946e+01
3.056871659614552e+00
4.682728985642422e+01
5.650192352780230e+01
2.331218310786047e+01
6.800592880137541e+00
1.922935294882830e+01
3.162847595830843e+01
7.458832071842083e+00
5.733248314696014e+00
6.237414468190360e+01
7.364600388037321e+00
6.432238578066341e+01
6.080028147473945e+01
2.678873177002591e+01
4.942380127004525e+01
6.420746322917168e+01
5.544924226377590e+00
5.560056690853116e+01
8.223403607599160e+01
7.364158917853683e+01
6.214366404439493e+01
6.715495310125638e+01
5.250317214639074e+01
7.955350693294476e+01
7.618771683247188e+01
1.757890485114367e+01
2.112041256442685e+01
5.661623922950413e+01
7.405922509453224e+01
7.310377586311837e+01
8.572413599385142e+01
7.711609680071292e+01
9.194109267179904e+00
4.222605947508759e+01
7.853721076554488e+01
9.668370121935554e+01
1.261700387700321e+01
4.190989073454863e+00
3.419049067152221e+01
1.869938216111594e+01
6.656513375535846e+01
7.799150230269484e+01
4.690522004240435e+00
2.794758264345470e+01
8.649127063643712e+01
9.333380162405493e+01
8.678762032035162e+01
6.408932170089768e+01
1.978797079985401e+01
9.148475187434106e+01
6.567778399478541e+01
1.646163734442630e+01
1.499008448561192e+01
9.814247772942413e+01
6.148514173062758e+01
9.117780131808379e+01
1.336572305921732e+01
8.260555434162056e+01
2.275127872021463e+00
6.347640038629826e+01
5.082845923063739e+01
8.799926386587288e+01
1.870142799741655e+01
6.002256854438343e+01
4.214604564111031e+01
9.723863880952757e+01
5.670626971717284e+01
6.486021124984147e+01
3.060907392325302e+01
2.733317163183036e+01
5.228347519984631e+00
9.775637513853441e+01
5.324673887959063e+00
9.918869524225066e+00
3.292928903034390e+01
8.275635460519993e+01
1.070623365729406e+01
1.785900356148323e+01
7.479254942144851e+01
2.548565935598950e+01
8.873856565390646e+01
4.726045720617308e+01
4.194729670041581e+01
2.433383992143620e+01
2.503880030710194e+01
9.783162739958224e-01
8.078881608358995e+01
5.197853415830924e+01
5.651653532707902e+01
8.306394395561141e+01
1.545493449804137e+01
1.222586543868569e+01
1.206407645347718e+01
3.634509110653079e+01
8.786626131640108e+01
1.288531069312492e+00
3.139500125841936e+01
6.823976317804295e+01
6.614874231915397e+01
7.872624610491388e+01
9.557293480987332e+01
7.137708983913859e+01
5.976045032020679e+01
8.976086512662511e-01
8.129595940992979e+01
1.506740879969085e+00
5.822299330412550e+00
1.051426902902977e+01
3.323411570546875e+00
8.077885940707236e+01
4.100847348617784e+01
1.266716700637116e+01
2.803931656667931e+01
8.863089642889373e+01
3.487739089637873e+01
5.307811687378125e+01
8.960921270288956e+01
5.251264812076122e+01
7.347416513295573e+01
8.386182910011235e+01
1.581832986130301e+01
2.713146187697140e+01
4.180260330522555e+01
6.979335871049825e+01
6.128782437242932e+01
8.395395585519911e+01
7.108188977981075e+01
9.268282567741480e+01
7.419227155586344e+01
9.106570006863480e+01
5.468690085908720e+01
9.931323588793781e-01
7.350130340713137e+01
1.444735113272786e+01
2.405907717722425e+01
8.990368130146697e+01
9.991175918835764e+01
7.683997651414944e+01
8.382360785446298e+01
2.510604063286727e+01
5.761883592122180e+01
2.483208129407469e+01
1.590233771870953e+01
3.158140742759286e+01
7.826639408164955e+01
5.290334464651688e+01
9.127940069477978e+01
5.611687808116753e+00
8.561185434721962e+01
2.955928027143668e+00
2.631700878325710e+01
8.434200528279972e+01
7.549712088680693e+01
6.811961208848265e+01
5.413536394673184e+01
7.512889838550653e+01
6.951516725566013e+01
3.120925730616285e+01
8.405803995395920e+01
4.370743876495745e+01
6.244788573237503e+01
6.399904757924334e+01
6.018036327333206e+01
9.577626073536290e+01
5.319229189920811e+01
7.822676658547798e+01
6.908559951422997e+01
7.025708750367960e+01
5.506674309962744e+01
5.290920732212682e+01
9.536312813654688e+01
9.137250114761875e+00
2.984613181550341e+01
7.224155951861366e+01
9.834373146218421e+01
5.600768269785106e+01
2.514490411856440e+01
3.199805823713451e+01
1.228757994821648e+01
3.056089688584250e+01
3.495398626427818e+01
3.860458873147359e+01
5.179521951442362e+01
6.504137621495937e+01
6.724200773390103e+00
2.446625541172282e+01
5.641659049150375e+01
6.169266023751938e+00
3.212120576394778e+01
3.011730440432081e+01
7.121147819385467e+01
5.439616309217929e+01
7.921957116537708e+01
9.457727595911234e+01
8.318700244798652e+01
6.049104903847493e+01
6.333692426017342e+01
4.414629132679956e+01
8.551591405901867e+01
6.197794911543744e+01
7.216723061733285e+01
4.185513576579054e+01
7.737093008000913e+01
4.990851918696823e+01
1.409669523783806e+01
7.571466154219334e+01
2.231558315563741e+01
5.691968116765827e+01
1.279466227292766e+01
3.460316310385389e+01
6.980249628881108e+01
7.878590127396672e+01
7.320775183532749e+01
2.159771580323470e+01
8.687265370361165e+01
7.993195260871758e+01
2.250966421445350e+01
8.678910820129751e+01
6.145182459682776e+01
8.738922345796098e+01
1.690641255905219e+01
7.932334033740840e+01
9.027033070580584e+00
1.993806940500535e+01
5.905805298083371e+00
5.919945689812277e+01
7.151381358109127e+01
2.033378981069373e+01
7.845748019332881e+01
3.786584643547695e+01
3.122067862712809e+01
4.306111379669100e+01
2.837321475538109e+01
6.239007099642887e+01
5.332299044976150e-01
9.381767748567168e+01
3.810473249205609e+01
6.449431789316903e+00
3.305927684207413e+01
5.089939476498374e+01
7.398500418010401e+01
2.861773084319091e+00
3.678755077383833e+01
9.261346393852190e+01
9.798357142041604e+01
9.985714601346159e+01
4.789602246503161e+01
4.696915314857343e+01
