5.531193737653640e+01
2.613946237887231e+01
9.858271372438536e+01
2.475741599907978e+01
7.186541895934633e+01
3.230534216030750e+00
9.561393414419793e+00
9.686150806809846e+01
8.462508469104073e+01
3.371770304335174e+01
3.389001406444703e+01
9.047133596170291e+01
5.192950058352645e+01
8.406492349880976e+01
1.160769118536622e+01
1.790409163474296e+00
7.670932164262483e+01
7.723104249557063e+01
6.243072783687652e+01
5.457194389522632e+01
3.328434873059594e+01
7.853169742903286e+01
8.135391766268476e+01
2.005809448662125e+01
6.326935326832782e+01
3.166636253319045e+01
7.902900668747212e+01
4.014404436580094e+01
9.529029330950711e+01
3.329202618137563e+01
3.792733086176558e+01
8.947188900293405e+01
3.252825482400519e+01
5.668999313222710e+01
8.117597740198298e+01
8.741547804671129e+01
3.974057880218167e+01
6.639777508862214e+01
5.419078704630527e+00
8.507418543336642e+01
4.885599801729247e+01
3.930909276907756e+01
9.027131967724829e+01
5.204497871550032e+01
8.341328198249139e+00
9.711657813615938e+01
5.383538792554074e+01
6.381491504787231e+01
8.381395283332745e+01
2.647621041465375e+01
4.274527856276617e+01
4.968471366431784e+01
7.186968246096265e+01
7.300920857722369e+01
2.746772511278639e+01
4.641477779783997e+01
4.675571110414142e+00
1.246542977749623e+01
3.897964667481354e+01
7.294457642032978e+00
5.956164089011104e+01
7.472364747651092e+00
6.371301904493618e+01
9.646796816795504e+01
4.398240933380202e+01
1.417265274290585e+00
3.298149566770601e+01
8.372298813598370e+01
1.128677148897516e+01
1.044461750911764e+01
1.703175083595875e+01
1.140224962094903e+01
8.304220837682588e+01
5.768224208507792e+01
4.027352358227294e+01
7.039020749292811e+01
9.715206180566552e+00
1.728261621542397e+01
5.072082013390996e+01
9.831245429735279e+01
4.184246954593922e+01
1.570105897993830e+01
4.989463768428873e+01
4.876673447376431e+01
1.292713499298651e+01
2.034792696142007e+01
1.704399553921260e+01
3.433336952437338e+01
8.956965542844016e+01
8.658902947166423e+01
9.104714025326406e+01
9.821455781264909e+01
9.406139426588146e+01
5.340846211342535e+00
4.559926443994011e+01
3.805424647315137e+00
5.022984261169556e+01
5.062480329099335e+01
2.176679168910104e+01
1.673448105190624e+01
6.106942080011098e+01
2.867986235240468e+01
7.291886372161976e+01
1.082313107830618e+01
8.972462350024125e+01
3.636609205806911e+01
5.446576040911757e+01
4.153192557465840e+00
5.364870827349309e+01
7.912542702589437e+01
8.641398739368374e+01
9.740753495013692e+01
4.559754857122784e+01
8.276287977712363e+01
6.647130114327710e+01
7.744379433684227e+01
3.567121463626214e+01
6.321826496311382e+01
7.183840399227962e+01
2.966861684325552e+01
4.980729443477806e+01
7.331006902889817e+01
8.558780117220608e+01
1.730725519233721e+01
5.874583723896455e+01
1.997143077662747e+01
4.412333119852623e+01
8.322717122883870e+01
7.059623406762083e+01
1.284662667328800e+01
8.013535480952605e+00
3.713835256040951e+01
1.154795820431223e+01
4.341115762638448e+01
4.248878589947186e+01
2.619879046743679e+01
7.140013020085178e+01
2.643964347729443e+01
1.742198686926718e+01
3.342595795794668e+01
3.571418106356365e+01
3.897836992469541e+01
3.083349286151747e+01
6.909695503725528e+01
8.602422852349664e+00
7.700776228541871e+01
9.843361503371672e+01
9.356959457209780e+01
4.022602724853252e+01
1.021077884836624e+01
3.921685905159305e+01
2.553302544426779e+01
6.361576987598826e+01
2.957425882554346e+01
5.134028552628136e+01
6.421664294983104e+01
7.078310869204957e+01
3.989773836913413e+01
8.383204177200425e+01
3.445433864111748e+01
6.529524534255977e+01
5.545734961305622e+01
6.611999350884929e+01
6.197161272259970e+01
4.524073845019598e+01
9.246545615255155e+01
9.302236609767301e-01
8.788287271181256e+00
2.458330617499692e+00
1.519078603721726e+01
5.844394604603013e+01
9.656249210078384e+01
5.567264047249809e+00
8.438885290380048e+01
1.064441307012197e+00
3.140994120920540e+01
5.405705271012013e+01
1.947951764775418e+01
5.844332443477741e+01
6.511228394932686e+00
3.637419964018008e+01
2.795783194152537e+01
9.654455007824328e+01
9.998996951616833e+01
5.793962984249909e+01
3.044656032251500e+01
2.235157653798888e+01
2.477561329713818e+01
4.626106282056359e+01
2.944367547959261e+01
7.015694904614098e+01
7.040876321047953e+01
3.756306405997046e+01
5.210994968754703e+01
2.772646184439140e+01
5.215502458259231e+01
9.231865214757559e+01
9.923135088720888e+01
4.606339230484487e+01
1.679894897006403e+01
9.744666833311631e+01
8.422111681859062e+01
2.655586829714285e+01
8.128436751723493e-01
7.028197300167847e+01
1.440393566824679e+01
4.205397402031998e+01
8.723261081019072e+01
4.056735646006063e+01
7.342585505611537e+01
4.629498531403718e+01
4.269144211089772e+01
5.951152935601376e+01
6.103317237507234e+01
7.693152561640903e+01
1.554662395061302e+01
7.328609571479545e+01
9.928310220096405e+01
3.803982396518803e+01
4.106066238184491e+01
5.297196561143359e+01
7.908775218719978e+01
1.146942554575830e+01
8.490409799148519e+00
1.536469464905779e+01
1.302846950154214e+01
9.249592483625557e+00
2.754003462732771e+01
7.044188402148052e+01
3.502676325618604e+01
8.458695243326339e+01
6.788855235459681e+01
1.924788002821052e+01
2.685869118518135e+01
8.259770417706935e+01
9.274643580091485e+01
4.177134267136983e+01
5.825910971418913e+01
3.253019267345321e+01
8.182998336005490e+01
2.615196398745848e+01
6.124861308431654e+00
5.877153946029560e+01
2.753565093853308e+01
5.648649551742081e+01
3.570306503013850e+01
4.400817046128594e+01
9.495080909456630e+01
5.888206467911697e+01
2.722324059681187e+00
1.449796753679307e+01
8.795813279597002e+01
4.941634268007071e+01
6.568864004951372e+01
9.737951424782142e+01
4.147093605318616e+00
1.282844469548596e+01
2.805657956193042e+01
6.439751017112168e+01
5.451359970239624e+01
4.072489833493014e+01
4.851340062381392e+01
7.143851484704693e+01
2.971043830258326e+01
3.144076267790085e+01
9.663199740305171e+01
5.271921411748939e+01
7.270338957789512e+01
9.049339922633646e+01
5.509116633566617e+01
6.871755727041399e+01
8.065985705734224e+00
8.959842514693663e+01
1.330491230511335e+01
7.559907248970077e+01
5.293394529862979e+01
6.209553599455187e+01
1.960724290442059e+01
8.069010715963789e+01
3.976262409228954e+00
4.606012713446288e+01
9.518807474299710e+01
7.195227731575829e+01
3.484252604415758e+01
9.498804993694093e+01
3.026510171138919e+00
6.793753531199765e+01
7.008125268392324e+01
4.688082311622836e+01
7.275236415339278e+01
5.083410043773898e+01
1.482385327798494e+01
3.021748928828979e+01
9.470892967409870e+01
8.423237413365040e+01
3.940996399121823e+01
6.024741724145013e+01
2.751584575861499e+01
9.836870436480675e+00
1.150258821970904e+01
6.707710803815961e+01
5.657046430584531e+00
7.294234878986252e+01
6.845405090993924e+01
8.435970743044955e+01
8.543985434129828e+00
6.257913539306220e+01
6.532200359055865e+01
1.677523232846299e+01
7.890224371985637e+01
1.937818900653077e+01
9.096959288742839e+01
3.845731724913107e+01
4.523066936304359e+01
2.514060704276925e+01
8.128616129108060e+01
1.627145405685131e+01
2.046912010780960e+01
4.126186172536661e+01
7.083931056356025e+01
6.061720869532656e+01
3.591955967057476e+00
4.222966606832559e+01
7.377814463050018e+01
5.736638463910967e+01
1.702629770945120e+01
1.556803370619567e+01
4.032872600496222e+01
4.454214346806619e+01
2.768138722874289e+01
5.205089089090512e+00
5.730739601762378e+01
9.432811368924013e+01
3.305885397505893e+01
3.414723329904826e+01
7.427975236171845e+01
8.669142331308286e+01
7.144937411483814e+01
3.239368369448635e+00
3.160088906604838e+01
3.999561124481056e+01
1.619312894353323e+01
8.314087264386046e+01
3.261254156595680e+01
1.099166833376124e+00
5.033591885600980e+01
1.189829558688137e+01
5.440602463409585e+01
1.318433941955880e+01
8.773757838073074e+01
8.181183737787038e+01
8.137320782121887e+01
5.675211327930545e+01
2.404150339962985e+01
3.088622560300223e+01
4.496007610343401e+01
6.624395985447055e+01
7.309931124239196e+01
5.444722392337733e+01
8.560994462371335e+01
7.806984245687251e-01
8.756175012679851e+01
1.314738309623086e+01
5.386231939953859e+01
9.538194467098543e+01
8.943008351578847e+01
6.938856447552729e+01
2.449117415793760e+01
4.129225250393723e+01
2.091289508198988e+01
5.609206322398599e+01
1.378655383074030e+01
7.267664027059294e+01
7.866254517746276e+01
1.222781413804172e+01
8.992022866845141e+01
3.977278696362524e+01
4.137777864997172e+00
4.432625325598114e+01
4.022948538895207e+01
5.729793517724515e+01
2.479095832667824e+01
7.063426015462460e+01
1.004513912370668e+00
5.017959403348137e+01
6.400051729939902e+01
4.243905406558842e+01
3.832329112958317e+00
2.168810578141739e+01
8.261577029834305e+01
7.685733971970963e+01
5.301398036676178e+01
4.226808326424476e+01
5.411619700217442e+01
4.812279248057063e+01
8.006783415566562e+01
1.172852931159014e+01
1.751135690953180e+01
8.310773441712732e+01
3.159146221894373e+01
9.013928975450773e+01
6.065107153758922e+01
5.689519818727635e+01
7.896035154301690e+01
3.931361666848586e+01
6.444795381484923e+01
6.888058016490218e+01
6.635876268444525e+01
8.079401081464906e+01
5.598382095619283e+01
4.018395395958049e+00
8.153357057903594e+01
9.345130663991500e+01
1.540192599194214e+01
9.515340938007152e+01
2.188123139640373e+01
7.324911936803215e+00
7.879521673489140e+01
7.028718612635842e+01
5.955819387899628e+01
6.292631098205518e+01
5.762925285735599e+01
7.719400109592546e+00
6.711066554631603e+01
7.740393317183663e+01
6.069496672632869e+01
8.526222840196557e+01
7.424318738013655e+01
9.552428610414466e+01
8.982123671556880e+01
1.732812063644087e+01
7.946423780148115e+01
5.047230820659190e+01
2.916863096373557e+00
4.730596488681900e+01
6.095275132029911e+01
6.630008754613813e+01
1.133198394036479e+01
5.614468755952301e+01
8.674037851707097e+01
5.932665646976169e+01
6.273293558635420e+01
2.483232441583291e+01
6.873830243420707e+01
9.092387686992245e+01
7.697431877114546e+01
5.826282042929103e+01
6.919660557489684e+01
5.728485945485758e+01
3.903473352037125e+01
5.780698268572194e+01
7.720228907521921e+01
6.096160554371849e+00
7.037915693148000e+01
3.453255558131848e+01
1.906523020894510e+01
3.107412361124257e+01
1.066779299204601e+01
4.831110683656814e+01
9.280447200536935e+00
5.164476588910667e+01
9.318449101093435e+01
7.762606054433904e+01
5.096133786764058e+01
2.247462576370436e+01
2.493202538459191e+01
4.074726274271833e+01
2.842099346612627e+01
4.111857043631309e+01
1.771232393463716e+01
3.626101209607954e+01
6.691045251996744e+01
5.962488588859555e+01
3.999369635246401e+01
3.925025124999241e+01
5.054876271195187e+01
6.625894679048049e+01
1.118352981805034e+01
4.879755147211139e+01
7.425287457846704e+01
3.654780515308855e+01
6.604534111267204e+00
9.446404501537981e+01
3.321179153081579e+01
9.238459271955519e+01
1.986960960546024e+01
7.279710987247393e+00
8.057814607423644e+00
5.859922178024390e+01
5.559081787038167e+01
1.733826180796058e+01
3.102643225855494e+01
9.545862953898433e+01
3.244851037508273e+01
4.609552633301146e+01
9.091443046504372e+01
1.989634773689152e+01
8.118530529606403e+01
9.967092811114664e+01
6.101491817320460e+01
5.794770860017636e+01
7.875438089424482e+01
3.152686698898993e+01
1.319042407590450e+00
5.482599640024174e+01
4.667133588654517e+01
2.980063167857035e+01
3.192029252272113e+01
2.082237076052575e+01
7.357320127709453e+01
4.604688610231825e+01
4.837995024788191e+00
8.520271730851509e+01
4.051093107113192e+01
8.524214647954430e+01
6.065293683700866e-01
1.319329850990013e+01
6.449295071162886e+00
7.024422295868592e+01
9.091794327409842e+01
9.203153666669109e-01
4.161017003544148e+01
1.271972130645053e+01
4.969562424798292e+01
8.254680716551226e+01
7.366397579836844e+01
2.094555884643717e+01
4.142232329650890e+01
2.286211835353734e+01
2.061648691101768e+01
6.345807307560838e+01
4.629416160578567e+01
3.544878695879541e+01
4.534468042913111e+01
2.554603057240417e+01
8.560550980530935e+01
2.406273178014100e+00
7.800067806523326e+01
4.685493747091616e+00
2.322864393853985e+01
6.478378202988942e+01
6.367396137848216e+01
3.889024315350235e+01
3.455936477266223e+01
4.862661200977239e+01
2.163633630687200e+01
1.383271828006614e+01
9.007152639798425e+00
9.836251162847621e+01
5.157819402011958e+01
7.310833408176356e+01
2.318984261862461e+01
9.909972404087881e+01
8.557560531682130e+00
2.666817522918255e+01
2.170748590571223e+01
2.580161696570070e+01
2.928856994457942e+01
2.415064076154988e+01
5.246879540033117e+01
1.444751262406237e+01
8.760871383715826e+01
1.602697713115577e+01
9.038847288600563e+01
8.259365390175658e+01
2.430898757852101e+01
4.302577355086141e+01
2.980863513881743e+01
7.965564987606166e+01
2.239877824783268e+00
6.226212254830735e+00
4.763367983868051e+01
1.035555876342373e+01
3.924872537108545e+01
3.209282789942475e+01
5.572808606351170e+01
3.116194188183264e+01
4.537515744817217e+01
6.798932345956067e+01
6.036952685581964e+01
6.566022306944254e+01
9.378951331311349e+01
4.369760302067623e+01
4.820901809642511e+00
1.351523358072864e+01
1.658306984071763e+01
8.824781109031653e+01
1.558550764601003e+01
1.041409555376232e+01
4.392672290277049e+01
6.805430309290732e+01
4.182460300709335e+00
3.828774231406290e+01
6.681726005245804e+01
2.989901482588565e+01
7.922557610051035e+01
9.112624763097905e+01
1.492899070257740e+01
2.779600523775257e+01
6.989827923006298e+01
1.882507410777038e+01
5.164506856894356e+01
3.184537320949388e+01
2.752442729078439e+01
7.294327200993116e+01
3.510044181491268e+01
8.650659811054663e+01
7.118150516002510e+01
3.926606696996189e+01
4.037129322084193e+00
9.168926551551058e+01
6.783759946368522e+01
4.577603505261989e+01
3.980501226140419e+01
1.693604607923704e+00
1.219423157730803e+01
5.196993837690444e+01
5.135583707660243e+01
1.283071577215135e+01
6.238403393066676e+01
5.465201626282745e+01
9.583404236279151e+01
8.724564210849145e+01
1.718876306767984e+01
6.265130236868342e+01
3.505014559954877e+01
3.807015923693318e+01
6.334615632116149e+01
7.693254052518520e+01
1.221321076723431e+01
2.999769539106530e+01
9.410140905254586e+01
5.895233613390118e+01
8.941840151763447e+00
2.551114052790736e+01
7.941473986926243e+01
2.607229087784527e+01
8.132434407310763e+00
3.077113210725185e+00
1.911279774229638e+01
6.262835597741807e+01
8.363528274168972e+01
9.265747363337198e+01
4.420006910534579e+01
5.967584217883453e+01
5.585107805945495e+01
9.723292849829092e+01
8.212318559276088e+01
8.407307038273339e+01
2.501266772160897e+01
1.885290733485152e+01
6.297409113635034e+01
2.084671003783434e+01
7.438503525889713e+01
4.602468830813872e+01
5.703128825734895e+01
1.877996247204950e+01
1.786556859401314e+01
5.712203795887625e+01
7.068895188657984e+01
6.485572302008779e+01
2.600955633726416e+01
9.830951159741241e+01
8.449261713982216e+01
7.077684997151459e+01
2.518774686622794e+01
1.638822519052226e+01
9.684914084935986e+01
9.454863168976672e+01
4.807621326673600e+01
5.413391145604379e+01
1.799868569616167e+01
7.719827232751915e+01
8.291384861008909e+00
6.608128606624962e+01
8.595406407767631e+01
6.291384602101233e+01
3.944861294676020e+01
2.650814998266667e+01
7.120693762377228e+01
6.446128066836916e+01
7.577288047213708e+01
1.118962434641534e+01
1.200658460706779e+01
7.691555427243727e+00
2.229468241440816e+01
2.083222564348589e+01
8.765123281052858e+01
3.404113339914062e+01
2.021893342967095e+01
6.721359424628950e+01
3.210683447872606e+01
2.778492478084980e+01
3.200395513884907e+01
1.961839013715200e+01
7.745216799781292e+01
1.842015237473890e+01
2.373840395535268e+01
3.554256597326257e+01
5.177625406150531e+01
7.963340328057920e+01
1.045611855129531e+01
7.807791851371429e+01
9.195538363044867e+01
9.796786229031527e+01
1.236145618015968e+01
8.678375328275550e+01
6.211032516421299e+01
3.070787206790776e+01
4.059678532210960e+01
1.032585837427800e+01
1.627134979528904e+01
1.161215473507166e+01
2.151548276725946e+01
1.579340501492536e+00
1.438038573338668e+01
1.286796131770497e+01
7.038534361421380e+01
1.090502809309635e+01
2.245345335567997e+01
7.646690903998302e+01
9.869386446601425e-01
5.757922639957593e+01
9.253319785582516e+01
1.012257747823493e+01
9.756363895608283e+01
6.079343727826767e+01
8.038195012155079e+01
6.897729745552749e+01
1.861947542923478e+01
7.186131010384361e+01
6.382168236366551e+01
8.295952811975010e+00
1.165728564916984e+01
2.009913144637790e+01
2.687828514113943e+01
5.955841637195945e+01
6.882884682567271e+00
6.837414026650328e+01
4.569898026329417e+01
9.306527725097969e+01
7.869999868734739e+01
1.120236302316299e+01
4.677431939485218e+00
8.842223574799590e+01
9.367950134616322e+01
7.546238111120761e+01
1.308344272574570e+01
6.406484491381089e+01
4.379294349057272e+00
6.822235918055398e+01
7.883021891062624e+01
8.183254300702016e+01
9.311612252756773e+01
6.725054446945458e+01
4.860460471762559e+01
7.031373906429566e+01
3.443443217986936e-01
7.019826693935239e+01
8.351797092869784e+01
8.661162307793816e+01
8.825828954030681e+01
5.219415652202171e+01
9.619417884209854e+00
6.890810628836419e+01
9.057401311144885e+01
5.674446181242562e+01
3.623496291052316e+01
4.304250499375281e+01
6.315523575206997e+01
7.415717899527270e+01
2.198378565813591e+01
4.824552989948798e+01
9.313630619698033e+01
4.078521418421772e+01
4.846101130752871e+01
8.245546840245625e+01
8.019366635949987e+01
2.945520013079755e+01
4.960763498656807e+01
7.470562428920792e+01
5.674262468551407e+01
9.013938889379585e+01
3.031227455023317e+01
9.019747268883394e+01
9.471447239383798e+01
4.981072035143651e+01
9.848449802886904e+01
6.019328784206569e+01
6.283816712109287e+01
4.402918258869517e+01
9.251434523263683e+01
4.278013517278253e+01
8.502659647959592e+01
2.133763116846682e+00
3.406217300056581e+01
8.679735222216573e+01
2.573736455558677e+01
5.245746157712185e+01
3.629893252453717e+00
9.528289581429348e+01
4.809459529262715e+01
1.644842648713310e+01
4.445882809556035e+01
6.657276547819970e+01
2.835144476422642e+01
9.198943697474405e+01
5.211555555095689e+01
7.481344946418585e+01
5.353389096145234e+01
6.035132811421124e+01
2.024332388315505e+01
5.061524112271854e+01
9.186257943132081e+01
6.057240956489575e+00
3.184636232063470e+01
6.691720647128169e+01
7.036050053795823e+01
2.807541500221725e+01
3.301434793184248e+01
8.955826418919408e+01
4.535310801367886e+01
2.552869311791318e+01
8.577507305227921e+01
4.157644707782960e+01
1.301305043185737e+00
8.323856279404767e+01
1.872101799525368e+01
8.992571695238618e+01
6.584274599600711e+01
2.714146972966449e+01
3.838005687034692e+01
3.468333745127699e+00
7.506758001403306e+01
6.273422607348031e+01
5.153574685171980e+01
7.114260437485883e+01
2.072647526894066e+01
3.059399222517106e+00
4.489965748270026e+01
1.636179872619072e+01
6.582484383407274e+01
6.158369260913864e+01
2.487560735311154e+01
9.819050379944522e+01
8.120906915571963e+00
6.568832111809790e+01
6.415427874967189e+01
9.971712166430294e+01
6.701224654308159e+01
7.411825986305170e+01
5.627205882047864e+01
6.045775779544271e+01
1.374063864990167e+01
7.837530308327419e+01
5.394180158802392e+01
1.061452413472092e+00
2.254246492988545e+01
8.231560088801925e+01
6.785470799908727e+01
1.071255943305444e+01
4.052925731080084e+01
5.680019592717299e+01
7.861638971539978e+01
7.883681029958501e+01
8.617413406547817e+01
2.608377231568274e+01
6.376919465315025e+01
9.596885796448629e+01
7.353136226233624e+01
9.305473733369948e+01
6.099950334103755e+01
8.706038337529655e+01
4.690653520957871e+01
9.125458052905955e+01
8.429745565368675e+01
6.120394312832688e+01
6.735112898394053e+01
1.506937384375807e+01
3.498660257784026e+01
3.436337548045599e+01
5.051577405562428e+01
5.531580907074540e+01
4.672872999065031e+01
3.631063282317977e+01
3.369111215401958e+01
6.705315786742286e-01
1.423962382331473e+01
6.665325144615642e+01
1.161352354642634e+01
8.209433182240200e+01
8.000258588232221e+01
5.053643642484045e+01
3.515765249503667e+01
4.048118025086875e+01
9.650223087356530e+01
1.695801150843408e+01
1.851576828328695e+01
5.579879770791102e+01
1.948484579077216e+01
2.016587183818495e-01
7.684538265543310e+01
4.252672709642291e+00
8.911414183169330e+01
2.375191781844568e+01
1.319297673795045e+01
7.155949770079903e+01
7.877935999016248e+01
6.528598324641864e+01
2.765639942495916e+01
7.609803852443491e+01
7.921135033444099e+01
1.490628896975251e+01
3.141384759518032e+01
4.000440795906093e+01
7.889185900748328e+01
9.864125805843680e+01
4.704862029619916e+01
9.313148287736415e+01
7.108773718173045e+01
3.003475271632651e+01
9.694552887088877e+01
4.656443649277298e+01
5.355014244725469e+01
1.038346710167055e+01
2.555125636307116e+01
4.175608527928409e+01
4.219809888964431e+01
1.636046977544225e+01
1.907729679675647e+01
5.008793834135305e+01
4.426868341130609e+01
2.392113209884666e+00
8.309058210956425e+01
1.303544869322118e+01
1.595023196002014e+01
8.828071117786723e+01
3.090223159217380e+00
5.139564073243906e+01
6.319208213276791e+00
2.310145521680892e+01
5.629070073193437e+01
4.789686796623136e+01
6.568268140111243e+01
3.437632575369269e+01
2.581413976187545e+00
4.457454040859572e+01
7.332999271961394e+01
9.939527595387551e+01
7.207029693390722e+01
4.441772985477826e+01
9.982304228461490e+01
3.357931162863007e+01
2.948780596698066e+01
1.750474722008442e+01
2.331530499426430e+01
6.865159630247001e+01
2.473625630360853e+01
5.065678360436894e+01
6.840237652342878e+00
5.028298690462623e+01
9.748310805181187e+01
4.337477043428215e+01
5.267510011451091e+01
4.058147880275803e+01
7.490549593926663e+01
7.881913114284124e+01
8.161470386274844e+01
7.799571914505015e+01
8.374252216133407e+01
8.793391207602524e+01
3.570946391472102e+01
9.541226089718391e-01
9.390247901617664e+01
2.477814817092295e+00
9.725908310956279e+01
4.624913462728688e+01
1.135439607843496e+01
4.897284998976292e+01
4.378431199294716e+00
4.906041931782868e+01
5.745196834087929e+01
7.555783110463891e+01
6.199225721042243e+01
2.287838576495572e+01
2.147685024956095e+01
8.556101093327673e+01
7.791744814157367e+01
2.161357049905396e+01
3.596434576248952e+01
7.702353516454973e+01
3.307385334422526e+01
3.344745381430138e+01
2.039830559883188e+01
8.295817718978886e+01
1.769604762908818e+01
9.661940797074671e+01
2.498154036001374e+01
2.123115459514370e+01
7.329952063658253e+01
4.831060671634535e+01
4.357754850926695e+01
3.554400058255717e-01
4.926472932531718e+01
8.617256921072145e+01
1.757724504805041e+01
2.490758659546617e+01
8.372916215273048e+01
5.253094674671579e+01
5.836060245445026e+01
2.937357264076060e+01
8.731547919442667e+01
6.727101638320416e+01
4.448011798992758e+00
6.358362327496690e+01
9.623665860678845e+01
2.627809128085062e+01
4.889118543308749e+01
5.663431503653261e+01
8.259142464147480e+01
4.871817708421414e+01
4.509038545428328e+01
7.836734181193977e+01
1.830298496331227e+01
5.670753766629265e+01
8.994791893751729e+01
6.683636399304325e+01
6.079249254464754e+01
4.877939310333663e+00
8.806751858818694e+01
5.762738737167203e+00
7.699498654203256e+01
9.155310252288035e+01
2.086216896812532e+01
2.373117116453646e+01
2.903313000175782e+01
3.000836899970116e+01
5.116730246281591e+01
1.106406562545526e-02
2.196205501536003e+00
9.762453623005401e+01
4.213586474868276e+01
3.787571566080475e+00
9.231875543124916e+01
8.759253266621033e+01
4.620435989750752e+01
8.246815757940902e+01
3.174225940915861e+01
1.626238022756874e+01
5.053500782257645e+01
9.646204854196965e+01
4.652764212644084e+01
9.562539327685973e+01
6.463398354343791e+01
1.942089638645803e+01
6.111408428340874e+01
8.011182797146581e+01
1.175281396682971e+01
9.380155340479759e+01
2.057121271294132e+01
5.972836798044311e+01
5.599859000928634e+01
2.542990307576484e+00
7.582047315119787e+01
6.448729809582574e+01
7.138042620913146e+00
8.031460050508129e+01
6.262010189826604e+01
7.997000863774214e+01
9.307689261300345e+01
1.634876235218195e+01
5.017747592654893e+00
1.118008415735331e+01
2.013633391826243e+01
3.339926303988288e+01
8.179663390936173e+01
8.750752875930981e+01
9.609901346084617e+01
9.088313243858663e+01
3.769908940312410e+00
3.033966837932340e+01
4.452333461703888e+01
4.887820316892034e+00
3.030274022850336e+01
7.177447684657503e+01
4.489485395368880e+01
9.929226622883802e+01
8.430411265432095e+01
8.083511971907463e+01
5.665271871567365e+00
7.963016004284385e+01
9.578989869718902e+01
6.498431273036837e+01
2.965066303948437e+00
9.891646266864448e+01
2.947161077962798e+01
3.176777247887467e+01
2.738596961246150e+01
4.362416763027392e+01
1.173778107005068e+01
2.046286217889882e+01
4.220761677353067e+01
7.593681541082302e+01
5.567561949401890e+01
8.010926390071830e+01
1.409203168660963e+01
6.171605492090622e+01
6.761679261346198e+01
9.389669224335658e+01
9.065648107354365e+01
9.132465719772721e+01
6.025627877575172e+01
6.394099246894056e+01
7.627452191723255e+01
5.020142223229698e+01
7.979767377478893e+01
5.832385740164847e-01
3.728056812532273e+01
2.706077011630906e+01
3.664476929076238e+01
4.626629084640476e+01
2.173126960253868e+01
3.243466794138526e+01
1.125060353020700e+01
2.989016768051785e+01
7.950603709533161e+01
2.722851644606726e+01
6.165794015939251e+01
2.968137759234820e+01
8.434638198667503e+01
2.959029680564548e+01
2.735486884012580e+01
4.431931192256478e+01
4.169346147295715e+01
8.303048833414469e+01
2.442857582328309e+01
4.243281578758397e+00
2.050274169095919e+01
8.298524077189398e+01
8.180117312902640e+01
4.885812743979419e+01
3.417842063781732e+01
2.237633439822883e+01
2.247663257758908e+01
3.970659186118589e+01
4.696779090304290e+01
7.410558586665690e+01
8.736782147892184e+01
9.858324709282408e+00
6.086112468543515e-01
5.811110216104942e+01
6.972305479912229e+01
2.753371262342376e+01
9.369267620783891e+00
6.737521908589417e+01
5.742388035050774e+01
1.869888530052215e+01
8.097433349163008e+00
1.582211368522705e+01
6.762116144766154e+01
2.740194216715263e+01
8.641232423782922e+01
7.416237684626243e+01
8.176185697399167e+01
1.675720234250520e+00
6.152668505046828e+00
6.119170308168591e+01
7.788560082106180e+01
5.664427096799215e+01
5.323707147186486e+01
2.941979245721353e+01
1.593807172772385e+01
1.666914141581820e+01
7.388381337462170e+00
9.799017021338929e+01
7.285650538879284e+01
7.996613796798798e+01
7.209575603348006e+01
5.105618091814973e+01
3.155963943878172e+01
9.519345219954543e+01
4.826623590116679e+01
4.594907818639143e+01
2.540721414862537e+01
8.296943110552124e+01
8.438304284791603e+01
5.766196025426591e+01
7.184473577507062e+01
8.272922042884362e+00
7.674378071760003e+01
9.500329242786546e+01
6.149207491497140e+01
6.922132241037737e+01
6.567961935218406e+01
6.280528598595657e+01
5.185011399530345e+01
9.688689582836204e+01
1.182037620424311e+01
3.872218715898794e+01
2.354230597780194e+01
1.149958712584320e+01
8.748959195217564e+01
9.905584366016828e+01
8.172658913849229e+01
3.112261548224958e+01
9.704601382699144e+01
3.810232241549637e+01
1.108875345023757e+01
5.057677717440612e+01
7.651294948370800e+01
9.132160809418262e-01
4.430975562162220e+01
4.370953708128516e+01
9.198221577889389e+01
9.935048306330594e+01
8.268349547064095e+01
6.018659153961884e+01
9.974617725226385e+01
6.318221639989978e+01
8.160832216106742e+01
9.720203159246688e+01
3.079426350574673e+01
9.547386811835406e+01
4.571128033367511e+01
2.152849078249582e+01
7.405922509453224e+01
9.756139437554468e+01
8.572413599385142e+01
5.792291749172048e+01
1.271784706633438e+01
5.137323972367367e+01
8.650522897322905e+01
7.047942516881946e+00
4.101353620226194e+01
4.706954259754603e+00
3.611854428244687e+01
4.036813627014315e+01
4.280927667525097e+01
2.229184565241069e+00
4.083775716872781e+01
7.757716280295381e+01
5.257129061621208e+01
4.904745693739851e+01
8.594521236882787e+01
5.000469496008228e+01
9.113167398196256e+01
7.728269294709092e+01
2.527517100110425e+01
9.087785118766028e+01
4.046490930042459e+01
9.179960866076854e+01
6.736780911095805e+01
5.587364102521614e+01
9.151245811558908e+01
1.307908944463315e+01
6.191204160540925e+01
3.473370835871143e+01
4.804214064406331e+01
8.879198361597582e+01
4.653256980075155e+01
6.002256854438343e+01
5.167336759701062e+01
4.350859417743450e+01
6.941880894332138e+00
2.847429580449792e+01
1.898625484620512e+01
9.808231205590177e+01
5.673432664793652e+01
7.822453816338654e+01
5.068036427287402e+01
3.943514886285884e+01
3.937269432440991e+01
5.219352932283353e+01
5.805334581902872e+01
2.531790664667166e+01
5.345859222740800e+01
7.961427973565380e+01
8.873856565390646e+01
6.364987872710911e+01
4.194729670041581e+01
4.306550889418717e+01
7.950870640553008e+01
9.783162739958224e-01
1.875044066400753e+01
4.272296407386798e+01
5.093902943233915e+01
9.674859745276561e+01
7.609898204733571e+01
6.157951320595085e+01
7.106320777491815e+01
6.739791746595778e+01
8.503578467529071e+00
7.147613827673538e+01
8.167721805240829e+01
5.932759291461092e+01
6.565041726718211e+01
6.634728520472873e-01
1.352777137119685e+01
9.788424628688220e+01
6.245900442006952e+01
1.383926794577356e+01
8.129595940992979e+01
1.831698744479426e+00
3.679868324510691e+01
2.119794037248843e+01
7.459099272945477e+01
7.075175739394118e+01
9.992572502229629e+01
4.656256770089388e+01
3.440163607448415e+01
7.731769349301126e+01
3.487739089637873e+01
8.985112346236180e+01
8.960921270288956e+01
9.387785740842943e+01
6.558969903997597e+01
6.470738093587913e+01
5.084843889383992e+00
8.056423351194907e+00
7.186664970212926e+00
4.945213540897338e+01
7.607098695639101e+01
4.458728090142239e+01
8.404427463377093e+01
5.774820496223317e+01
9.867231850450501e+01
5.404499911425869e+01
1.516054124346028e+01
5.924574735539302e+01
3.331159932227414e+01
2.087068223434998e+01
7.760297128819069e+01
1.798265581856606e+01
7.845538485723333e+00
9.489613645472383e+01
1.070033414787628e+01
2.895838112056180e+01
6.564789384866501e+01
1.611661474039621e+01
7.960219140146030e+01
8.565815248790111e+01
9.202502630279633e+01
5.241790528056114e+01
8.990065333894485e+01
3.999274384230038e+01
3.955830086002047e+01
5.149212156026258e+01
7.050075869564934e+01
3.381104172850542e+01
9.036635267099662e+01
3.376824387059000e+01
4.637917808554096e+01
7.218797182300499e+00
2.145570876144604e+01
3.042345267274577e+01
3.020084990663494e+01
4.303156865901853e+01
8.011814457369883e+01
6.399904757924334e+01
9.445646949785596e+01
2.769708271496793e+01
3.902786930046410e+01
7.822676658547798e+01
4.928784773186214e+00
7.025708750367960e+01
1.807686836369190e+01
2.329575010728824e+01
1.680372949540789e+01
1.268557897428310e+01
7.074197925196121e+01
3.043138456085296e+01
9.022211408718587e+01
3.143739110391466e+01
4.882382613086320e+01
3.708000077730045e+01
3.723076886368485e+01
8.598888627532352e+01
6.804516262749451e+01
7.731527559334192e+00
2.219316867282296e+01
2.045712281039782e+01
4.519180350247389e+00
7.914467648563192e+01
3.451629366470328e+01
3.609730579708577e+01
9.899579947767585e+01
9.300653068023107e+01
1.791136312201217e+01
7.911394400480852e+01
2.232266297672068e+01
3.139184146718674e+01
6.834288796798459e+01
6.049104903847493e+01
1.991643804121597e+00
1.114016725269154e+00
3.406308108664261e+01
4.746724062015640e+00
4.270219273991054e+01
2.611126463213529e+01
1.395094749236058e+01
8.211455763416112e+01
1.994752475058079e+01
9.077480276616980e+01
1.355194869150964e+01
9.609655760978188e+01
2.400748404860845e+01
2.406488001535874e+01
8.447868460066556e+01
6.208509754486619e+01
5.851424516109481e+01
1.368765938733130e+01
5.159357765298037e+01
7.993195260871758e+01
2.983291076022801e+01
5.811121648089551e+01
9.913073130842798e+01
2.972985842718271e+01
8.045349571874993e+01
1.704209443044015e+01
5.335394342120455e+01
5.558368137831972e+01
8.053121826636196e+01
6.016497014098101e+01
9.334080959360152e+01
6.720107396468570e+01
2.685391196368910e+01
2.486532229225399e+01
1.201113439724368e+01
2.227360551351384e+01
2.837321475538109e+01
9.989722450259012e+01
4.388163101108820e+00
8.491586399493546e+01
3.266506261782025e+01
8.022683992992474e+01
2.163999025786295e+01
7.858578636245140e+01
4.291719898717347e+00
7.524102464096669e+01
6.704948054023528e+01
4.467789453672147e+01
2.853394082213470e+01
5.142747426937683e+01
5.394563966148795e+01
9.370233174120185e+01
