5.531193737653640e+01
1.487418632715670e+01
6.538820465346249e+01
2.475741599907978e+01
7.186541895934633e+01
6.345485256214386e+01
8.522179773320528e+01
6.062891458190462e+01
7.053967298499293e+01
3.371770304335174e+01
4.245470587278470e+01
9.047133596170291e+01
1.047475287247205e+01
8.980551561797294e+01
3.188654167199812e+01
9.185018357441304e+01
6.479931844621865e+01
3.841121808551775e+01
7.264082253567913e+01
3.236849337460869e+01
5.636505193839086e+01
7.853169742903286e+01
8.135391766268476e+01
3.945945112009507e+00
3.912283239845318e+01
2.756794748248902e+01
6.152006353322419e+01
6.765677322058788e+01
9.031406254056564e+01
1.546570314814602e+01
3.792733086176558e+01
9.106944403195261e+01
3.690632727784399e+01
6.729135483842872e+01
7.227832124208953e+01
4.755069583074688e+01
5.879499826524174e+01
9.817034518260991e+01
5.419078704630527e+00
3.330876269997506e+01
1.154781319738730e-01
5.063431628543619e+01
6.550189213152132e+01
1.235293560305281e+01
3.532541326029478e+01
3.404563499337325e+01
5.662272980279416e+01
1.991373473774350e+01
1.640036493372189e+01
2.270102939694237e+01
8.323545362019699e+01
2.882190501728184e+01
1.074348781758150e+01
2.409919617888480e+01
6.974280815093908e+01
6.827726111201441e+01
8.400632496178446e+01
9.428791370908168e+01
1.752309343662257e+01
7.294457642032978e+00
9.753616810661562e+00
4.354671819300703e+01
6.371301904493618e+01
4.009350633253041e+01
3.888686394267104e+01
3.766815268325999e+01
8.734476742676681e+01
9.768186220791277e+01
9.393150978439093e+01
1.044461750911764e+01
2.701653341158132e+01
1.140224962094903e+01
4.645812876823271e+01
5.768224208507792e+01
8.162628071458371e+00
5.051142720063749e+01
2.656406053647588e+01
1.728261621542397e+01
1.697276766270994e+00
9.902091361536687e+01
3.506677659930045e+01
5.397950492518932e+01
9.630435355766879e+01
7.956051238792041e+01
1.041788235791860e+01
6.061066876194005e+01
1.704399553921260e+01
3.433336952437338e+01
6.895808715790422e+01
1.319967802297309e+01
6.874459477548702e+01
6.465219923511715e+01
7.230438272110391e+01
3.413442621665747e+01
4.745705521081437e+00
9.563326020521730e+01
4.571875401107536e+01
9.238990768435873e+01
2.176679168910104e+01
2.623287151857879e+01
6.106942080011098e+01
4.847009146980480e+01
7.291886372161976e+01
3.467184893538796e+01
9.648078461013770e+01
6.970640917760619e+01
4.379458443438382e+01
6.403245235049746e+01
8.207215637996428e+01
1.815266777675257e+01
3.843505537995838e+01
9.740753495013692e+01
7.213217270194188e+01
6.962405297422039e+01
4.617426942390123e+01
7.744379433684227e+01
2.688854272798101e+01
5.050963333365956e+01
7.697426237956354e+01
8.178712515243662e+01
7.182546000547030e+01
5.340499102762202e+01
4.643932434098764e+01
2.857185622145042e+01
7.985328332514189e+01
9.829582185405111e-01
2.420511638010159e+01
5.165586217849323e+01
4.357493754642780e+01
1.752023874666553e+01
1.738995081623548e+01
3.178865771358305e+01
3.785189447824466e+01
7.893373192238330e+01
6.646050669553713e+01
7.732979905667240e+01
4.864014109998948e+01
8.291589765945258e+01
1.293249605825753e+01
3.342595795794668e+01
7.169156226873936e+01
2.855117294404245e+01
4.785123041265236e+01
7.320073813814703e+01
9.482904695664955e+01
1.080042771566679e+01
9.843361503371672e+01
1.493898188459639e+01
6.198669786657519e+01
3.272505553100494e+01
6.951450755331410e+01
4.125166970363431e+01
7.844391268605548e+01
4.994403908492254e+01
6.982352592508472e+01
9.499975950224314e+01
1.129068946991614e+00
1.581450245148246e+01
9.953058143124476e+00
6.143876791998687e+01
1.154888105185185e+01
2.734300895935996e+01
1.878303304257944e+01
4.940077553009650e+01
3.738815707032948e+01
4.295317090253959e+01
1.027512830229249e-01
5.491688193516661e+01
6.607300265043648e+01
9.021886884710699e+01
5.844394604603013e+01
6.739985107788810e+00
3.661639794549737e+01
3.348040978120659e+01
2.772980580466325e+01
1.416968689959947e+01
6.628520119296630e+01
4.356394682245513e+01
5.844332443477741e+01
6.511228394932686e+00
8.861422081879071e+01
6.841910195928956e+01
5.905913610898850e+00
9.998996951616833e+01
8.876543216815472e+01
2.478224277719028e+01
2.235157653798888e+01
3.570261040502349e+01
1.881088508237660e+01
3.530838751946966e+01
3.459850760856574e+01
9.375871200755178e+01
5.551844423428105e+01
1.109117186213432e+01
7.976054171089109e+01
6.892813736057289e+01
5.072594636619367e+01
8.315888749582642e+01
2.577717077256049e+01
5.921042997353264e+01
7.008216179445486e+01
8.422111681859062e+01
1.336144102428176e+01
4.762692360562595e+01
4.295460839893418e+01
1.440393566824679e+01
1.498253062133795e+01
4.130446782396383e+01
7.489334595151867e+01
3.673556309041361e+01
3.149178471951363e+01
5.149280338151977e+01
7.658936356966819e+01
6.187624249694694e+01
1.855093679323371e+01
7.322819273603530e+01
8.068345276670691e+01
4.390626616957889e+01
5.524929680640310e+01
1.954715848879291e+01
7.921465373561468e+01
7.908775218719978e+01
2.985410398331197e+01
4.186605016787819e+01
9.389762305370422e-01
1.302846950154214e+01
7.338392798480761e+01
5.498331904177709e+01
8.947793864155092e+01
3.463920677762442e+01
3.489673032187704e+01
3.693073468139895e+01
4.411340539535200e+01
4.174777560017434e+01
3.774357835657130e+01
8.706801384085232e+01
4.126262685342815e+01
9.039855845756762e+01
7.430345973665987e+01
8.182998336005490e+01
8.863156670175100e+01
7.524595282750481e+01
5.877153946029560e+01
9.509184551196725e+01
8.939226162125927e-01
8.165951570573240e+01
4.155864726824623e+01
1.183061549059610e+01
2.556578182874517e+01
8.582502272251295e+01
1.449796753679307e+01
2.322872095891681e+01
7.567282713748180e+01
4.117905736955770e+01
4.664648573223803e+01
4.147093605318616e+00
5.079370301719462e+01
6.581326041641331e+01
3.159512236322981e+01
5.451359970239624e+01
9.207987999174738e+01
4.582071492719497e+00
9.983174209475133e+01
5.997277836314067e+01
3.144076267790085e+01
4.824404602322916e+01
2.326129918138557e+01
8.354822321960154e+01
8.191402171827575e+01
8.524940679094260e+01
5.453337289138388e+01
8.773920889372900e+01
8.959842514693663e+01
6.402613556199994e+01
5.296013911858207e+01
4.608492061779132e+01
6.186501121235314e+01
8.353586503469192e+01
1.578848991346941e+01
3.892647318492013e+01
6.936088775720488e+01
2.711344329971514e+01
4.370690870271386e+01
3.484252604415758e+01
9.498804993694093e+01
8.310021701413217e+01
2.164551816957328e+01
7.816494585860751e+00
3.329815549463879e+01
6.274497451388509e+01
6.233009428825700e+01
3.987394759425612e+01
1.973249326447607e+01
5.918958734683207e+01
7.479663168769173e+01
2.797212154975725e+01
7.433633323495105e+00
9.932853216274108e+01
8.494894284985445e+01
6.541275515473110e+00
7.885562580956874e+01
5.354153958779831e+01
7.294234878986252e+01
7.624257205810517e+01
7.995163871904445e+01
4.724062348121807e+01
1.453897148116444e+01
2.895961605429632e+01
4.490946575296552e+01
8.945036706954723e+01
3.752987973276986e+01
1.373761799826176e-01
1.656381032269626e+01
8.490603788984289e+01
2.581211893158597e+01
8.485631099196911e+01
5.330685780071973e+01
6.681660924424260e+01
3.942514585304314e+00
1.938425047294435e+01
2.005724977704568e+01
3.591955967057476e+00
7.389341521723820e+01
1.392732733577831e+01
2.248994723078327e+01
9.932679748131279e+01
6.776186459127901e+01
9.018068536658804e+01
7.672795237820966e+00
2.768138722874289e+01
3.646485611631761e+01
5.983604931264932e+01
9.432811368924013e+01
3.074534047895360e+01
3.607862132418836e+01
3.882722102051005e+01
8.669142331308286e+01
9.672636873867660e+01
2.086735107976354e+01
8.762452382949391e+00
6.436350101808249e+01
2.762834854779222e+01
8.591110733612958e+01
7.845292849394163e+01
8.865136983275942e+00
4.838260083849663e+01
2.545158705927971e+00
8.045531985371156e+01
2.088752883527778e+01
6.972613691805216e+01
3.885888738504559e+01
4.094477861232347e+01
3.302649680200335e+01
5.909776844042249e+01
8.073452165384522e+01
5.551644403278662e+01
9.442319948897845e+01
4.849638624512422e+01
8.544002463363111e+01
2.907716265370937e+01
1.207193593125415e+00
2.190488070338260e+01
6.062441689922679e+01
7.459540575491050e+00
3.779975089142088e+01
6.187567378481648e+01
9.895460284266370e+01
3.063618509594173e+01
3.678880773335174e+01
8.905307165768606e+01
5.609206322398599e+01
1.152308751434231e+00
7.308706598034457e+00
9.572254814939693e+01
8.207962009221298e+01
2.554655714218810e+01
2.369385725990583e+00
4.786324237839470e+01
6.001876949333528e+00
1.843844061644675e+01
1.758937924988073e+01
5.841447275989432e+00
6.420169322015796e+01
4.400369010120802e+01
5.017959403348137e+01
4.493621487400318e+01
6.132320038104579e+00
7.800448051560879e+01
6.078625878355757e+01
9.157234471830184e+01
8.843957785909976e+01
9.463979471225282e+01
7.140105956764941e+01
4.906399471176043e+01
2.099335287743870e+00
6.678300419206870e+01
5.656750377107761e+01
4.182077801871149e+01
9.676363169996237e+01
7.063019684079578e+01
5.668077294560185e+01
3.616226917885349e+01
4.888078498136289e+01
2.956413353307365e+01
5.587989597389470e+01
1.292353077462107e+00
6.888058016490218e+01
8.683012108636559e+01
8.670477326340264e+01
3.833686399196129e+01
1.008703564763397e+01
9.641302665528517e+01
3.934492400816871e+01
7.428872886779193e+01
4.702890266060312e+01
9.117526984362643e+00
7.324911936803215e+00
5.316122274527383e+01
6.847994218975303e+01
5.955819387899628e+01
6.292631098205518e+01
5.762925285735599e+01
7.297339480043082e+00
5.194394199733806e+00
5.983514714047087e+00
6.069496672632869e+01
8.526222840196557e+01
7.424318738013655e+01
1.045061285162839e+01
2.522773622778605e+01
3.612361570639705e+01
5.576225931558864e-01
5.726414022839820e+01
1.353244432878328e+01
7.346052447029414e+00
4.172487554220709e+01
4.449284940235916e+01
3.968103948965717e+01
5.614468755952301e+01
2.331649676119746e+01
2.939337842603837e+01
6.273293558635420e+01
2.483232441583291e+01
2.219621470300304e+01
1.293076105086634e+01
2.355206381694975e+01
6.815299422859820e+01
3.215570479266145e+01
1.991964877579345e+01
9.979368387711871e+01
4.481324956045172e+01
6.465321619280297e+01
5.671320387940537e+01
5.245949665664672e+01
2.286400898493082e+01
6.269671859345246e+01
6.150726380828176e+01
4.720224833451316e+01
7.961990175751033e+01
9.641277184542864e+01
6.830411938405787e+01
4.427156115149686e+01
7.251549929963215e+01
2.556825961245609e+01
2.247462576370436e+01
2.493202538459191e+01
4.074726274271833e+01
2.296854836073171e+00
4.111857043631309e+01
9.584813173666976e+01
2.561335164383676e+01
6.691045251996744e+01
3.449016391974416e+01
4.534287506031938e+01
1.975670937437411e+01
5.054876271195187e+01
1.210130109083899e+01
5.107045106173980e+01
7.957662976327195e+01
8.712291865941273e+01
4.658601109245140e+00
1.787209064600621e+01
9.667416610600155e+01
3.321179153081579e+01
5.524414798954695e+01
1.986960960546024e+01
7.027405736515023e+01
3.800773217250022e+01
3.053740259750625e+01
5.559081787038167e+01
9.965608832410354e+00
3.504454276293728e+01
9.416552022759129e+01
6.289370207250757e+01
8.198777012619551e+01
5.196952570787143e+01
6.234265983213795e+01
2.790593748349042e+01
9.967092811114664e+01
8.188525106845668e+01
1.962698312458907e+01
7.987973218778136e+01
7.944574569326161e+01
5.824423309333820e+01
2.522260720153461e+01
9.920245506763573e+01
5.665158063948693e+00
7.179401152385120e+01
7.702081081318707e+01
7.859818319724788e+01
6.934485825213829e+01
1.137041021667906e+00
8.520271730851509e+01
7.812239978375025e+01
8.714379793365664e+00
7.113349129032972e+01
8.555719940250609e+01
4.586163058218622e+01
7.024422295868592e+01
5.229762278138549e+01
9.203153666669109e-01
3.410547647350723e+01
2.194437548608723e+01
2.304791641563546e+01
3.277617638594293e+01
4.795496791971613e+01
2.094555884643717e+01
7.892924439112154e+01
2.666717843463047e+01
9.273587599989767e+01
8.976318411983698e+00
4.797112208230939e+01
9.578426298489062e+01
4.026024110627372e+01
5.785920767013878e+01
3.438616201020132e+01
6.576205830358064e+01
5.534666229754065e+01
7.171007034914105e+01
8.973560225671883e+01
4.954042101723162e+01
8.115680938640461e+00
2.089993144427423e+01
1.914756271017136e+01
7.073952866286949e+00
9.958702307175240e+01
8.133397106143366e+01
2.288887702063139e+01
7.857546018370216e+01
5.157819402011958e+01
4.492877500361240e+01
7.457856371746331e+00
9.982393649398531e+01
3.227094050136905e+01
7.503399559065420e+01
5.203689013236988e+01
2.580161696570070e+01
4.059591365074549e+01
9.829112919899222e+01
8.288408940792274e+01
5.762579574139127e+01
5.910562456543820e+01
3.085521149023213e+01
8.978633582116400e+01
4.587629784172228e+01
1.356099602466496e+01
7.835675435064209e+01
3.882856179905523e+01
7.708536180531856e+01
5.006682465321703e+01
8.240796028748525e+01
2.585151532006055e+01
9.112175325449637e+01
2.129820344098760e+01
8.424933598574685e+01
5.898217081976225e+01
1.902383031278096e+01
1.408202904932295e+01
4.080493140071860e+01
2.050776035548549e+01
3.703275804269722e+01
3.575563330005651e+01
5.057146868229447e+00
1.151006096578672e+01
6.802657380142556e+01
3.556291965561124e+01
2.652838771535474e+01
4.825248222251073e+01
4.108613451993379e+01
1.787743001146122e+01
6.805430309290732e+01
7.589317200514169e+01
3.828774231406290e+01
6.681726005245804e+01
4.001660372131346e+01
7.634892024861134e+01
7.631005899808838e+01
9.822051864965843e+01
6.923710832802445e+01
5.068744218474600e+01
1.716886852736067e+01
2.824080997530409e+01
7.653895750480656e+01
2.752442729078439e+01
7.294327200993116e+01
1.713045072608183e+01
8.650659811054663e+01
8.220228365725013e+01
3.926606696996189e+01
2.843166083490088e+01
7.980157415373324e+01
8.701670145942676e+01
7.877557183558847e+01
3.538686848962068e+01
8.724111755715735e+01
3.221386793638294e+01
2.042164063100779e+01
2.966319193582199e+01
8.046635015889366e+01
6.238403393066676e+01
2.470484842765371e+01
8.480564615912999e+01
3.740094715608328e+01
3.547389471692680e+01
4.484673051389247e+01
5.726471145509962e+01
7.803682329973059e+01
1.844881089331993e+01
5.548523005819192e+01
9.321430530083100e+01
6.913625312463206e+01
3.772573267935111e+00
3.695595131113937e+01
8.941840151763447e+00
4.318166977874081e+01
1.344046090424082e-01
2.607229087784527e+01
7.638097017834940e+01
3.077113210725185e+00
9.603108963744300e+01
9.218133152098456e+00
6.213826242002578e+01
9.265747363337198e+01
7.340542728705584e+01
4.699698344198847e+01
7.028890860746098e+01
5.619295176872655e+00
7.253635277624072e+01
7.711632702365347e+01
2.501266772160897e+01
9.951636167220602e+01
1.821175451307173e+00
7.089129144833018e+01
6.632734638002113e+01
3.509078455860298e+00
8.349801240651774e+01
2.359205778855461e+01
1.823301344096335e+01
3.727556235961409e+01
2.991534109689078e+01
7.476020705642188e+01
3.323085933608509e+00
8.284986111468163e+01
6.710741318161945e+01
4.899829651648099e+01
2.603153084685632e+01
1.185056297660366e+01
5.546180058990689e+01
6.818003164053896e+00
9.418725128946232e+01
7.126871872286719e+01
2.408154514808280e+01
5.182659037030609e+01
8.244748640919452e+01
8.944156360320819e+01
3.322497058344305e+00
6.414246292046386e+01
3.944861294676020e+01
7.074112117790669e+01
8.194591686220184e+01
6.446128066836916e+01
9.966752040184453e+01
1.799657485354532e+01
5.203779556417734e+01
2.768230998315025e+00
8.727617081593544e+01
3.204495573045917e+01
8.958692452385412e+01
6.882207252496019e+01
6.081565425769223e+00
6.866421232403452e+01
2.501428351971055e+01
5.285736222418834e+00
5.151407339215003e+01
9.212169670132999e+01
1.594223604348592e+01
1.842015237473890e+01
6.714900087898084e+01
9.745833328806718e+00
8.436360744962637e+01
6.567716173160689e+01
8.967647742930636e+01
3.997437192125916e-01
9.195538363044867e+01
9.017065534841765e+01
1.236145618015968e+01
2.098426284314332e+01
6.211032516421299e+01
8.490216610250164e+01
1.215103986307561e+01
5.471401757314523e+01
6.604867021834882e+01
9.139290437632840e+01
7.271059242669054e+01
1.808646573596004e+01
7.331809656383382e+01
1.286796131770497e+01
8.586228321579391e+01
4.697469554234981e+01
2.242024700270046e+01
8.782493355117037e+01
1.563890781981820e+01
5.757922639957593e+01
4.438348428550339e+01
9.870026530637418e+01
7.719761653672793e+01
8.307690945597221e+01
2.854272989953995e+01
7.006266241430428e+01
5.714053584129574e+01
2.906219285403480e+01
6.382168236366551e+01
1.837925935088622e+01
1.165728564916984e+01
6.744798313241823e+01
6.263815102290277e+00
5.955841637195945e+01
3.368651365567302e+01
6.837414026650328e+01
4.205409951603697e+00
8.015762995004543e+01
7.869999868734739e+01
7.025408016995252e+01
4.677431939485218e+00
6.364457382058938e+01
8.931916225204205e+01
1.344950493120099e+01
1.724274829832965e+01
7.420282912170646e+01
1.071972800917911e+01
3.553689612799180e+01
4.053175390722777e+01
9.155190866047140e+01
7.247787885017594e+01
8.189091076231139e+01
5.870488987243962e+01
2.696648632500623e+01
6.799214764870337e+01
3.403475276848057e+00
1.541645159731454e+01
5.967367070711854e+01
2.155985651610413e+01
6.520266899149989e+01
7.805293005800476e+01
9.991557518947664e+01
8.888493920158825e+01
9.221159414956887e+01
2.393431697224002e+01
2.108289805291355e+01
6.979252773793067e+00
9.976312802162167e+01
7.878009810986933e+01
1.104349489838048e+01
5.569033876792078e+01
1.891150647723652e+01
6.794639670660085e+01
4.403088467383333e+01
1.729367534503978e+00
2.945520013079755e+01
4.960763498656807e+01
7.764236842172330e+01
9.708135016126622e+01
3.114504699182932e+01
4.938158162375054e+00
3.051766223763938e+01
9.839559150785003e+01
2.789916686150207e+01
1.169123091348039e+01
4.304677468866425e+01
6.283816712109287e+01
7.290060015996015e+01
9.760671430155948e+01
5.109645661483354e+01
6.091142681469742e+00
9.203416565062207e+01
9.002837934066932e+01
7.075392118224592e+01
6.787123846256698e+01
7.494634872998407e+01
3.629893252453717e+00
7.485049123636004e+01
6.132518512258548e+01
7.095005506228193e+00
7.915231412237152e+01
4.805336107874911e+01
2.835144476422642e+01
9.198943697474405e+01
8.775262850697740e+01
6.759777700882302e+01
5.353389096145234e+01
1.723190490958835e+00
7.287089860666120e+01
7.841449174024839e+01
9.186257943132081e+01
7.780905681560237e+01
8.765765842406901e+01
6.691720647128169e+01
4.233358928111083e+01
4.514180694014849e+01
6.988686093589610e+01
7.363623146602708e+01
2.940317258676662e+01
4.409568321150527e+01
3.740454178182620e+01
5.614567615843642e+01
5.146184025866065e+01
6.310045689488783e+01
1.304744152028460e+01
8.992571695238618e+01
2.523402023372893e+01
2.714146972966449e+01
7.990047628055349e+01
8.655920540288054e+01
2.416129583686651e+01
6.869717928054612e+01
5.153574685171980e+01
3.089414938860300e+01
2.072647526894066e+01
3.651302356110561e+00
8.064221696958049e+01
5.255337746467133e+01
1.284580915833163e+01
8.210607947879755e+00
5.388313953479898e+00
3.425244988605960e+00
4.954517960992884e+00
6.568832111809790e+01
2.257999620520510e+01
7.848140745353020e+01
2.837881847674904e+01
9.246685714110120e+01
1.168007506601516e+01
1.391651435471909e+00
2.297013351832057e+01
5.832888048995700e+01
2.566901642161841e+00
9.201482650452053e+01
2.142933733827869e+01
2.946649893627805e+01
9.706481154871398e+01
9.145655794602658e+01
4.820291546555372e+01
5.680019592717299e+01
5.384680081803669e+01
6.001667918638172e+01
2.549737516115297e+01
6.429040481536202e+01
3.769885233496262e+01
2.526834282338076e+00
8.168589048166103e+01
8.297880253893267e+01
7.678720055929720e+01
7.966406367703530e+01
9.511266960534857e+01
4.888304278668158e+01
8.429745565368675e+01
7.845341604130968e+01
6.735112898394053e+01
7.966669769010818e+01
2.574152323684726e+01
6.086212399455818e+01
5.810875681140868e+00
4.666586194497806e+01
6.225377543003009e+01
6.064695555746879e+01
4.994742434935059e+00
3.679224664196011e+01
3.083056943995439e+01
7.244647912329366e+01
1.161352354642634e+01
4.972659351757103e+01
1.788063771924034e+01
1.446166104379187e+01
2.669188125370624e+01
4.944344551742238e+01
6.472089768607211e+01
6.270995943933257e+01
8.027146201593403e+00
1.217719256513621e+01
4.879538717157924e+00
2.016587183818495e-01
9.515599510406889e+01
8.548847510734969e+01
8.250016150181190e+01
6.865489313781956e+01
1.319297673795045e+01
6.558947012088703e+01
8.895773826584114e+01
6.528598324641864e+01
2.001123201102541e+01
7.284983241597648e+01
9.964935872687462e+01
8.389424396860146e+01
1.951569431438842e+01
4.579913264410530e+01
8.209251998089837e+01
9.322043331024257e+01
7.992377676066187e+01
9.720298149492731e+01
6.656185065701689e+01
4.618252233890003e+01
7.631550360299437e+01
6.881515428834369e+01
4.632534731474023e+01
1.038346710167055e+01
4.054259277905458e+01
2.734194832264537e+01
3.633141561240490e+01
7.656043613169362e+01
8.202698737477277e+01
4.121095437612895e+01
7.939653390990409e+01
4.245571132863672e+01
5.434061105099535e+01
9.183931089557676e+01
2.614403102833034e+01
1.945288983148192e+01
3.090223159217380e+00
4.923390971926689e+00
9.478259556683833e+00
8.597071221376336e+01
3.106874596842972e+01
1.838444467558732e+01
8.946377769553278e+01
7.468873466117715e+01
5.234665565767636e+01
3.400497712847077e+01
7.332999271961394e+01
4.143975150838482e+01
3.770602323939373e+01
4.441772985477826e+01
8.762227389385099e+01
7.813753354276416e+01
9.484454788958865e+01
4.826645727654289e+01
5.175898971583647e+01
3.538714062207711e+01
9.930284726400991e+01
7.228552413745109e+01
5.286480889323391e+01
1.057797954910341e+01
2.930135970437031e+01
4.337477043428215e+01
7.314440844261293e+01
4.058147880275803e+01
7.490549593926663e+01
8.425501290906919e+01
1.303108074377807e+01
7.799571914505015e+01
4.247392646152243e+01
5.385524269838596e+01
1.097174315292935e+00
9.541226089718391e-01
7.223968737397328e+01
7.576028284419341e+01
2.412711266620416e+01
3.375566212169624e+01
9.765259926098055e+00
9.922198974491189e+01
4.564441053459626e+01
4.097321850293000e+01
9.339057984454119e+01
6.281768747736592e+01
8.271540807686533e+01
2.009593114261326e+01
1.108414470734268e+01
7.086974176153062e+01
9.050266830739689e+01
9.447312564331718e+01
3.596434576248952e+01
6.743064851846110e+01
2.516182275729339e+01
8.826150679414231e+01
5.877475913556979e+01
8.574895345873617e+01
4.426229588885898e+01
1.201556511782835e+01
8.256124406240939e+01
7.586646837921182e+01
9.793169801027128e+00
6.378763358285075e+00
4.249452163581481e+01
7.439669495187546e+01
4.926472932531718e+01
3.299714812682809e+01
4.117655066828083e+01
2.270495557352200e+01
4.848987108491821e+01
6.456458455164199e+01
2.192694527186777e+01
2.937357264076060e+01
6.811157831368575e+01
4.717832861802463e+01
8.650297219236521e+01
2.464855505370002e+01
2.803167022207364e+01
6.250262198154937e+01
4.889118543308749e+01
2.275733152532826e+01
9.206024254302505e+01
8.485553119557702e+01
4.509038545428328e+01
4.426729639259507e+01
1.830298496331227e+01
4.896273917935916e+01
6.411629527067592e+01
8.700224649487168e+01
6.079249254464754e+01
9.808954051606801e+01
7.564152543230054e+01
3.409201318123006e+01
2.312471099343370e+01
1.813604706811535e+01
3.275988261809567e+01
2.625971582078362e+01
3.287025603133731e+01
8.755920719707348e+01
4.440750942770742e+01
8.136012716282166e+01
2.196205501536003e+00
2.504773900147888e+01
5.045411831254797e+00
3.787571566080475e+00
1.351278331759981e+01
4.658387654767552e+01
8.231014981042135e+01
8.246815757940902e+01
8.913550092332787e+01
1.626238022756874e+01
3.544374603565957e+00
2.843736797964078e+01
8.027041222912744e+01
9.373235469392145e+01
9.841780872010524e+01
1.942089638645803e+01
6.111408428340874e+01
1.394610512719774e+01
1.175281396682971e+01
2.190657682805628e+01
1.203564564326575e+01
3.769061283100891e+01
5.739423900721327e+01
8.674026857444098e+01
5.128147050332347e+01
6.448729809582574e+01
2.880270617492623e+01
2.966561682041064e+01
7.771332877581628e+01
7.997000863774214e+01
7.005704309328321e+01
2.983712047796562e+01
5.017747592654893e+00
2.124798690026998e+01
8.749871523468696e+01
5.212072611419518e+00
8.179663390936173e+01
6.980886499854218e+01
7.446657180528462e+01
5.578633982491975e+01
4.763731153106192e+01
6.544907561757093e+01
2.620519032990802e+01
7.994420192201818e+01
2.596506160961700e+01
3.539989191824565e+01
2.430871670335006e+01
9.929226622883802e+01
7.487407218426189e+01
5.891013916531118e+01
8.985722721082029e+00
6.138164273527528e+01
5.473074310213828e+01
6.294416122275598e+01
8.537099793803458e+00
8.841400406715181e+01
5.309828280149878e+01
3.176777247887467e+01
2.738596961246150e+01
4.362416763027392e+01
9.586570965864961e+01
6.931136202500731e+01
6.064873200871457e+01
2.228020435305322e+01
4.441381690297919e+01
4.814744719683539e+01
3.397862288820493e+00
1.106465575800494e+01
4.414004853188062e+01
6.530256334939159e+01
6.685099558292468e+01
6.559362367987336e+01
9.695102753907024e+01
3.833078781065102e+00
5.536143647290833e+01
5.020142223229698e+01
4.203086190020240e+01
5.832385740164847e-01
3.728056812532273e+01
2.650302542676359e+01
7.733593004631621e+01
4.626629084640476e+01
2.692510137656941e+01
3.243466794138526e+01
1.125060353020700e+01
2.989016768051785e+01
7.950603709533161e+01
1.340195947019475e+01
5.596610831840248e+01
6.248633617651013e+01
8.434638198667503e+01
5.458284940318337e+01
5.142282571244186e+01
4.862303009658262e+00
9.210776248579276e+01
8.303048833414469e+01
6.055482200372723e-01
8.026091609162322e+01
6.901298326859854e+00
4.474559679848403e+01
4.232130299430401e+01
4.885812743979419e+01
3.655968603517846e+01
7.293224212384422e+01
7.758537273741577e+01
5.438354478887447e+01
7.257775663052581e+01
1.681834343672653e+01
4.028983043520238e+01
9.858324709282408e+00
8.572607375016719e+01
1.953786705599067e-01
9.514626464580478e+01
6.418816748270214e-01
7.249512047157396e+01
6.737521908589417e+01
5.742388035050774e+01
5.535226522728441e+01
8.097433349163008e+00
1.061511356877867e+01
3.746372891471895e+01
9.244381533583804e+01
5.635090063156136e+01
2.312218017090213e+01
7.819880646569599e+01
3.321395434123182e+01
3.038227368629644e+01
5.270865282635607e+01
2.500491706887489e+01
9.162449552287558e+01
9.118424481301766e+01
6.500671467045635e+01
7.898051528212639e+01
2.536266540426885e+01
7.388381337462170e+00
4.296216217007589e+01
8.397800544462073e+01
3.676198815776128e+01
5.978050560680241e+01
9.666556375877261e+01
8.982446267727039e+01
6.517781688141535e+01
3.653575295421097e+00
1.507673259595257e+01
2.053573858949157e+01
8.296943110552124e+01
3.079770558085186e+01
2.239627019613808e+01
3.150096094771333e+01
5.992063798937976e+01
2.416432142451607e+01
5.064582952793959e+01
3.325714139885136e+01
8.051522205607743e+01
9.073422732331521e+01
1.145594781798122e+01
2.522210447360859e+01
9.688689582836204e+01
4.266450449017086e+01
2.720404678359816e+01
3.600144201703437e+01
4.483912347109948e+01
8.624239656433575e+01
1.673244606551362e+01
8.357342853377267e+01
1.972916834975088e+01
4.253788867152198e+01
4.405245140383600e+00
5.395526408867690e+01
6.914176986047150e+01
8.186254095372863e+01
8.285695658198416e+01
6.749621115973974e+01
1.151701710723202e+01
4.686229431389938e+01
7.436457568517167e+01
9.133748062482918e+01
2.873139471222246e+01
1.042821989880326e+01
1.916667382194040e+01
8.865203274816835e+01
3.459254132331933e+01
8.187454840255647e+01
9.547386811835406e+01
4.571128033367511e+01
2.152849078249582e+01
3.336512196500092e+01
9.756139437554468e+01
8.855704976644230e+01
5.792291749172048e+01
5.604098651373805e+01
2.275598683522827e+01
6.137223595817212e+01
4.228338303150767e+01
2.233171333667436e+01
4.442178413477809e+00
6.387924769142608e+01
3.805955002925337e+01
8.847423553861409e+00
8.707676790052874e+01
6.718799633308686e+01
1.671086536567233e+01
3.142400646182895e+00
2.354462422595575e+01
9.820231883702908e+01
5.000469496008228e+01
2.271615714892566e+01
7.728269294709092e+01
1.019128649970111e+01
5.724008966108788e+01
4.046490930042459e+01
8.525084102770818e+01
6.773691841761438e+01
1.438927064388491e+01
7.160015081595636e+00
8.284468179701115e+01
9.278766363523326e+01
4.052513704659656e+01
8.242682557666060e-01
5.773129079385255e+01
1.655476345520223e+01
6.772260799432294e+01
9.597833338006322e+01
3.742351338147350e+01
6.941880894332138e+00
2.818990919189058e+00
4.186569179495130e+01
7.388523867069057e+01
4.636305605357655e+01
5.499920340022035e+01
6.096200652465318e+01
3.487658926047226e+01
6.742398076105117e+01
3.089573091403383e+01
6.956079670673273e+01
9.565186328052164e+01
7.540588298598578e+01
7.961427973565380e+01
2.600599593762588e+00
6.364987872710911e+01
2.542133094995345e+01
4.306550889418717e+01
8.061279378859922e+01
3.785993998770599e+01
1.432468170035849e+01
1.603875184247212e+01
4.144313630715158e+01
1.656692010190660e+01
2.829794591679142e+01
4.226740460948432e+01
4.930163833745831e+01
4.485270937199365e+01
5.540716054635456e+01
7.147613827673538e+01
8.623133296437157e+01
2.547151014463581e+01
8.656898019209922e+01
2.414191450185232e+01
3.929839019630960e+01
4.330330684003575e+01
7.485502989723116e+01
1.383926794577356e+01
8.257434334725809e+01
1.831698744479426e+00
3.049728573788763e+01
3.586537420557131e+01
2.714960539115109e+01
7.075175739394118e+01
4.441209390964922e+01
2.975020498491368e+01
1.355016674546067e+01
6.787770146870878e+01
3.386304529098004e+01
5.894018619271935e+00
1.376835150353999e+01
8.714039562602545e+01
9.366682753603291e+01
6.470738093587913e+01
9.425274091505106e+01
2.196477340625821e+01
7.558512765708618e+01
3.068813920518762e+01
7.607098695639101e+01
3.479047260935906e+01
7.874408558883894e+01
2.871792988326304e+01
5.023593197122027e+01
5.875324670167326e+01
9.461084990511221e+00
8.679786016549815e+01
6.451000741892961e+00
4.809064988423635e+01
7.760297128819069e+01
8.489833329101015e+01
6.827369684738744e+01
7.102923005401587e-01
1.070033414787628e+01
4.985198636998049e+01
6.564789384866501e+01
8.557257800622497e+01
5.056585541487013e+01
4.952987658303691e-02
5.540600281926152e+01
2.597181490900545e+01
7.930890018088226e+01
5.793377759770200e+00
3.955830086002047e+01
5.075332156883242e+01
4.841659271550206e+01
3.381104172850542e+01
9.494050107660726e+01
8.407144014913190e+01
4.614328637073901e+01
6.175798385485913e+01
6.615775854613528e+01
7.305091106009246e+01
6.496700214453368e+01
1.365722846875770e+01
8.364061866125121e+01
4.948315264167411e+01
4.557776066734351e+01
4.049029831797364e+01
3.217795925781967e+01
2.318073190896806e+01
1.259541595941196e+01
2.254761970720609e+01
1.807686836369190e+01
2.329575010728824e+01
5.084815404883034e+01
9.286382333043210e+00
5.168313023246970e+00
2.862502077064711e+01
8.377429208893994e+01
6.125602836779134e+01
2.483947809079638e+00
6.585168329340019e+00
7.965370536765722e+01
4.222229595399568e+01
4.539890216914886e-02
7.731527559334192e+00
4.912634619936643e+01
7.450139707629634e+01
2.111742772213995e+01
3.295495325371388e+01
3.625938088458934e+01
3.609730579708577e+01
5.784232521329184e+01
4.711107022460134e+01
9.324147370329195e-01
2.817837392360827e+01
3.119837959818467e+01
1.387503371288769e+00
7.706602820058635e+01
3.540576642165229e+01
1.991643804121597e+00
5.698567799152140e+01
3.406308108664261e+01
4.746724062015640e+00
4.270219273991054e+01
3.677211256547464e+01
4.848996556759344e+01
8.211455763416112e+01
6.539713338268788e+01
7.576623376261733e+01
5.613148610858781e+01
3.500954962103141e+01
8.235140213852348e+01
7.772873336343501e+01
8.447868460066556e+01
6.191229813821255e+01
1.477472093644306e+01
6.671853226922384e+00
6.936790639039498e+01
6.303342551134220e+01
2.986999728245195e+01
7.267307609909824e+01
9.683284549826423e+01
7.423999946296215e+01
3.367495864335213e+00
2.409974971045728e+01
5.335394342120455e+01
5.098252587531811e+01
2.548725312831218e+01
6.016497014098101e+01
9.098944779997200e+01
1.438810202031774e+01
7.957141277360330e+01
2.740389063367801e+01
9.016680907931496e+00
8.166047920550243e+01
3.705493581344138e+01
6.041928430107389e+01
3.924932998570117e+01
2.554343264808107e+01
6.936303953144841e+01
3.732435798147896e+01
7.033315038789677e+01
1.562428233009962e+01
6.872282939437908e+01
8.043652748709383e+01
3.159055031444437e+01
2.723707450890777e+01
7.735157151583189e+01
9.002410266083857e+01
2.930661692717421e+01
8.803472807073720e+01
