3.179905015593351e+01
7.210960154054203e+01
9.706581150976280e+01
6.517137082534440e+01
1.861388097452646e+01
5.845710600654460e+01
2.198378565813591e+01
8.715718006117137e+01
1.352023846168082e+00
3.019944016365309e+01
6.880146771147916e+01
3.313620227069417e+01
5.661821228294550e+00
4.328657502461531e+01
3.320506551917878e+01
5.657530229379204e+01
5.674262468551407e+01
2.816988948181732e+01
9.186155949340275e+01
5.575379592168788e+00
1.673664665629000e+01
7.168723264322021e+01
9.932714169813653e+01
4.889350060787680e+01
2.866262482882599e+01
8.993367519692224e+01
6.545424673960277e+01
2.832330620303904e+01
8.502659647959592e+01
6.449235303536632e+01
3.406217300056581e+01
9.024430317349932e+01
1.681586560644948e+01
4.761156651545855e+01
6.745150190193742e+01
3.542974658097594e+01
8.184906588022088e+01
5.188568795653325e+01
2.258692659558119e+01
4.134725189830515e+01
8.155939918084041e+00
8.508343910103824e+01
9.380831708843276e+01
9.933185200175822e+01
2.837001407908742e+01
7.210878807683885e+01
4.432225164227292e+01
8.750107655650986e+01
5.724558050615973e+00
7.312937372975487e+01
7.354614612345870e+01
4.056271521400787e+01
6.255885779976792e+01
3.167337641663541e+01
6.491425324460224e+01
6.690630850703749e+01
3.267554544502661e+01
7.462732255208647e+01
4.623486271418392e+01
4.973713357454964e+00
8.841940420140484e+01
2.761187363770412e+01
7.253844434047976e+00
5.235269761288198e+00
5.100383351138041e+01
7.470534633598540e+01
8.827817397577602e+00
3.285289934503515e+01
7.064249695774284e+01
6.273422607348031e+01
9.188968850853372e+01
7.922777472027940e+01
9.123738086374354e+01
5.212138530431380e+01
4.777175949317019e+01
7.670539611797099e+01
6.341072733672836e+01
8.922190917153931e+01
6.420647267448086e+01
2.176848520607151e+01
6.570499803205253e+01
9.978120750737432e+01
9.159649009425030e+01
9.239813354443672e+01
6.626257182390549e+01
2.134202673162428e+01
4.300460510095796e+01
2.778771167052338e+01
2.657888886825130e+01
4.903961911287141e+01
8.730734856208198e+01
1.499829306965614e+01
8.280395724941229e+01
8.058733827461830e+01
2.023356283094434e+01
2.232471696209382e+01
7.943838773269131e+01
4.779252947670991e+01
7.861638971539978e+01
5.722998034080023e+01
9.749478055047560e+01
3.505708385960063e+01
5.452880033037104e+00
7.248590419650353e+01
9.092687107200122e+01
8.088917586993854e+01
4.919130026790840e+01
5.433759840872958e+01
6.370672688992076e+01
1.339777289582313e+01
2.347288374950778e+01
3.570456357472789e+01
7.872663469925831e+01
9.002759670374337e+01
7.662124995916209e+01
7.383880092475508e+01
7.802056925279115e+01
6.956375221235852e+01
3.429480923074056e+00
4.965451408627188e+01
8.384929424331024e+01
7.391207636050511e+01
3.741661093077465e+01
9.525486402923934e+01
1.931967084264367e+01
7.908379513727678e+01
7.562696266715740e+01
9.825400547043142e+01
6.559941054582569e+01
8.341841580505410e+01
9.650223087356530e+01
6.413289646810522e+01
1.847549966465472e+01
7.814760258335043e+01
3.688141281571305e+01
2.913603094831855e+00
1.394449752473482e+01
1.204944956677475e+01
8.911414183169330e+01
8.349201007908769e+01
9.920787382834027e+01
4.266549113248384e+01
7.062949243496615e+00
1.748150876605953e+01
2.765639942495916e+01
4.986270859365477e+01
4.986911879380659e+01
4.383855743512444e+01
2.560926025063230e+01
5.329859971688064e+01
8.769049667180073e+01
1.703993106123057e+01
9.193191043656874e+01
4.353250462726341e+01
1.229479509046990e+01
3.841857208796710e+01
7.317789330760850e+01
6.644683650994992e+01
9.008331675551986e+01
2.383236425175907e+01
9.459817320788193e+00
2.676088648231741e+01
7.198161574638524e+01
3.709890075824172e+01
1.907729679675647e+01
6.635859532577851e+01
4.001250385307358e+01
1.642249804754858e+00
5.216869621172953e+01
7.720017497297384e+01
1.595023196002014e+01
5.137656999350367e+01
8.978720055417493e+01
5.518217196463709e+01
8.162886639201496e+01
1.195743559485182e+01
1.522923107968142e+01
7.791544305063573e+01
4.970137274344516e+01
5.022953406452645e+00
3.121404272095023e+01
6.578253818013824e+00
3.070572197004488e+01
2.314595311095284e+01
9.002721858677791e+01
4.300051706051478e+01
3.352101595770615e+01
1.565174251592334e+01
7.820550239561382e+01
2.360433271322601e+01
9.469098942107101e+01
7.117313988095762e+01
5.108568139890474e+01
1.099843550985606e+01
6.010826419112657e+01
1.524885772506188e+01
7.720467284191618e+01
3.991578744720471e+01
3.464005549188705e+01
9.811715092422308e+01
2.279432612601403e+01
6.284011190889408e+01
4.978780050286455e+01
8.186254607600278e+00
1.282243654728981e+01
8.948621251130765e+00
2.014369020245210e+01
7.680782134496040e+01
8.686406430176649e+01
9.335163314517197e+01
7.809155736029686e+01
8.721855449826388e+01
1.942617288763922e+01
8.797279330341741e+00
8.899810439394699e+01
4.851867060573710e+01
2.333904803886034e+00
2.251912030508701e+01
2.104633493397680e+01
4.640483541712391e+01
4.838657614234210e+00
6.363774745894490e+00
2.683220227567116e+01
5.631333331405806e+01
1.736221030231668e+01
6.076000652311370e+01
8.094968110367175e+01
4.858394826230777e+01
1.702091843682384e+00
4.730590942655965e+01
2.424496818531536e+01
5.749464079620999e+01
8.721240725704115e+01
6.748384813195274e+01
6.568089540381025e+01
7.653296602728449e+01
1.409588643074775e+01
8.582458560626236e+01
3.578316929553783e+01
9.599506859481105e-01
6.176426879212459e+01
1.905028979249778e+01
6.863741361006974e+01
8.119044167976381e+01
2.784756912283952e+01
5.763551795745060e+01
5.182447803757362e+01
1.678005648626948e+01
9.765502624104499e+01
1.574896705138915e+01
9.648664253600250e+00
2.493683808713073e+00
2.211274179728364e+01
8.771410425552824e+01
8.259142464147480e+01
9.122983128355342e+01
2.597780023979852e+01
8.248865813132778e+01
3.419419323755158e+01
3.194118767601493e+01
4.511220084741348e+01
5.750982712838325e+01
8.943582847222493e+01
4.045938478804165e+01
6.358642660248393e+01
5.511672382946905e+01
7.826336169534520e+01
7.768231303323168e+01
7.740109468689239e+01
2.708312539713603e+01
1.348000355692580e+01
3.153800258018914e+01
3.560265788603697e+01
9.768032138127849e+01
3.484381001202567e+01
7.464243856940533e+01
7.437894357106599e+00
6.964021826611841e+01
8.150438921596128e+01
7.188030293764560e+01
5.953910102114971e+01
3.794644821339587e+00
8.962655718886599e+01
1.240156177077515e+01
6.448586115822469e+01
2.811553661158100e+01
2.584146187912741e+01
8.599867438245504e+01
6.463398354343791e+01
8.526685996226354e+01
9.366792193319085e+01
8.910376112400729e+01
4.450986857736011e+01
8.310375035884965e+01
8.003290797585291e+01
6.777036230441665e+01
5.797398507500719e+01
9.883457440828653e+01
6.989880044474211e+01
7.916178357748397e+01
6.092648071280051e+00
6.442087188568938e+01
1.727556810587438e+01
1.262354953802356e+01
3.916023519782360e+01
6.576338161982753e+01
5.566700867175452e+01
2.004363230431622e+01
5.198851411789121e+01
5.885227148367663e+01
7.564109762927569e+01
5.780162217924448e+01
3.719390786122247e+01
4.806128612163537e+01
7.338492249761937e+00
8.569862571810309e+01
9.336237283114454e+01
9.487013020313817e+01
4.657267874412829e+00
7.967721050590146e+01
3.805843267499397e+01
9.689202285226995e+01
2.458491810810981e+01
2.545070588842533e+01
4.910326914354380e+01
7.418418260020399e+00
4.860548197692516e+01
4.323307538555613e+01
2.289628890477879e+00
1.932560918821283e+01
2.239485896304010e+01
8.382276961757929e+00
4.615623678367410e+01
3.188976367557876e+00
5.855367638103369e+01
4.584767434087008e+01
7.002560229507536e+01
8.100532949017609e+01
6.589130664518630e+01
3.752578633722187e+01
9.336078404139764e+00
4.153240422789585e+01
4.092089130586054e+01
5.705700212021219e+01
7.526465094427795e+01
9.797952161076456e+01
2.357119690793157e+01
6.862702372885636e+01
5.077109432349498e+01
8.993397457056398e+01
4.108180712958882e+00
8.882952699848894e+01
7.372097679121465e+01
2.869309882106869e+01
6.966464667099744e+01
7.300409515062537e+01
6.695670758697983e+01
1.872318201638906e+01
2.196665337400821e+01
1.899281447706410e+01
3.804879120460190e+01
4.436151233704831e+01
2.737509143882203e+01
2.122474341710319e+01
4.862373301229614e+01
5.271341225724361e+01
6.541215398600891e+00
1.864933530737149e+01
3.371874174741969e+01
3.353425326456048e+01
8.245003571847921e+01
3.527118681709803e+01
7.506665749245633e+01
6.989906345023729e+01
4.580441235834938e+01
5.033130839016815e+01
4.379251484935754e+01
6.937560926628095e+01
7.741751497491147e+01
9.456360917285252e+01
7.444540302941827e+01
4.012817048473664e+01
9.232368394375018e+01
3.379378827931070e+01
2.381066234028463e+00
9.800291010085628e+01
7.364228985907617e+01
6.846279723963831e+01
7.132791144369538e+01
9.560894323308437e+01
8.745561171670239e+01
4.639641803055835e+01
3.024313064769056e+01
8.108180341361174e+01
6.762116144766154e+01
7.375840995170103e+01
3.021673240243305e+01
2.371005701073913e+01
7.181052839002132e+01
4.649036491591966e+01
5.724431027529961e+01
3.622169594104481e+01
9.001026735175878e+01
7.125409034604863e+01
6.120759344715979e+00
3.581467966354204e+01
5.381622112068172e+01
5.993433038701039e+01
5.190288883256860e+00
1.600608183816359e+00
4.792385462109179e+01
8.955449233276514e+01
5.858913741940127e+01
1.413880480180439e+01
2.128673587985650e+01
7.642673266885186e+01
6.235608796698791e+01
3.693824272460222e+01
3.030797747443802e+01
4.108735371431678e+01
3.591649282533512e+00
6.288479825616107e+01
9.285097298810770e+01
3.050842449558360e+01
4.717584464101859e+01
2.996850885915035e+01
3.039367083944085e+01
7.418333407220587e+01
7.262814034364565e+01
2.634613687468047e+01
1.598281712084209e+01
2.987245057237914e+01
5.646476329139656e+01
9.428671286175341e+00
5.650192352780230e+01
9.544641640756578e+01
8.748959195217564e+01
4.834824621134822e+01
3.162847595830843e+01
4.699805306596591e+01
5.733248314696014e+00
2.115546172538561e+01
7.364600388037321e+00
6.432238578066341e+01
6.302917425661775e+00
9.466281300162096e+01
2.529258943409314e+01
8.273091031365605e+01
1.151803103811947e+01
9.240968613531891e+01
2.694690764273838e+01
8.012980766600455e+01
2.475482762081308e+01
6.715495310125638e+01
7.300617176713709e+01
7.193067230839779e+01
6.871596391718646e+01
2.974084514646830e+01
8.665063231561828e+01
4.134410426083212e+01
5.604041789473985e+00
2.633449436460365e+00
8.572413599385142e+01
1.865481483687405e+01
9.194109267179904e+00
3.339997312678023e+01
7.256251316171256e+01
9.668370121935554e+01
3.463488795544714e+01
1.981685404657240e-01
2.641550853215880e+01
5.779539838330606e+01
6.656513375535846e+01
7.080842818636840e+01
9.574539386469191e+01
4.307808323906646e+01
6.547124114142323e+01
2.998311143833358e+01
1.150124888471386e+01
6.408932170089768e+01
3.567523622683959e+01
4.092809494628016e+01
3.519288745484915e+01
6.043006389421880e+01
5.824603711173219e+01
3.125051373208431e+01
3.236073615605046e+01
2.696200102891866e+01
3.465035629209613e+01
1.901136842510261e+01
2.275127872021463e+00
3.165894678405437e+01
5.082845923063739e+01
3.952266007639592e+01
5.031376162092842e+01
3.027135177062422e+01
7.292263324974228e+01
3.765716861824373e+01
5.670626971717284e+01
5.114830078144944e+01
2.328607203591898e+01
7.813800092699844e+01
3.835281852556059e+01
9.074528947972938e+01
5.324673887959063e+00
9.918869524225066e+00
8.522048405614704e+01
4.466800673150830e+01
1.481121495124475e+01
4.538001448166558e+01
6.374095690610864e+01
5.048645117808434e+01
4.325840987416841e+01
2.198529887105585e+01
1.091651502573700e+01
4.946150344305742e+01
5.050475706835499e+01
9.783162739958224e-01
8.078881608358995e+01
8.788616894180242e+01
2.534275107334496e+01
3.734231439295333e+01
5.773566856874882e+01
8.393343751501918e+01
7.686497451591538e+01
8.049430143111120e+00
1.709791413373217e+01
1.288531069312492e+00
4.570659876135485e+01
9.491043914803790e+01
6.614874231915397e+01
7.579672205066156e+01
3.255980374876400e+01
7.673617949557313e+01
9.007538640409494e+01
2.199486909527093e+01
8.159121995865890e+01
1.185876951173822e+01
3.840260959155979e+01
2.119794037248843e+01
1.418908443962647e+01
5.893289253997285e+00
1.357951039149403e+01
5.316233749183004e+01
2.412886536872427e+01
2.449602546379716e+01
6.908997756852302e+00
7.736467801843057e+01
8.960921270288956e+01
5.781710229712404e+01
6.525084691366686e+01
3.832879180010818e+01
2.813798749267030e+01
9.339141389047327e+01
6.305292475179439e+01
7.848004362475129e+01
9.963177754526575e+01
2.820012305313727e+01
7.108188977981075e+01
9.864010307874535e+01
2.157585985100635e+01
2.920355979781764e+01
5.268306785853723e+01
9.615900218307925e+01
5.939739246824635e+00
7.932135331412840e+01
1.815387123178405e+01
8.990368130146697e+01
3.882390402202676e+00
6.468959761070534e+00
1.731464276896540e+01
8.133390479783243e+01
6.045969978927621e+01
3.089415316045943e+01
3.506825647087221e+01
3.274139167402936e+01
4.641611773819482e+01
2.973278780921027e+01
3.873626936168236e+01
2.316345526984122e+01
2.754280167983044e+01
1.924671573529332e+01
7.853326419300086e+01
8.434200528279972e+01
7.549712088680693e+01
6.811961208848265e+01
5.413536394673184e+01
1.706429413383095e+01
2.173702778375569e+01
2.368306602522873e+00
1.570439716601018e+01
1.853137045098998e+01
3.157186640034051e+01
1.367459712255495e+01
1.469037263406924e+01
3.751160564716515e+01
6.637469710147693e+01
3.284424386585329e+01
6.095928887881306e+01
1.371992175174873e+01
8.741065440113222e+01
7.206091050620233e+01
9.536312813654688e+01
4.787035414384228e+01
3.994198508557956e+01
2.955006874611139e+01
5.372994656382591e+01
7.626224955369824e+01
5.928285660188778e+01
5.099529081536238e+01
1.228757994821648e+01
5.328839912698064e+01
7.024200659722183e+01
3.860458873147359e+01
1.380960317971632e+01
7.941263126182027e+00
3.894165579180310e+01
2.300966611272174e+01
5.143709054749323e+01
6.897180814713789e+01
2.537797271524462e+01
6.714148771350341e+01
5.289383458574015e+01
5.694983911558512e+01
8.081608483605835e+01
6.758420721980939e+01
9.446144476275026e+01
8.253626831925300e+01
9.618608006098590e+00
4.414629132679956e+01
9.625619007100174e+01
6.468535110572601e+01
9.524246584402512e+01
2.611126463213529e+01
7.737093008000913e+01
3.518445088303855e+01
5.654264923955438e+01
5.460644022310453e+01
3.960212787594745e+00
8.014294192201595e+01
2.715911326331977e+01
3.460316310385389e+01
3.343134104899659e+01
6.208509754486619e+01
2.073320407454539e+01
4.780460509835026e+01
7.429330911221602e+01
5.967485986634850e+01
3.770571431969559e+01
7.483808662502007e+01
8.111862143553729e+00
8.738922345796098e+01
1.690641255905219e+01
8.541149943387671e+01
3.208731991801751e+01
9.611197053273766e+00
1.451536566694983e+01
9.446840239431170e+01
9.214746537252677e+01
3.196156445516346e+01
6.833390834198050e+01
8.840365544352851e+01
2.782922192841266e+00
6.357637413943949e+01
7.971367201754529e+01
6.239007099642887e+01
8.911444744519630e+01
4.685842634498069e+01
3.810473249205609e+01
2.927743961535275e+01
2.272461420983291e+01
9.870055303848375e+01
4.603319370468761e+01
5.671961617503298e+01
7.454429058104022e+01
1.924094549344897e+01
9.648839211859199e+01
9.985714601346159e+01
9.917289814873268e+01
3.568928574011162e+01
4.641444913410323e+01
7.284760245720278e+00
3.256640067909211e+01
3.552666680679036e+00
9.966621957703782e+01
2.259912738697562e+01
1.457543122329536e+01
1.418158519742153e+01
2.383504855625101e+00
8.608924485095277e+01
1.765707215185141e+01
7.071741324417172e+01
6.537187922064767e+01
2.676213021705026e+00
2.968511731814831e+00
4.508555119162684e+01
7.040070596635375e+01
3.305461235952313e+01
1.640273584816732e+00
6.349952791980446e+01
6.233205202144201e+01
3.717979348133309e+01
6.220008091172207e+01
4.062172520934684e+01
4.052404795797730e+01
3.674437149276229e+01
4.104039098184574e+01
2.620350258713751e+01
8.518211379888567e+01
4.021328908401229e+01
3.885085011778905e+01
2.130707629085848e+01
5.107740059079481e+01
8.497129747875562e+01
5.711097035422501e+01
5.074362012126652e+01
9.166148122943075e+01
2.794996496660168e+01
4.432125945776760e+01
9.982681144020837e+01
4.918188743720851e+00
9.405060731528820e+01
2.954798640196584e+01
7.029006796436853e+01
2.595893145816351e+01
9.905618666627267e+01
1.537561910942924e+01
9.635963742451725e+01
3.211079902579579e+01
1.731328829997838e+01
5.985916529775558e+01
6.036207967454664e+01
8.741093533458697e+01
7.407042918450685e+01
8.216152516294342e+01
4.839249143767752e+01
8.826765468729086e+00
7.470917868181559e+01
6.494742332256745e+01
9.400887931418087e+01
2.199615073483258e+01
3.798273393790365e+00
4.822845889638572e+01
1.091325446540176e+01
9.280840749517475e+01
1.870665620952223e+01
7.487253894790659e+01
6.687700542010228e+01
1.930763033186441e+01
7.644883658571581e+01
2.970246059340539e+01
2.422581907558526e+01
2.553534089845389e+01
2.568439078781958e+01
9.451588703995380e+01
7.729805832602925e+01
4.069574193130049e+01
9.891506102816903e+00
5.616692037143135e+01
7.959572811592172e+01
2.163832104841169e+01
1.602608566918694e+01
5.129422748055972e+01
5.833736902956728e+01
8.051738938340796e+01
5.939644251921980e+00
6.579293881812735e+01
2.932283949541060e+01
6.106798232582770e+01
2.818371589676650e+01
7.719776326659962e+01
8.736454094171735e+00
3.855550109341531e+01
2.542622211641922e+01
1.964970855957349e+01
6.172214414073254e+01
1.678388752824808e+01
1.697385148935665e+01
1.016835445080341e+01
3.609151786011249e+01
7.291870246311589e+01
5.803257010785516e+01
6.031733698226387e+01
1.418899042261252e+01
8.371696094224089e+01
5.483322397565153e+01
2.997528930659187e+01
7.799008608702108e+01
6.472473012503457e+01
7.753129451420683e+01
5.758581415637667e+01
1.209199224230460e+01
5.220548606114718e+01
9.754362194684502e+01
5.891065325537262e+01
5.363454560452818e+01
8.987295296502903e+01
8.026088507858147e+01
7.374162444553414e+01
9.688211697939883e+01
7.209540860359342e+00
5.093938766556764e+01
9.814942874859526e+01
5.354589226355119e+00
7.636560982855298e+01
9.337036646593845e+01
1.673228280466622e+01
9.314949735680106e+01
8.951880624029729e+01
4.562416521162920e+01
2.924101517034742e+01
6.243750865684706e+01
5.387405760301001e+01
8.955835215261129e+01
6.920456265527967e+01
3.686424351151299e+01
4.439157612826283e+01
9.762067817972072e+00
1.485432955196795e+01
9.116306206731268e+00
5.852015701053671e+01
2.935884559031522e+01
4.476747002674615e+01
4.596225919479609e-02
9.883572249619091e+01
3.438665421418224e+01
7.414017490769744e+01
4.892393376162459e+01
1.901688786177751e+01
4.788179930666545e+01
8.559079234748650e+01
1.197755421138255e+01
9.882118697223309e+01
1.110329065057602e+01
3.699625816056331e+01
2.330280296658296e+01
8.239963049180789e+00
5.372854096522952e+01
4.700732838688760e+01
5.701994484151711e+01
3.003304201645453e+01
9.757730928136841e+01
1.945745349836417e+01
3.944683393437734e+01
8.713566138741359e+01
8.866201615364385e+01
9.503922639183664e+01
1.905602049969883e+01
4.371956081302816e+01
2.409196292240730e+01
2.963917461672759e+01
8.654538075744425e+01
3.899437675205728e+01
5.231432097606097e+01
2.488356922980564e+00
3.440999055020976e+01
6.128995966226326e+01
4.282703713645554e+01
2.653877456976975e+01
5.102167322813611e+01
2.270546882539311e+00
9.628778626038124e+01
9.368145293261924e+01
1.091733854772399e+00
7.391076864391136e+00
4.741928402679939e+00
8.739873845474736e+01
7.489221551217707e+01
8.161352746263776e+01
9.257785193276491e+01
3.191216035369419e+01
4.578243137606533e+01
1.934027262932634e+01
5.136961385205836e+01
8.604825212901842e+01
5.122635767386591e+01
7.535414210304346e+01
9.938984517910976e+01
6.085503276477336e+01
6.447254575997245e+01
4.555287177001725e+01
1.498576394048788e+00
4.743361847821325e+01
1.250175419845700e+01
5.223587376635329e+01
3.501246219268649e+01
6.841086501647294e+01
1.107660658242023e+01
8.207093886196192e+01
2.684505857846004e+01
5.134928876131274e+01
8.434148579106736e+01
8.057486516450292e+01
4.794196386260072e+01
1.103989780463273e+00
5.542365235994740e+01
3.339695256827257e+01
6.171175020826596e+01
3.031586787212447e+01
6.302592692106307e+01
3.524225597979606e+01
6.222802822581867e+01
3.162755543907525e+01
4.851870874339654e+01
1.359764203131089e+01
3.069657349525791e+01
7.784650403905962e+01
6.270827332637658e+01
9.289178424183828e+01
3.870153675726687e+01
1.810181770385327e+01
5.356822677588473e+01
4.020011315131566e+01
6.553543622863266e+01
7.244553047811870e+01
2.710970324795214e+01
6.065737598606263e+01
4.085639549459163e+01
3.818630987693849e+01
3.849687531520467e+01
4.319575417004328e+01
9.244682085348612e+01
5.963005202805161e+01
8.217037961919344e+01
4.038878471608683e+01
7.044218893649159e+01
4.475279601512142e+01
4.390057667340179e+01
6.231538688871795e+01
3.918296645357412e+01
1.139630964556537e+01
3.059745483593897e+01
8.743644439961595e+01
4.302386508464062e+01
9.222008795115170e+01
7.241065053847183e+01
3.466037336488272e+00
9.561118166689351e+01
5.315575588175830e+01
9.635782157832655e+01
7.816834621046127e+01
2.812945750920542e+01
2.407976557690639e+01
1.836845931521080e+01
5.377437130258157e+01
7.248008021734659e+00
4.547816260972906e+01
3.268310401247959e+01
4.810440351632629e+01
9.832044122662415e+01
2.484292570727082e+01
4.070558824609294e+01
4.915559005418587e+01
2.314861888212553e+01
4.467889906125092e+01
5.965921420588122e+01
1.266499395140679e+01
7.739676114981843e+01
3.550853758841220e+01
1.944001578699798e+01
2.861466152994645e+01
6.638008293992843e+01
2.672631341345902e+00
9.237135029042668e+01
1.458089180038352e+01
9.416191791843713e+01
4.867013499544474e+01
1.804692913687179e+01
3.362872732506540e+01
5.039852361679008e+01
5.183739333964763e+01
1.179707348896054e+01
3.137200797506236e+01
4.920722825881430e+01
3.016553285073746e+01
6.379404061650580e+01
5.645523628054896e+01
8.570187333305454e+01
9.647714467555151e+01
8.475145952997332e+01
5.930816790056795e+01
4.448814925015352e+00
7.054471041566912e+01
5.721647821237169e+01
7.191197242211177e+01
2.660457651438405e+01
5.191953915726371e+01
8.471553120050372e+01
4.001337617636350e+00
8.742807674567591e+01
4.155546940935564e+00
1.570995054939294e+01
7.613987805142062e+01
5.641956997868584e+01
2.603634052259677e+01
1.955189258770639e+01
5.131228922461732e+01
9.471303042709502e+01
3.759882172457819e+01
5.127408716421299e+01
8.278910381849349e+01
2.587925085140357e+01
3.943633262041785e+01
6.944011806949979e+01
1.210800698590838e+00
6.450410981872310e+00
3.712217837438089e+00
5.766603697913980e+01
6.480972658135450e+01
2.763264567015350e+01
4.552167954180468e+01
2.908794708973167e+01
7.639599921013973e+01
7.490904772417110e+00
7.682173549049615e+01
4.830797163225150e+01
3.409548128680115e+01
2.874127460119374e+01
2.997973367105226e+01
3.809681895100363e+01
1.616935130030352e+01
1.895175879772369e+01
7.607634424980560e+01
4.139735272219281e+00
3.177889302921430e+01
4.601092764456334e+01
9.751128470409256e+01
9.145853146512924e+01
8.581957369382474e+01
7.829106639991097e+01
4.329327402789763e+00
8.583551206897735e+01
5.341077961652110e+01
3.410653166198476e+00
5.527563009191101e+01
9.922880278864355e+01
9.861064148070787e+00
8.207728019080930e+01
8.917147651741816e+01
9.261426459653967e+01
5.582083270690442e+01
4.451567029790751e+01
3.335744488675028e+01
5.238121023978163e+01
5.888805801928419e+01
1.017918033068030e+01
5.852120190789979e+01
9.298353930608533e+01
3.892045493187404e+01
4.951805227879344e+01
9.862750973488555e+01
5.508980623217757e+01
9.423120948217399e+01
7.694855638637605e+01
7.623015831980396e+01
3.437745167611980e+01
7.681653866396124e+01
1.698357794293369e+01
7.256939619433572e+01
6.368344205603164e+01
8.853672015878219e+01
6.614242422680483e+01
4.951895407844286e+01
8.560229022316742e+01
6.955307739300332e+01
4.794584170353871e+00
5.701354758674911e+01
4.935029742743368e+01
9.330437294827047e+01
4.618502405760113e+01
7.136931217804985e+01
1.547221425709883e+01
9.758217730446820e+01
8.799324235319776e+00
7.962639372778423e+01
5.647023527718626e+01
1.840226036422060e+01
3.814759558911789e+01
4.945377458327160e+01
5.382639232735448e+01
3.871838680408820e+01
7.787109970947313e+01
8.916198559532035e+00
3.294959623969606e+01
5.748268918017051e+01
8.514635687933600e+01
9.299505785712742e+01
8.976189037308185e+01
2.068759734774362e+00
7.559232510421069e+00
2.261437513987272e+01
3.897572068449841e+01
8.445795615411268e+01
2.407553737241567e+01
2.279033713172671e+01
6.770720866867677e+01
2.147761095384024e+01
5.892260659435885e+01
4.422763690549304e+01
7.461472040722832e+01
1.678213477916184e+01
2.181671327995915e+01
3.268991225989997e+00
1.671054121885008e+00
2.321741935946859e+01
6.717566641381740e+01
4.837824401835829e+01
3.812335675494901e+01
7.250410251901675e+01
2.949509589443686e+01
9.194974912886961e+01
6.169080024663862e+01
6.025030941714081e+01
8.659476418355236e-01
9.141595172296090e+01
2.979288577558141e+00
8.121883016136421e+01
7.130223702234321e+01
4.795409098637947e+01
3.108655876996301e+01
3.396502059603343e+01
1.535555409051271e+01
8.536329329263572e+01
1.842297670357999e+01
8.572427541284090e+01
5.155677178481444e+01
7.886298265255195e+01
8.416342883564691e+01
8.795751514283825e+01
1.629663408561453e+01
2.235230064129098e+01
8.694669072839744e+01
4.490733283800414e+01
7.917594643271340e+01
1.493016025746714e+01
5.800471583288383e+01
4.635161279996466e+01
1.755883121749332e+01
9.612807258783285e+01
8.541023269547627e+01
4.705392711193018e+01
8.807782167013633e+01
8.772564185211698e+01
5.708315580016149e+01
8.894376931197185e+01
3.189772732178574e+01
5.449105922807524e+01
1.854476347497886e+01
4.339686075383651e+01
7.254916456181051e+01
6.303713804252313e+01
5.063998040307312e+01
3.170846497253909e+01
3.352656459134378e+01
8.559712520129845e+01
5.035314608847403e+01
5.655406171295515e+01
2.128333957925594e+01
3.451657492412095e+01
4.451157680922727e+01
3.757997366487047e+01
4.122943740395337e+01
5.245676103628089e+01
7.236727013828570e+01
7.773298140509660e+01
9.597551058790438e+01
3.037198592460341e+01
3.121798142381850e+01
8.706038537764009e+01
2.650005846587013e+01
7.197690921461997e+01
7.799062364641141e+01
1.457788013600645e+01
6.969352940548841e+01
3.545123447452264e+01
3.521649401412182e+00
3.881894207504529e+01
2.890485475254471e+01
7.847772323455555e+01
9.304336514000006e+01
7.085529345593196e+01
4.151486123051255e+01
4.368334549650706e+01
7.944453353036405e+01
3.642235032116172e+01
9.579140115333321e+01
2.979767961883810e+01
3.176786472637573e+01
1.707474068602302e+01
6.431425454295903e+01
2.035056572423808e+01
9.348949035326460e+01
7.473778458067113e+01
2.917238652201946e+01
5.480324758906069e+01
6.904058161612628e+00
5.292436762383412e+01
3.534869944460164e+01
8.863608957670446e+01
5.894878402303382e+01
3.542549411553214e+01
7.168425613627036e+01
1.953705289379556e+01
7.161191761103083e+01
9.283209917733078e+01
6.777123132151143e+00
5.269730046982751e+01
8.767611756346939e+01
7.947497590420534e+01
1.040491462238362e+00
8.071948265690332e+01
9.214932033426562e+01
2.198614283557336e+01
6.126050486288057e+01
7.373517224273419e+01
8.355658621692871e+01
7.854843236438391e+01
3.532851815006161e+00
2.299776259949326e+01
1.472147624693880e+01
4.281881407034528e+01
4.935172048832835e+01
9.192368434366010e+01
6.215571605700801e+01
7.252071484575082e+01
7.040356978327202e+01
6.922151896600683e+00
2.544508242301880e+01
7.633963920005581e+01
6.753003856517842e+01
6.542983537792686e+01
5.385462844458159e+01
1.440131194628836e+01
8.340521193268020e+01
5.870557704880162e+01
2.143455041639253e+01
9.901763172774464e+01
6.069913546587300e+01
7.792406327925812e+01
6.485772121923870e+01
4.865402600199638e+01
7.349960392969642e+01
8.923773122450231e+01
6.874679907632377e+01
1.423297869704337e+01
6.467935408683464e+01
6.695671066034433e+01
5.797124982717039e+00
8.113820468128576e+01
3.342878475479259e+01
2.051860122965584e+01
7.878015375639319e+01
8.278050524312096e+01
6.526729281305676e+01
6.707916383961177e+01
8.157115736118105e+01
8.427312387352490e+01
2.828719654506407e+01
3.126859880577242e+01
9.002539305483242e+01
9.412275915691758e+01
2.893012996247510e+01
2.363013030198874e+01
1.497346028451503e+01
5.162106121500072e+01
2.884678520674202e+01
2.329076706585044e+01
4.618904942003500e+01
8.676074058132281e+01
4.551867868076948e+01
5.089485470712876e+01
1.100298194727068e+01
5.574310452479082e+01
4.222417219645538e+01
4.287052775866842e+01
4.958180796801197e+01
9.196007367780436e+01
8.613609195972612e+01
3.430191755029462e+01
2.893121029666216e+00
2.266012561631395e+01
5.570519387522022e+01
8.167327478605941e+01
3.413781297120163e+01
1.932505607573551e+01
3.038319341390542e+00
1.570897028581657e+01
3.071382727041553e+01
3.132551588645462e+01
9.170213215598004e+01
6.079575738906663e+01
7.199097139387902e+01
8.975347647897595e+01
4.436935062723670e+01
8.179667493412116e+01
6.985712254878931e+01
2.516203477287760e+01
2.138572373491978e+00
3.355688314584870e+01
9.632256179876745e+01
8.438207306171864e+01
7.874159364902489e+01
9.851397275855483e+01
9.907219354020069e+01
6.901161590079387e+01
1.890705736303099e+01
4.865400150821264e+01
3.985519313246719e+01
5.543361327398271e+01
3.266301743344544e+01
9.264785330400237e+01
7.224669939477309e+01
8.836821130866566e+01
5.036396125814131e+01
6.032377526179133e+01
7.693267337835053e+00
7.515923305189202e+01
9.584310957968380e+01
8.540935259564284e+01
5.302744528885346e+01
7.952489335067798e+01
7.037961188255791e+01
2.501841663616636e+01
7.865162835393642e+01
1.893251636947157e+01
3.866221943807892e+00
5.014925051953143e+01
8.093218462585106e+00
4.672649565466051e+01
7.426390353323143e+01
3.160554190706720e+01
7.199712100997433e+00
8.998527936171055e+01
8.045230986571512e+01
4.378209032294438e+01
9.383775670725749e+00
9.935936722874612e+01
5.817605492573980e+01
1.996858470140425e+01
3.619494756506521e+01
9.083907235918524e+01
4.188682210719531e+01
5.028940865317798e+01
7.920728362128477e+01
2.937148051772801e+01
4.671853671163252e+01
8.253657318769795e+01
7.794788516031014e+01
8.018918427647519e+01
9.648440545261111e+01
4.420149747477914e+00
6.908733610486954e+01
6.686401728860289e+01
4.574940821423634e+00
1.422334663300931e+01
1.717822478021412e+01
2.161905473173552e+01
9.365192441905472e+01
2.527144324279923e+01
5.532689460335620e+01
7.051161880163086e+01
7.108443829747124e+01
9.027310641960852e+01
2.351711589075490e+01
1.013953327673466e+01
9.979515983713566e+01
4.071572103570947e+01
9.498900458914648e+00
5.797121471630932e+01
6.068430573711372e+01
4.569384807054598e+01
4.881028702892842e+01
3.229358267611525e+01
6.260746268676941e+01
2.801757060364707e+01
7.388918147137817e+01
2.204397694302908e+01
4.258405004748332e+01
5.183706658512217e+01
1.558428491260125e+00
1.140252696881188e+01
7.687485785078017e+01
8.664799169015511e+01
7.826654425741478e+01
1.426181309589269e+01
8.006487650799792e+01
9.544476903762890e+01
3.635276576334274e-01
2.380258996216701e+01
9.576205867145307e+00
5.569042226098964e+01
5.799842800851837e+01
5.040343569144766e+01
2.060774663491535e+01
3.971725382828957e+01
6.054296896818232e+01
7.762999114470091e+01
8.043297486399904e+01
5.285272437746298e+01
7.484817648066588e+00
5.053695763951958e+01
1.106218006976982e+01
7.585274189517496e+01
8.563498150819679e+01
9.775938670977922e+01
5.204914889859462e+01
5.952416293300882e+01
2.617621609297405e+00
4.968729352098298e+01
1.136122951813099e+01
4.889968319279127e-01
8.230787230763019e+01
2.104810179260005e+01
7.001758002211227e+01
5.663634164102205e+01
3.530991488849274e+01
5.008245648354406e+01
5.208111063208483e+01
3.782819632339673e+00
1.634733798743567e+01
3.977268186387265e+01
9.850289211538756e+00
7.434576599595405e+01
2.320075855739450e+01
2.730520601724517e+01
1.406301982424363e+01
8.374372757214296e+01
9.388149906596238e+00
4.819900391073851e+01
2.386953398765509e+01
8.966031814443893e+00
3.561327524278931e+01
5.823350234806235e+01
4.380815217448778e+01
2.124825670441997e+01
5.533871569453679e+01
9.585730107308240e+01
6.852252402739717e+01
5.795633730383420e+01
6.282457148787779e+01
4.743292846131740e+01
2.065977720574465e+01
9.799269111733543e+01
6.483999172450974e+01
3.214996742650399e+01
