6.897055617020025e+01
9.123303675615836e+01
1.014773259411926e+01
7.665815845907579e+01
8.442368171383798e+01
3.455880751579944e+01
3.921456473842942e+01
7.674790093523818e+01
5.295870097026169e+01
6.228926985631197e+01
9.712724047579209e+01
6.676949102746764e+01
6.506457173501354e+01
8.203453742062419e+01
9.902151399246488e+01
1.045036758782825e+01
3.648211100906232e+01
5.728221822403474e+01
4.717888629398257e+01
5.623730940569067e+01
1.048742039617497e+01
4.308234357418602e+01
5.970904704169791e+01
6.949823809298604e+01
5.267625257963140e+01
9.677575770615402e+01
9.979575020251598e+01
4.305869827189422e+01
9.252706919448778e+00
4.602622135822951e+01
9.974825307715138e+01
8.292642737875060e+01
6.545403397896050e+01
6.019322008834836e+01
4.735202782198415e+01
8.577781733394498e+01
2.758961074407660e+01
2.555915779693013e+01
5.123483857663108e+01
2.388124476367665e+01
7.285438788722008e+01
6.492892571954472e+01
2.200821718294556e+01
3.176607295487359e+01
8.341328198249139e+00
9.711657813615938e+01
9.460184867242436e+00
1.758545344583013e+01
7.777346720815332e+00
6.507069052433162e+01
9.603874715791957e+00
8.644291492479059e+01
7.454278113997671e+01
3.968998041920829e+01
6.411686193389671e+01
2.721903367304198e+01
8.348626591427544e+01
6.592020474649975e+01
9.468382438397212e+01
2.267445950893427e+01
1.194642605816313e+01
7.033210902955946e+01
9.008121322378572e+01
5.382651372525213e+01
9.658107124109803e+01
4.694083419020327e+01
2.504487974804122e+01
2.584263683568809e+01
9.784217495370757e+01
7.215007761127785e+01
3.551859061025017e+01
9.481578459721793e+01
9.690518542048762e+00
1.259862809097331e+01
3.886689019336686e+01
9.266636962660884e+01
9.715206180566552e+00
5.675869442371591e+01
4.293544871869285e+00
6.369820845485581e+00
6.710998144331853e+01
1.123179458604744e+01
3.345672890239243e+01
9.387072045070617e+01
2.917535650971129e+01
8.372307898650089e+00
5.153015076719697e+01
9.707439415951930e+00
5.896784242194511e+01
2.693897766384248e+00
9.104714025326406e+01
9.821455781264909e+01
4.862074044003186e+00
6.254999761588406e+01
5.204107149133509e+01
7.265361038625873e+01
2.978260793247382e+01
9.392238557055703e+01
5.831495433036002e+01
2.478636425211391e+01
1.248121769748685e+01
4.529372176401957e+01
1.125192191044424e+01
1.272218390960348e+01
7.151140881307023e+01
9.705396508660817e+01
5.458394370720906e+01
9.203358674050941e+01
6.877506480960877e+00
5.621186357746453e+01
5.119978699423363e+01
9.981349040745454e+01
6.744365816351197e+01
5.708141711404613e+01
3.923391221986800e+01
2.698794870031436e+01
6.660070268744636e+01
4.125481217226703e+01
3.669538811626629e+01
2.556854506282534e+01
3.705535262685984e+01
3.622534327964547e+01
5.676420221885861e+01
3.629135509780206e+01
2.377756918956413e+00
2.564170799480830e+01
5.838048605172917e+01
6.116614488939109e+01
2.465713486292266e+01
7.898407321375984e+01
7.006394437982884e+01
3.713835256040951e+01
2.514979984851079e+01
2.364447499795094e+01
1.548678298270646e+01
7.917904536201574e+01
7.634215018541653e+01
5.658875408423540e+01
4.323149348759628e+01
1.191990427296604e+01
3.571418106356365e+01
8.518558083343579e+01
5.728309608869399e+01
6.875624939275731e+01
9.630363583392632e+01
9.651700835512813e+01
6.669319675615671e+01
9.356959457209780e+01
2.230381677965811e+01
3.625794529740603e+01
4.198076261299698e+01
2.553302544426779e+01
6.017969761052154e+01
9.234742554479625e+01
7.550164362206201e+00
3.395573642754729e+01
6.920882652942502e+01
9.275579158810703e+01
8.416355856888163e+01
9.386596139234769e+01
6.529524534255977e+01
7.177167491604186e+01
4.345575507891166e+01
7.856008111432199e+01
5.449373296205594e+01
4.267276350533253e+01
5.773912647633772e+01
4.819289960348648e+01
9.926151758956794e+01
3.784136610936437e+01
5.933289875245323e+01
3.497569865313158e+01
5.459730790676424e+01
7.345932515964812e+01
8.112445645086675e+01
3.140994120920540e+01
3.726784667804272e+01
1.947951764775418e+01
6.756599315794463e+01
6.072103886898655e+00
3.662501379690367e+01
3.149216483882263e+00
1.717324877026176e+01
8.538815471594602e+01
5.556678676771316e+01
6.851353434310926e+01
1.050799126294814e+01
2.477561329713818e+01
3.753253088217812e+01
7.748653603600643e+00
1.124830637650951e+00
2.662855942110929e+01
8.258120486632977e+01
6.129113913573844e+01
3.209267167006278e+01
9.420326282000320e+01
9.231865214757559e+01
9.923135088720888e+01
2.440954094026682e+01
9.158016969057739e+01
2.872510907646507e+01
3.085152522234783e+01
4.781098018764099e+01
2.731759516863040e+01
7.028197300167847e+01
5.314969879256082e+00
5.286398648883402e+01
7.549819633155046e+00
8.190992031335361e+01
2.606573934949271e+01
9.919004300571514e+01
9.967701090484718e+01
2.357919613066092e+01
3.239556776005568e+01
8.506516557422708e+01
1.907583811277330e+01
1.873943480604302e+01
1.274851346982108e+01
3.256161363449023e+01
3.125033836404343e+01
7.732918480286803e+01
8.360061621461092e+01
9.630588115952251e+01
9.570878068716674e+01
6.195904322059781e+01
2.955215514151014e+01
4.708027758033959e+01
3.729571445719139e+01
3.899877506261634e+01
1.628772724246966e+01
4.635861867403548e+01
5.561102882754572e+00
8.132114316398331e+01
1.114282068384011e+01
1.950190613023094e+01
2.826191183564342e+01
8.855086606394075e+01
8.188309547579060e+01
7.764359031694177e+01
7.075089391821572e+01
8.432484906368184e+01
6.540974865919434e+01
6.385371403948111e+01
1.637506834993841e+01
1.482829075065827e+01
9.108944544153728e+01
4.400817046128594e+01
2.408081531714686e+01
3.312540335260583e+00
1.842370434590788e+01
1.394924042464664e+01
6.020191919999286e+00
4.941634268007071e+01
3.472809420653065e+01
5.747962275402602e+01
2.813921045890972e+01
7.990761025804449e+01
6.292870415511015e+01
5.086789398960205e+01
4.405935227128646e+01
4.743013430732774e+01
4.542025725609635e+01
4.703614504404187e+01
7.590177351418033e+01
6.368817089297257e+01
8.090704008047797e+01
4.581127313236300e+01
4.101209945092541e+01
6.011638551024552e+01
6.946192759529777e+01
5.052649125015666e+01
3.921595608779041e+01
1.490464825877205e+01
3.148214511176671e+01
4.599024590383761e+00
3.351182850706942e+01
5.528479169834628e+01
1.960724290442059e+01
7.202430976183355e+01
3.946076167722268e+01
7.275075277907344e+01
7.597921913302467e+01
4.028989423079877e+01
2.346716053945346e+01
8.623434067062770e+01
4.378160277557634e+00
5.160637099836318e+01
7.553723602347878e+01
4.246764864887467e+00
7.175226554821816e+01
3.133914290524048e+01
1.911081556189378e+01
9.571052840711108e+01
9.470892967409870e+01
8.058455888209146e+01
3.118268155082254e+01
2.746185382244263e+01
3.748810851829504e+01
5.807143643408615e+01
4.745460811418230e+01
3.972216092037137e+00
6.951136024180397e+01
8.771700602384145e+01
3.862801941047796e-01
4.661756052943764e+01
6.965419196973285e+01
2.331481409413499e+01
8.574229198775360e+01
5.854671576924003e+01
5.922418463007742e+00
6.929826599978762e+01
8.810910419007256e+01
4.770954775051658e+01
4.873637712967414e+01
7.150706642843181e+01
2.280434180181676e+01
7.471001836224926e+01
9.154592891761378e+01
7.472632759005126e+01
6.315227717307967e+01
6.329819441926582e+01
4.142327538757738e+01
3.124067328462409e+00
3.239069801400914e+01
5.595917885934896e+01
7.865215767112196e+01
2.964425656462286e+01
8.342103272835773e+01
9.474282790661921e+01
8.847177926845465e+01
2.545247027904376e+01
1.690566340317282e+01
5.722705319394687e+01
3.305885397505893e+01
5.964152890240845e+01
5.743743034891664e+01
8.451089997985908e+01
9.353963765014878e+01
9.400867959205466e+01
2.021731814379679e+01
6.397148434257670e+01
3.132452654248315e+01
1.407744531243920e+01
1.702755280631946e+01
8.006090367215728e+01
3.886756186320798e+01
6.430999821252655e+01
2.716131956650006e+01
3.820076339794358e+01
6.527960722580533e+00
1.966776229425695e+01
9.849552763555923e+01
3.165728311597243e+01
6.625427448481986e+01
7.408068933248552e+01
8.761646197532139e+01
7.028453660676468e+01
7.238408479484920e+01
1.528858175281835e+01
8.364404848946447e+01
9.144063889581740e+01
2.140600561229792e+00
5.497118926372900e-01
8.919460046533244e+01
1.595590669473443e+01
8.943008351578847e+01
9.348633531177711e+01
4.861437899461686e+01
5.234246763975474e+01
2.091289508198988e+01
9.951430982887480e+00
5.222317355322799e+01
7.267664027059294e+01
7.795202107073368e+01
2.034183769502762e+01
9.933837098038680e+01
8.494434160410628e+01
8.921926845294390e+00
7.477899537178641e+01
2.839171990211667e+01
7.741245277105480e+01
5.946696096075092e+01
3.311429164983066e+01
5.482259209026703e+01
2.878987259640818e+01
4.930402103313432e+01
9.710399568877369e+01
6.085847525897364e+01
2.168810578141739e+01
8.051204661862555e+01
4.640032874718324e+01
2.413788252702816e+01
3.120750530213467e+01
5.411619700217442e+01
3.640628919769372e+01
5.182810935742599e+01
9.193285549615176e+01
2.989262446290470e+01
5.395541789660017e+01
2.530902439044278e+00
5.607824626196094e+01
8.087159873958286e+01
5.845187327752443e+00
9.701943094703343e+01
2.694837843391503e+01
2.618702502278007e+01
5.632566788994040e+01
1.189272003802132e+01
9.859932637708230e+00
6.088935502846230e+01
7.492257662812368e+01
1.125923377054708e+01
9.668627274068365e+01
9.226167890814210e+01
1.573866522672524e+01
5.221482573645881e+01
2.178607025266908e+01
3.165894799477372e+01
2.303727368034295e+01
7.209462750334974e+01
3.590316024418136e+01
3.608087200488936e+01
7.972538363175717e+01
8.272727531507950e+01
8.415296398296626e+00
5.308305181240806e+01
7.764765530715122e-01
9.202357194946313e+01
3.523693621868125e+01
1.099723391746973e-01
9.766568909290511e+01
1.554725152233022e+01
8.380338972611511e+01
8.872034456055627e+01
1.554001551845112e+01
1.025717938796486e+01
2.660149523364450e+00
2.649431024980466e+01
1.256563841019088e+00
3.016037961009908e+00
5.932665646976169e+01
5.728411630600883e+00
8.547142356888922e+01
7.691543604103636e+01
9.275283799169252e+01
1.432291931208359e+01
8.310877870913073e+01
2.836162928881200e+01
2.880967186242792e+01
5.392631546311375e+01
8.067127525837687e+01
4.485936055186175e+01
7.595896747706409e+01
4.116835996563004e+01
9.594150078293938e+00
7.992342188019464e+01
4.651267167484047e+01
2.853292493546983e+01
9.053871766223513e+01
8.174960789352171e+01
1.976198657404724e+00
6.469097703913738e+01
9.679174925982568e+01
4.481390362829617e+01
9.512151838053089e+01
2.677468723932965e+01
5.507108301626103e+01
9.438379807136198e+01
5.745772922293177e+01
5.678109929746999e+01
6.335923767805064e+01
6.557653838096957e+01
6.250951092807087e+01
5.433564095494135e+01
9.574962896096969e+01
7.972092925557909e+01
5.562500043568435e+01
9.297457839966499e+01
8.571743079727396e+01
8.986038136755134e+01
7.298126121656097e+00
3.519131170361830e+01
2.333433522066769e+01
6.423703081171821e+01
8.287483057141063e+01
1.005068445114916e+01
7.469546928754797e+01
2.938750219968497e+01
4.963685681560862e+01
9.218090930589517e+01
8.537978319701729e+01
1.107129082599249e+01
7.302748880955740e+01
5.644863343632250e+01
9.685087925607844e+01
7.916979527993584e+01
6.632369168397211e+01
3.180270848414056e+01
3.732489330569510e+00
1.113131400716087e+01
1.344902581230226e+00
9.053506413033934e+01
7.670785238813043e+01
2.045721952824724e+01
6.280906245243226e+01
9.450090955686797e+01
7.924710092099714e+01
1.843406284155048e+01
3.726914196148009e+01
7.357320127709453e+01
8.906901343216607e+01
9.762132847570875e+01
1.527967183630898e+01
4.561570866294937e+01
2.444899320809589e+01
9.815450240771962e+01
1.090245121666344e+01
6.860944590000877e+01
2.754200460740459e+01
1.999754338525121e+01
6.079035515933779e+01
9.670667033489173e+01
1.610709736873726e+01
2.345059943546103e+01
9.512774813693377e+01
2.791971346732215e+01
4.917848047296446e+01
6.145143977433975e+01
2.130194917381832e+01
1.616095761589751e+01
2.508153171515163e+01
1.719589350614505e+01
3.793386371710052e+01
9.892612742210093e+01
4.177416113287870e+01
9.743170495956750e+01
2.319689212515805e+01
4.587122921173984e+01
5.308115843361298e+01
8.018661419869709e+01
1.944443048883436e+01
5.624933454964744e+01
6.465986876965493e+01
3.472410232514334e+01
4.300193858472721e+01
9.533333568616460e+01
3.287860473286295e+01
8.198610743600229e+01
4.016019922688613e+01
6.508698084628535e+00
9.230476594171708e+01
6.666768904154546e+00
9.909972404087881e+01
1.291867946876152e+01
1.042965571881722e+01
7.638379287737598e+01
7.512130317051025e+01
4.448151776775789e+01
2.704485521048533e+01
5.419243008559217e+01
5.245460916890512e+01
9.119106260649443e+01
8.805245966094195e+01
2.875217806024113e+01
2.610512395673670e+01
5.018937115100649e+01
7.599398269131500e+01
3.377545342490797e+01
7.894555785644127e+01
2.738858481281837e+00
5.375631733506746e+01
7.836893428041084e+01
5.694270248382478e+01
2.464065976657004e+01
9.656825130645569e+01
5.572808606351170e+01
6.386052824736598e+01
1.796239852810390e+01
3.771419345294787e+01
8.391677694577574e+01
4.712114797305369e+01
3.452577550640599e+01
2.736760709777829e+01
8.902419493022570e+01
3.272173154760233e+01
5.403578237352696e+01
5.118980302996459e+01
6.561221250594231e+01
2.211579900333462e+01
4.392672290277049e+01
6.105629432064309e+01
6.038976845349639e+01
4.379722510641312e+01
5.769729216475845e+01
8.657963899270614e+01
5.079229038711278e+01
2.929576301448781e+01
1.690429305513589e+01
1.719927267041023e+01
6.336772593826415e+01
3.772040602644925e+01
7.095559005204383e+01
3.679557784311267e+01
5.775567063025928e+01
2.050278290198314e+00
9.397090174908325e+01
1.348375664720487e+01
1.557024517821625e+01
3.280770421624543e+01
4.845678040220252e+01
1.019014167142573e+01
3.640439688991960e+01
7.620774450535315e+01
3.755774881577014e+01
5.018250176225906e+01
9.969686442040693e+00
8.794068139416198e+01
8.323430087567973e-02
1.283071577215135e+01
7.491788346083736e+01
9.403247246240846e+01
9.434633110386615e+01
3.274534434673625e+01
7.472536558039737e+01
6.934657463307799e+00
1.932498329287627e+01
2.713774690736911e+01
6.009941620756845e+01
1.036223196907073e+01
8.663360126625449e+00
4.321933814474351e+01
6.775546994421420e+01
6.435994113067163e+01
6.679327323417797e+01
5.898034710389578e+01
7.521519995071702e+01
1.487490079127015e+01
3.735349594492162e+01
9.489294667490429e+01
2.248516079154106e+01
9.019284727526495e+01
2.286810275300783e+01
8.161263222881250e+01
7.665049996071053e+01
3.317450286502694e+01
3.179513394450542e+01
9.084753416983760e+00
4.969235023003647e+01
2.861507815710040e+01
9.804911259470931e+01
3.614673811762908e+00
5.954321863108465e+01
3.983551638193219e+01
2.983252724159161e+01
7.068063517598465e+01
6.821856189901874e+01
2.554580183957973e+01
4.019256440931585e+01
7.353814587627451e+01
6.771035830849333e+01
7.934892935648044e+01
2.600955633726416e+01
2.030203101239262e+01
1.644991171380967e+01
6.067464065769438e+01
8.023075670014637e+01
6.681864399780456e+01
8.136356704931872e+01
5.581099617099902e+01
6.420714695202520e+01
4.508888947083097e+01
9.016471323099206e+01
8.148467856528455e+01
2.841799856555555e+01
9.185785725333628e+01
1.365039456340037e+01
1.327841370984838e+01
7.847804360952138e+01
3.027588801005664e+01
8.882821066716137e+01
3.998473158105497e+01
6.941629120587199e+01
2.316793386040625e+01
4.389893074701490e+01
5.864664249059122e+01
9.384856903639090e+01
1.211749259946751e+01
3.327134951635792e+01
3.404113339914062e+01
7.548858736431626e+01
4.910943459212288e+01
9.889685641922841e+01
2.957897522932802e+01
3.689690275904579e+01
2.442810694893268e+01
4.568295974549044e+00
5.180438810577821e+01
6.136803089704739e+01
5.148341094678427e+01
5.177625406150531e+01
3.577135649312817e+01
9.657230041761524e+01
4.194096729249738e+01
1.577547146742021e+00
7.623936132352770e+01
8.087754914577935e+01
9.344620690375855e+01
8.914150655695308e+01
8.318829284198037e+01
7.301790121617630e+01
2.526327223762091e+00
9.344622366756491e+01
8.916928576732488e+00
5.089775652200811e+01
5.335771551046415e+01
8.682623276804864e+01
8.880748263970366e+01
5.530815695193976e+01
3.801667086687716e+00
4.850356134050692e+01
1.419121069563144e+01
7.344309197433437e+00
8.061039581923298e+01
9.253319785582516e+01
8.659870512159480e+01
9.383582933518841e+01
6.079343727826767e+01
4.904886528339649e+01
9.264367497183554e+01
2.309168475824021e+01
2.286119992977995e+01
1.014768579515986e+01
2.731440697205924e+01
1.380227734977485e+01
1.012478541122972e+01
1.643654378896418e+00
9.275844101456853e+01
6.109084997376932e+01
1.534177098206327e+01
5.012823503936093e+00
8.232618648667177e+01
1.786809825239149e+01
9.857758819059357e+01
2.492670082716583e+01
8.842223574799590e+01
6.777846224968251e+01
8.228763690324857e+01
4.922543337998233e+01
5.967763450913021e+01
4.379294349057272e+00
6.822235918055398e+01
3.804020487612123e+01
8.629072233396150e+01
6.545004870996347e+01
9.983917535275182e+01
5.011321089701411e+01
7.544046527493767e+01
9.198930021002390e+01
8.796602133101132e+01
6.896155507721079e+01
6.924196661880332e+01
4.205957704319599e+01
1.099318406125213e+00
5.004581368996102e+01
5.586185439297084e+01
7.178822856945369e+01
7.095623676243994e+01
7.768638510149269e+01
5.791342312372915e+01
5.922902392187576e+01
6.490366121982395e+01
8.135338969591697e+00
9.188188616739674e+01
5.557737045715441e+01
8.631853618953309e+01
4.586297690210071e+01
6.310803921106645e+01
7.032632994015064e+01
4.816660156853804e+01
2.266001362477430e+01
5.869889099090309e+01
1.940720622400157e+00
9.750661225873354e+01
3.204931781257005e+01
5.575379592168788e+00
2.366979006848754e+01
9.958984502572093e+01
5.009829367049890e+01
9.466303353880673e+01
9.257801845324134e+01
6.744605305951372e+01
8.874796172080001e+01
1.890922208265831e+01
3.814785179595829e+01
3.614584898396668e+01
3.406217300056581e+01
9.024430317349932e+01
9.179692561356208e+01
3.960687277820281e+01
6.796253745814903e+01
3.525731434824751e+00
3.515667018255063e+01
5.188568795653325e+01
4.049630413786336e+01
9.220465202452831e+01
8.208512816675247e+01
5.706793612664004e+01
2.987931213801695e+01
9.497525547397103e+00
5.234537695178081e+00
6.068350051561533e+00
4.990722083016635e+01
1.621889822008968e+01
6.676856859902320e+01
6.057240956489575e+00
2.679326768349543e+01
5.670345800775264e+01
9.428873196909611e-01
9.573812233085657e+01
5.619514829301981e+00
6.690630850703749e+01
3.276711713185865e+01
9.377104481392124e+01
8.467486271852389e+00
5.900677887676600e+01
1.301305043185737e+00
6.464532877534876e+01
3.649521061987393e+01
8.158493576645149e+01
5.239394807833896e+01
4.457748031456838e+00
1.569277281672357e+01
8.762735551578334e+00
8.246789499300900e+01
8.075260756572365e+01
2.629230782682649e+01
7.626076898363453e+01
9.932600106081273e+01
1.438600556663517e+01
5.516405331677014e+01
9.667024426007190e+01
9.640823523346718e+01
1.242220444251886e+01
2.356153825463799e+01
5.414694764378805e+01
1.640309119429583e+01
2.077645129560328e+01
7.319916559997908e+01
8.034955266879386e+01
5.240643818509133e+01
4.023554331633986e+01
2.769295770101853e+01
8.427166197647884e+01
9.131677918663099e+00
1.239364613424691e+01
4.408287496496126e+01
4.558113545439259e+00
7.356428977733678e+01
8.057808563140132e+01
9.742273632316977e+01
1.071255943305444e+01
3.769230285551972e+00
1.311550909332722e+01
6.816258466251315e+01
5.331700390824908e+01
1.052675550362410e+01
6.344838592384401e+01
6.295608084786500e+01
5.148975176340424e+01
7.783439153704531e+01
7.583381355546128e+01
1.317911511900794e+01
6.383428129546078e+01
7.011108499491172e+01
5.728011292278772e+01
2.347288374950778e+01
4.937485812668449e+01
1.735189031686256e+01
7.003322083970215e+01
9.577236706194113e+01
8.381851123823715e+01
9.736214005265484e+01
5.531580907074540e+01
7.352106607217391e+01
1.832173774872056e+01
3.369111215401958e+01
1.090074000456405e+01
9.747381508232738e+01
6.443970243653268e+01
3.241957725604045e+01
1.991135967891261e+01
7.736581087921085e+01
3.522909816132351e+01
3.286986380483483e+01
5.598220054804450e+01
8.611092347936282e+00
2.254370889744894e+01
4.583445859413336e+01
7.238028700108653e+01
4.571435923954209e+01
1.310714907623229e+01
4.821410050998167e+01
4.992754335977489e+01
7.645471108912244e+01
5.688946678158337e+01
9.127490417625518e+01
7.276000318711624e+01
1.919657365381558e+01
3.065987980489614e+01
5.789424523613148e+01
7.609803852443491e+01
4.390960472817980e+01
5.525638524222020e+01
2.634268390310122e+01
2.521285378616901e+01
8.767982888393097e+01
9.458554493942556e+00
7.588962846244203e+01
8.947056838752263e+01
2.126831287577204e+01
7.241789618153959e+01
9.340965896537978e+01
4.607728014051787e+01
1.168431980148159e+01
3.347299435803341e+00
7.108295959005270e+01
2.074798332562111e+01
9.589145057643366e+00
8.557155033832954e+01
2.980361600862985e+00
8.640787302814790e+01
9.766321694369577e+01
6.901571618812891e+01
1.649228856735504e+01
7.720017497297384e+01
2.674585023277712e+01
6.220161717487574e+01
4.684128446823046e+01
3.514680561383572e+01
9.690750567098497e+01
5.510151807922009e+00
4.993437610097899e+01
7.736856019001853e+01
5.969544698470061e+01
3.437632575369269e+01
2.188192397443667e+01
6.578253818013824e+00
5.962987530959298e+01
5.887680671125501e+01
5.527471660416327e+00
3.730179622643711e+01
9.476352836692870e+01
2.637041901534908e+01
6.232009267542515e+01
5.238804982620666e+01
4.669031582152952e+01
3.023843762010263e+01
1.018988029574504e+01
5.565883319622783e+01
6.840237652342878e+00
6.523875988332497e-01
1.045063729884598e+01
6.941305802642044e+01
3.786558799346238e+00
5.369904490825675e+01
2.200865378696874e+01
6.381019673487647e+01
7.627774750640512e+01
2.884114711957106e+01
8.500075460644474e+01
3.074981855729121e+01
7.299253208236422e+01
6.370313394055847e+01
2.714471678582240e+01
2.748444631112946e+00
9.807945969425117e+01
9.039721223078539e+00
6.285014635084669e+01
1.174059096339186e+01
7.785491378878007e+01
2.357383026907864e+00
2.836290170828016e+01
4.591618708610357e+01
6.902474880638754e+01
7.036799731215835e+01
6.231693921718604e+01
1.509443689840587e+01
5.685581912140167e+01
3.072038839139062e+01
8.940127612529382e+01
6.603512501625117e+01
5.942111125188931e+01
3.286326249729063e+01
5.168923742682172e+01
3.989191881375942e+01
3.695440987914541e+01
1.093251468191506e+01
1.683439324462525e+01
7.501309461659430e+01
1.010317448997087e+01
5.472690977841938e+01
8.963098758348775e+01
1.125979717413885e+01
6.025854500953972e+00
4.074242908542158e+01
1.757724504805041e+01
5.835238325332868e+01
2.523933184577121e+01
5.617877443143110e+01
3.691838771892637e+01
5.763551795745060e+01
2.957841550446042e+01
7.607236647795530e+00
8.015463830910373e+01
3.148651068633725e+01
2.994299248323915e+01
2.627809128085062e+01
4.570948004057141e+01
8.413137969753303e+01
2.867816273527135e+01
8.857609712918108e+01
9.369256705683310e+01
6.817193504803438e+01
6.454300515565230e+01
2.571158438255619e+01
1.990889810021450e+01
5.750982712838325e+01
3.664409906447125e+01
4.877939310333663e+00
8.104911897380329e+01
5.316905903311869e+01
9.218789641381610e-01
7.559924226980621e+01
9.556605913469851e+01
6.947733511658262e+00
7.499810777371661e+01
6.376588817861205e+01
6.308881373288521e+01
1.812255574302867e+01
7.389782093181172e+00
1.251568832086198e+00
8.529307971954955e+01
3.175879406358991e+01
1.601612396352744e+01
7.375780622184175e+01
6.186478271235934e+01
4.805169852825426e+01
1.387062390049483e+01
7.556238396817929e+01
1.231981875017277e+01
4.538938437839476e+01
6.001325527206680e+01
8.599867438245504e+01
6.463398354343791e+01
7.588579597691344e+01
8.219069153172461e+01
6.137248597171740e+01
6.107066341725675e+00
6.755415767783028e+01
7.332537065880624e+01
9.938048366428376e+01
1.365847592878085e+01
5.577835894924512e+01
5.414014097961604e+01
4.175868311047493e+01
3.166229041836331e+01
6.529606011011454e+01
2.996036597991380e+01
9.696240718335025e+01
4.559389205909981e+01
6.316138532159915e+01
5.341574738426867e+00
2.252053335426400e+01
2.690518723191004e+01
5.955691894495716e+01
9.253070200445629e+01
5.580396058773807e+01
3.719390786122247e+01
3.129687194307189e+01
7.338492249761937e+00
1.703956230405698e+01
3.545279611621648e+01
8.871347489241207e+01
8.324603879975436e+01
9.641836844217887e+01
3.805843267499397e+01
5.373734927444595e+01
5.814832172270320e-01
8.083511971907463e+01
2.842755058241428e+01
9.840358844883907e+00
9.493624986844894e+01
5.461424293677054e+01
6.835366583818275e+01
7.256881486278438e+01
2.080872073807229e+01
1.999872257932961e+01
8.722827475854581e+01
1.432289630841599e+01
1.319131092782659e+01
5.978600739491452e+01
9.498442569514012e+01
9.881880828124416e+01
6.370913854972885e+01
4.131784278029475e+01
9.816807424564290e+01
4.798213501832547e+01
3.037705814017777e+01
7.857082336143164e+01
1.416654983263768e+01
8.355166231447443e+01
2.974676444649080e+01
8.131609469713462e+01
3.409939167746315e+01
7.671004076335115e+01
7.222824547077913e+01
9.785459642198616e+01
1.330563044795097e+01
9.906109892719476e+00
2.821883849251030e+01
3.592926651981159e+01
2.173126960253868e+01
2.560534799732517e+01
5.548815338662274e+01
3.513911177177872e+01
7.506850663342910e+01
5.723056488541447e+01
3.375765431381652e+01
2.968137759234820e+01
7.999651556834417e+00
2.723488781006769e+01
9.923938089014933e+01
7.391126895039866e+01
4.169346147295715e+01
3.900988760358183e+01
6.373014993208002e+01
3.492047792995371e+01
9.456659937024425e+01
4.797091435080902e+01
1.349130129138534e+01
1.872763047866879e+01
5.872123123087047e+01
4.413048212608810e+01
6.092150465628202e+01
8.484195200020538e+01
5.361646025144330e+01
3.576226487558440e+00
7.090824738652829e+01
9.902209378733397e+01
6.128887718603428e+01
5.305778279577279e+01
4.474833428149500e+01
6.694143082338452e+00
7.132791144369538e+01
1.272957553748487e+01
2.045307486339150e+01
5.167224879920121e+01
6.169721528966782e+01
5.421072917720803e+01
2.559462158269930e+01
5.842885699049982e+01
7.939431382314969e+01
4.181608303534616e+01
2.711953470814951e+01
7.499313078587555e+00
1.261819378129123e+01
4.657655146279212e+01
4.761861937475327e+01
1.717927442732233e+01
6.244217523487387e+01
2.941979245721353e+01
1.593807172772385e+01
2.745374572810426e+00
8.240876406543364e+01
2.933859826500462e+00
5.768420950401770e+01
8.617804198813533e+01
7.301584806899348e+01
2.702341546631577e+01
7.090281977825930e+01
6.097020369999586e+01
6.659013510988567e+01
4.807179930995768e+01
7.703036795231996e+01
7.390954469978323e+01
9.028076827073505e+01
2.015191317543011e+01
8.397517604007160e+01
9.131732284618417e+01
1.740984284198370e+01
5.268238412806875e+01
6.507573275131907e+01
3.623114490706062e+01
7.197690013422486e+01
5.213869048847756e+01
5.198336329869151e+01
2.773977673041624e+01
2.076290306670726e+01
3.520452102422924e+01
5.650192352780230e+01
9.808376287020918e+01
5.497352543984238e+01
1.922935294882830e+01
8.527477657668049e+01
6.188654944388501e+01
7.575150363880745e+01
9.156959228756352e+01
7.308633940903765e+01
7.254632910366465e+01
6.080028147473945e+01
4.726352400484659e+01
2.785250410803244e+01
1.243071975765318e+01
7.495559573869947e+01
5.560056690853116e+01
3.708989803543775e+01
1.057352135450278e+01
6.214366404439493e+01
6.715495310125638e+01
3.326938484481973e+01
4.576824509807315e+01
6.023429700184349e+01
9.076245543116818e+01
3.106961126023420e+01
2.591391630746141e+01
7.405922509453224e+01
9.075209670269494e+01
5.175041805568637e+01
7.711609680071292e+01
8.039721836354454e+01
7.332316058376951e+01
7.315618888156311e+01
9.668370121935554e+01
3.347551405126020e+00
8.586291064781271e+01
3.027021392726815e+01
1.869938216111594e+01
3.383011083762632e+01
3.356553289739673e+00
7.549083017534150e+01
8.083914899306333e+01
6.693685090492333e+01
8.693915241721047e+01
3.967566417515076e-01
5.832107242118617e+01
1.978797079985401e+01
1.935998612053692e+01
6.567778399478541e+01
3.152557347506544e+01
9.865907900904263e+01
9.814247772942413e+01
6.148514173062758e+01
6.175755195401494e+01
1.655808385301292e+01
2.627216434398301e+01
9.683292503321213e+01
3.473370835871143e+01
4.804214064406331e+01
6.388676365087124e+01
1.870142799741655e+01
1.301499657007633e+01
8.866867613451028e+00
9.723863880952757e+01
1.573778419556924e+01
6.486021124984147e+01
3.221269502873192e+01
8.034712126494718e+01
8.356438269073348e+01
7.822453816338654e+01
1.467346810487726e+01
6.858466661934958e+00
3.627363752400206e+01
6.695729902338111e+01
9.322808151749339e+01
4.048948913835432e+01
7.479254942144851e+01
2.976110700041107e+01
7.590342265363010e+01
7.003686026206094e+01
6.455460855018097e+01
2.433383992143620e+01
7.950870640553008e+01
8.841147603858796e+01
7.186054814227882e+00
1.449283911590131e+00
4.675433614605774e+01
1.932240040941276e+01
9.129033987004792e+01
1.222586543868569e+01
5.882568064091060e+01
9.227556897898930e+01
3.920103485658813e+01
6.769254825436163e+01
1.823767275467407e+00
9.656336186293669e+01
6.425321831565965e+01
7.872624610491388e+01
9.557293480987332e+01
4.611477816762159e+00
5.976045032020679e+01
8.976086512662511e-01
8.129595940992979e+01
1.506740879969085e+00
6.374322658579016e+01
3.628119367001634e+01
3.323411570546875e+00
5.219513180302230e+01
7.583447009131055e+01
1.266716700637116e+01
6.162669498549155e+01
1.218408030093838e+01
6.929613084965204e+01
8.675624233985145e+01
7.091667101295511e+01
5.833460970704193e+01
8.572476035250572e+00
2.703670469440366e+01
6.054375384028244e+01
2.713146187697140e+01
6.659223151700211e+01
6.979335871049825e+01
1.611305061546762e+01
7.611688383674104e+01
8.985365977969657e+01
9.268282567741480e+01
7.419227155586344e+01
1.331152762906232e+01
1.694104770056021e+01
9.931323588793781e-01
1.924479008617103e+00
1.444735113272786e+01
1.800930756982849e+01
1.798265581856606e+01
9.151668133750404e+01
1.665602336481960e+01
8.382360785446298e+01
2.895838112056180e+01
7.657665846709938e+01
2.483208129407469e+01
1.992573999796330e+01
3.158140742759286e+01
6.718039068727772e+01
8.922187089418148e+01
9.127940069477978e+01
7.374768428213321e+00
8.561185434721962e+01
8.228195718595849e+01
3.441147316918312e+01
9.206426473896217e+00
9.036635267099662e+01
3.882594515514837e+01
6.352176278062247e+01
5.445485084990731e+01
6.951516725566013e+01
4.032300200328371e+01
1.927330792847709e+01
4.370743876495745e+01
7.482300562543003e+00
5.003757828382662e+01
9.445646949785596e+01
8.694612900118629e+01
3.902786930046410e+01
1.246577702111834e+01
4.928784773186214e+00
2.691337285885279e+01
3.306887421434227e+01
5.290920732212682e+01
5.197443917951288e+01
9.137250114761875e+00
9.478603922519183e+01
1.821312695658446e+01
4.728094905022576e+01
3.124413664045005e+01
7.434997804199810e+00
3.199805823713451e+01
3.861890511522950e+01
9.053472606024459e+01
4.238533370307895e+00
1.632129462264539e+01
7.188123467931582e+00
8.541716033845076e+01
6.724200773390103e+00
8.743922742430085e+01
5.641659049150375e+01
9.429777539069660e+01
2.776222938101843e+01
3.011730440432081e+01
6.941909746705512e+01
5.439616309217929e+01
2.744037980560231e+01
6.387556691834496e+01
8.318700244798652e+01
6.049104903847493e+01
7.634134393946330e+01
7.622517499896939e+01
3.579725494412578e+01
1.151490342408181e+01
5.015010752256499e+01
3.408464190274693e+01
6.388805795641991e+01
2.010175703098148e+01
5.229776885933138e+01
7.571466154219334e+01
5.754370049459101e+01
5.691968116765827e+01
3.312558323756120e+01
3.460316310385389e+01
6.980249628881108e+01
2.596647852378268e+01
8.782956669471672e+01
2.159771580323470e+01
2.278127694631986e+01
3.215417104407873e+01
1.172256861427918e+01
8.678910820129751e+01
9.398366543184206e+01
2.584510959025710e+01
7.687602288875543e+00
7.932334033740840e+01
9.027033070580584e+00
9.401957783569563e+01
5.905805298083371e+00
2.631898677270813e+01
4.502637602622917e+01
1.830415423880525e+01
7.845748019332881e+01
3.786584643547695e+01
6.582983749258790e+01
2.113635522366332e+01
9.584251413859543e+01
6.239007099642887e+01
1.043326408156811e+00
9.683516369985192e+01
5.542367792475209e+01
6.449431789316903e+00
3.305927684207413e+01
7.018861401369266e+01
2.781415829798866e+01
7.720630102660800e+01
4.946832063117452e+01
9.261346393852190e+01
7.795022105702675e+01
5.142747426937683e+01
7.953825494252995e+01
8.967278967130594e+01
