8.664625416819297e+01
3.433419304636037e+01
9.622924942347652e+01
5.759634829945692e+01
7.186541895934633e+01
8.741849921057863e+01
2.278208957183272e+01
5.521894914806772e+01
5.430371861639605e+01
9.338445393060542e+01
5.286240081901774e+01
9.047133596170291e+01
2.591237240746262e+01
6.109561811252293e+01
6.886988774355029e+01
8.403186224588746e+00
7.670932164262483e+01
2.691462437012914e+01
5.238349877874530e+00
2.282435895075293e+01
6.693245846169650e+01
8.187186717142903e+01
1.328769778520227e+01
5.041745274812796e+01
6.126513698197209e+01
6.705490358502367e+01
3.188750070141977e+01
7.926952828619142e+01
3.228698290525329e+01
7.009629284501835e+01
1.903150184966228e+00
3.873970971384072e+01
4.749804932973257e+01
2.595374771671078e+01
9.852771689115451e+01
8.741547804671129e+01
6.594458365158391e+01
7.168640162408650e+01
8.985044401597719e+01
2.529993486837481e+01
1.043782840037617e+01
4.908650435930421e+01
6.771102271401837e+00
4.612684130953944e+01
7.439313245676138e+01
1.803537682538637e+01
1.807129276826572e+01
2.844422018548670e+01
5.256953577165005e+01
3.930172419142989e-01
5.741259276746428e+01
7.146165038992727e+01
7.967343278214030e+00
7.407042918450685e+01
8.216152516294342e+01
9.853390683351732e+01
2.228914863536561e+01
1.279571713544229e+01
5.406927985794343e+01
5.457613154061890e+01
7.602689595708013e+01
2.552246294241513e+01
9.336489317629713e+01
1.091325446540176e+01
7.802781550121858e+01
1.417265274290585e+00
4.501940433169687e+01
6.951165356184899e+01
4.085576796944056e+01
8.222128957613431e+01
6.392192838896156e+01
5.129359636981673e+01
2.553534089845389e+01
7.474029351712218e+01
9.226684001845626e+01
2.283687746284384e+01
6.367997436955570e+01
8.567938631664933e+01
3.832236874770484e+01
7.959572811592172e+01
2.163832104841169e+01
1.412707763450550e+01
4.989463768428873e+01
6.103973493959742e+01
1.106565739543441e+01
7.690797069897314e+01
5.166593056715370e+00
8.229580036471403e+01
2.188678692182842e+00
7.297631822199389e-01
3.736022172372799e+01
6.130992400520944e+01
3.914871930105087e+01
1.487311791389860e+01
6.548754734242686e+01
9.900164450472298e+01
1.137558823049794e+01
2.239693339094377e+01
7.854743184454153e+01
6.996195510493682e+01
8.756852093505138e+01
8.249892391380804e+00
7.691078250152560e+01
8.947561420010199e+01
1.548400051681511e+01
4.046139812118439e+01
9.935376276232012e+01
4.153192557465840e+00
7.518190083800903e+01
9.134377473562201e+01
7.872004223927857e+01
6.798325393720681e+01
7.282673566268140e+01
1.134574791013531e+01
5.891065325537262e+01
1.652912363248371e+01
9.497308875200017e+01
5.761294283792979e+01
9.882492399719773e+01
4.133145499105167e+01
2.121634903420524e+01
2.692437047461251e+01
9.027244573937378e+01
1.730725519233721e+01
9.029935211422823e+01
9.337036646593845e+01
3.980674629090668e+01
3.601810607873747e+01
8.366815298035189e+01
1.284662667328800e+01
2.052688799823024e+01
4.262904526788232e+01
8.778162486282253e+01
8.930835094736346e+01
6.581071916306891e+01
3.265625333071512e+00
5.162126857397206e+01
3.402918406484145e+01
1.485432955196795e+01
1.779932669261439e+01
3.921576456130285e+01
9.632418057710127e+01
7.273467912931679e+00
5.301818244765428e+01
4.086723981465551e+01
3.946747609389363e+01
8.993478384331557e+01
1.493898188459639e+01
8.527444539837281e+01
6.081723457240371e+01
8.653021742893858e+01
1.197755421138255e+01
2.024166622210372e+01
4.811946328176160e+01
2.267732844812671e+01
8.243776717336745e+01
3.441346964538725e+01
3.989773836913413e+01
9.923455179633319e+01
7.976142777118899e+01
2.917000145147089e+01
1.976143974799730e+01
2.625697340176300e+00
6.174509276717207e+01
3.738815707032948e+01
7.872629905060226e+01
4.096157087057902e+01
7.703829280894170e+00
3.351909650187898e+01
4.747965365996568e+01
2.310275604161562e+01
3.040988111421926e+01
4.251944261720378e+01
8.438885290380048e+01
4.407089582833969e+01
1.426326097653399e+01
6.128995966226326e+01
5.420748337833560e+01
6.768166439965445e+01
9.565996713734231e+01
3.948287956392527e+01
8.894739592864522e+01
5.905913610898850e+00
4.860042466251199e+01
5.988619027653998e+01
2.915794501507559e+01
7.948267929231872e+01
7.019110916656959e+01
3.409878045045714e+01
1.180987535594491e+01
5.216218468368156e+01
8.790220110113836e+01
1.934027262932634e+01
8.188156531279979e+01
4.803892203981007e+01
2.399646976217463e+01
5.198451459965879e+01
2.289524959535117e+01
8.157747382371570e+00
5.102005077107812e+01
5.972630253980230e+01
3.126050342398719e+01
3.204787635805452e+01
1.250175419845700e+01
7.910009523811754e+00
2.654726739346388e+01
4.047246162801630e+01
8.723261081019072e+01
9.235733202302704e+01
3.702577140043758e+01
3.149178471951363e+01
1.774315257451644e+01
5.951152935601376e+01
6.230284597831911e+01
7.454694899476458e+01
9.173240735741911e+01
3.339695256827257e+01
5.553856047593921e+01
6.192351647742257e+01
5.559395889546441e+01
1.734434930484013e+01
1.855359804749191e+01
1.146942554575830e+01
4.359897558744949e+01
8.689765645512270e+01
5.345446460575539e+01
4.067474945479759e+01
2.754003462732771e+01
4.847674260310677e+01
2.484907015452584e+01
4.433898359739175e+01
7.237718583661000e+01
8.580469004148836e+01
7.884076939841768e+00
9.615741167038559e+01
7.328592244223037e+00
7.436111218964733e+01
9.485513954183791e+00
7.544728646774185e+01
5.158456869031516e+01
6.781281086980030e+01
1.908879714044221e+01
9.155720094757024e+01
9.509184551196725e+01
1.126651401224849e+01
2.260305379638590e+01
4.782713695793745e+01
4.948654577577791e+01
7.344267762892073e+01
6.245235822277719e+01
9.253047238687540e+01
3.539035564073844e-01
7.413722960005386e+01
4.302386508464062e+01
8.001832858660181e+01
8.177450959653339e+01
4.679580100197149e+01
2.640476772859914e+01
6.213853878999992e+01
2.843702576516058e+01
8.094895434610031e+01
1.606025268140261e+00
4.454228433060566e+01
2.433524794147129e+00
5.377437130258157e+01
4.032489575460781e+01
9.543677996631563e+01
1.443174728864419e+01
9.970793151283075e+01
5.487182566657282e+01
6.203955517245436e+01
2.607371533572381e+01
1.003904431594491e+01
2.226682171331105e+01
6.985752492670785e+01
8.389265638957390e+01
6.209553599455187e+01
8.050360320159402e+01
7.863155276450865e+01
7.473504784271822e+01
5.279602042995209e+01
6.927040753386467e+01
5.014817297931210e+01
6.341059802258881e+01
7.560127371717303e+01
9.264437816694583e+01
1.327465945541610e+01
2.716157693749367e+01
3.342928277953960e+01
8.715757754964642e+01
9.567618146337391e+01
7.833917396065740e+01
5.717445745001289e+01
1.688554660272112e+01
2.543338226407458e+01
5.692992888248056e+01
7.107964068235813e+00
2.547504274429522e+01
4.361749130469630e+01
1.150258821970904e+01
7.044653662966869e+01
3.541030559475082e+01
5.303511240195255e+01
6.477599635942653e+01
1.763477857114504e+01
9.356507570183140e+00
8.300772029115247e+01
3.424330173723553e+01
6.697279045682996e+01
2.043548325096978e+01
1.937818900653077e+01
7.519630606993861e+01
1.200112957134895e+01
9.156251325810445e+01
2.514060704276925e+01
8.443569833619320e+01
9.002346568276336e+01
5.582927007033921e+01
9.072131723664762e+01
5.653320954019819e+01
4.803473201954492e+01
6.983557453837039e+01
5.409173553534399e+01
3.418446846035517e+01
7.261615818022571e+01
6.581572814184042e+01
7.178588401143713e+00
1.413908564212690e+01
4.660440857829731e+01
6.707657154979024e+01
2.889474324364902e+01
8.652842109395583e+01
4.469668438876825e+01
7.383984838325523e+01
9.149227491183778e+01
7.798572325985214e+01
7.940812459187960e+01
8.848324501350673e+01
3.359034496061054e+01
4.941695744610250e+00
4.872050157222920e+01
6.937501484964741e+01
8.460188507316721e+01
4.139735272219281e+00
2.429560386775788e+00
2.673092234261842e+01
2.545158705927971e+00
3.163533277420110e+01
3.532444761848284e+01
4.435923110896686e+01
4.329327402789763e+00
7.226959023264683e+01
2.759933929312943e+01
1.961936932970740e+01
5.331434693807473e+01
6.590516248992884e+01
6.602596639004814e+01
1.108236946681625e+01
2.388650501327892e+01
8.758363825622185e+01
6.126920718758796e+01
4.952817892168098e+01
1.429991676206697e+01
9.963407204469389e+01
9.538194467098543e+01
5.570445640743917e+01
2.611760186316334e+01
6.359279941003434e+01
2.931996208118273e+01
2.317021974510058e+00
6.397660540602011e+01
4.109618619135404e+01
7.308706598034457e+00
5.568818708680951e+01
1.483352976610583e+01
6.937957823713290e+01
5.093423461119377e+01
2.395095071939330e+00
7.387245207739642e+01
2.009552112784959e+00
1.640435080807859e+01
7.689872359712548e+01
1.105485228405094e+01
7.076332511881522e+01
8.488616239507039e+01
2.930744752721277e+01
5.926969496499267e+01
4.935029742743368e+01
2.239444247558454e+01
1.600792762637507e+01
3.045129116179947e+01
9.706905470093203e+01
7.367837460417225e+01
2.893797030157315e+00
8.899558949703146e+01
8.928963723093720e+01
9.192032515626416e+01
3.814759558911789e+01
1.338541042682967e-01
2.725705384614740e+01
8.393995174390263e+01
3.842639985421039e+01
5.840626608506136e+01
6.143879623219315e+01
7.204684772158360e+01
8.846032022892513e+01
8.643674761356635e+00
6.864977933869221e+01
7.998523329383937e+01
1.643088148740627e+01
4.502270661528348e+01
4.430166973932724e+01
8.445795615411268e+01
8.171418373552811e+01
7.994973151010915e+01
4.219609463689667e+01
2.004653719256005e+01
6.972861959120659e+01
5.697262136124662e+01
9.429807518343351e+01
2.888036800030636e+00
2.097097887702797e+01
6.067327999541223e+01
6.669309053881703e+01
2.921764204707818e+01
2.121964745280317e+01
1.352710882831696e+00
5.714628731699022e+01
7.296753375463538e+01
1.038768031186782e+01
7.445636721069755e+01
2.997715549076775e+01
6.365413608199644e+01
4.031115301899200e+01
4.675486686022713e+01
2.937942586344640e+01
6.147009076619059e+01
6.453633651348592e+01
5.353703492020119e+00
4.083976347038512e+01
7.153712952115440e+01
1.535555409051271e+01
4.624763002910075e+01
3.594683326592056e+01
5.473158059396389e+01
5.700124858738913e+01
3.204814448582388e+01
4.773758028062879e+01
7.016455594923559e+01
2.966502887646902e+01
4.139077339386138e+00
7.720228907521921e+01
9.444833560588226e+01
4.609504958898530e+01
9.652103767568294e-01
4.651856191759862e+00
3.073729715810031e+00
2.147799619542342e+01
1.693885071060567e+01
5.462570290762265e+01
6.038213393668743e+01
4.759233759138377e+01
7.806225357486971e+01
1.666398710415884e+01
8.532209465528004e+00
4.731572472831036e+01
2.361173193138639e+01
5.270583958025362e+01
7.569568901122346e+01
1.771232393463716e+01
3.626101209607954e+01
6.462008006154564e+01
7.549103632359349e+01
9.032860588763310e+01
7.302915531817320e+01
8.493847594826411e+01
6.852914419422352e+01
1.118352981805034e+01
5.506481325955355e+01
6.551007035444960e+01
1.382020177031877e+01
8.849833532632250e+01
1.555808503905222e+01
7.500310036121081e+01
3.465138582263672e+01
6.762354651821011e+01
6.782034880845825e+01
4.071720616925378e+01
1.388300271419948e+01
8.475919951906390e+01
5.659178572548171e+01
9.277204312047552e+01
3.812523611733934e+01
3.244851037508273e+01
3.545123447452264e+01
3.473708244726858e+01
4.251487536472961e+01
3.041444580555635e+01
6.530678219409045e+01
2.638008972927001e+01
8.621944435230431e+01
4.609374443352863e+01
8.250345572945823e+00
1.319042407590450e+00
9.505124655321764e+01
8.630958953234814e+01
3.423607318393703e+01
6.131019329713201e+01
2.082237076052575e+01
8.416114574492030e+01
4.843311190997861e+01
8.977432795324098e+01
2.281949251090153e+01
4.332982084868933e+01
5.030315651106795e+00
4.907163183627261e+01
9.139199354285002e+01
8.939887443063729e+01
7.726248976647040e+01
5.647112538873736e+01
6.216385162536234e+01
7.581801171219816e+01
2.503733929481233e+01
1.237735618482221e-01
9.463048493239586e+01
5.160846191067643e+00
5.172309994312148e+01
4.951682875376047e-01
6.890368255269885e+01
7.554260821805457e+01
9.399164234939573e+01
6.214576445619844e+01
4.713423589576698e+01
5.473797212109807e+01
1.357250279447646e+01
4.033832635746259e+01
4.326858070831214e+01
1.370519172107111e+01
1.532445089673831e+01
5.738657995005444e+00
6.478378202988942e+01
1.046436462107318e+01
3.443958881983514e+01
6.215571605700801e+01
5.644484886734041e+01
4.977900723450771e+01
1.383271828006614e+01
4.504968889292781e+01
1.162155718152484e+01
6.967709994394197e+01
5.311183866723992e+01
5.385462844458159e+01
2.587053478968820e+01
8.557560531682130e+00
6.408738906685607e+00
2.368766466327369e+01
3.834643887278924e+01
8.063638400316069e+00
8.394956126993036e-01
3.063785644743492e+01
5.762579574139127e+01
1.277599707840756e+01
3.322797591482661e+01
5.187120784626864e+01
8.528658798210630e+00
8.377728922468484e+01
2.547023772516764e+01
5.115387018358049e+01
3.794381652862943e+01
9.703719625111539e+01
9.581913109674079e+01
8.700723237684333e+01
9.697008561201864e+01
6.526729281305676e+01
4.615649550508545e+01
4.409504860830263e+01
1.504630000099833e+01
3.091538559222379e+00
6.508490823446070e+01
2.578670788825802e+01
9.412275915691758e+01
4.957673049046505e+00
3.945465532106098e+01
3.506001761884429e+01
2.859476158795634e+01
3.591298318277718e+01
6.354695109815660e+01
4.618904942003500e+01
7.858729431339879e+01
4.338088205241639e+01
5.316447743827686e+01
7.930747441915213e+01
1.504830672175079e+01
4.234958139357603e+01
1.776695154503312e+01
7.476395302208324e+01
7.631005899808838e+01
6.734528358436435e+01
7.225930386793767e+01
5.201787597128091e+00
3.025998781912960e+01
2.529658294529495e+01
7.762729310320098e+01
6.910134687512245e+01
6.355325489470422e+01
3.528177758459085e+01
1.876164088899346e+01
5.344786674410471e+01
3.926606696996189e+01
9.170213215598004e+01
1.855317578583638e+01
7.199097139387902e+01
8.179182455958419e+01
7.537831686221917e+01
7.884780535420767e+01
2.419905775422187e+01
8.312222337495639e+01
3.907404944257534e+01
1.107788594024158e+01
1.969461698070849e+01
1.092339912938112e+01
6.320147526599536e+01
5.553212792404560e+01
3.224965395976307e+01
6.820073764221777e+01
4.048185005806473e+00
4.152097978699998e+01
3.985519313246719e+01
4.568679441962708e+01
4.088787689846376e+00
7.577450176504185e+01
5.730217139111002e+01
5.095003915529234e+01
7.318583367075111e+00
2.640892366245804e+01
4.759372847508347e+01
7.155807608345434e+01
6.794583884437840e+01
8.540935259564284e+01
8.087143464054513e+01
5.172506698953224e+01
8.363528274168972e+01
9.125848593714576e+01
2.721929132343237e+00
5.878788561503770e+01
6.463121523364970e+01
5.014925051953143e+01
4.648190981078982e+01
5.441313677207247e+01
9.014275897766592e+01
1.885290733485152e+01
4.664203177515512e+01
1.161068832111111e+01
8.062911610148340e+01
4.414526999189764e+01
7.285512116404954e+01
1.615846530355442e-01
2.122416669559859e+01
1.286859932023501e+01
2.686603964626139e+01
7.477941409441615e+01
5.434664280821878e+01
9.830951159741241e+01
9.804587932212551e+01
7.713981269725589e+01
5.871944881916021e+01
5.808801039033011e+01
2.100073947617819e+01
2.245194591695999e+01
3.352659681510487e+01
5.460033107297511e+01
9.605057253318400e+01
9.185502752282424e+01
8.793555325266698e+01
4.507096644727093e+01
2.636990776582151e+01
7.107824379162781e+01
3.312734930456027e+01
8.574610859423228e+01
9.473604266286644e+01
8.473022747073799e+01
7.108443829747124e+01
4.571376198237471e+01
1.261341642244412e+01
7.691555427243727e+00
2.275835812220274e+01
7.333665484252230e+00
5.101375330752402e+00
9.344898452677251e+01
5.522851927915053e+00
7.872199629373941e+01
6.822839857462253e+01
5.315959642322715e+01
7.703150784458570e+01
3.652842842812111e+01
8.601445825119245e+01
3.153761496373341e+01
6.467465300330643e+01
6.196378639990640e+00
9.949010927206376e+01
6.962762487569248e+01
5.585549215593166e+00
2.122149710600334e+01
9.505851026394335e+01
2.312103133793968e+01
3.015066558967841e+01
8.678375328275550e+01
8.603487735895202e+01
2.380258996216701e+01
4.277323397936916e+01
5.149100928171119e+01
9.037021765968308e+01
2.590950770578790e+01
2.521912973617163e+01
7.389763070917577e+01
1.399023743066482e+01
3.313317197986561e+01
6.693649178693839e+01
5.285272437746298e+01
7.484817648066588e+00
5.053695763951958e+01
9.869386446601425e-01
4.785972859145129e+01
4.451742700511470e+01
6.774467903550001e+01
6.239330962411748e+01
7.963567496260427e+01
3.987052805715731e+01
6.897729745552749e+01
7.891040448048636e+01
5.102385513066494e+01
9.634049366989196e+01
4.203027963732848e+01
1.201389451139322e+01
9.138027987972846e+01
4.208949075177754e+01
9.154992578157686e+01
6.882884682567271e+00
3.590090881842231e+01
4.913432022982013e+01
5.191787153106083e+01
1.436346490604964e+00
3.950453784293707e+01
5.084129020145222e+01
9.763820231782189e+01
9.071399601675290e+00
6.844641294723675e+01
5.484635525143070e+01
3.708066606758194e+01
7.112915426079610e+01
7.811032406897765e+01
3.406210398956300e+01
8.310792547795359e+01
7.759367217197719e+01
6.174644546664621e+01
4.860460471762559e+01
9.993968536143176e+01
3.443443217986936e-01
6.253749149038340e+01
1.568481880970524e+01
2.721417398527925e+01
2.065977720574465e+01
1.752768345993370e+01
5.665910251283045e+01
9.873097678587351e+01
3.762681490631160e+01
3.958112655188010e+01
2.508441983958912e+01
8.521000365037938e+01
8.952646380733999e+01
7.415717899527270e+01
3.465112207208346e+00
5.128953189183470e+00
1.486218129976754e+01
7.977545483958696e+01
7.897740755182571e+01
7.340772863170491e+01
8.019366635949987e+01
2.945520013079755e+01
8.859436935214063e+01
5.320929179583177e+00
4.639228686987995e+01
3.591020532693258e+01
3.031227455023317e+01
8.102811038541985e+00
2.661557124304379e+00
7.586577743099340e+01
2.103816122796301e+01
4.600524327066040e+01
4.022289856347390e+01
8.652580850130217e+01
6.625294520810850e+01
2.580008596451957e+01
3.515268482042136e+01
3.486003402381206e+01
2.569837352526299e+01
6.843556373772937e+01
4.171488966872678e+01
7.762416269519560e+00
9.923514109069255e+01
8.804312818126898e+01
6.691839297624230e+01
7.095005506228193e+00
9.858842180044782e+01
1.424199357360694e+01
4.481308550798012e+01
1.567421123183994e+01
9.301650304953405e+01
7.373976114845824e+01
9.114722725523041e-01
1.732594939755553e+00
4.796889682671470e+01
9.568748017572216e+01
2.131243158192953e+01
6.529371205963834e+01
6.667649655913770e+01
8.972993390156418e+01
6.186261603695462e+01
9.343508169680604e+01
7.646956731400898e+01
2.007373078729665e+01
8.580540995383888e+01
2.552869311791318e+01
8.017708448701403e+01
7.319711925145104e+01
3.845314320104809e+01
6.285508091694446e+01
1.962956544925904e+01
9.119550375789194e+00
6.584274599600711e+01
9.140990129271984e+01
4.565718646424691e+01
3.724472752643969e+01
3.866726138566959e+01
9.929599021528661e+01
8.123414059227059e+01
6.258792000011910e+01
6.761427734401741e+01
1.031021536808005e+01
8.064221696958049e+01
7.463316608901749e+01
6.582484383407274e+01
3.679283183850014e+01
1.257747077037462e+01
4.393143157657769e+01
6.609127356954444e+01
7.787970201013596e+01
1.675249166635447e+01
9.971712166430294e+01
9.382964307154977e+01
7.737308832694455e+01
2.490912905191496e+01
9.663442992448546e+00
1.633886993692204e+00
3.939446166129525e+01
2.888063240278542e+01
4.765336851014447e+01
8.244273056389892e+01
2.512029401265098e+01
7.233533490092276e+01
6.170690523539991e+01
8.695005238379821e+01
3.173944504546907e+01
2.898744029411461e+01
9.580471673784997e+01
2.549737516115297e+01
3.961532141064076e+01
3.820248285224777e+01
6.284350285438984e+01
6.082788601556229e+01
8.854345157209013e+01
7.920530162714668e+01
3.570564917088749e+01
9.511266960534857e+01
9.125458052905955e+01
9.438874539657903e+01
6.525324101804440e+00
5.336413711931749e+01
4.704056323833790e+01
3.194482979920918e+01
8.784084654778282e+01
9.680740283653485e+01
8.597054052444666e+01
1.288574664522230e+01
3.517704263104919e+01
4.883914689945018e+01
2.931954382421428e+01
7.506092450351497e+01
9.125114800001083e+01
2.171839928334504e+01
5.670773259210760e+01
3.608515194434913e+01
1.958383997882895e+01
2.120922804866416e+01
7.103676757357864e+01
8.358013135547756e+01
1.708383751897320e+01
9.922346067578694e+01
3.864736423764721e+01
5.792408765196991e+00
5.441361132749059e+01
1.010373612404975e+01
3.409912522607442e+01
7.022119335374850e+01
2.768746569179346e+01
1.319297673795045e+01
9.547251192642027e+01
5.395652174668225e+01
2.574633109650869e+00
2.726163781586180e+01
5.264151755377721e+01
9.461884591477869e+01
9.891531909765457e+01
1.762320879736133e+01
5.803260303010820e+01
9.248285763546957e+01
3.032171634506514e+00
1.366285072344488e+01
1.858804045179302e+01
2.470598887871298e+01
3.595354693753345e+01
9.009574935310323e+01
4.656443649277298e+01
6.199602506216431e+01
2.981670188243347e+01
2.600326599832776e+01
9.567519696227983e+01
4.442737681997352e+01
1.636046977544225e+01
3.012830588506921e+01
1.527149556915811e+00
7.813826067286462e+01
5.421806730060749e+01
2.635216476691522e+01
1.303544869322118e+01
8.318681706822795e+01
7.913501340855612e+01
9.259859257964351e+01
5.139564073243906e+01
4.874787845124857e+01
6.333287966592837e+01
3.338503652875546e+01
6.501162898028811e+01
6.224819871701682e+01
1.394675900877768e+01
6.481098517068243e+01
5.472690600656295e+01
4.693535689587488e+01
4.172560332423337e+01
9.052418190544665e+01
7.794501589515480e+01
1.969085155040531e+01
8.680418184343920e+01
9.208089676316870e-01
1.750474722008442e+01
9.919075751639473e+01
6.043729980496564e+00
2.726303298364535e+01
7.228552413745109e+01
6.947229167887582e+01
6.101404966833724e+01
4.917331726717452e+01
3.719172367695334e+01
5.101984774275677e+01
4.357714058997908e+01
9.272216264750909e+00
8.864310448460425e+01
4.420643930519299e+01
1.870808797828298e+00
9.586349031695327e+01
7.030558100450112e+01
3.166379920750102e+00
2.879982661865644e+01
2.623523074492590e+01
2.560031233616188e+01
1.407470261402181e+01
7.147128706400808e+01
8.032721838929095e+01
6.053426445486688e+00
6.509757240540235e+01
4.913609644823526e+01
3.567428837328883e+01
7.555783110463891e+01
3.209567034248992e+01
8.634280040224213e+01
3.109482332649400e+01
4.751368227764670e+01
1.566675548239925e+01
6.962426559516427e+01
2.188612847676786e+00
1.361471084580510e+01
3.219155004815736e+01
4.830478227152712e+00
4.224533110030244e+01
1.506978772351043e+01
8.063698032900550e+01
5.151754741161948e+01
5.953763726145851e+01
2.123115459514370e+01
9.428825275706512e+01
5.540112753184565e+01
9.153673559964483e+01
3.554400058255717e-01
7.206885152127074e+01
2.986774236423324e+01
2.208117992714102e+01
3.652591073723785e+00
5.309017209945720e+01
3.863692876819378e+01
2.559980993419877e+01
9.585098498307680e+01
9.456644160420002e+01
6.808062171008467e+01
9.413956249791177e+00
1.750335265766054e+01
6.838830600883267e+01
2.912643483333589e+01
6.362981966865706e+01
9.369447068017649e+01
3.596077386101744e+01
7.189899015794461e+01
4.370799872265570e+01
6.640567144677307e+01
3.264458739787553e+01
5.737473166425467e+00
5.070991332210131e+01
2.539080852893684e+01
2.206302574931785e+00
3.189072582493104e+01
3.384398707833326e+01
2.553112098273408e+01
4.886683684255315e+00
4.174400840035826e+01
9.998018243349166e+01
9.140473804036377e+01
5.838414568378784e+01
7.600182731449689e+01
9.188530388841653e+01
8.465832191736359e+01
9.864315912064312e+01
7.233688573927473e+01
5.317717918808441e+01
3.105915944606958e+01
2.375389506283863e+01
3.821897820486640e+01
1.419350631264667e+01
9.373682816221232e+01
4.419231756785527e+01
3.155223514491330e+01
5.456717258997595e+01
2.639904894232706e+01
5.345947395705593e+01
6.213035758683940e+01
3.339239886654187e+01
8.610406140149760e+01
6.389863787400473e+01
6.929058263510959e+01
1.649179594427896e+01
9.380155340479759e+01
6.717189339323522e+01
9.722064775285342e+01
9.877564287687449e+01
6.768603346668465e+01
7.582047315119787e+01
4.112326383643004e+01
5.055074829168187e+01
8.412119675619584e+01
7.701998426440171e+01
7.086002136155032e+01
6.501797603676933e+01
4.852116934420596e+01
9.172155749598591e+01
7.167762353628763e+01
5.683581431248962e+01
5.723641908598896e+01
5.127044932510260e+01
9.708634177087170e+01
2.402132638917366e+01
7.496357642810958e+01
1.299934886069938e+01
9.125446299615059e+01
4.195030384787838e+01
3.807057283728876e+01
3.648574209608405e+01
7.177447684657503e+01
9.015379305470445e+01
1.728345836386245e+01
1.554239271932393e+01
3.131824072046123e+01
5.388068796781855e+01
8.790781767475782e+01
6.098879969724863e-01
4.552158347588106e+01
3.899633150501005e+01
5.956213500330324e+01
6.667687560742576e+00
1.958984649721060e+00
9.010133966342609e+01
2.595583848932564e+01
7.585684679255674e+01
2.877553409374111e+01
6.573954837664010e+01
5.218905124449592e+01
1.671181927281982e+01
7.090699866921966e+01
4.463338989048889e+01
6.171605492090622e+01
6.752879608773105e+01
8.587246788007788e+01
3.432725478630851e+01
9.570282869772187e+01
6.025627877575172e+01
3.303555964167955e+01
4.147273443707858e+00
5.032020478989938e+01
7.659746900973724e+01
4.904212739739666e+01
6.477307680285213e+01
2.706077011630906e+01
9.321196213979832e+01
5.938109162234753e+01
3.541199017102457e+01
3.745022087239205e+01
5.924495433422036e+01
9.829990388746369e+01
2.195674694234354e+01
8.141301371222967e+01
5.596610831840248e+01
7.688044257316758e+01
4.049482258991097e+01
6.278127541895084e+01
7.583401812046488e+01
3.979722971087193e-02
3.922878873498588e+01
1.128757312488164e+01
1.396636451313568e+01
2.538161725987755e+01
6.084005183579403e+01
5.899191203480210e+01
1.826689612039686e+01
6.455015198539485e+01
3.417842063781732e+01
7.852317489614859e+01
5.263853592455319e+01
8.660534982877101e+01
3.265411436215700e+01
1.309094695052642e+01
3.969432094120156e+01
4.072223088737681e+01
6.313022368733316e+01
3.133739872432193e+01
4.532635074356866e+00
3.895608551751640e+01
4.909927223301459e+01
1.362268808932169e+01
5.464900529694231e+01
2.972901581308293e+01
9.233110402353624e+01
1.803004649376033e-01
6.710926604788251e+01
6.958383799976848e+01
2.732230398213598e+00
5.850049483520002e+01
7.425026412785531e+00
1.675720234250520e+00
5.374585876881418e+01
4.869457490215757e+01
8.553789890629142e+01
4.241523265019769e+01
9.649763353937195e+01
6.118389952982957e+01
9.330772086666325e+01
7.503696068890251e+01
3.501185338711918e+01
6.071206147815662e+01
6.368835948579402e+01
3.759407868496798e+01
8.210345952869554e+01
5.105618091814973e+01
5.290224088956707e+01
8.564755487518737e+01
2.543816423296843e+01
3.252133421251612e+01
2.460364034613764e+01
3.321043315027395e+01
4.253630174442022e+01
7.295201009742543e+01
4.929732300774069e+01
8.993294918440886e+01
6.109945274009344e+01
1.381089646081016e+01
6.974414082697785e+01
2.354638423935808e+01
5.503006100423171e+01
7.175683871459069e+01
5.750348389032459e+01
1.297198064297996e+01
5.600626843795472e+01
7.014170972171320e+01
3.793921300114096e+01
1.642859471795549e+01
7.949995672306976e+01
5.713850956276922e+01
4.186161674645805e+01
1.679269024952906e+01
2.200923833158297e+01
4.700761197461169e+00
3.203709476256608e+01
8.732710428877132e+01
7.174707379739129e+01
2.976539848827077e+01
4.430975562162220e+01
8.124543967714787e+01
3.488050454057777e+01
8.666244148586991e+01
9.640823774803813e+01
6.134203610072938e+01
1.055798014186229e+01
9.812681516545211e+01
8.463818066969429e+01
4.319703082702916e+01
5.903250587127754e+01
2.783156653299535e+00
8.249881122377646e+01
7.168960560657531e+01
3.364947761113265e+01
4.636966127267557e+01
8.011062037204887e+01
2.890562854190619e+01
8.907555532133000e+01
6.288138402760093e+01
8.650522897322905e+01
6.322769320720234e+01
7.786334128019556e+01
1.251059417264098e+01
5.677841001040228e+00
9.335860809933330e+01
6.905465096656916e+01
1.910720664034933e+01
7.777439494513646e+01
4.678700405489048e+01
1.513165049959517e+00
9.624212765891204e+01
5.289955928591059e+01
5.721113442313445e+01
3.384809774991502e+01
1.530622924459457e+00
7.476172604354178e+01
4.797954142465235e+01
1.415498662467813e+01
7.061402223567200e+01
5.643189300616825e+01
2.770064250924654e+01
7.475501809956275e+01
5.703031055490967e+01
3.223785107593883e+01
6.788173735508775e+01
7.596415620109261e+01
4.371892742054487e+01
8.757951813171596e+00
8.567343930978022e+01
3.279712392613158e+01
7.070586619465885e+01
6.152578502033175e+01
8.229233747454936e+00
2.609821163401856e+01
9.764432934934474e+01
5.673432664793652e+01
5.499920340022035e+01
3.161157948505672e+00
3.450872159307297e+01
4.297453744475475e+01
8.051415406191450e+01
5.861910696077119e+01
5.005059938414516e+01
7.704002916675063e+01
2.406793601069038e+01
4.623060209966759e+01
8.968834955696406e+01
4.694086781094822e+01
5.014506385202755e+01
5.313483954087591e+00
5.377417549201016e+01
7.741411220161902e+00
7.265915701755283e+01
8.248766957898050e+01
1.656692010190660e+01
5.394121103637908e+01
7.071425419799716e+01
8.291860859977017e+01
6.767856095343761e+01
9.417661982317298e+01
2.826290159871006e+00
5.796234368251746e+01
9.920931151099937e+01
4.516801445054264e+01
7.834808322524097e+01
1.291585956370265e+01
7.276547354309143e+01
9.641871382315583e+01
1.607701755877445e+01
3.127838472429588e+01
5.119300421848567e+01
3.049728573788763e+01
4.677159578854758e+01
9.418399813314154e+01
5.057059477575616e+01
7.967302453688953e+01
4.715832450760450e+01
5.232540916294111e+01
3.951253022044549e+01
8.001888640225814e-01
8.117332355173926e+01
3.038559766969905e+01
8.851792383404351e+01
6.558969903997597e+01
7.115481461917740e+01
8.523005064820408e-01
1.421266059121707e+01
6.007974769923824e+01
1.044374760726641e+01
6.629304074044016e+01
3.931620211308645e+01
4.827167119284704e+01
4.487198211479559e+01
3.914873816033301e+00
5.404499911425869e+01
3.610915398975329e+01
5.924574735539302e+01
9.734830595429442e+01
5.665253431380379e+01
5.514218344126930e+01
1.583841201655493e+01
7.845538485723333e+00
1.217496316515606e+01
9.638563892635780e+01
8.024885029543604e+01
9.940409832606282e+01
2.484974871615402e+01
5.454059548421790e+01
2.016362776987424e+01
2.659019186468338e+01
2.597181490900545e+01
9.161852309090015e+01
3.999274384230038e+01
2.028740538297566e+01
5.149212156026258e+01
9.882546523531221e+01
3.060766320238247e+01
4.235561422182042e+01
4.568429922018400e+01
4.267430866261679e+01
3.632170750588259e+01
6.858900127401063e+01
9.310082303970159e+00
4.376927974809393e+01
7.685104789065711e+01
4.995837446765898e+01
3.966438311136532e+01
2.406187417174777e+01
3.500190946972086e+01
6.250597930630016e+01
9.732619481968050e+01
3.774606568633861e+01
8.168436860744114e+01
2.672921308629644e+00
8.206246471128541e+00
6.799195756576580e+01
1.313717407786156e+01
1.947310795982979e+01
8.909020996144517e+01
5.308555506779140e+01
1.059540543267289e+01
4.929132310174933e+01
8.877992946132083e+01
1.143949283819622e+01
2.955176356693346e+01
3.694339787445190e+01
5.405010238944092e+01
5.166045392475112e+00
1.648300020791730e+01
4.676348029019473e+01
1.322364477125166e+01
3.294939526028438e+01
7.879306035060112e+01
6.823219823103035e+01
6.097472289622515e+01
6.827939239716129e+01
1.819057265212320e+01
2.111899015545798e+01
5.442620131858913e+01
5.273696228523598e+01
1.997073638251551e+01
3.424424581892986e+01
9.331944849962342e+01
5.091917512515521e+01
4.253920490971729e+01
1.817164431240952e+00
3.085731478913562e+01
9.583595725513806e+01
3.749095324310053e+01
2.098950474569086e+01
1.904123514846025e+01
9.510228573116581e+01
3.504046152114890e+01
8.161653172300035e+01
1.651875787252503e+01
6.534285799848980e+00
7.577793983545989e+01
9.457226795822953e+01
1.368765938733130e+01
5.159357765298037e+01
1.733234055216067e+01
2.983291076022801e+01
6.321801057235245e+01
9.612540090276181e+01
1.320335972737677e+01
8.907443056305611e+01
5.325910684338729e+00
7.838684901519997e+01
5.114787349065201e+01
2.521026461627812e+01
6.648024784702820e+01
3.651087546558626e+01
8.182579133744620e+01
1.704754075829291e+00
6.485992728958834e+01
5.017490943436273e+01
3.263143907889325e+01
2.013269430963914e+01
9.438434713258610e+01
1.197679034060649e+01
8.136220885504140e+01
6.936303953144841e+01
3.325637794717046e+01
1.067971140643568e+01
2.678197372089232e+01
5.030759132947195e+01
3.631340304217925e+01
8.800350771658286e+01
2.087645159143789e+01
3.471898270524991e+01
4.703948108807182e+01
6.699721471732353e+01
7.672441777620669e+01
