1.569751352802735e+01
9.585386630885949e+01
9.858271372438536e+01
5.841351997033392e+01
3.727489432193101e+01
3.169050455637765e+01
8.522179773320528e+01
9.686150806809846e+01
9.356818394435950e+01
4.607226892657218e+01
2.374723787593992e+00
7.341728502577975e+00
2.466146025092409e+01
7.054075154966711e+01
9.902151399246488e+01
4.479415456056323e+01
5.547358684962317e+01
7.723104249557063e+01
6.243072783687652e+01
5.623730940569067e+01
1.048742039617497e+01
8.254083855195942e+00
8.135391766268476e+01
2.005809448662125e+01
6.886582927259887e+01
8.208863748334750e+01
5.377968566202544e+01
1.267772820437221e+00
1.106624026366800e+00
3.603914712371265e+01
3.792733086176558e+01
1.124116052465567e+01
3.690632727784399e+01
3.651004458615093e+01
8.117597740198298e+01
8.577781733394498e+01
3.974057880218167e+01
6.639777508862214e+01
6.252571826918317e+01
3.330876269997506e+01
1.154781319738730e-01
3.930909276907756e+01
9.027131967724829e+01
2.163506989443445e+01
8.341328198249139e+00
7.253703292111729e+01
5.383538792554074e+01
8.817333466753985e+01
8.859724811678625e+01
6.929486467004514e+01
4.274527856276617e+01
7.701129651489262e+01
5.007907797120469e+00
2.409919617888480e+01
2.746772511278639e+01
6.827726111201441e+01
6.187833615666178e+00
1.246542977749623e+01
6.954503393245164e+01
7.294457642032978e+00
5.956164089011104e+01
7.472364747651092e+00
6.108500033667544e+01
9.646796816795504e+01
2.325684820453490e+01
4.694083419020327e+01
3.298149566770601e+01
5.516225474661321e+00
1.128677148897516e+01
1.044461750911764e+01
9.059041090802774e+01
1.140224962094903e+01
4.975371027819519e+01
5.768224208507792e+01
4.027352358227294e+01
7.039020749292811e+01
3.021927495962907e+01
4.713766041544157e+01
3.420512254080042e+01
4.661963989335096e+01
4.375882667664384e+01
1.570105897993830e+01
5.861791649768963e+01
9.387072045070617e+01
1.292713499298651e+01
6.604716166204176e+01
4.039625131543551e+01
3.433336952437338e+01
8.956965542844016e+01
1.330528045692727e+01
4.162782716640636e+01
4.913129631855120e+01
9.406139426588146e+01
5.340846211342535e+00
4.559926443994011e+01
3.257322596971562e+01
4.358886123801994e+01
8.502256715904110e+01
2.176679168910104e+01
4.143103614516139e+01
1.248121769748685e+01
2.867986235240468e+01
6.864611863561259e+01
7.453009703873195e+01
9.648078461013770e+01
3.636609205806911e+01
8.395085762438870e+01
2.670005952320064e+01
3.557775408754951e+01
7.912542702589437e+01
7.331969946311773e+01
9.740753495013692e+01
3.664404048428128e+01
8.276287977712363e+01
6.647130114327710e+01
7.744379433684227e+01
3.567121463626214e+01
6.321826496311382e+01
1.177716381464953e+01
2.524087001813616e+01
3.382262593778904e+01
3.209898347598453e+01
7.437216633668736e+01
2.734455444260712e+01
5.344456329636488e+01
1.997143077662747e+01
8.191249220721075e+01
8.975679804093986e+00
2.465713486292266e+01
3.679283849745655e+00
7.049229395133084e+01
3.166565482116568e+01
4.247782637480545e+01
2.364447499795094e+01
1.166844955257534e+01
3.895861093837703e+01
7.977724968445359e+01
5.658875408423540e+01
6.565867050814380e+01
1.191990427296604e+01
7.169156226873936e+01
6.672813774399839e+01
1.412642640719490e+01
6.909695503725528e+01
8.602422852349664e+00
7.700776228541871e+01
9.843361503371672e+01
4.427363748861180e+01
4.022602724853252e+01
1.021077884836624e+01
6.951450755331410e+01
9.003332168331059e+01
3.581918344638272e+01
4.388667384343533e+01
5.134028552628136e+01
2.236160706838668e+01
6.385810462006280e+01
1.581450245148246e+01
8.416355856888163e+01
8.500136951217492e+01
1.949378634779425e+01
5.545734961305622e+01
4.345575507891166e+01
6.197161272259970e+01
4.524073845019598e+01
8.608779361755019e+00
9.302236609767301e-01
2.501798808808345e+01
2.458330617499692e+00
1.519078603721726e+01
5.844394604603013e+01
6.739985107788810e+00
5.567264047249809e+00
4.075083836948073e+01
4.072653643820740e+00
1.416968689959947e+01
6.628520119296630e+01
1.947951764775418e+01
8.401176537573886e+01
6.511228394932686e+00
3.637419964018008e+01
2.599252794216970e+01
9.654455007824328e+01
5.292021425111230e+01
7.184450578496070e+01
3.044656032251500e+01
2.235157653798888e+01
3.570261040502349e+01
4.626106282056359e+01
6.458067128648082e+01
7.015694904614098e+01
6.575484916835784e+01
5.551844423428105e+01
5.210994968754703e+01
1.576552387129773e+01
7.591826379109093e-01
4.488572191674528e+01
9.923135088720888e+01
4.606339230484487e+01
9.158016969057739e+01
9.524557967448867e+01
2.953113458563161e+01
2.655586829714285e+01
8.128436751723493e-01
7.349855572613821e+01
3.062852198752972e+01
4.205397402031998e+01
3.978375691910449e+01
4.056735646006063e+01
7.342585505611537e+01
9.919004300571514e+01
7.694155614680683e+01
5.205826733822854e+01
6.103317237507234e+01
7.693152561640903e+01
1.438699882216146e+01
8.487682611908616e+01
9.928310220096405e+01
8.930803094492667e+00
6.311113199363982e+01
7.732918480286803e+01
7.908775218719978e+01
8.530200765715075e+01
9.570878068716674e+01
9.880396826137043e+01
6.330167081360783e+01
4.952223023843124e+01
9.300678274268600e+01
4.168515500691028e+01
3.502676325618604e+01
8.458695243326339e+01
7.486830804258040e+01
4.855777805138276e+01
2.685869118518135e+01
1.620513569386915e+01
9.274643580091485e+01
4.177134267136983e+01
5.272610897790925e+01
3.253019267345321e+01
8.182998336005490e+01
2.615196398745848e+01
6.124861308431654e+00
5.877153946029560e+01
2.753565093853308e+01
3.920398924462683e+01
3.570306503013850e+01
4.400817046128594e+01
9.495080909456630e+01
3.498616718453642e+01
2.722324059681187e+00
1.449796753679307e+01
1.670733560654676e+00
4.941634268007071e+01
9.979997524050994e+01
9.644854264168467e+01
4.822031089487500e+01
7.990761025804449e+01
5.698135078744095e+00
6.439751017112168e+01
7.486575882642799e+01
4.072489833493014e+01
4.851340062381392e+01
9.144433438379519e+01
5.997277836314067e+01
3.144076267790085e+01
2.918791274036650e+01
5.271921411748939e+01
1.593121030178443e+01
8.191402171827575e+01
8.524940679094260e+01
6.871755727041399e+01
5.260055631054591e+01
6.407458477843301e+01
1.330491230511335e+01
7.559907248970077e+01
2.837406137416794e+01
4.900797733525186e+01
3.636548031883569e+01
5.558742957915526e+01
3.976262409228954e+00
4.606012713446288e+01
8.431623325884166e+01
7.195227731575829e+01
2.346716053945346e+01
7.750747104990644e+01
3.026510171138919e+00
3.898961964947619e+01
7.816494585860751e+00
4.688082311622836e+01
7.275236415339278e+01
6.233009428825700e+01
5.452193583106713e+01
7.969201313317381e+00
5.377442867205219e+01
8.423237413365040e+01
3.940996399121823e+01
8.296234141241868e+01
3.004364721944726e+01
1.211335352254722e+01
3.943830711740922e+01
1.276525254955760e+01
4.534676114346216e+00
7.294234878986252e+01
7.683983732799061e+01
4.661756052943764e+01
9.716798947060853e+01
2.331481409413499e+01
2.895961605429632e+01
1.677523232846299e+01
4.326924255270010e+01
6.929826599978762e+01
3.281436037868930e+01
3.845731724913107e+01
9.744721054911949e+01
3.625847354357060e+01
8.128616129108060e+01
5.330685780071973e+01
2.046912010780960e+01
4.126186172536661e+01
6.315227717307967e+01
6.818886840166005e+01
3.591955967057476e+00
5.746323455006966e+01
3.239069801400914e+01
5.736638463910967e+01
1.702629770945120e+01
3.446359435769897e+01
1.581683429694587e+00
4.454214346806619e+01
3.613322863175218e+01
5.205089089090512e+00
5.730739601762378e+01
9.300645542936699e+01
7.814743787895303e+01
3.414723329904826e+01
7.427975236171845e+01
8.451089997985908e+01
1.379415407487850e+01
3.239368369448635e+00
3.160088906604838e+01
6.397148434257670e+01
1.262931228272119e+01
2.257048190691065e+01
3.261254156595680e+01
4.918954742568990e+01
5.033591885600980e+01
7.975120911363103e+01
2.634797684212586e+01
1.318433941955880e+01
8.773757838073074e+01
7.576345111046146e+01
9.849552763555923e+01
3.165728311597243e+01
2.404150339962985e+01
5.753127753619630e+01
4.496007610343401e+01
4.106780110908105e+01
5.718258379827373e+01
5.444722392337733e+01
8.560994462371335e+01
6.085586401673773e+01
5.965231301246784e+01
4.291734059477101e+01
9.510881211380885e+01
3.779975089142088e+01
7.706457394038540e+01
6.938856447552729e+01
4.861437899461686e+01
4.129225250393723e+01
2.091289508198988e+01
5.609206322398599e+01
6.719572188667755e+01
8.882106183507528e+01
7.866254517746276e+01
9.223948232468193e+01
2.186618764971671e+01
3.829644524412996e+01
1.663734825171407e+01
4.902750726278289e+01
3.461876406083757e+01
5.729793517724515e+01
2.613809058728539e+01
2.160269321017093e+01
5.214391958533970e+01
5.017959403348137e+01
7.913397074636723e+01
4.243905406558842e+01
9.124739514256241e+01
5.223328194219307e+01
4.364575522190228e+01
5.356648510953713e+01
1.449891348113255e+01
4.226808326424476e+01
5.411619700217442e+01
2.250238224980532e+01
8.006783415566562e+01
9.683925425486605e+01
2.989262446290470e+01
4.559008313603238e+00
3.159146221894373e+01
9.013928975450773e+01
6.065107153758922e+01
8.441675067153608e+01
1.001619454939672e+00
3.931361666848586e+01
6.444795381484923e+01
6.888058016490218e+01
4.030381256728611e+01
8.079401081464906e+01
5.598382095619283e+01
6.588248026831191e+00
8.153357057903594e+01
1.545078191694374e+01
1.540192599194214e+01
5.214199435531255e+01
2.188123139640373e+01
6.470594702507645e+01
7.879521673489140e+01
8.077191313764635e+01
8.639405280649385e+01
3.590316024418136e+01
2.385367118932943e+01
1.257217424575806e+01
6.711066554631603e+01
7.740393317183663e+01
3.022178235939787e+01
1.893877485717590e+01
7.424318738013655e+01
1.816506372679261e+01
1.938126316265262e+01
4.487338417436619e+01
2.702124017617723e+01
5.894538399714296e+01
2.929013479933615e+01
4.730596488681900e+01
6.095275132029911e+01
6.630008754613813e+01
5.543673795435426e+01
5.614468755952301e+01
8.674037851707097e+01
2.939337842603837e+01
5.728411630600883e+00
8.454960858661198e+01
6.873830243420707e+01
9.092387686992245e+01
1.432291931208359e+01
4.875257222389456e+01
8.583628464761949e+01
6.580324334362672e+00
7.178984590423751e+01
4.947388090634433e+01
2.021117039034663e+01
9.666398637772723e+01
4.116835996563004e+01
3.453255558131848e+01
1.906523020894510e+01
8.741506342190088e+01
1.066779299204601e+01
6.983804435927330e+01
9.280447200536935e+00
4.890296610486832e-01
1.585970926837051e+01
4.531152334311582e+01
4.481390362829617e+01
2.247462576370436e+01
2.493202538459191e+01
6.781232341556452e+01
6.175588847219753e+01
5.745772922293177e+01
6.906888725658361e+01
3.791590860947776e+01
6.887828813347886e+01
5.962488588859555e+01
3.999369635246401e+01
9.574962896096969e+01
5.054876271195187e+01
1.696801512360946e+01
6.902366456064566e+01
4.879755147211139e+01
7.159675442222355e+01
3.654780515308855e+01
3.519131170361830e+01
6.356950768435816e+01
4.620706520332353e+01
7.698369104274721e+01
1.986960960546024e+01
7.279710987247393e+00
7.979965609488993e+01
3.053740259750625e+01
1.854962251081580e+00
1.113711009320668e+01
3.102643225855494e+01
9.545862953898433e+01
5.644863343632250e+01
8.198777012619551e+01
9.091443046504372e+01
2.000214169733326e+01
8.118530529606403e+01
9.967092811114664e+01
6.101491817320460e+01
1.962698312458907e+01
1.483230004777773e+01
2.026314871397947e+01
9.550222027837401e+01
5.482599640024174e+01
4.208778792158132e+01
4.097068078861138e+00
7.179401152385120e+01
6.829018987169964e+01
7.357320127709453e+01
3.517046898378547e+00
4.837995024788191e+00
8.520271730851509e+01
4.051093107113192e+01
4.382839367903229e+01
3.825959192507881e+01
6.038054067659216e+01
6.449295071162886e+00
7.024422295868592e+01
6.206311474650312e+00
6.305737656683539e+01
8.758248481321264e+01
1.271972130645053e+01
4.969562424798292e+01
9.512774813693377e+01
2.609270323351617e+01
2.620394668830742e+00
2.443154855837652e+00
2.666717843463047e+01
4.521453871634534e+01
6.345807307560838e+01
2.131694160463146e+01
3.793386371710052e+01
4.534468042913111e+01
2.554603057240417e+01
9.027478340560327e+01
6.576205830358064e+01
7.800067806523326e+01
6.206879488288835e+01
3.405224812871415e+01
1.944443048883436e+01
8.115680938640461e+00
7.780794267440585e+01
3.455936477266223e+01
4.862661200977239e+01
7.694002970910633e+01
8.133397106143366e+01
8.198610743600229e+01
2.226952725195770e+01
6.042060934026754e+01
9.992509591389684e+01
6.666768904154546e+00
9.909972404087881e+01
1.291867946876152e+01
2.666817522918255e+01
2.170748590571223e+01
1.192075857516413e+01
9.383102571304470e+01
2.415064076154988e+01
1.919876710474434e+01
7.450310866092477e+01
8.760871383715826e+01
9.876295700611685e+01
9.038847288600563e+01
2.610512395673670e+01
2.430898757852101e+01
4.302577355086141e+01
4.835571215877110e+01
7.965564987606166e+01
8.067947643840661e+01
8.240796028748525e+01
6.689729865961583e+01
8.243361631521657e+01
3.924872537108545e+01
3.274805798788930e+01
5.898217081976225e+01
9.823823315009392e+01
3.450000567105599e+01
6.863057169533828e+01
2.050776035548549e+01
6.566022306944254e+01
3.452577550640599e+01
3.619122241446340e+01
8.902419493022570e+01
8.978389072687546e+01
1.658306984071763e+01
8.824781109031653e+01
2.256575814567774e+01
1.041409555376232e+01
4.392672290277049e+01
6.105629432064309e+01
4.182460300709335e+00
3.796328796910275e+01
3.541745489249818e+01
7.475790776068247e+01
2.088139616925334e+01
9.112624763097905e+01
2.960541254356756e+01
6.923710832802445e+01
7.078189746047458e+01
1.882507410777038e+01
3.969678251989967e+01
3.679557784311267e+01
2.752442729078439e+01
7.294327200993116e+01
4.091424869416014e-01
8.650659811054663e+01
7.118150516002510e+01
3.121247977540478e+01
4.037129322084193e+00
9.168926551551058e+01
9.687270284484732e+01
2.241034089699869e+01
6.390907618399202e+00
8.796905092334796e+01
3.316818058172622e+01
5.301178579824594e+01
2.822199232327844e+01
2.777973926988418e+01
7.491788346083736e+01
5.465201626282745e+01
7.151720257080962e+01
3.274534434673625e+01
1.718876306767984e+01
3.765400514828693e+01
1.932498329287627e+01
6.951192927989733e+01
6.009941620756845e+01
7.405794634207055e+01
9.963688557019313e+01
2.999769539106530e+01
9.410140905254586e+01
5.895233613390118e+01
8.941840151763447e+00
2.162583634333025e+01
7.941473986926243e+01
5.210251968917555e+00
3.899489717511223e+01
2.008997156288939e+01
5.728477065325005e+01
6.262835597741807e+01
9.476637877280190e+01
5.415747345153125e+01
4.420006910534579e+01
1.982202288686392e-01
5.585107805945495e+01
9.723292849829092e+01
4.969235023003647e+01
8.407307038273339e+01
2.501266772160897e+01
4.450721947686151e+01
6.297409113635034e+01
2.084671003783434e+01
9.945497917917324e+01
8.016285425059631e+01
1.926293024758944e+01
1.877996247204950e+01
1.786556859401314e+01
3.727556235961409e+01
7.068895188657984e+01
6.485572302008779e+01
2.600955633726416e+01
6.479036093912570e+01
2.921566410419329e+01
4.047531464159270e+01
8.641619728245595e+01
1.638822519052226e+01
9.684914084935986e+01
1.957465159686965e+01
1.946533844781357e+01
5.413391145604379e+01
5.717698766718479e+01
1.423171717404933e+01
5.455639355562460e+00
6.608128606624962e+01
1.091490495526926e+01
9.854737156934448e+01
7.974182003165680e+01
2.650814998266667e+01
7.120693762377228e+01
3.998473158105497e+01
7.800317410286664e+01
5.071412341236795e+01
1.200658460706779e+01
2.768230998315025e+00
9.135247859701164e+01
6.880600311272126e+01
8.765123281052858e+01
3.404113339914062e+01
6.081565425769223e+00
4.910943459212288e+01
3.512577304389596e+01
2.778492478084980e+01
9.082741937172945e+01
1.961839013715200e+01
3.869342517046883e+01
1.842015237473890e+01
3.600661532767425e+01
8.709585731248178e+01
5.177625406150531e+01
5.547195377548781e+01
9.807346812359684e+01
7.807791851371429e+01
6.970367094953716e+01
9.796786229031527e+01
1.236145618015968e+01
1.408863533944294e+01
6.532071384849060e+01
2.001849330031243e+01
4.059678532210960e+01
8.644624589311249e+01
3.013409433426992e+01
2.588946806541153e+01
2.151548276725946e+01
1.579340501492536e+00
1.438038573338668e+01
1.286796131770497e+01
8.562326812447201e+01
7.545109995428990e+01
2.245345335567997e+01
5.842201507576835e+00
7.745324861139676e+01
5.757922639957593e+01
9.253319785582516e+01
1.012257747823493e+01
7.719761653672793e+01
6.079343727826767e+01
2.854272989953995e+01
3.833306857307119e+01
1.861947542923478e+01
4.151151396404556e+01
5.968851505764226e+01
8.295952811975010e+00
1.853910140625159e+01
3.837985658942715e+01
6.263815102290277e+00
2.401874182932951e+01
5.246849192887009e+01
6.837414026650328e+01
5.012823503936093e+00
9.306527725097969e+01
4.865924760171178e+01
9.210016084467068e+01
4.677431939485218e+00
8.842223574799590e+01
5.110904129739341e+01
1.905781771943803e+01
1.308344272574570e+01
6.406484491381089e+01
4.379294349057272e+00
3.553689612799180e+01
7.883021891062624e+01
8.081468151920228e+00
9.311612252756773e+01
8.491523819273115e+01
1.535138441964583e+01
3.062848650413961e+01
6.799214764870337e+01
7.019826693935239e+01
8.351797092869784e+01
8.661162307793816e+01
4.205957704319599e+01
7.910924087237066e+01
9.490757588991316e+01
5.586185439297084e+01
7.178822856945369e+01
7.095623676243994e+01
1.354939351489273e+01
3.965759917146415e+01
6.315523575206997e+01
9.976312802162167e+01
3.610778219816637e+01
4.824552989948798e+01
1.088505648583409e+01
4.078521418421772e+01
8.030412186882650e+01
8.554279011932331e+01
5.984303190365575e+01
8.852026555152622e+01
4.960763498656807e+01
7.470562428920792e+01
5.674262468551407e+01
6.831381147183190e+00
9.788734591467649e+01
9.019747268883394e+01
7.505462708652701e+01
6.651378146676057e+00
9.848449802886904e+01
4.304677468866425e+01
6.283816712109287e+01
8.993367519692224e+01
2.965839772003628e+01
5.109645661483354e+01
9.622333911071686e+01
6.098311704629246e+01
3.406217300056581e+01
8.679735222216573e+01
2.573736455558677e+01
7.494634872998407e+01
2.990190229839734e+01
7.092455782504965e+01
7.470947670503961e+01
1.644842648713310e+01
5.390640867590272e+01
4.134725189830515e+01
4.487119524035193e+00
9.198943697474405e+01
2.987931213801695e+01
7.481344946418585e+01
5.353389096145234e+01
6.035132811421124e+01
4.432225164227292e+01
6.797076653128991e+01
7.912407586310249e+01
6.057240956489575e+00
7.354614612345870e+01
2.246120470690597e+01
7.036050053795823e+01
1.323925424983690e+00
3.345783112266000e+01
3.319866761248497e+01
7.515986150836565e+01
5.036299654765194e+01
8.429512422731851e+01
4.157644707782960e+01
6.418835239679942e+01
8.323856279404767e+01
2.837379925342919e+01
8.992571695238618e+01
3.569602432460339e+01
1.631562342695688e+01
3.838005687034692e+01
8.496298137352009e+01
7.506758001403306e+01
2.873703834076274e+01
1.689442112897263e+01
3.089414938860300e+01
9.263713000930713e+01
3.059399222517106e+00
9.747003484399525e+01
9.667024426007190e+01
5.374492893635525e+00
6.158369260913864e+01
2.487560735311154e+01
9.819050379944522e+01
8.120906915571963e+00
6.568832111809790e+01
6.415427874967189e+01
7.848140745353020e+01
6.701224654308159e+01
6.295119540903308e+01
1.168007506601516e+01
1.236535451019432e+01
6.780596373966242e+01
7.837530308327419e+01
5.394180158802392e+01
1.061452413472092e+00
3.128235523183008e+01
8.231560088801925e+01
6.785470799908727e+01
4.153585990031057e+01
9.375397530093508e+01
4.779252947670991e+01
2.649884122726453e+01
6.469055314766734e+01
8.180035905996354e+01
8.786747184948412e+01
6.376919465315025e+01
9.596885796448629e+01
8.168589048166103e+01
8.088917586993854e+01
7.678720055929720e+01
5.433759840872958e+01
4.690653520957871e+01
1.662807865842622e+00
8.429745565368675e+01
5.502744212515067e+01
6.735112898394053e+01
1.506937384375807e+01
3.350884957868087e+01
5.785654744033540e+01
2.256999417327810e+01
4.518892464469603e+01
4.600150349829416e+01
1.832173774872056e+01
3.369111215401958e+01
3.330885206037613e+01
7.884216908311572e+01
7.244647912329366e+01
4.828499599745729e+01
1.991135967891261e+01
1.398233897703809e+01
2.351538973092818e+01
3.515765249503667e+01
4.048118025086875e+01
9.650223087356530e+01
1.695801150843408e+01
4.384967239752862e+01
8.379064536829975e+01
4.571435923954209e+01
2.016587183818495e-01
1.338092508417597e+01
6.713862534013512e+00
8.911414183169330e+01
8.349201007908769e+01
9.793485426247813e+01
7.765003548825628e+01
1.919657365381558e+01
6.528598324641864e+01
2.001123201102541e+01
7.609803852443491e+01
7.921135033444099e+01
6.123861640749435e+01
3.141384759518032e+01
4.637808871752493e+01
7.889185900748328e+01
9.458554493942556e+00
5.852170584654515e+01
7.703416919197615e+01
6.040993768740908e+01
3.003475271632651e+01
7.522581465320000e+01
5.347761681930982e+01
2.133730697507844e+01
4.570614590575273e+01
9.459817320788193e+00
4.175608527928409e+01
4.457758522805646e+01
4.406702469292424e+01
2.554673060101770e+01
9.392733596913858e+01
4.426868341130609e+01
5.054278683408293e+01
4.309837079751230e+01
6.586427947779386e+01
2.614403102833034e+01
4.103322501342428e+01
4.351431491948399e+01
3.514680561383572e+01
9.815720990214368e+01
5.423715722478794e+01
1.721160049420390e+01
5.968566940151419e+00
6.568268140111243e+01
3.437632575369269e+01
2.581413976187545e+00
9.503612778849720e+01
7.332999271961394e+01
9.939527595387551e+01
3.770602323939373e+01
9.059331384049418e+01
3.352101595770615e+01
6.901582580479599e+01
2.948780596698066e+01
8.298017107089059e+01
2.331530499426430e+01
2.671828755490402e+01
2.473625630360853e+01
9.126790104958596e+01
9.910608706954220e+01
5.028298690462623e+01
9.748310805181187e+01
4.337477043428215e+01
6.172539902000008e+01
7.856565251879657e+01
7.490549593926663e+01
7.767563098002022e+01
4.978780050286455e+01
6.191364632077219e+01
8.374252216133407e+01
8.793391207602524e+01
1.097174315292935e+00
9.541226089718391e-01
2.531357054846062e+01
2.477814817092295e+00
9.725908310956279e+01
4.624913462728688e+01
1.135439607843496e+01
4.897284998976292e+01
4.564441053459626e+01
4.906041931782868e+01
5.745196834087929e+01
2.251912030508701e+01
3.887069511174722e+01
2.287838576495572e+01
9.326696921757747e+01
8.556101093327673e+01
9.993558339771609e+01
3.809731869869741e+01
7.682891193629658e+01
6.775821050058966e+00
8.558051045312570e+01
4.858394826230777e+01
2.039830559883188e+01
8.574895345873617e+01
7.402893261705941e+01
9.530380153809851e+01
2.498154036001374e+01
5.564363643324172e+01
3.574218397761797e+01
3.780397690730354e+01
4.357754850926695e+01
1.692759279018622e+01
3.004010656384756e+01
9.469935963614815e+01
4.117655066828083e+01
3.935764256834874e+01
6.863741361006974e+01
5.253094674671579e+01
3.903978063680221e+01
2.937357264076060e+01
8.731547919442667e+01
6.727101638320416e+01
8.846472654885832e+01
6.358362327496690e+01
9.014940219472601e+01
2.627809128085062e+01
4.889118543308749e+01
6.806685028973355e+01
4.529348846771451e+01
9.122983128355342e+01
4.526592765248657e+01
7.836734181193977e+01
1.830298496331227e+01
5.236413662897615e+01
6.411629527067592e+01
5.750982712838325e+01
4.898354455315673e+01
2.868437982568721e+01
8.772003794448452e+01
3.409201318123006e+01
7.826336169534520e+01
4.042253375073081e+01
8.488708086539390e+00
2.373117116453646e+01
8.116496283615238e+01
4.966525875482021e+01
5.116730246281591e+01
1.276229210792216e+01
3.270270644347310e+01
7.201405245438872e-03
4.213586474868276e+01
3.787571566080475e+00
1.601612396352744e+01
4.658387654767552e+01
6.737119484104738e+01
8.246815757940902e+01
5.548950189514527e+01
1.626238022756874e+01
5.053500782257645e+01
9.646204854196965e+01
4.652764212644084e+01
8.599867438245504e+01
6.463398354343791e+01
1.942089638645803e+01
8.219069153172461e+01
9.686362403298897e+01
4.277668704408067e+01
2.190657682805628e+01
2.554800381211005e+01
5.972836798044311e+01
4.619262397577643e+01
9.883457440828653e+01
2.040647958424244e+01
7.883615408969864e+01
2.880270617492623e+01
8.031460050508129e+01
1.727556810587438e+01
7.997000863774214e+01
3.916023519782360e+01
1.634876235218195e+01
4.260554525191223e+01
4.659812955493020e+01
2.013633391826243e+01
3.339926303988288e+01
4.644777953924974e+00
5.592603159878684e+01
9.609901346084617e+01
9.088313243858663e+01
7.338492249761937e+00
2.870265693809029e+01
4.526311938895989e+01
5.279157271273041e+01
2.596506160961700e+01
1.585668130584838e+01
3.805843267499397e+01
9.689202285226995e+01
8.430411265432095e+01
3.606153067017976e+01
8.985722721082029e+00
9.840358844883907e+00
9.578989869718902e+01
1.556343353146847e+01
1.340784216924004e+01
5.679837798550650e+01
2.947161077962798e+01
9.291737228302162e+01
2.738596961246150e+01
1.432289630841599e+01
1.173778107005068e+01
3.282216677107949e+01
5.997292998245588e+01
7.593681541082302e+01
5.567561949401890e+01
8.010926390071830e+01
1.409203168660963e+01
3.747225335681450e+01
6.967408567186169e+01
4.652998631192836e+01
2.835538574883499e+01
8.355166231447443e+01
2.423636057611386e+01
7.361850513779488e+01
7.627452191723255e+01
1.148897857008920e+01
5.162895328906782e+01
8.882952699848894e+01
3.728056812532273e+01
6.410178638254376e+01
2.916407274509039e+01
4.626629084640476e+01
2.173126960253868e+01
2.560534799732517e+01
4.300652073836257e+01
2.989016768051785e+01
7.950603709533161e+01
5.556199022362102e+01
2.805648405480035e+01
6.892006661226977e+00
6.988488653203700e+01
4.999829300213526e+01
6.250354436342770e+01
1.764617758693461e+01
4.169346147295715e+01
8.303048833414469e+01
5.517196392415649e+01
5.679782552495497e+01
2.050274169095919e+01
5.733340869533522e+01
8.180117312902640e+01
4.885812743979419e+01
6.343206999051947e+01
5.703381633247893e+01
8.699578814534274e+01
3.970659186118589e+01
7.257775663052581e+01
4.526471753849868e+01
8.269654837562543e+01
2.103875182617397e+01
6.086112468543515e-01
7.693459972596476e+01
6.972305479912229e+01
6.933777382100828e+01
7.132791144369538e+01
1.955065411494610e+00
8.776562967699283e+01
7.991907190527724e+01
8.097433349163008e+00
1.582211368522705e+01
9.576731137734247e+01
2.740194216715263e+01
9.247754173934345e+01
7.416237684626243e+01
3.676312725840283e+01
1.234743255765523e+01
1.261819378129123e+01
6.119170308168591e+01
7.788560082106180e+01
1.717927442732233e+01
9.238954474795122e+01
8.501204698579947e+01
7.551353763580020e+01
3.618205955074264e+01
8.645360883625858e+01
2.933859826500462e+00
3.074566872359518e+01
7.996613796798798e+01
7.209575603348006e+01
9.666556375877261e+01
6.721518797204605e+01
7.270436728033441e+01
7.360016343817122e+01
4.594907818639143e+01
2.380799037581682e-01
3.852449899470643e+01
4.966781826208710e+01
4.101471744525001e+01
7.184473577507062e+01
2.142173062144859e+01
7.674378071760003e+01
6.761204715241308e+01
6.149207491497140e+01
3.623114490706062e+01
9.073422732331521e+01
5.062867316912332e+01
5.185011399530345e+01
3.932264910047997e+01
1.182037620424311e+01
3.520452102422924e+01
5.650192352780230e+01
9.544641640756578e+01
8.748959195217564e+01
9.240882848035955e+01
8.172658913849229e+01
2.322227141038621e+01
9.704601382699144e+01
6.237414468190360e+01
7.364600388037321e+00
6.914176986047150e+01
7.651294948370800e+01
9.132160809418262e-01
4.184613709423977e+01
4.370953708128516e+01
4.686229431389938e+01
4.208421699799793e+01
9.133748062482918e+01
6.018659153961884e+01
9.974617725226385e+01
6.318221639989978e+01
8.160832216106742e+01
7.648995796986388e+01
6.023429700184349e+01
1.757890485114367e+01
3.343317649952750e+01
2.591391630746141e+01
7.405922509453224e+01
9.756139437554468e+01
1.841538661085785e+01
5.345561450973880e+00
2.595661768035806e+01
4.678978442530604e+01
2.298036516782845e+01
7.047942516881946e+00
4.101353620226194e+01
4.706954259754603e+00
9.114043116156964e+01
3.805955002925337e+01
6.656513375535846e+01
7.799150230269484e+01
7.201319843158741e+00
7.757716280295381e+01
5.257129061621208e+01
8.693915241721047e+01
8.678762032035162e+01
6.595288322584372e+01
8.628963548051642e+01
6.902165634977709e+01
2.527517100110425e+01
1.646163734442630e+01
4.046490930042459e+01
9.040351160355075e+01
6.736780911095805e+01
5.587364102521614e+01
9.535724799863866e+01
5.729004398793450e+01
9.278766363523326e+01
3.337601797346771e+01
4.804214064406331e+01
1.120305019952499e+01
9.129893546518821e+01
6.002256854438343e+01
5.316074278818478e+01
1.427930058645052e+01
6.941880894332138e+00
9.417427903701285e+01
3.221269502873192e+01
9.808231205590177e+01
5.228347519984631e+00
6.179553156802222e+01
5.324673887959063e+00
9.918869524225066e+00
3.627363752400206e+01
3.453897220759604e+00
8.848260580025735e+01
2.531790664667166e+01
2.797206376119147e+01
7.961427973565380e+01
2.600599593762588e+00
8.910519484854545e+01
4.194729670041581e+01
4.306550889418717e+01
5.544948734131152e+01
9.783162739958224e-01
8.078881608358995e+01
6.067467334711676e+01
6.824656858492949e-01
9.674859745276561e+01
7.609898204733571e+01
6.157951320595085e+01
7.106320777491815e+01
6.739791746595778e+01
6.774241899500714e+01
6.769254825436163e+01
8.167721805240829e+01
6.823976317804295e+01
6.565041726718211e+01
1.120894072167992e+01
9.557293480987332e+01
2.000007169321183e+01
6.245900442006952e+01
1.383926794577356e+01
3.731939510317491e+01
1.506740879969085e+00
1.729316516653316e+01
2.119794037248843e+01
2.122365018409847e+01
7.075175739394118e+01
4.668359972847793e+01
9.096735892396764e+01
2.803931656667931e+01
7.590841151583400e+01
3.487739089637873e+01
5.307811687378125e+01
1.376835150353999e+01
8.714039562602545e+01
7.347416513295573e+01
7.284857089298245e+01
9.873015093558010e+01
8.946770326675274e+01
6.659223151700211e+01
4.945213540897338e+01
9.963177754526575e+01
3.433465046544310e+01
8.404427463377093e+01
5.507195156769452e+01
5.023593197122027e+01
4.969469190095304e+01
1.516054124346028e+01
6.376370334241712e+01
3.331159932227414e+01
4.594020128526735e+00
7.760297128819069e+01
8.489833329101015e+01
2.270238097882940e+01
7.683997651414944e+01
1.110162162738928e+01
2.895838112056180e+01
1.957873782123380e+01
1.611661474039621e+01
3.506825647087221e+01
4.952987658303691e-02
9.202502630279633e+01
5.241790528056114e+01
3.873626936168236e+01
5.793377759770200e+00
8.309972825604478e+01
2.247474078204238e+01
6.717601240015402e+01
3.381104172850542e+01
9.036635267099662e+01
3.376824387059000e+01
5.413536394673184e+01
7.218797182300499e+00
3.157812540027226e+01
3.042345267274577e+01
6.496700214453368e+01
8.181405737149252e+01
8.011814457369883e+01
6.399904757924334e+01
4.557776066734351e+01
2.769708271496793e+01
4.424936219316412e+01
7.822676658547798e+01
1.259541595941196e+01
6.695174317199353e+01
1.807686836369190e+01
7.206091050620233e+01
9.828738695862116e+01
1.268557897428310e+01
2.984613181550341e+01
9.640592089686818e+01
6.030718533336520e+01
5.481784071531978e+01
3.770319281038977e-01
7.367494542788478e+01
3.723076886368485e+01
8.838212699088366e+01
6.804516262749451e+01
1.632129462264539e+01
2.219316867282296e+01
2.729749648240279e+01
4.519180350247389e+00
6.857234675836393e+01
7.373322270518786e+01
3.609730579708577e+01
9.899579947767585e+01
9.300653068023107e+01
7.121147819385467e+01
7.911394400480852e+01
2.286197576805110e+01
3.139184146718674e+01
6.811026673210331e+00
6.711133796121523e+01
8.666985574488987e+01
1.940644263262229e+01
3.406308108664261e+01
4.746724062015640e+00
3.246430700293942e+01
2.611126463213529e+01
7.737093008000913e+01
8.211455763416112e+01
4.727273147891869e+01
7.224577836331250e+01
1.355194869150964e+01
5.691968116765827e+01
1.279466227292766e+01
5.078271760176063e+01
5.026749267720966e+01
4.207040990799219e+01
4.038617463800412e+01
1.323945890797277e+01
6.936790639039498e+01
6.303342551134220e+01
1.967629046164280e+00
5.811121648089551e+01
9.913073130842798e+01
2.972985842718271e+01
3.367495864335213e+00
7.808724347412922e+01
5.335394342120455e+01
2.622947163238631e+01
1.071518175802900e+01
6.016497014098101e+01
9.334080959360152e+01
2.033378981069373e+01
2.685391196368910e+01
2.740389063367801e+01
7.194779807326746e+01
2.227360551351384e+01
7.827070121572851e+01
6.239007099642887e+01
5.307242137057353e+00
2.554343264808107e+01
3.266506261782025e+01
8.022683992992474e+01
2.693880834939834e+01
5.089939476498374e+01
4.291719898717347e+00
6.118674811962375e+00
6.704948054023528e+01
2.723707450890777e+01
9.173470269503756e+01
5.142747426937683e+01
9.027050006681611e+01
9.370233174120185e+01
