6.715039618646279e+01
2.613946237887231e+01
1.036325973009842e+01
6.065643781826665e+01
5.870520912981835e+01
3.169050455637765e+01
3.921456473842942e+01
7.624791859474401e+01
2.359788023102930e+01
8.424094076465859e+01
4.245470587278470e+01
4.828399319587461e+01
3.173104256006472e+01
2.704558983773254e+01
1.160769118536622e+01
1.790409163474296e+00
7.670932164262483e+01
7.723104249557063e+01
5.238349877874530e+00
2.282435895075293e+01
7.432368270788513e+01
3.832897904251189e+01
2.068226072969021e+01
1.982156025237477e+01
4.119075212683098e+01
2.756794748248902e+01
2.921755995099319e+01
5.844827231878800e+00
7.920375390872533e+01
6.388792398566749e+00
1.903150184966228e+00
9.106944403195261e+01
3.252825482400519e+01
2.470571427825173e+01
8.274074349680018e+01
1.360252542123316e+01
6.860100667392882e-01
9.902683258942646e+01
5.940458972910633e+01
8.780340481912875e+00
1.878182684014636e+00
4.193848173224296e+01
6.550189213152132e+01
4.821954357820542e+01
7.750602791901026e+01
9.823416969656674e+01
5.662272980279416e+01
6.686578899010354e+01
8.381395283332745e+01
6.186107968066869e+01
8.323545362019699e+01
8.585225189377192e+01
7.754894852524109e+01
7.300920857722369e+01
6.661443368839772e+01
3.469039841307811e+01
4.675571110414142e+00
9.428791370908168e+01
6.954503393245164e+01
4.580364615926689e+01
7.222781473408817e+01
2.552246294241513e+01
9.008121322378572e+01
3.768184866648254e+01
3.052532907134170e+01
3.948009560791780e+01
8.734476742676681e+01
1.163734584657352e+01
9.393150978439093e+01
7.719521139617787e+01
3.405769720396851e+01
7.252693156363765e+01
8.304220837682588e+01
5.455774755895033e+01
3.886689019336686e+01
8.178354207509362e+01
1.333626052985725e+01
5.014729544061576e+01
1.697276766270994e+00
8.160662002936314e+01
4.184246954593922e+01
8.160433796309137e+01
4.989463768428873e+01
8.874777154473018e+01
1.041788235791860e+01
6.604716166204176e+01
4.684697140327048e+01
1.041673971825128e+01
4.897569960401193e+01
8.658902947166423e+01
9.619659613640820e+01
3.448408801783066e+01
1.103897206999314e+00
4.273035300091392e+01
4.745705521081437e+00
8.595866788456155e+01
7.180257889991746e+01
2.239693339094377e+01
1.123602456005105e+01
1.673448105190624e+01
8.756852093505138e+01
9.870133153102422e+01
6.154378110614781e+01
1.872583786897633e+01
1.548400051681511e+01
5.011881210381109e+01
6.708916889833714e+01
8.452762439126505e+01
5.364870827349309e+01
2.094298145777685e+01
1.397294877747677e+01
9.740753495013692e+01
4.559754857122784e+01
1.134574791013531e+01
8.169540594410869e+01
1.652912363248371e+01
9.497308875200017e+01
5.050963333365956e+01
1.177716381464953e+01
8.178712515243662e+01
1.436899537889706e+01
2.692437047461251e+01
8.738488833763864e+01
2.734455444260712e+01
9.267722596073395e+01
4.287616319157004e+01
7.069424943565123e+01
8.322717122883870e+01
2.781749140835250e+01
7.898407321375984e+01
8.660600897232349e+01
4.262904526788232e+01
1.154795820431223e+01
3.079791657198123e+01
7.956342370229001e+01
2.364890231920821e+00
4.864014109998948e+01
8.782600610881393e+01
6.518082789386662e+00
4.907833521677104e+01
3.921576456130285e+01
2.853672785150666e+01
6.538335302164003e+01
8.927662115976057e+00
3.988247576164197e+01
3.520265102163081e+01
6.732846417805574e+01
1.493898188459639e+01
1.787111475964594e+01
2.094451120167249e+01
3.558322332593762e+01
8.999013164545882e+01
7.844391268605548e+01
3.743193728729707e+01
1.878505852948178e+01
5.829719596463126e+01
6.385810462006280e+01
3.989773836913413e+01
8.691133735091954e+01
3.755322705840376e+01
2.917000145147089e+01
7.177167491604186e+01
9.820652198894253e+01
3.859668063865820e+01
6.117159675861318e+01
2.446094435847408e+00
1.606755024570392e+01
5.491688193516661e+01
3.372623298025049e+01
4.747965365996568e+01
7.576718929957933e+00
3.874807597079690e+01
9.429736779737163e+01
7.345932515964812e+01
1.383720432121177e-01
1.426326097653399e+01
7.189531208569898e+01
8.723854552360184e+01
2.920224286113039e+01
5.303291904415606e+01
6.583999081786722e+01
5.888492383942238e+01
8.362098642793529e+01
3.166874359905196e+01
5.793962984249909e+01
2.567796037796790e+01
2.535532937634519e+01
9.104551779620607e+01
9.470627181916790e+01
7.701843715134004e+01
3.459850760856574e+01
9.375871200755178e+01
3.756306405997046e+01
8.014234159148407e+01
4.541340700602783e+01
3.707493782838571e+01
5.198451459965879e+01
4.996701467315062e+01
6.249361651134380e+01
1.679894897006403e+01
5.820571144959224e+01
2.620541827110826e+01
8.042792299782295e+01
8.885220358560430e+01
4.295460839893418e+01
6.989417321509410e+00
6.189018458215993e+01
5.689460321184928e-01
9.522900418156246e+01
8.797072725741693e+01
3.149178471951363e+01
5.707091812839309e+01
7.658936356966819e+01
4.283953539228045e+01
1.716548908369871e+01
6.535479569125678e+01
6.208867051735925e+01
9.928310220096405e+01
6.592141700252957e+00
2.667738102687401e+01
1.734434930484013e+01
5.212772090552734e+01
2.975369409180884e+01
2.674208964535132e+01
9.144348091978742e+01
1.123985075915225e+01
6.235545368974817e+01
3.729571445719139e+01
2.353526666925069e+01
3.463920677762442e+01
3.489673032187704e+01
7.295335637077380e+01
4.411340539535200e+01
5.770042462167350e+01
9.143533105563155e+01
9.274643580091485e+01
8.286052326804982e+01
5.272610897790925e+01
7.901927553071607e+00
7.014536371927026e+01
3.558031615595348e+01
6.124861308431654e+00
6.310857891249870e+01
1.637506834993841e+01
7.567282364502215e+01
8.165951570573240e+01
4.782713695793745e+01
8.763789994997806e+01
2.556578182874517e+01
7.881643049363812e+01
1.449796753679307e+01
8.910547913476150e+01
2.031330830432163e+01
4.016798787758126e+01
7.472813426271459e+01
2.700116318976561e+01
5.079370301719462e+01
4.065377737425909e+01
7.388291809423031e+01
1.951410305663669e+01
9.207987999174738e+01
4.582071492719497e+00
7.470358492559920e+00
5.183062844529312e+01
5.639325587842300e+01
4.032489575460781e+01
1.562486608308967e+01
3.130961541613080e+01
6.011638551024552e+01
5.509116633566617e+01
6.203955517245436e+01
5.260055631054591e+01
1.363396235445233e+01
6.717596681191398e+01
5.296013911858207e+01
5.293394529862979e+01
5.528479169834628e+01
2.697666270051927e+01
7.568256839908780e+00
8.513488731586136e+01
2.074445771088100e+01
7.597921913302467e+01
8.549011931078979e+01
6.600793156121296e+01
7.560127371717303e+01
9.306846679796858e+01
6.805892925153437e+01
7.008125268392324e+01
6.809363866601774e+01
6.274497451388509e+01
6.233009428825700e+01
7.054437285780179e+01
8.603047522997041e+01
8.856934438858617e+01
9.029886978226661e+01
6.525766386895332e+00
8.296234141241868e+01
8.345997803074306e+00
4.361749130469630e+01
6.487636308412830e+01
8.878083121440412e+01
5.657046430584531e+00
7.681453180351041e+01
6.845405090993924e+01
7.995163871904445e+01
8.624228652857352e+01
7.366187710951169e+01
6.666416817655050e+01
7.439242460503822e+01
7.012728255713697e+01
1.314753308573157e+01
7.519630606993861e+01
2.230044590416385e+01
7.847783387567748e+01
2.514060704276925e+01
6.788966784621108e+01
7.010697655850416e+01
6.681660924424260e+01
4.062619476608289e+01
6.411054458660564e+01
2.557284404783177e+01
3.794414048918716e+01
9.568605874464198e+01
5.695088256939821e+01
2.248994723078327e+01
6.947947930054715e+01
7.178588401143713e+00
5.198483441583106e+01
9.129077088613565e+01
8.474244120751622e+01
3.714208800212577e+01
3.154725419895130e+01
9.432811368924013e+01
7.617070161559187e+01
8.844165387025180e+01
9.149506226717264e+01
8.416203087389563e+01
1.379415407487850e+01
7.307052275774559e+01
4.941695744610250e+00
9.502893956146620e+01
3.132452654248315e+01
8.314087264386046e+01
9.846504786911655e+01
3.734548861968587e+01
8.281479640063587e+00
6.578362228618172e+01
2.186574750666774e+01
1.318433941955880e+01
9.799334062169928e+01
8.181183737787038e+01
4.094477861232347e+01
8.161611621343350e+01
1.961936932970740e+01
4.468046959707535e+01
7.978538655665955e+01
5.235440151409917e+01
8.714419840236390e+01
9.568514618821682e+01
2.661896204884115e+01
1.510997946146409e+01
4.952817892168098e+01
8.168399752196110e+01
3.992683931250443e+01
9.538194467098543e+01
1.521483870000338e+01
3.387351447431068e+01
2.449117415793760e+01
2.931996208118273e+01
1.485999488032423e+01
3.912163252901362e+01
5.384893601473837e+01
1.668142015891216e+01
1.843054756449095e+01
3.921765756756890e+01
4.465419521772032e+01
3.977278696362524e+01
4.786324237839470e+01
3.285489791671508e+01
3.461876406083757e+01
6.571334906188461e+01
2.613809058728539e+01
6.420169322015796e+01
5.214391958533970e+01
6.430449479459995e+00
2.930744752721277e+01
2.378907661130143e+01
9.889898081258823e+01
6.078625878355757e+01
6.001994654537176e+01
8.843957785909976e+01
8.936151749890368e+01
9.213213300897372e+00
5.320731175747109e+01
2.566852608028265e+01
5.182810935742599e+01
7.967416922546651e+01
4.646158816593773e+01
9.627386452456651e+01
4.937982780364334e+01
5.607824626196094e+01
3.842639985421039e+01
3.575162786792574e+01
6.398947954363631e+01
9.127131667512995e+01
1.043223185019206e+01
4.954075424444897e+01
1.892662472972955e+01
8.670477326340264e+01
3.833686399196129e+01
7.492257662812368e+01
4.430166973932724e+01
7.766962800066435e+01
8.036868277954342e+00
6.444990661202461e+01
8.952451804165007e+01
7.324911936803215e+00
7.090189078399068e+01
8.216979814794371e+01
9.429807518343351e+01
8.690981841036576e+01
1.262108926317705e+01
1.257217424575806e+01
7.486317245050481e+01
6.799751299805823e+01
7.265518213280252e+01
4.282425285448518e+01
6.988643932616638e+01
9.552428610414466e+01
1.038768031186782e+01
1.732812063644087e+01
5.576225931558864e-01
8.380338972611511e+01
5.057482549481784e+01
4.675486686022713e+01
3.897319121238458e+01
2.971599704107084e+01
6.490667227884134e+01
2.264448815148533e+01
8.295162710498629e+01
6.448700933926134e+00
2.225108021975080e+01
1.781791249188498e+01
1.080861841831758e+01
8.421600879366324e+01
5.474733130761764e+01
3.131374168736569e+01
5.787083332327699e+01
8.650573384319699e+01
9.347507129119479e+01
6.715814725829202e+01
6.465321619280297e+01
5.063600775349699e+01
2.046056996121098e+01
1.929374040071561e+01
7.714655351692184e+01
9.265677537427133e+01
9.904440771743862e+01
7.961990175751033e+01
1.540378682101322e+01
1.976198657404724e+00
6.709778824220308e+01
3.409286897354427e+01
8.006042259748114e+01
1.523215850593157e+01
2.493202538459191e+01
1.233555828795562e+01
2.296854836073171e+00
9.787202733469755e+01
4.041386411544581e+01
1.516137193663110e+01
6.691045251996744e+01
3.440857587121827e+01
7.227399832209292e+01
6.405406494813694e+01
4.742092497061050e+01
7.140833790013956e+01
9.751307167928344e+01
7.553700864107209e+01
3.835579596383301e+01
4.116837812642026e+01
1.678313813953806e+01
9.667416610600155e+01
9.705749438007246e+00
9.629045524461681e+01
1.005068445114916e+01
7.360740502998577e+01
4.071720616925378e+01
4.242454471179496e+00
9.218090930589517e+01
5.438625680021302e+01
6.856621395264109e+01
8.934278729806783e+01
3.244851037508273e+01
3.578069835704784e+01
5.950821426674175e+00
2.000214169733326e+01
2.790593748349042e+01
6.530678219409045e+01
1.679009106792048e+01
3.632113106377475e+01
5.604355621898712e+01
8.250345572945823e+00
9.952617171198416e+01
9.505124655321764e+01
8.774805678415487e+01
6.145599794641882e+01
6.131019329713201e+01
2.082237076052575e+01
1.310469196788254e+01
3.859449808420357e+01
8.338029984542182e+01
9.631667104378188e+00
3.057811424628743e+01
3.062470412376556e+01
7.113349129032972e+01
1.343557676926049e+01
5.884955146296394e+01
5.639477039519454e+01
1.043953742386752e+01
8.466179565743627e+01
1.731688576625515e+01
2.503733929481233e+01
9.406382771863781e+01
7.912842281122153e+00
4.795496791971613e+01
1.654899447064334e+00
4.951682875376047e-01
3.249765598797130e+01
8.130296905585703e+01
1.888219417020781e+01
6.214576445619844e+01
2.200614522304672e+00
6.473181651194199e+01
1.959841731917039e+01
3.464709554549637e+01
9.165416420048761e+01
9.678462962470233e+01
4.685493747091616e+00
9.389813011228020e+01
9.541339091743035e+01
6.367396137848216e+01
2.089993144427423e+01
1.082529034969643e+01
7.073952866286949e+00
9.369087628726422e+01
1.383271828006614e+01
1.397772310952550e+01
2.931109072142797e+01
6.866982377537984e+01
7.238875570352596e+01
7.457856371746331e+00
7.447730292308950e+01
8.557560531682130e+00
6.408738906685607e+00
2.368766466327369e+01
5.804579875340955e+01
5.102130144416414e+01
4.024271277722097e+01
2.625439224124625e+01
5.762579574139127e+01
9.119106260649443e+01
1.602697713115577e+01
9.406150392911466e+01
8.259365390175658e+01
8.934399135845899e+01
6.171137223099888e+01
3.882856179905523e+01
2.082379614972686e+01
7.492164879800829e+01
6.226212254830735e+00
9.645043304024750e+01
1.035555876342373e+01
3.825667194940926e+01
3.100979776634360e+01
4.264789640095453e+01
8.718211207873287e+00
2.877929212002982e+01
2.898342317388553e+01
3.802930192930125e+01
1.505225734554802e+01
6.742200286473241e+01
5.829208603049260e+01
1.151006096578672e+01
1.351523358072864e+01
3.591298318277718e+01
7.602104278096047e+01
6.735881672583466e+01
7.858729431339879e+01
4.338088205241639e+01
5.316447743827686e+01
3.583751094333712e+01
5.422829019568315e+01
4.234958139357603e+01
1.077277698124423e+01
4.245066872912025e+01
9.112624763097905e+01
6.596694214547377e+01
7.225930386793767e+01
9.713385514781524e+01
7.834476073195448e+01
4.374164605687449e+01
8.438239273819252e+01
6.910134687512245e+01
6.233011822324718e+01
3.510044181491268e+01
6.810879445081055e+01
8.314713820961637e+01
3.926606696996189e+01
5.720734892282977e+01
1.030076798531262e+01
7.629882505922524e+01
7.736773373436543e+01
8.136935629014362e+00
3.332926315876155e+01
8.929476006389352e+00
7.571799544418137e+01
5.135583707660243e+01
8.046635015889366e+01
6.150777515094158e+01
9.651065361523565e+01
8.480564615912999e+01
4.464044386737069e+01
9.806112861170486e+01
2.203433216644187e+00
8.543114274993127e+01
1.386495214601278e+01
6.334615632116149e+01
1.036223196907073e+01
7.083371461873581e+01
7.577450176504185e+01
3.772573267935111e+00
7.804668884633421e+01
1.446575830432855e+01
2.640892366245804e+01
4.037680702301525e+01
7.709258165075099e+01
6.794583884437840e+01
8.523145657276336e+01
8.087143464054513e+01
4.477999030834995e+01
8.363528274168972e+01
3.457817143508148e+01
4.420006910534579e+01
9.840940283537350e+01
1.432775180522713e+01
8.805638290385546e+01
8.212318559276088e+01
3.182219664185410e+01
7.239561265911702e+01
1.885290733485152e+01
5.340938407620853e+01
3.224907877494073e+01
4.494335853724897e+01
4.414526999189764e+01
4.203894964514252e+01
2.359205778855461e+01
8.409917693776040e+01
3.418683285554258e+01
4.617147075299708e+01
6.292466258766347e+01
3.323085933608509e+00
4.809121691998617e+01
9.533685953139181e+01
8.454066840211892e+01
7.450014062901033e+01
1.185056297660366e+01
5.609874443900713e+01
1.957465159686965e+01
2.496852456823388e+01
5.149289018078376e+01
1.603613631615235e+01
1.524099172802688e+01
3.454068123108739e+01
9.380375104667793e+01
8.595406407767631e+01
5.798873228858632e+01
7.014574951964698e-01
6.053589352431516e+01
9.473604266286644e+01
1.244406579641815e+01
2.881411520243348e+01
8.376709231350901e+01
1.697930619911259e+01
2.588687680004485e+01
3.409382562809336e+00
6.777581747983388e+01
7.097430530515234e-01
8.886814261268272e+01
5.592573329616604e+01
7.872199629373941e+01
6.821707192259704e+01
6.791657524552038e+01
9.771332666171404e+01
3.652842842812111e+01
7.745216799781292e+01
3.153761496373341e+01
7.141365849944468e+01
8.833720329605845e+01
7.094064744698845e+01
6.133625212187705e+01
1.045611855129531e+01
2.122149710600334e+01
6.970367094953716e+01
9.577940478724399e+01
8.543910644270439e+01
4.496738828949974e+01
6.211032516421299e+01
9.776370618388229e+01
6.405933604764721e+01
7.083859004585007e+01
6.604867021834882e+01
2.993884693362697e+01
3.839812848642381e+00
4.214067894133770e+01
2.788814079383767e+01
5.193510416519600e+01
4.776150386210601e+01
2.987860982766310e+01
5.832896351736456e+01
3.079674426968989e+01
1.563890781981820e+01
2.097908720419700e+01
5.331634443873370e+01
9.870026530637418e+01
3.616295221083003e+01
9.335630247060037e+01
2.854272989953995e+01
3.444567939007919e+01
8.397733209839899e+01
2.906219285403480e+01
6.382168236366551e+01
2.465087702714413e+01
2.946193657324739e+01
6.744798313241823e+01
5.837227183318338e+01
3.176111631643079e+01
6.876044458186274e+01
4.994533725545990e+01
4.569898026329417e+01
8.120250798817841e+00
1.838266189134804e+01
3.721874460448453e+01
4.266413708341501e+01
1.841751854793053e+01
6.583397768709528e+01
6.844641294723675e+01
1.971879784004707e+01
2.697344530698538e+01
4.218594196354316e+01
3.966299534759624e+01
4.053175390722777e+01
6.836861268075583e+01
1.145472736631275e+01
6.725054446945458e+01
4.860460471762559e+01
2.696648632500623e+01
5.806933113283912e+00
3.403475276848057e+00
1.541645159731454e+01
2.273140671790177e+01
1.556144678758525e+01
1.099318406125213e+00
7.805293005800476e+01
9.199530384130557e+01
5.217706693903406e+00
5.674446181242562e+01
4.902503869916547e+01
4.450969963544500e+01
6.979252773793067e+00
7.415717899527270e+01
5.262995043426284e+01
5.128953189183470e+00
5.569033876792078e+01
7.279106228276670e+01
2.354647173711400e+01
7.340772863170491e+01
8.019366635949987e+01
2.945520013079755e+01
2.643855364361711e+01
7.673712436889164e+01
4.024132901813896e+01
4.779902880443215e+01
2.670041757016462e+01
1.086004563181663e+01
9.471447239383798e+01
9.958984502572093e+01
5.748414856264561e+01
6.542012322015135e+01
4.022289856347390e+01
1.762500136048766e+01
9.251434523263683e+01
5.109645661483354e+01
2.242068123185107e+01
9.203416565062207e+01
1.326137837640074e+01
8.801726120897442e+01
6.684554278238003e+00
7.393741634392059e+01
9.183681923515947e+01
3.124135347606677e+01
3.999522805213706e+01
6.991914979644081e+01
5.955724094973749e+01
3.076189389953478e+01
2.835144476422642e+01
2.270787634081574e+01
9.062566463399011e+01
6.031005273587539e+00
1.122814184577583e+01
1.723190490958835e+00
4.524014538398019e+01
1.621889822008968e+01
6.676856859902320e+01
5.788066557509855e+01
4.154150934961694e+01
2.246120470690597e+01
8.473662016202537e+01
1.323925424983690e+00
3.301434793184248e+01
4.791428449000897e+01
1.804240705354252e+01
2.552869311791318e+01
4.623486271418392e+01
5.900677887676600e+01
3.196838839536924e+01
3.530715593849642e+01
1.872101799525368e+01
1.181769189975117e+01
9.842311623432819e+01
4.326750735904440e+01
6.186993795534127e-01
2.556579435503380e+01
1.857316741653400e+01
7.200449196249455e+01
8.477017250134152e+01
4.491026785453328e+01
6.706660546691464e+01
1.031021536808005e+01
6.755479097718130e+01
1.636179872619072e+01
1.284580915833163e+01
3.679283183850014e+01
2.018132103615502e+01
4.520410361942095e+01
6.609127356954444e+01
6.568832111809790e+01
6.417521874614769e+01
8.997556105720605e+01
9.388491548313057e+01
4.976683959819695e+01
4.027400665929262e+01
1.236535451019432e+01
9.248215886414151e+01
2.241666415818812e+01
8.286056224389959e+01
2.540221392428606e+01
4.767076454482543e+01
2.512029401265098e+01
2.832342755437057e+01
1.071255943305444e+01
4.820291546555372e+01
5.680019592717299e+01
2.898744029411461e+01
7.883681029958501e+01
3.859703160757061e+01
2.608377231568274e+01
6.334461973204493e+00
4.216957932439148e+01
8.168589048166103e+01
5.475199080759287e+01
2.726763222704997e+01
8.635664004197187e+01
9.511266960534857e+01
9.125458052905955e+01
3.028807157198343e+01
6.120394312832688e+01
5.336413711931749e+01
1.249389812000743e+01
6.242445719541258e+00
4.724905255588193e+01
5.810875681140868e+00
4.518892464469603e+01
7.882985006032040e+01
8.317720092980993e+01
7.465799314652476e+01
2.931954382421428e+01
7.506092450351497e+01
9.125114800001083e+01
1.161352354642634e+01
1.780688106911578e+01
1.398233897703809e+01
2.626190582581884e+01
6.559941054582569e+01
7.704837018486502e+01
1.759631485566325e+01
1.612719097925685e+01
4.994500686877640e+01
8.379064536829975e+01
8.516983589398201e+01
3.561124677565473e+01
9.515599510406889e+01
4.252672709642291e+00
4.077025136946247e+01
6.865489313781956e+01
2.201423902158357e+01
1.258702558120108e+01
3.091491583311694e+01
7.396727636175568e+01
7.808336828746059e+01
1.027550460317894e+01
9.461884591477869e+01
9.891531909765457e+01
5.774741790152500e+01
8.434330694579674e+01
8.345768525426168e+01
6.766356759130190e+01
4.704862029619916e+01
6.229985429081128e+01
5.093451656910335e+01
4.618252233890003e+01
7.631550360299437e+01
5.347761681930982e+01
9.008331675551986e+01
2.981670188243347e+01
2.555125636307116e+01
8.658554762908516e+01
4.219809888964431e+01
4.012189094914211e+01
5.310601804084425e+01
8.640787302814790e+01
8.783173486023756e+01
2.392113209884666e+00
2.669942943691249e+01
7.720017497297384e+01
2.336417516850129e+01
4.471817461062138e+01
9.520992031097873e+01
5.139564073243906e+01
3.835727816371121e+01
9.232339989036480e+01
1.721160049420390e+01
4.789686796623136e+01
6.224819871701682e+01
6.216026645254357e+01
6.151597479428909e+01
5.530698432368551e+01
4.705455854863606e+01
4.590302558890685e+01
1.484084446674252e+01
4.441772985477826e+01
9.982304228461490e+01
4.898484346875215e+01
7.032588635120814e+01
1.750474722008442e+01
5.412395468639394e+01
3.538714062207711e+01
2.855099222089676e+01
7.876208498085015e+01
6.947229167887582e+01
6.101404966833724e+01
1.465078960855063e+01
9.492627084018955e+01
5.267510011451091e+01
5.369904490825675e+01
5.324080598225854e+01
6.381019673487647e+01
4.424766122561305e+01
9.509196425559556e+01
1.282243654728981e+01
3.639267386700617e+01
2.803559556046296e+00
6.788417886378438e+00
2.321197568588516e+01
1.470934879719715e+00
6.894868433892199e+01
4.624913462728688e+01
9.765259926098055e+00
6.053426445486688e+00
4.378431199294716e+00
1.818261887793551e+01
9.720019255634407e+00
7.507443915823215e+01
1.911075199912803e+01
5.995104855855510e+01
1.108414470734268e+01
7.673192549344708e+01
2.135830303717326e+01
2.161357049905396e+01
4.758152977916483e+01
1.361471084580510e+01
1.337664365460008e+01
5.810323690907249e+01
4.224533110030244e+01
1.506978772351043e+01
8.063698032900550e+01
1.093251468191506e+01
4.224469281837562e+00
2.123115459514370e+01
9.428825275706512e+01
7.600440712459590e+01
9.153673559964483e+01
3.554400058255717e-01
4.503296932439923e+01
2.414634093835314e+01
1.826374885545287e+00
3.652591073723785e+00
5.764385622816340e+01
6.456458455164199e+01
5.836060245445026e+01
2.368528471499927e+01
2.515048008651960e+01
5.431810824867250e+01
8.650297219236521e+01
4.860636668680532e+01
2.803167022207364e+01
6.666777905387235e+01
4.515028891393463e+01
5.663431503653261e+01
2.867816273527135e+01
4.871817708421414e+01
4.481277072094976e+01
7.487813121400686e+01
4.187566076492688e+01
2.571158438255619e+01
2.688519317977372e+01
2.339610272245300e+00
2.904529898848631e+01
4.948555619897579e+01
6.877944486624536e+01
5.569444813565092e+01
4.886683684255315e+00
6.457945320968491e+01
3.128145017255165e+01
1.879054695311494e+01
9.785524113003873e+01
4.368999974973966e+01
2.606291427559355e+01
2.338457434595776e+01
7.389782093181172e+00
4.947686332719255e+01
4.616210816715011e+01
1.709542917883742e+01
6.570515794013868e+01
7.001016865019228e+01
6.630181514951485e+01
5.002290371340835e+01
9.086498529224889e+00
5.422324922598118e+01
9.150874912343396e+01
5.437998699693940e+01
3.401013521198655e+01
9.813373349520086e+01
3.610373914060357e+01
4.131233642870203e+01
3.109882894488928e+01
6.929058263510959e+01
6.204908744527449e+01
9.319029361623818e+01
6.408776732351993e+01
4.558574424385360e+01
1.365847592878085e+01
6.066081582599357e-01
5.344714208200907e+01
9.015412162530893e+01
5.464279123332481e+01
6.529606011011454e+01
2.501010318520018e+01
9.390672500892856e+01
3.028900941381650e+01
4.852116934420596e+01
9.172155749598591e+01
2.582398076812922e+01
5.404604741094916e+00
2.930752762095422e+01
8.179663390936173e+01
8.082824790888850e+01
3.719390786122247e+01
5.576606097433998e+01
2.817403256342469e+01
4.752097914345608e+01
6.966544458161361e+00
7.994420192201818e+01
1.470133132054533e+01
7.848281780187172e+01
8.538731964555910e+01
9.929226622883802e+01
6.600756606366838e+01
7.074277529993223e+01
5.549922215542720e+00
6.138164273527528e+01
5.473074310213828e+01
3.537182925984814e+01
8.350402078754455e+01
1.055740300126253e+01
5.972574234927341e+00
1.958984649721060e+00
9.925431897829023e+01
3.060366401011295e+01
8.909922143868134e+01
6.931136202500731e+01
5.997292998245588e+01
8.739697085106604e+01
1.671181927281982e+01
4.814744719683539e+01
4.463338989048889e+01
4.864961563080998e+01
1.795631214881144e+01
6.530256334939159e+01
4.968333549317128e+01
6.559362367987336e+01
8.902698005038638e+01
3.833078781065102e+00
4.147273443707858e+00
8.993306923188878e+01
4.415699683323363e+01
8.882952699848894e+01
1.820785315623873e+01
8.946740100601102e+01
1.435423135494545e+01
2.760291124116765e+01
4.540526594287030e+01
1.827012864792260e+01
5.924495433422036e+01
1.155667114609697e+01
3.636668349447040e+01
6.146072762155008e+01
5.596610831840248e+01
7.688044257316758e+01
4.421357100094369e+01
5.458284940318337e+01
9.520586356297407e+01
4.408182885687884e+01
7.686305375623658e+01
3.900988760358183e+01
1.396636451313568e+01
1.639525118116068e+01
1.085452288894659e+01
8.298524077189398e+01
6.765947168118296e+00
2.233624431413423e+01
3.417842063781732e+01
7.852317489614859e+01
2.247663257758908e+01
2.362439745274577e+01
6.624818750016772e+01
5.138276729331480e+01
3.052774957871425e+01
1.714542304032735e+01
6.086112468543515e-01
3.133739872432193e+01
4.474833428149500e+01
8.495872853554725e+01
9.227325641190319e+01
6.737521908589417e+01
4.496941461459241e+01
4.639641803055835e+01
8.097433349163008e+00
7.907955910967643e+00
6.710926604788251e+01
8.172205974428080e+01
9.204600024597998e+01
8.888655462716079e+01
3.304703469995736e+01
1.234743255765523e+01
2.496450763426931e+01
7.250807800912675e+01
9.077902724537022e+01
1.717927442732233e+01
4.977685401671420e+01
9.045923319200948e+00
2.600387112517090e+00
2.745374572810426e+00
2.423816757474009e+01
4.296216217007589e+01
6.368835948579402e+01
7.996613796798798e+01
6.764563874697575e+01
5.105618091814973e+01
3.323464981896554e+00
6.517781688141535e+01
4.826623590116679e+01
8.772168009901497e+01
3.030797747443802e+01
3.852449899470643e+01
9.614065466268950e+01
4.007694699805088e+01
3.150096094771333e+01
5.992063798937976e+01
9.958480154144802e+01
9.556892001795066e+01
2.495647697940305e+01
2.354638423935808e+01
4.709579718629634e+01
7.175683871459069e+01
5.704149140838603e+00
3.178727283691395e+01
5.049275222723035e+01
6.365117703734487e+01
3.793921300114096e+01
1.149958712584320e+01
7.269710035654580e+01
7.777580436215541e+01
1.270672176624961e+01
1.719327593091562e+01
1.800957183260916e+00
6.237414468190360e+01
2.356033140027911e+01
4.057772873927733e+01
5.413592604647201e+01
4.847713012643025e+01
4.577022932738542e+01
1.151701710723202e+01
3.406409091971074e+01
4.160556315519175e+01
8.223403607599160e+01
7.225419309560871e+01
4.142976637996257e+01
4.570556070921270e+01
5.250317214639074e+01
4.499509648652518e+01
6.267893382472868e+01
8.526188926084987e+01
7.673573921282578e+01
4.598260812739963e+01
3.336512196500092e+01
1.957843686434367e+00
1.343402672253271e+01
9.940268206382295e+01
1.271784706633438e+01
3.380490510436003e+01
7.315618888156311e+01
8.848456511669073e+01
2.293000408584718e+01
8.170801949766839e+01
6.387924769142608e+01
2.532702620389267e+01
8.847423553861409e+00
8.707676790052874e+01
4.690522004240435e+00
1.341089266976849e+01
1.428519902484734e+01
8.636961485555842e+01
7.922069271058808e+01
6.328603348847760e+00
4.691950280541531e+01
1.589359539369754e+01
3.224111508216761e+01
2.054958665769063e+01
9.865907900904263e+01
8.525084102770818e+01
5.643189300616825e+01
2.319163290001062e+01
9.151245811558908e+01
9.738744306256409e+01
6.191204160540925e+01
3.790245919390696e+01
2.125773356354690e+01
3.131939285961883e+00
8.757951813171596e+00
8.567343930978022e+01
5.167336759701062e+01
5.016675221275852e+01
6.152578502033175e+01
2.953670887720618e+01
2.556030928416192e+01
9.808231205590177e+01
5.673432664793652e+01
8.985120583784358e+01
5.068036427287402e+01
3.450872159307297e+01
4.297453744475475e+01
3.013083279604596e+01
3.990198100912477e+01
9.870316558457128e+00
2.198528620506883e+01
5.315412923374871e+01
2.600599593762588e+00
2.039390058275028e+00
4.571812751037913e+01
6.833737998657738e+00
4.115488871054486e+01
5.377417549201016e+01
2.260666593099323e+01
9.252350693220436e+01
9.678830108455769e+01
3.897160181727801e+01
5.394121103637908e+01
6.716127873731837e+01
2.836601083556470e+01
6.269916289611680e+01
6.497993425698016e+01
5.703227131489304e+01
4.244232114518169e+01
8.101362119476015e+01
1.058676885933930e+00
8.074315515381430e+01
5.533087353935971e+01
4.548713413322677e+01
3.574235855403466e+01
2.603967209627837e-01
7.781202843310872e+01
1.506740879969085e+00
3.049728573788763e+01
5.213514005399082e+01
5.799721165466924e+01
5.057059477575616e+01
9.992572502229629e+01
4.947633247332477e+01
2.204779746106258e+01
6.679680355209709e+01
3.386304529098004e+01
2.143213037468126e+01
3.109186898502142e+01
6.587942105991739e+01
6.558969903997597e+01
8.423848873201688e+00
5.084843889383992e+00
1.754997112674171e+00
7.186664970212926e+00
1.256813635703555e+01
5.087125834583829e+01
4.458728090142239e+01
4.827167119284704e+01
5.855537176064931e+01
4.017886865892395e+01
3.964547996392729e+01
3.610915398975329e+01
2.702590628854274e+01
6.451000741892961e+00
2.375649522233591e+00
9.626619452436744e+01
1.583841201655493e+01
9.151668133750404e+01
2.438152666407708e+01
1.070033414787628e+01
9.851133227279007e+01
7.657665846709938e+01
3.448389663104150e+01
1.588377734454525e+01
9.880865048561648e+01
3.985342622727781e+01
1.819493045015025e+01
5.824008824221794e+01
4.219702074406530e+01
4.101447902667079e+01
7.297572767034906e+01
5.739228229848309e+01
7.493268697286616e+01
2.041172390822867e+01
6.811961208848265e+01
5.646160289480425e+01
9.116731015554038e+01
6.858900127401063e+01
2.873741473478145e+01
3.020084990663494e+01
4.303156865901853e+01
5.153934832268364e+01
2.934632498274852e+01
3.174962239887082e+01
4.888765423041194e+01
3.217795925781967e+01
1.028452697688924e+01
2.404798857124894e+01
4.437650653737435e+01
2.672921308629644e+00
2.236326691804606e+00
9.698144034341976e+01
8.208100045196758e+01
9.478603922519183e+01
7.934679341472071e+01
8.377429208893994e+01
1.059540543267289e+01
3.217066779368122e+00
8.769009839170151e+01
8.154070069153826e+01
8.598888627532352e+01
2.761665816773505e+01
3.704598761957418e+01
8.681166692954100e+01
8.815418597690491e+01
2.718651607967285e+01
6.857234675836393e+01
9.867494958391177e+01
6.455702547196161e+01
3.386809352499810e+01
9.948329585580309e+01
9.324147370329195e-01
2.546411306851735e+01
3.119837959818467e+01
4.108148824473912e+01
1.363075925671997e+01
1.602659007349359e+01
2.513211370684771e+01
9.488160810194984e+01
3.230137565746036e+00
1.614459167055068e+01
6.674897403770544e+01
1.252398631187341e+01
1.395094749236058e+01
4.493614670119069e+01
5.654264923955438e+01
4.340095759527802e+01
5.504684949063083e+01
5.691968116765827e+01
2.400748404860845e+01
3.460316310385389e+01
8.851181817637375e+01
7.565235322138871e+01
9.993225201029901e+00
1.368765938733130e+01
3.641369516794276e+01
1.375304535671745e+01
2.986999728245195e+01
3.800926643331035e+01
9.913073130842798e+01
1.094966941091682e+01
7.687602288875543e+00
5.325910684338729e+00
9.764973544406227e+01
2.184991031971290e+01
5.354925480370841e+00
7.893416289190490e+00
3.787650039320648e+01
6.720107396468570e+01
5.957072230967261e+00
6.485992728958834e+01
1.201113439724368e+01
5.914964655374626e+01
6.289259640634647e+01
6.239007099642887e+01
7.820952850310576e+01
8.491586399493546e+01
4.611612323025061e+01
9.505007047906986e+00
2.108209087563776e+01
4.540954252956879e-01
9.307465939460073e+00
7.524102464096669e+01
3.159055031444437e+01
5.757411842121469e+01
7.735157151583189e+01
3.310438861749339e+01
8.802155409381797e+00
8.176101985469508e+01
