2.736022264108072e+01
2.613946237887231e+01
9.622924942347652e+01
4.112982197717290e+01
7.186541895934633e+01
8.741849921057863e+01
2.278208957183272e+01
4.454580989877964e+01
2.359788023102930e+01
8.912802198395507e+01
8.688053585909332e+00
6.676949102746764e+01
2.591237240746262e+01
7.610567900170837e+01
1.160769118536622e+01
7.997284460811542e+01
7.670932164262483e+01
6.481867565997814e+01
1.849515830096563e+00
2.282435895075293e+01
6.070345782707606e+01
2.965401351901424e+01
7.487153102404976e+01
1.982156025237477e+01
2.988180831534872e+01
9.817621717144559e+01
2.921755995099319e+01
4.305869827189422e+01
5.339913529036527e+01
4.977741932951725e+00
2.307421254137261e+01
9.980127383014246e+01
1.778444224865382e+01
6.768243250794822e+01
9.852771689115451e+01
8.736303112812482e+01
9.475202765071393e+01
8.861344716912761e+01
5.424892467178820e+01
1.595634972488338e+01
2.534755022514032e+01
9.023869549401043e+01
6.771102271401837e+00
3.791582362629279e+01
5.832502514045920e+01
1.803537682538637e+01
7.181161701297928e+01
2.844422018548670e+01
5.256953577165005e+01
2.238111571519688e-01
4.006161929111072e+01
7.429906384753951e+01
5.429640140118841e+01
9.435873515641258e+01
5.955584741176844e+01
9.853390683351732e+01
4.890108362254737e+01
5.059553447672890e+01
3.357107901646340e+01
2.300218866346506e+00
3.617766766630936e+01
7.033210902955946e+01
1.867652182405653e+01
2.100718688266686e+01
5.876296249160681e+00
1.417265274290585e+00
5.692424013136153e+01
4.020364225851542e+01
8.067718752691391e+01
6.933377732957423e+01
6.080336117223062e+01
5.129359636981673e+01
5.155312342175894e+01
5.455774755895033e+01
4.394056133178088e+01
9.878148515652004e+00
6.904362382788379e+01
7.663562059245800e+00
3.832236874770484e+01
8.968983422484706e+01
3.445137009697564e+01
8.160433796309137e+01
6.398889807238658e+01
2.439242132212614e+01
1.106565739543441e+01
3.301634077588857e+01
5.153015076719697e+01
8.229580036471403e+01
6.979155888305584e+01
7.297631822199389e-01
9.053094703263181e+01
3.119565710946715e+01
1.607410750169032e+00
1.359320935494882e+01
7.278622871860220e+01
5.326368019602433e+01
2.910618713549626e+01
1.241551503185905e+01
1.123602456005105e+01
3.730298529253480e+01
3.792249077834305e+01
9.870133153102422e+01
2.125555147475356e+01
8.947561420010199e+01
4.522993077767544e+01
9.306704867308356e+01
9.935376276232012e+01
8.452762439126505e+01
2.729460761290724e+01
3.767613146345882e+01
5.311864444665547e+01
6.171201679935307e+01
2.523990065103392e+01
8.862311611353564e+01
4.285437345637678e+01
3.226583219704489e+01
9.497308875200017e+01
9.030766230556539e+00
6.759229990075916e+01
2.556854506282534e+01
1.436899537889706e+01
3.622534327964547e+01
8.558780117220608e+01
1.136794020951164e+01
9.029935211422823e+01
9.476156923675983e+01
5.923589321749093e+01
3.601810607873747e+01
6.335028268552863e+01
7.898407321375984e+01
6.805279947260991e+01
4.262904526788232e+01
2.427779493121328e+01
8.930835094736346e+01
7.956342370229001e+01
7.236260942759114e+01
1.720201630015020e+01
9.010215037972766e+01
3.603774189764529e+01
1.779932669261439e+01
3.921576456130285e+01
8.915638634430077e+01
7.954530444906341e+01
5.301818244765428e+01
3.988247576164197e+01
7.461962428624724e+01
4.037815087492492e+01
1.493898188459639e+01
8.365039056336991e+01
2.395435433087608e+01
9.510458456124393e+01
9.385455958259040e+01
2.024166622210372e+01
4.811946328176160e+01
1.722538825926622e+01
8.922632345428053e+01
4.544462731361605e+01
7.529821301591500e+01
5.598503023199039e+01
1.352923922870739e+00
5.303480110738185e+01
7.177167491604186e+01
2.625697340176300e+00
5.745307111994040e+01
7.252477112809417e+01
9.246545615255155e+01
4.096157087057902e+01
9.629958672276679e+01
8.347623533731151e+01
4.747965365996568e+01
2.705297983579942e+01
1.125451708736574e+01
6.906388507646689e+01
3.669266106406817e+01
5.793043764211724e+01
9.565209583176863e+01
5.362817740702452e+01
5.420748337833560e+01
3.183199666991457e+01
6.988795700943467e+01
3.466197756801824e-01
5.888492383942238e+01
8.362098642793529e+01
7.137259741843334e+01
3.218846792922749e+01
6.807773712467296e+01
2.449270758055742e+01
7.019110916656959e+01
7.591181997019417e+00
7.701843715134004e+01
7.154403308944033e+01
2.502666428919261e+01
6.717984260394230e+01
7.416973047618276e+01
8.247973540913301e+01
3.707493782838571e+01
6.754381543376661e+01
1.229541591009843e+01
6.249361651134380e+01
5.102005077107812e+01
3.711584775574312e+01
2.620541827110826e+01
4.781098018764099e+01
1.848197468485775e+01
4.287844563037085e+01
2.654726739346388e+01
6.189018458215993e+01
5.689460321184928e-01
8.075475081836561e+01
3.994218382981708e+01
1.932418459063591e+01
9.577946876910491e+01
5.951152935601376e+01
6.230284597831911e+01
9.927024324390583e+00
5.386003817145715e+01
1.873943480604302e+01
3.096043129030635e+01
1.109650903898129e+01
4.304392661109750e+01
6.734843587845025e+01
3.346754956686290e+01
8.742071226584757e+00
3.452827843582643e+01
7.681408830770016e+01
1.123985075915225e+01
5.449081401084122e+00
3.729571445719139e+01
7.634971420110655e+01
2.985862238791707e+01
9.933747937871958e+01
6.788855235459681e+01
8.580469004148836e+01
8.738145520323025e+01
9.143533105563155e+01
5.126941304247333e+01
8.286052326804982e+01
2.752535656444978e+01
3.402382248734302e+01
7.014536371927026e+01
1.549608382186670e+01
5.004033425359071e+01
6.572098767651291e+01
6.366466966628314e+00
1.482829075065827e+01
2.260305379638590e+01
7.874616355576839e+01
4.948654577577791e+01
7.814161431889126e+01
4.066968003319096e+01
7.926955939236542e+01
4.549005015077537e+01
7.413722960005386e+01
6.747500038122526e+01
1.490656114877507e+01
8.177450959653339e+01
5.472700821921556e+01
2.640476772859914e+01
5.559296764228166e+01
2.843702576516058e+01
9.278732654302722e+01
9.722651266363754e+01
7.470358492559920e+00
1.495692758586115e+01
5.639325587842300e+01
4.032489575460781e+01
2.370381496087826e+00
8.665544660140549e+01
5.537395186506862e+01
7.438561277202592e+00
1.454979135401071e+00
5.291225777608913e+01
1.003904431594491e+01
7.399037972744105e+01
6.985752492670785e+01
1.570003438540736e+01
9.659343357039309e+01
2.697666270051927e+01
7.863155276450865e+01
7.473504784271822e+01
2.074445771088100e+01
5.393012196474248e+01
6.401973374375129e+01
4.105776606176876e+01
7.560127371717303e+01
2.434264869631391e-01
6.805892925153437e+01
2.716157693749367e+01
2.664819426212842e+01
6.593151947759628e+01
5.823829931124965e+01
7.597148561662598e+00
8.529746373430707e+01
6.641102864705539e+00
2.284643483480738e+01
7.742658666215212e+01
6.024741724145013e+01
1.557471096309587e+01
1.459792392076828e+01
5.665521400824898e+01
6.707710803815961e+01
2.601855421719074e+01
4.193690984600079e+01
3.306254471329159e+01
4.971534993951924e+01
8.624228652857352e+01
9.856080342948475e+01
7.636936012486431e+01
6.697279045682996e+01
6.837032398598750e+01
2.580178213575938e+01
2.289760085889026e+01
1.200112957134895e+01
9.156251325810445e+01
2.514060704276925e+01
8.443569833619320e+01
9.180593974506759e+01
5.582927007033921e+01
1.159727522712074e+01
6.411054458660564e+01
1.957670451122183e+01
4.142327538757738e+01
3.630298978476925e+01
8.622318580105119e+01
7.261615818022571e+01
4.020753784114846e-01
1.973751467640396e-01
1.243346445841410e+01
4.660440857829731e+01
4.378275058408396e+01
3.055263433165505e+01
1.705094520796600e+01
6.980130484784083e+01
9.791974439188826e+01
5.301952038566560e+00
5.151282532676720e+01
4.582489358532470e+01
9.072392340317550e+01
6.641260626093141e+01
2.021731814379679e+01
2.932234943347161e+01
3.132452654248315e+01
3.134438699639607e+01
8.536872159939665e+01
2.931253473708059e+01
3.886756186320798e+01
3.983189460813622e+01
7.488664364204119e+01
4.831069686837061e+01
3.735645252156837e+01
3.677734562045771e+01
9.045300124699855e+00
3.779027971336165e+01
1.961936932970740e+01
2.345777061928891e+01
8.422832171629571e+01
7.796304536888518e+00
5.251012158231350e+01
5.370560556357056e+01
3.621561454432813e+01
9.629287221296359e+01
5.539313194127433e+01
1.314738309623086e+01
6.609417701423828e+01
5.430985691692209e+01
6.716897290533826e+01
2.471774654682621e+01
7.427776585066587e+01
2.931996208118273e+01
9.616658096023210e+00
7.108630206020842e+01
3.314284888708166e+00
3.287498561333631e+01
3.003132856918095e+00
1.483352976610583e+01
9.524880680034348e+00
9.368692808490570e+00
6.017373230316384e+01
8.219168171388641e+01
2.009552112784959e+00
1.788189030153765e+00
1.896902728777799e+01
5.849676907923854e+00
8.514118664206060e+01
5.143243160631156e+01
6.336759871960040e+01
6.494937183565897e+01
6.172051842404554e+01
1.587772030191390e+01
1.865497735266340e+01
7.676120101323407e+01
8.936151749890368e+01
2.913217201322884e+00
7.668420554915639e+01
7.607427238303902e+01
5.722307411824497e+01
1.172852931159014e+01
2.286910397134214e+01
1.660943791112371e+01
1.736563831445092e+01
1.648620717063835e+01
6.202735764068894e+01
7.671046539987925e-01
9.701943094703343e+01
9.127131667512995e+01
1.560063442010462e+01
8.643674761356635e+00
6.864977933869221e+01
2.308324879178929e+01
3.173243595833538e+01
3.550299947871966e+01
2.487143782194305e+01
4.650154260289927e+01
8.171418373552811e+01
6.444990661202461e+01
4.219609463689667e+01
2.004653719256005e+01
8.825669707183572e+01
3.916613014376077e+00
6.513869509340203e+01
9.988516783336419e+01
2.097097887702797e+01
4.085019526111437e+01
5.801254047919649e+00
2.921764204707818e+01
5.139486466133728e+01
6.302432816616461e+01
6.988643932616638e+01
4.860517287096249e+01
5.396538374664512e+01
3.954404836499321e+01
8.515963721329329e+01
6.365413608199644e+01
4.031115301899200e+01
3.860350765222847e+01
1.075176811346401e+01
5.591178748566274e+01
6.453633651348592e+01
2.358065406958603e+00
8.902090689587449e+01
6.448700933926134e+00
6.779224666198354e+01
4.624763002910075e+01
2.746876055722533e+01
7.579356821989342e+01
4.996208113150768e+01
6.966485519412200e+01
1.447167965326071e+01
7.052451612917918e+01
7.358146820849807e+01
6.077286575956870e+01
1.880115969982052e+01
7.543421419124780e+01
3.041854762957364e+01
9.826793116436710e+01
4.651856191759862e+00
3.073729715810031e+00
6.211799325520079e+01
3.400099511910276e+01
8.533838907505310e+01
4.873949394036992e+01
6.076778870111694e+01
3.291213239213086e+01
6.925355860463044e+01
1.134261414936865e+01
2.481712038853072e+01
8.226749770448892e+00
8.120584007408742e+01
2.739395491191836e+01
4.783995046645401e+01
3.483888629583591e+01
1.701919446560517e+01
9.066178611976177e+01
7.227399832209292e+01
4.448795506939662e+01
2.270108373961462e+01
5.562500043568435e+01
1.415281021695249e+01
5.506481325955355e+01
7.063495059061560e+01
8.773427847201670e+01
1.678313813953806e+01
7.900670747226415e+01
6.316849261669838e+01
1.846759413297642e+01
3.689612501156336e+01
4.552133765328738e+01
2.625373039685829e+01
5.893837169694638e+01
8.475919951906390e+01
9.003253252712662e+01
3.438175163901492e+01
5.092724028552288e+01
8.383868638604818e+00
1.807888751760073e+01
6.854014474364936e-01
9.032811326455703e+01
5.096228041265266e+01
8.662434168468431e+01
2.638008972927001e+01
1.255808035496533e+01
7.875438089424482e+01
4.339928424144131e+01
5.083280422297902e+01
6.280906245243226e+01
4.667133588654517e+01
3.423607318393703e+01
2.225182970159307e+01
2.040049481224292e+00
8.732965946538823e+01
4.843311190997861e+01
8.338029984542182e+01
5.138565416046681e+00
4.332982084868933e+01
3.062470412376556e+01
5.886082046612204e+01
1.343557676926049e+01
2.076316928526534e+01
8.991767083756517e+01
5.841103259400047e+01
1.050687362929195e+01
9.670667033489173e+01
8.400432271138035e+01
7.161965825204722e+01
7.912842281122153e+00
6.071887075003184e+01
8.480061799511343e+01
2.424773356143745e+01
4.726318877528570e+00
5.137322174914797e+01
4.103782467592406e+01
6.199574091564666e+01
7.283644972966819e+01
5.473797212109807e+01
1.357250279447646e+01
3.464709554549637e+01
4.262521138536987e+01
1.263330211519883e+01
5.214570274210800e+01
9.811961683357117e+01
3.710946242190406e+01
1.046436462107318e+01
3.443958881983514e+01
4.224802788451687e+01
5.902683905280514e+01
6.501651674742648e+01
8.984999455970247e+00
8.549497909168478e+01
8.145578628473720e+00
6.508698084628535e+00
9.001091047656298e+01
5.553462973587896e+01
8.082136888095242e+00
8.557560531682130e+00
6.043241478522886e+01
2.368766466327369e+01
3.289048091177386e+01
8.063638400316069e+00
8.817265671127133e+01
3.063785644743492e+01
5.762579574139127e+01
5.379068667711257e+01
5.934583514898356e+01
2.706427668550251e+01
8.528658798210630e+00
1.544551826801408e+01
4.957833199276511e+01
9.849222716805163e+01
9.145909640540327e+01
9.048692970093663e+01
9.581913109674079e+01
4.151727824542545e+01
9.697008561201864e+01
3.025871991657592e+01
9.656825130645569e+01
5.997813337481494e+01
1.635626951062878e+01
3.091538559222379e+00
3.959733426552142e+01
8.496365760684183e+01
2.447109665929857e+01
9.378951331311349e+01
3.945465532106098e+01
5.299935832293674e+01
6.439261639695270e+01
3.591298318277718e+01
6.354695109815660e+01
8.687882823258583e+01
8.782582738801177e+01
1.626375551161531e+01
3.013093431020665e+01
2.660778319770833e+01
1.504830672175079e+01
8.947676945919021e+01
1.776695154503312e+01
1.526410319621866e+01
2.929576301448781e+01
5.023755866579598e+01
1.719927267041023e+01
4.017599315390736e+01
5.350991434115447e+00
4.107155093973109e+00
4.671906584255353e+01
6.910134687512245e+01
9.105577030733963e+01
3.510044181491268e+01
1.876164088899346e+01
1.557024517821625e+01
1.294811461723787e+01
5.720734892282977e+01
3.592366149459205e+01
3.640439688991960e+01
1.882819585447581e+01
6.035038636082336e+01
5.608391554843817e+01
8.322081225142853e+01
1.329843360618615e+01
6.657667451844395e+01
8.430332624553859e+01
1.969461698070849e+01
1.952143219277329e+01
6.320147526599536e+01
2.773204414534012e+01
2.625687659078132e+01
9.039039928018599e+01
4.048185005806473e+00
4.152097978699998e+01
4.001347820275159e+01
7.604336863199406e+01
1.221321076723431e+01
8.018947135665894e+01
2.922568182890568e+01
1.287103021185428e+01
9.569223741800164e+00
8.800918938965033e+01
7.521519995071702e+01
4.485100132639101e+01
5.009070693053804e+01
7.280883559622282e+01
7.768049015555553e+01
8.581027634712414e+01
8.732497044248738e+00
3.457817143508148e+01
6.385732510306747e+01
9.840940283537350e+01
1.432775180522713e+01
8.809228646014458e+01
1.154904682727020e+01
9.468161593874991e+01
5.473745994024791e+01
1.659024805603095e+01
4.929211914972036e+01
4.641082102731374e+01
4.432229220137106e+01
9.964274177311117e+01
7.285512116404954e+01
7.012810216756915e+01
7.444745631629949e+01
1.286859932023501e+01
4.891236664211022e+01
1.729017063849148e+01
2.249961584922840e+01
7.071025942950988e+01
1.946262075540732e+01
7.713981269725589e+01
3.938864713506244e+01
6.071776126544817e+01
7.107813072906720e+01
2.245194591695999e+01
3.352659681510487e+01
6.266249183689359e+01
4.162127251812316e+01
1.458407100969184e+00
8.793555325266698e+01
2.346485481758828e+01
2.636990776582151e+01
7.107824379162781e+01
3.001587955747539e+01
1.909194771158134e+01
8.166678998696933e+01
3.226161810209119e+01
3.568219576761229e+01
7.814941246907665e+01
4.387230642320230e+01
7.691555427243727e+00
1.718493933658345e+01
1.950441441475619e+00
7.591352633941617e+01
6.393859305602432e+00
6.492036462990583e+01
9.630406088954958e+01
6.498562952735723e+01
1.261205971828292e+00
2.386989166209003e+01
2.718495141118064e+01
6.009130741473814e+01
3.153761496373341e+01
2.374927002179868e+01
3.701114837872383e+01
5.398956088069340e+01
5.727586683690355e+01
9.161147945169894e+01
1.956539043205110e+01
4.134142768631756e+01
3.118306781686054e+01
6.463635687932202e+01
2.590486846207868e+01
8.917180010544685e+01
5.758439449480940e+01
8.478488348647248e+01
1.270899233068758e+01
9.344622366756491e+01
2.993884693362697e+01
5.148404298884982e+01
4.886216067190382e+00
8.709499150844989e+00
6.866898237199941e+01
4.776150386210601e+01
2.987860982766310e+01
5.832896351736456e+01
8.653899174488102e+01
5.347774101117520e+01
7.077041974792742e+01
4.491512847361859e+01
6.731441014786922e+01
3.380192850427792e+01
1.340765180690570e+01
3.987052805715731e+01
5.755119857264273e+01
8.583205360259491e+01
3.783349349993909e+01
1.482706536298016e+01
2.718920401632283e+01
1.201389451139322e+01
1.436202605923732e+01
5.837227183318338e+01
9.154992578157686e+01
4.026689452131600e+01
6.817644460507502e+01
4.913432022982013e+01
1.814951110545057e+01
8.088543693576261e+01
3.950453784293707e+01
4.266413708341501e+01
3.236947992461243e+01
4.210496067167491e+01
6.844641294723675e+01
4.922543337998233e+01
7.243460606431337e+00
9.464275403630117e+01
7.316878162006326e+01
1.722901846153150e+01
8.310792547795359e+01
7.759367217197719e+01
9.239928135294434e+01
4.860460471762559e+01
9.993968536143176e+01
4.138212042925047e+01
3.173227609681537e+01
6.232737016972497e+01
2.273140671790177e+01
8.671708227448029e+01
8.377386461187800e+01
9.619417884209854e+00
9.873097678587351e+01
9.813589071768145e+01
5.359958198554794e+01
9.028090252088425e+01
4.450969963544500e+01
3.122681706735250e+00
7.059893257478203e+01
3.465112207208346e+00
1.521847304665412e+00
7.817677132700419e+00
2.125643925799822e+01
2.072802173007653e+01
8.245546840245625e+01
5.718345113898788e+01
6.707254744464186e+01
7.689608315792682e+01
5.320929179583177e+00
4.639228686987995e+01
4.779902880443215e+01
1.372013753918937e+00
6.183408576149218e+00
4.019831011081036e+01
9.958984502572093e+01
1.761472007148653e+01
4.600524327066040e+01
8.466593464122431e+01
8.652580850130217e+01
6.625294520810850e+01
7.138301686913847e+01
5.736331928398614e+01
3.819734362801413e+01
7.983457612797366e+01
7.227923421760985e+01
2.756775032149989e+00
6.228641707556621e+01
3.629893252453717e+00
1.022987994841760e+01
9.981011878690222e+01
6.991914979644081e+01
4.084607183041334e+01
9.808947141193295e+01
1.655631000947036e+01
7.320263156350825e+01
9.062566463399011e+01
7.373976114845824e+01
9.746050001003803e+01
6.752174774535081e+01
6.113788777083992e+01
1.621889822008968e+01
2.131243158192953e+01
8.599683860596123e+01
2.707894385190631e+01
7.811114577488561e+01
9.328301730252943e+01
9.343508169680604e+01
7.152711030632588e+01
4.652855063161280e+01
7.996089015154210e+01
3.496020884949723e+01
1.791156750075126e+01
5.900677887676600e+01
8.772091348083732e+01
3.613669915876198e+01
2.061373103438585e+01
2.376531400893131e+01
9.842311623432819e+01
9.140990129271984e+01
3.115842013208122e+01
8.762735551578334e+00
4.983214617233358e+00
9.929599021528661e+01
7.675451896002261e+01
5.301745806495541e+01
6.706660546691464e+01
1.031021536808005e+01
8.091950289947889e+01
5.969536111675918e+01
7.951927044406500e+01
9.205024302566900e+01
7.359101268164395e+01
4.393143157657769e+01
6.609127356954444e+01
3.552715468012130e+01
7.319916559997908e+01
3.990969757545260e+01
2.980998048084321e+01
7.737308832694455e+01
8.643824825363153e+01
2.044799077345430e+01
1.633886993692204e+00
4.349815707816656e+00
8.286056224389959e+01
4.765336851014447e+01
2.254246492988545e+01
4.757675935867092e+01
3.721990587060336e+01
9.770914278817789e+01
4.833378929101573e+01
8.054005740235563e+01
8.902640994127206e+01
9.580471673784997e+01
4.038281791861300e+01
8.304121055781899e+01
5.506723292873578e+01
8.727909824218560e+01
9.668359723719004e+00
4.804406084494855e+01
4.877794512956308e+01
4.034715645962728e+01
5.481167047042943e+01
9.304472412590158e+01
6.939805064787997e+01
2.900668328116028e+00
9.273596475493906e+01
6.234451647025744e+01
4.147977518917983e+01
8.381851123823715e+01
4.885190122241708e+01
8.597054052444666e+01
7.001521306578779e+01
3.517704263104919e+01
4.883914689945018e+01
1.233653231167073e+01
7.687524365115689e+01
4.121452371646395e+01
9.878311599548120e+01
5.432316751886307e+01
6.863275830104611e+01
1.958383997882895e+01
3.724778994789710e+01
7.704837018486502e+01
1.538855667011279e+01
5.837270829750817e+01
7.194498831962468e+01
9.848003950830551e+01
7.897069383364669e+01
3.561124677565473e+01
1.055078846893776e+01
4.992754335977489e+01
8.544407299973260e+01
7.941070170114315e+01
1.319297673795045e+01
7.105832294144589e+01
8.620935216835205e+00
6.655711385726795e+01
4.279322398025227e+01
4.918601924981271e+01
3.234913560205565e+01
6.899233002634362e+01
5.414847287076920e+01
1.533435006408689e+01
5.651277315640486e+01
6.766356759130190e+01
2.351551792748064e+01
6.207014897934634e+01
4.324071786517310e+01
4.372747044252579e+01
9.486659373849005e+01
4.656443649277298e+01
2.031407417744122e+01
3.347299435803341e+00
2.364024940116343e+00
9.567519696227983e+01
4.442737681997352e+01
8.557155033832954e+01
8.422352060872294e+01
5.995969560926766e+01
8.783173486023756e+01
4.395347351392427e+01
3.363585673907578e+01
7.152372299298817e+01
8.318681706822795e+01
3.252115800628492e+01
4.611602902697214e+01
8.064090832166416e+01
9.191877385225091e+01
9.232339989036480e+01
2.667378202391499e+01
9.406701549611381e+01
6.224819871701682e+01
1.394675900877768e+01
9.401365513634573e+00
5.472690600656295e+01
4.705455854863606e+01
2.363156099972853e+01
8.811492281412470e+01
3.730179622643711e+01
6.009757563476338e+01
2.637041901534908e+01
7.032588635120814e+01
6.462100155866752e+01
3.465452265676787e+01
5.057317020863908e+00
6.029619847438121e+01
3.095575558531832e+01
1.623128038655560e+01
6.101404966833724e+01
9.941283804337161e+00
3.719172367695334e+01
3.786558799346238e+00
4.357714058997908e+01
9.272216264750909e+00
3.420666476441858e+01
4.424766122561305e+01
9.816437666218931e+01
5.102479427634962e+01
3.074981855729121e+01
3.166379920750102e+00
2.879982661865644e+01
8.121591968518493e+01
8.312402939569392e+01
4.274658562743412e+01
7.147128706400808e+01
9.511015196103145e+01
6.479572065397899e+01
1.424884619854803e+01
8.704774006598058e+01
3.616175536818884e+01
9.928889390979375e+00
6.079106585159482e+01
5.995104855855510e+01
6.320420907028216e+01
5.220702465260728e+01
4.391236451636644e+01
2.350040749809724e+01
8.940127612529382e+01
7.823644530877306e+01
3.219155004815736e+01
5.810323690907249e+01
1.888196380756887e+01
1.506978772351043e+01
1.415865133244482e+01
8.312282379862053e+01
5.953763726145851e+01
9.410806307294781e+01
9.360298351086816e+01
1.547746286516891e+01
8.963098758348775e+01
5.655473617676401e+01
4.503296932439923e+01
3.327578792035384e+01
2.208117992714102e+01
3.042907222659750e+00
5.309017209945720e+01
5.606800525266119e+01
2.559980993419877e+01
6.733901829800523e+01
9.907775712156564e+01
6.176156530238761e+01
6.592222580961987e+01
1.750335265766054e+01
6.166127513240152e-01
2.912643483333589e+01
6.971037731026783e+01
4.452897731425659e+01
5.262684233143313e+01
7.189899015794461e+01
2.757547932098409e+01
6.289208809048500e+01
5.687009569111751e+01
2.571158438255619e+01
5.070991332210131e+01
2.339610272245300e+00
7.269859177651750e+01
3.948093165619343e+01
3.246439408160020e+01
4.179327983492672e+01
6.787548291863664e+01
1.510095429378606e+01
6.442885620725754e+01
1.879054695311494e+01
7.757384124098991e+01
5.121100770831620e+01
4.673707580507597e+01
3.066401334044711e+01
4.959314970746318e+01
7.233688573927473e+01
4.616210816715011e+01
6.592593959808626e+01
3.409845104166234e+01
6.392525740150607e+01
5.318989909868217e+01
3.471506379298636e+01
9.305169223484197e+01
2.082799501755647e+01
5.456717258997595e+01
9.869507509222956e+01
9.272698517550108e+01
5.213018811872704e+01
3.610373914060357e+01
7.588579597691344e+01
6.389863787400473e+01
8.847235631592216e+01
1.649179594427896e+01
9.319029361623818e+01
7.031447611298155e+01
6.512574947677821e+00
4.888474175188911e+01
3.818995898505205e+01
7.582047315119787e+01
4.112326383643004e+01
5.164505674114687e+01
2.966561682041064e+01
3.261729657306210e+01
3.830514081674868e+01
7.367459189783530e+01
8.221044628052528e+01
4.319690705425893e+01
7.167762353628763e+01
7.339797498350869e+01
5.723641908598896e+01
3.371383558666047e+01
3.622938982966793e+01
4.020356174567880e+01
5.576606097433998e+01
9.557318510281536e+01
8.283595255708134e+01
7.433310769234464e+01
6.589622402838256e+01
6.703065976827902e+01
2.553352295678739e+00
8.538731964555910e+01
3.074999620707240e+01
6.574911305948585e+01
4.282467702535199e+01
5.388068796781855e+01
8.497935183578140e+01
6.114992921294175e+00
7.282503152863356e+01
6.789103428269318e+01
5.956213500330324e+01
2.784268186792856e+01
2.687740313209472e+01
4.904672924850450e+01
5.289472120483160e+01
9.773742449364505e+01
2.128349073290988e+01
6.573954837664010e+01
4.093433154790399e+01
1.493578004414950e+01
7.090699866921966e+01
1.822968959725913e+01
6.171605492090622e+01
5.894094317170835e+01
9.798846654500275e+01
9.971100906827999e+01
8.299392027919829e+01
1.565579628369575e+01
3.303555964167955e+01
4.147273443707858e+00
7.487939501874121e+01
3.244133714234519e+01
1.349971080827513e+01
1.068963674394863e+01
7.084749153389012e+01
8.121782056112671e+01
4.604354135042221e+01
3.541199017102457e+01
7.486598588287178e+01
4.282228101176316e+01
1.375893173448692e+01
3.605749785716529e+01
1.663304544828508e+01
6.504385092530579e+01
1.205808655920349e+01
5.320643147137315e+01
6.278127541895084e+01
9.520586356297407e+01
3.979722971087193e-02
3.922878873498588e+01
1.128757312488164e+01
5.808350320816204e+01
2.194529651754782e+01
7.534461369521199e+01
7.364083341026716e+01
5.218540805028072e+01
6.777560797882062e+01
3.073332297184194e+01
4.413048212608810e+01
3.166323752685601e+01
2.362439745274577e+01
3.769277922701686e+00
3.269660381260170e+01
3.969432094120156e+01
4.072223088737681e+01
5.357197562864609e+01
6.098553899721500e+01
3.741640846124683e+01
8.495872853554725e+01
8.799210818856588e+01
6.508051099492261e+01
5.464900529694231e+01
2.972901581308293e+01
6.169721528966782e+01
4.216638418946712e+01
6.710926604788251e+01
3.629934915169112e+01
4.947659561851834e+00
5.152687721491181e+01
4.799896289966952e+01
8.663266482140527e+00
2.890869366419906e+01
4.770157674686125e+01
9.505047695480775e+01
2.458630736199501e+01
5.549331873445460e+01
3.827828193934554e+01
9.330772086666325e+01
2.745374572810426e+00
5.647395358256714e+01
2.402515286767164e+01
5.283756025733312e+01
8.617804198813533e+01
8.210345952869554e+01
9.253188124510081e+01
4.575254122994492e+01
2.237686222529824e+01
2.543816423296843e+01
3.252133421251612e+01
2.460364034613764e+01
7.390954469978323e+01
9.760184520743873e+01
5.998584728687343e+01
4.929732300774069e+01
9.378897263379255e+00
9.958480154144802e+01
4.726551335643302e+00
3.547048463275213e+01
2.406898239816957e+01
2.234767187496073e+01
9.555389387326031e+01
5.750348389032459e+01
7.935717109560835e+01
2.252101838706109e+01
7.546260490802238e-01
8.541388902133977e+01
6.682465610412166e+01
7.269710035654580e+01
6.954264634733211e+01
6.402993917652869e+01
6.026619857189534e+01
5.223644760075792e+00
6.627435347357502e+01
2.356033140027911e+01
8.732710428877132e+01
8.723105824889200e+01
7.816886458460655e+01
3.163238783908653e+01
6.580979999425345e+01
1.069019875055654e+01
1.352819335345560e+00
3.984307774335289e+01
7.225419309560871e+01
9.930447307382919e+01
2.486399655456841e+01
1.883106036988602e+01
4.499509648652518e+01
9.313010754675145e+01
8.526188926084987e+01
6.663191857125234e+01
3.589332775952915e+01
3.364947761113265e+01
4.954073212553782e+01
1.343402672253271e+01
7.085549266583077e+01
7.386740300518805e-01
4.027504052048318e+01
9.410924529382459e+01
6.322769320720234e+01
3.779139427365335e+01
8.170801949766839e+01
3.011894194880451e+01
2.532702620389267e+01
9.586732862324794e+01
6.835207113453750e+01
1.466164598924184e+01
4.678700405489048e+01
5.342366772397592e+01
7.100095873279541e+01
5.289955928591059e+01
8.748775869025279e+01
6.857925814975950e+01
8.673702109918790e+01
3.224111508216761e+01
2.423783928353239e+01
2.783194013304633e+01
5.727614702530026e+01
3.407171603016170e+01
6.175755195401494e+01
1.655808385301292e+01
2.835161482372862e+01
7.856160121902897e+01
2.147713481517375e+01
5.265874231823662e+01
9.252208345221452e+01
8.757951813171596e+00
2.907433683475216e+01
5.167336759701062e+01
6.742112490694090e+01
3.065327900957934e+01
5.877975703160267e+00
2.556030928416192e+01
9.764432934934474e+01
1.657717107635791e+01
4.997384718152408e+01
1.816938026722957e+01
6.858466661934958e+00
9.841232877150752e+01
4.968209366764971e+01
5.805334581902872e+01
5.822256713091515e+01
2.230946352812902e+01
5.418368752774955e+01
1.512585366849129e+01
2.039390058275028e+00
2.206741865820597e+01
6.038558872434571e+01
4.586981136625158e+01
8.010440928866360e+01
2.260666593099323e+01
7.265915701755283e+01
7.803825125006877e+01
5.168020150236795e+01
1.526500560122775e+01
8.892493312662697e+01
2.836601083556470e+01
9.227556897898930e+01
6.900215329090233e+01
6.340519094998258e+01
6.210375142381701e+01
8.101362119476015e+01
2.931240658709426e+01
3.719929509665784e+01
4.351662413380883e+01
4.100727114873345e+01
4.833175756425213e+01
1.607701755877445e+01
6.701351044094818e+01
1.445528609419953e+01
6.575911122642417e+01
4.871937737274886e+01
9.418399813314154e+01
5.057059477575616e+01
3.800057384092387e+01
9.339723367867862e+00
2.223199201851710e+01
1.218408030093838e+01
1.608085912469814e+01
8.117332355173926e+01
3.488862376422092e+01
8.851792383404351e+01
6.558969903997597e+01
7.115481461917740e+01
5.084843889383992e+00
8.056423351194907e+00
4.414471985965256e+00
8.710853643115077e+01
6.943355806611179e+01
8.906909329307689e+01
4.581677682968638e+01
9.331163237491234e+01
1.742297486282092e+01
5.410687804879009e+01
3.051092742500404e+01
2.702590628854274e+01
9.199415230750765e+01
6.221385121448611e+01
4.641585198529803e+01
1.583841201655493e+01
5.565099010972818e+01
1.217496316515606e+01
9.648332283668375e+01
3.466634896335488e+01
8.482730248236437e+01
2.484974871615402e+01
9.024958838254659e+01
2.987604813178817e+01
3.645809746182435e+01
9.104977724656918e+01
1.104937163696130e+01
3.094544938343831e+01
7.993619729761788e+01
1.450431855139524e+01
5.182975919536770e+01
2.413590626052390e+00
6.472903395291839e+01
9.271337794731994e+01
6.349330552084991e+01
3.632170750588259e+01
9.500445513753428e+01
1.031289450373170e+01
4.376927974809393e+01
5.142110001827641e+01
6.383112499668781e+01
6.014426730579895e+01
4.964622689860231e+01
9.406779571160104e+00
6.250597930630016e+01
3.534438509277273e+00
5.753003901686987e+00
1.815696936946221e+01
1.740709120286959e+01
8.497715978183651e+00
1.543016308705796e+01
2.320950693600322e+01
3.334746469433767e+01
5.824154590174627e+01
5.308555506779140e+01
3.124413664045005e+01
4.929132310174933e+01
6.413492670475269e+01
2.141647218792535e+01
2.922752039936721e+01
8.690686812014638e+01
5.405010238944092e+01
9.587808041641399e+01
9.501967550954767e+01
4.676348029019473e+01
1.322364477125166e+01
4.444201837500651e+01
7.879306035060112e+01
3.391984176538877e+01
5.779665557565011e+01
4.580490996400123e+01
4.947633433596992e+01
2.111899015545798e+01
8.037004483880942e+00
4.880169823244293e+01
7.036382387628385e+01
7.684884982968161e+01
9.331944849962342e+01
3.230137565746036e+00
1.614459167055068e+01
1.742111240393534e+00
6.977389644355229e+01
9.822559212251826e+01
1.736533130396406e+00
2.801544229873244e+01
8.265058588359999e+01
7.618028334164075e+01
7.730676544704789e+01
4.051170555898533e+01
8.683829572370197e+00
6.534285799848980e+00
7.927970666404801e+01
2.945996165716088e+01
5.626462505025073e+01
6.380653919829360e+01
1.733234055216067e+01
6.948826982150239e+01
6.321801057235245e+01
9.612540090276181e+01
3.681797168069424e+01
9.029806926394724e+01
8.269410588904009e+01
7.838684901519997e+01
1.141705937283908e+01
3.240802056733892e+01
2.631898677270813e+01
9.504202888116336e+01
2.562682285235581e+01
1.704754075829291e+00
9.682396775894983e+01
3.927871665883750e+01
5.914964655374626e+01
8.137543065537486e+01
2.224942525953493e+01
3.868654772578112e+01
9.461330645466843e+01
8.403618614377277e+01
6.236363670898770e-01
1.067971140643568e+01
9.709262512488878e+01
9.307465939460073e+00
6.061174541740294e+01
6.929784946576592e+01
2.087645159143789e+01
7.795022105702675e+01
9.803687631992479e+01
3.820879214359857e+01
3.087587604805635e+01
