4.238533370307895e+00
9.696023259170364e+01
7.695956722691635e+01
5.764465222956829e+00
1.909436542498617e+01
5.957858416232214e+01
8.866902305216948e+01
2.039241414535437e+01
6.903019559990157e+01
1.206220393630779e+01
2.038151557575051e+01
3.127962026339007e+00
3.009100702129817e+01
5.504476872973366e+01
3.096937072974135e+01
1.400354221183972e+01
7.145761957925633e+01
5.169531221114813e+01
2.874082826484964e+01
4.526493793598607e+00
5.278416329658783e+01
4.795318862793650e+01
6.388805795641991e+01
7.774971093877670e+01
1.434434983615966e+01
1.116900700664567e+01
8.333211978121294e+01
8.028038837028686e+01
7.805749535470153e+01
1.609957302738892e+01
2.556219698188929e+01
7.037237382976915e+01
1.305980557252644e+01
9.484382755814298e+01
7.613683905272597e+01
1.227710936790197e+01
5.442241167389900e+01
6.480586205832934e+01
3.266952351325635e+01
2.584510959025710e+01
7.686806604120324e+01
5.305103908900686e+01
1.121153161451758e+01
9.350575962732815e+01
4.382499588831561e+00
5.994244234633746e+01
7.303471815448009e+01
7.584011921465402e+01
3.616761734530684e+01
1.775546372763601e+00
5.581785601369005e+00
2.113635522366332e+01
8.249081381712612e+01
4.425467091810641e+01
4.123853651864386e+01
8.872100989740389e+01
5.542367792475209e+01
2.457065629985680e+01
6.900139822112462e+01
8.854926120887941e+01
2.808144624721326e+01
8.688565855235126e+01
2.591337781674852e+01
4.087396391708123e+01
8.172948606392811e+01
4.869465476306838e+01
7.302813496115996e+01
3.615189769126098e+01
9.418159573999307e+01
2.252768805368230e+01
6.538820465346249e+01
8.406557835827842e+01
7.186541895934633e+01
9.436127631662472e+01
5.110210788021894e+01
7.624791859474401e+01
5.430371861639605e+01
2.413682603469902e+01
5.194024362226028e+01
7.858107531377165e+01
2.772023152919497e+01
5.752202922362929e+01
4.206990089363880e+01
8.403186224588746e+00
7.670932164262483e+01
8.330843741228266e+01
5.238349877874530e+00
2.741392395804353e+01
7.879093665573324e+00
2.965401351901424e+01
2.329636142742651e+01
3.596053995935272e+01
7.963187414204323e+01
4.659563854643871e+01
4.618128349361070e+01
6.236005516832697e+01
9.529029330950711e+01
4.327720526758451e+01
1.903150184966228e+00
3.914033530239963e+01
4.173710646188683e+01
5.877256414795880e+01
2.320591361411191e+01
1.360252542123316e+01
6.763962696662156e+01
6.061996624833903e+01
4.104119294371512e+01
1.595634972488338e+01
2.230717117074279e+01
9.298143656597540e+01
6.427685640020149e+00
4.821954357820542e+01
5.050346578960468e+01
1.803537682538637e+01
9.173384946386044e+01
5.110245405282008e+01
8.381395283332745e+01
6.186107968066869e+01
8.750637163757644e+01
4.735454714268192e+01
3.543243260841464e+01
1.080273301843681e+01
8.331508710203464e+01
7.866808184360531e+01
5.051335284975980e+01
6.679540503155226e+01
3.350702241692088e+01
3.229672863720764e+01
1.007261025257064e+01
3.541017260188710e+01
3.527553511563480e+01
4.581622641804452e+01
2.701527440315824e+00
8.234377241802578e+01
8.734476742676681e+01
6.435415854880314e+01
8.051411755406956e+01
7.719521139617787e+01
2.667848105853353e+01
2.064897903271438e+01
1.913369308185470e+01
4.077559622972068e+01
5.104083225645164e+01
9.352682553861608e+01
4.773570739093037e+00
7.663562059245800e+00
7.169583545611046e+01
8.858752361898661e+01
8.457153727513344e+01
5.920220704712077e+01
4.989463768428873e+01
6.103973493959742e+01
7.000494006555758e+01
1.650907132612032e+01
3.218670218819133e+01
7.035884571744076e+01
2.930478846156262e+01
2.305268683612937e+00
2.655574308082263e+00
4.395571525392855e+01
1.103897206999314e+00
6.337498163961571e+01
8.977194171853920e+01
3.805424647315137e+00
4.571875401107536e+01
2.239693339094377e+01
8.174077406606673e+01
2.399855951033465e+01
8.496771970995130e+01
4.847009146980480e+01
2.905416019682501e+01
1.872583786897633e+01
3.520828538351147e+01
5.840278447531293e+01
5.767102952006786e+01
4.613746364886754e+01
6.389187977830502e+01
2.936686492961219e+01
2.856937974159111e+01
4.846341700687232e+01
8.474667616409560e+01
6.632814228829376e+01
1.832293114546823e+01
1.652912363248371e+01
3.341584225809940e+01
6.713943847787540e+01
9.882492399719773e+01
2.427787716699665e+01
1.620335793877177e+01
3.158843202124742e+01
8.558780117220608e+01
3.650022593163896e+01
9.029935211422823e+01
2.063996708981691e+01
2.111267983965235e+01
7.441668607034566e+01
1.787583838118046e+01
8.819332862654390e+00
6.225097759731625e+01
2.843558091131765e+00
3.774235455214156e+01
4.306278412372934e+01
6.135488313685864e+01
6.643343934157558e+01
1.465568552476153e+00
7.360754649788493e+01
1.257090294387699e+01
6.535744837734730e+01
3.594909428430213e+01
9.512643236439975e+01
1.644188091924502e+01
1.523616556787685e+01
6.145457460612738e+01
8.228825222807389e+01
8.309217825675951e+01
9.487041691079290e+01
8.527444539837281e+01
1.202503592335854e+01
6.216936412368405e+01
1.887239782087151e+01
4.361346794460596e+01
2.480466017723300e+01
5.537262375251046e+01
4.781393569326677e+01
4.544462731361605e+01
8.245118259566425e+01
2.371122423732244e+01
8.848152779437672e+01
9.127051550488477e+01
4.608301932275436e+01
9.517002734130715e+01
6.691235600361244e+01
3.738815707032948e+01
9.246545615255155e+01
3.986299589269934e+01
8.788287271181256e+00
6.607300265043648e+01
5.279549199752299e+01
3.201227087155556e+01
9.656249210078384e+01
9.429736779737163e+01
8.438885290380048e+01
1.113071693625800e+01
4.409445260842072e+01
1.915366492194760e+01
9.422289519301751e+01
3.896486947264749e+01
7.754907909666611e+01
6.247931069809912e+00
1.134233596331549e+00
9.642147691753762e+01
4.986139901441587e+01
7.455826023340144e+01
2.469097214038063e+01
9.915593727452490e+01
3.866838940357249e+01
6.458871055608090e+01
2.286716146528123e+01
4.133536025943950e+01
9.375871200755178e+01
9.397740340511193e+00
3.650538755418052e+01
3.402490212303815e+01
1.018288522501610e+01
8.058661468354362e+01
5.340638107313140e-01
5.557418472858806e+01
1.679894897006403e+01
9.648089059464675e+01
2.352115666657740e+01
1.786262179625343e+01
7.912076859694011e+01
5.468311479998897e+01
2.899333873251143e+01
2.321522120536083e+01
8.280450323727192e+01
2.321623387896280e+01
6.218009067800831e+01
6.035358228737190e+01
4.287820539571261e+01
5.951152935601376e+01
3.739769837697860e+01
7.454694899476458e+01
5.273529149253633e+01
8.569159781825338e+00
5.402962828708330e+01
8.688147556357154e+01
2.667738102687401e+01
1.734434930484013e+01
2.821683577644492e+01
6.833024172500252e+01
4.634229393971259e+01
7.681408830770016e+01
2.355143848040674e+00
5.652517916472870e+01
2.754003462732771e+01
8.164122480975522e+01
3.336288688395307e+01
7.655890904206731e+01
3.497078057144339e+01
5.262332845135747e+01
9.442153083832075e+01
8.259770417706935e+01
9.689598032128811e+01
2.341486952426605e+01
4.448788871266316e+01
7.970048351199389e+01
4.663110340322885e+01
7.231955978661755e+01
4.005406575279966e+01
9.446277408602776e+01
9.509184551196725e+01
5.648649551742081e+01
6.900972308079234e+01
7.350646852213259e+01
1.857516598821393e+01
3.390233345977139e+01
6.038794403913801e+01
4.821272774050605e+01
3.525099611619999e+01
8.860477981558293e+01
1.654296941894245e+01
8.159329010247872e+01
3.459850416267221e+01
1.889811326698312e+01
4.065377737425909e+01
9.863584106724515e+01
2.843702576516058e+01
6.975594915903916e+01
7.519475010931247e+01
6.340780633660397e+01
1.369422157932735e+01
6.961628090106709e+01
2.494842918820141e+01
1.059020185404932e+01
9.303115047189927e+01
3.508789829681064e+01
9.029068536604321e+01
9.862303887429789e+01
7.407458036862061e+00
8.959842514693663e+01
1.575752218056355e+01
2.116556084769105e+01
2.717387598341977e+01
6.209553599455187e+01
6.899269780562850e+01
3.257216067638814e+01
5.080687908958964e+00
8.223515613108647e+00
8.078488841689419e+01
4.033168407172509e+01
6.600793156121296e+01
7.560127371717303e+01
2.192497412763768e+01
6.064356773190367e-01
2.239707467257841e+01
3.329815549463879e+01
6.274497451388509e+01
5.083410043773898e+01
3.152479945287332e+01
9.269812865774060e+01
8.447085445954970e+01
2.543338226407458e+01
6.231440951224157e+01
9.419283601184974e+00
8.345997803074306e+00
8.043891400119240e+01
4.450718189799561e+01
4.609990829885933e+01
9.500781381270281e+01
5.191463993485768e+01
6.845405090993924e+01
1.076533594670023e+01
9.798009265120146e+01
1.453897148116444e+01
8.194369044245391e+01
1.150379255949696e+01
7.919905813373582e+01
8.702437835141289e+01
7.519630606993861e+01
1.697558435470591e+01
2.735606237657185e+01
4.120423758458544e+01
6.471296542543590e+01
4.928103650420952e+01
7.284761908131075e+01
3.052941329336232e+01
9.324479852488487e+00
4.555647775789558e+00
3.794414048918716e+01
4.084927930536180e+01
7.377814463050018e+01
5.218604726353010e+01
9.932679748131279e+01
4.536353570658878e+01
7.086622443556145e+01
7.672795237820966e+00
8.761750244890223e+01
1.537340633355705e+01
8.652842109395583e+01
6.667945527782638e+01
3.998881272971109e+01
6.442209094037399e+01
3.882722102051005e+01
6.224402825452575e+01
6.952144348505952e+01
7.307052275774559e+01
4.941695744610250e+00
4.872050157222920e+01
9.244871176427635e+01
6.218736798604362e+01
3.783219328049206e+01
3.734548861968587e+01
2.134223939913429e+01
3.551034882455615e+01
5.208741298508244e+01
6.315291270760489e+01
6.603976211791847e+01
6.141189283757092e+01
6.770856048339445e+01
4.301584849274524e+01
2.261172142932737e+00
6.241519235186986e+01
7.978538655665955e+01
8.832947252706134e+01
7.778728058458645e+00
9.221885101507364e+01
2.661896204884115e+01
3.628279591737446e+01
9.070242004967407e+01
1.818442736667787e+01
4.204733112922280e+00
9.538194467098543e+01
8.260651835361800e+01
1.068697846992266e+01
3.335084995876571e+01
3.765129849205320e+01
1.485999488032423e+01
9.398231538663725e+01
5.487846683472324e+01
7.308706598034457e+00
1.843054756449095e+01
2.420399334477447e+01
7.736960480798483e+01
7.233713281915389e+01
2.674915205070244e+01
2.945701779306728e+01
6.135220139350379e+01
7.763548436464531e+01
9.086891063063820e+01
7.063426015462460e+01
2.065133281082443e+01
8.488616239507039e+01
1.212096522195310e+01
2.378907661130143e+01
3.832329112958317e+00
1.091218791478881e+01
1.600792762637507e+01
1.166655105150610e+01
9.706905470093203e+01
7.140105956764941e+01
2.985097846475010e+01
2.360474473033321e+01
4.913602212869377e+01
1.245749677180196e+01
3.429172320025587e+01
1.338541042682967e-01
4.937982780364334e+01
5.668077294560185e+01
6.335283204137945e+01
1.798310816194076e+01
7.967865703612503e+00
5.685694741870135e+01
5.995562121270021e+01
8.643674761356635e+00
9.662973442889272e+01
8.670477326340264e+01
2.818451362111816e+01
9.955543410012287e+01
3.109124024915101e+00
5.663398888736683e+00
9.393011703804606e+01
4.711281417268925e+01
7.833746898841926e+01
9.706357689437623e+01
2.906514319082030e+01
8.025303696293990e+01
7.975764762598912e+00
8.690981841036576e+01
9.191958801444601e+01
4.016597286805789e+01
2.065383480892229e+01
2.177056643262998e+01
4.019727871762462e+01
6.978985698418219e+01
3.422806320443193e+01
8.201805678290225e+01
3.916037363892438e+01
1.732812063644087e+01
3.869882968193797e+01
2.513205633737709e+00
5.307974850436661e+01
2.688309179008151e+00
2.051108350069778e+01
1.303536967050069e+01
1.198221790230936e+01
1.389536904818163e+01
1.504849824823835e+01
2.677670620697397e+01
6.710721858176740e+01
2.849266958818430e+00
3.244010514227678e+01
6.103733557324732e+01
2.299207589728389e+00
1.130527314325109e+01
5.810091242105743e+01
3.136435078054869e+01
9.347507129119479e+01
6.607667718365634e+01
6.087262977886601e+01
6.096160554371849e+00
9.345245356366618e+01
8.152646458778831e+01
6.231592412214536e+01
9.265677537427133e+01
9.117855033426478e+01
3.026421695494290e+01
7.467483211060745e+01
1.640628651548470e+01
5.673754595068169e+01
4.838210057857545e+01
8.006042259748114e+01
7.205335869083804e+01
1.606197097155357e+01
1.502562170616613e+01
1.370745576625106e+01
8.700906591816296e+01
2.892099080091389e+01
1.344759870015439e+01
1.378577207857080e+01
9.602820938268127e+01
9.483433784676451e+01
4.622587722084759e+01
2.129452201598069e+01
9.713354543649291e+01
1.118352981805034e+01
9.049112759087753e+01
2.849789617047547e+01
8.894608774639018e+01
8.124313446751010e+01
8.937052594934150e+01
1.075476166361699e+01
7.469558798461016e+01
6.098137714945775e+01
1.752907760326242e+01
4.790092331725216e+01
2.221331201596805e+01
3.334902694139118e+00
4.883378145696305e+01
6.856621395264109e+01
5.092724028552288e+01
9.721588203553850e+01
5.679907931797164e+00
5.159932638127326e+01
7.224272995825984e+01
2.070552963796329e+01
8.716247658578794e+01
5.925179582985667e+01
4.962652043887717e+01
7.875438089424482e+01
7.303756795499361e+01
1.319042407590450e+00
9.505124655321764e+01
1.926344512927506e+01
2.720274637788662e+00
6.131019329713201e+01
5.737758207012786e+01
1.310469196788254e+01
4.114407209732759e+00
6.203618317937300e+01
1.588934330078277e+01
9.348493315907425e+01
7.802129633632549e+01
7.113349129032972e+01
4.311197951580955e+00
9.555037393958791e+01
1.903441460758188e+01
5.647112538873736e+01
4.919653327632534e+01
4.161017003544148e+01
9.928524279933667e+01
6.155757748594395e+00
3.900368029205300e+01
4.965150684567704e+00
1.188058131927651e+01
1.124641025031284e+01
2.567068032253100e+01
9.904305790506446e+01
7.049820608016951e+01
8.977258493647565e+01
8.269168575419657e+01
4.353577398859699e+01
2.095193053640050e+01
9.083550949154213e+01
6.279921916443818e+01
2.367220522075528e+01
5.214570274210800e+01
5.886374826490123e+01
2.680988368895365e+01
5.788146520866150e-01
4.519112517367635e+01
4.269922703630255e+01
4.390863550077594e+01
2.321242151000184e+01
1.451425781218068e+01
4.821983345235690e+01
1.876279540302362e+01
3.286713288764801e+01
8.536766198713688e+01
8.874904014577579e+01
7.447730292308950e+01
2.972829808934047e+01
8.887281370762400e+01
5.203689013236988e+01
3.392273841142782e+00
4.059591365074549e+01
8.160786548704276e+01
1.528873574700613e+01
8.326485244709293e+00
9.058418389902644e+01
1.602697713115577e+01
9.101817104547200e+01
4.587629784172228e+01
7.118604428655749e+00
4.424556817125788e+01
4.736246403649564e+01
2.082379614972686e+01
8.898398489178344e+01
3.586149105609464e+01
7.676900945453393e+01
9.697008561201864e+01
8.105261622977099e+01
9.033290687498307e+01
4.087872106622845e+01
4.265037693206704e+00
3.197207075169872e+01
6.305248367742286e+01
2.302783314279645e+01
3.703275804269722e+01
4.842014561799361e+01
4.911856695502929e+01
8.869641851107423e+01
2.351781135588783e+01
1.167776748150483e+01
6.354695109815660e+01
2.691008519703061e+01
2.096119486771580e+01
7.646233536138308e+01
5.316447743827686e+01
2.928768015899122e+01
3.573900039109355e+01
2.856577799123049e+01
2.030585115789708e+01
6.000684856437466e+01
7.631005899808838e+01
3.386871690576370e+01
2.897776222274534e+01
7.531371734818151e+01
6.148265840554734e+01
3.520397447757608e+01
5.208272675614931e+01
2.723007338458210e+01
6.233011822324718e+01
6.954053969566736e+01
5.565227021260758e+01
8.314713820961637e+01
1.512610447366075e+00
1.870475384346431e+01
4.351666501886987e+01
7.629882505922524e+01
5.099686218937713e+01
9.482811088432935e+01
2.964937436843728e+01
1.979497727928450e-01
3.062661258998635e+01
5.135583707660243e+01
1.424758695729430e+00
9.213906856819012e+00
8.306788149432646e+01
6.086889703798523e+01
4.542699691160908e+01
3.224965395976307e+01
8.943467507578184e+01
3.505014559954877e+01
8.954143500399843e+01
9.074970152729643e-02
4.955927806420218e+01
4.284271436875812e+01
9.722460484934253e+01
1.104193646974952e+01
7.804668884633421e+01
5.693476421615797e+01
2.414149373031291e+00
5.135566720336474e+01
2.647530386525919e+01
5.806641958563888e+01
8.881023483761131e+00
2.798791431262526e+01
5.172506698953224e+01
6.704061020493536e+01
9.265747363337198e+01
4.389607284399498e+01
8.426232374471721e+01
8.046635961181781e+01
4.409402266335395e+01
9.030245476882087e+01
3.182219664185410e+01
6.698307821852299e+01
1.823527529753525e+01
2.833285021052363e+01
2.785197520994208e+01
4.494335853724897e+01
1.779825865188532e+01
5.703128825734895e+01
5.205063319394861e+01
7.339693655883751e+00
4.682497035098493e+01
1.609911211584653e+00
3.322733996120623e+01
5.167700781099359e+01
4.809121691998617e+01
9.533685953139181e+01
8.611771980585424e+00
7.450014062901033e+01
3.571366650784093e+01
3.508707584584461e+01
6.901785869571280e+01
5.923761174047255e+01
6.307499020503601e+01
4.990359002254139e+01
2.627822189884177e+01
8.244748640919452e+01
9.379966291310249e+01
8.595406407767631e+01
6.291384602101233e+01
7.014574951964698e-01
5.602411798016360e+01
3.580189577108337e+01
7.936281891510022e+01
7.425939327769885e+01
2.306889287339006e+01
1.261341642244412e+01
2.071623896281991e+01
8.365139704367677e+01
5.001538919751317e+01
7.097430530515234e-01
4.920352033768013e+01
2.676674263866932e+01
4.962210969516174e+01
8.243086029888637e+01
8.111338544688810e+01
1.556181400807659e+01
7.072588348329342e+01
7.745216799781292e+01
7.221346724415825e+01
9.643190470357979e+01
5.088353219948873e+01
4.123132589330493e+01
8.799128396808695e+01
4.067354497531128e+01
6.197425157854997e+01
9.195538363044867e+01
8.730706576598206e+01
4.746348059152415e+01
3.424079196259417e+01
8.603487735895202e+01
8.614056393790085e+01
9.026490994275777e+01
8.077092002181845e+01
9.023392982326165e+01
6.452430317389047e+01
7.778063457355864e+01
7.811679922887906e+01
5.065508589644687e+01
1.964446120878889e+01
7.297805793256408e+01
1.507378011712515e+01
6.884798159303516e+01
7.452824650077532e+01
9.869386446601425e-01
5.127884184535539e+01
1.833578474742164e+01
3.354556045194416e+01
9.170497068749040e+01
3.309379989891024e+01
7.091373250396632e+01
9.814452067862476e+01
6.768113918028826e+01
6.793359921683259e+01
6.382168236366551e+01
2.465087702714413e+01
2.159741694182037e+01
1.844045539313948e+01
4.777190836508382e+01
6.906089753334453e+01
5.268124735573365e+01
3.380678572403583e+01
4.569898026329417e+01
4.294615729849141e+01
8.190764751374147e+01
1.120236302316299e+01
7.470460425815760e+00
1.841751854793053e+01
6.761466216650543e+01
6.844641294723675e+01
5.908728393683550e+00
4.059272005250338e+01
1.981124185016902e+01
5.149879164597895e+01
1.160891256835727e+01
2.079818049482916e+01
7.247787885017594e+01
6.725054446945458e+01
1.949844575463722e+01
6.449195736297033e+01
4.211846228787604e+00
5.202064404823847e+01
6.232737016972497e+01
7.189298545564198e+01
2.557236609308625e+00
2.614905248682436e+01
8.972553400775675e+00
7.667654658512983e+01
8.192611848093854e+01
5.674446181242562e+01
3.623496291052316e+01
4.653353479063769e+01
3.333732110137927e+01
6.503062134842882e+01
8.947969208912909e+01
1.524496856855460e+01
9.313630619698033e+01
2.125643925799822e+01
2.354647173711400e+01
8.245546840245625e+01
1.819433798929413e+01
5.426599381224532e+01
1.788999695232603e+01
5.451230367390081e+01
8.095399177677650e+01
3.114504699182932e+01
3.031227455023317e+01
1.906285249584487e+00
9.839559150785003e+01
9.666128828966119e+01
6.639824261255481e+01
9.873993582964872e+01
4.868193229133353e+01
9.235449535416183e+01
3.315288835817617e+01
4.278013517278253e+01
6.091142681469742e+00
9.203416565062207e+01
1.018783567016378e+01
6.161861478426430e+01
3.316295837665115e+01
5.569164462186939e+01
8.152149528335849e+00
6.650027947803041e+01
3.762558774912058e+01
7.095005506228193e+00
4.445882809556035e+01
9.551362944557967e+01
9.458199413240979e+01
5.667849860930746e+01
7.281090634540232e+01
1.277633207513780e+01
9.746050001003803e+01
9.070090334429449e+01
6.728863574903860e+01
1.339121102978997e+01
6.389854371729239e+01
5.788066557509855e+01
3.184636232063470e+01
7.605009445736654e+01
7.691385879968939e+00
4.946108239212123e+01
3.730999735990073e+01
2.144587199270999e+01
2.940317258676662e+01
7.046288571807690e+01
9.069441966279150e+01
4.181656159545135e+01
3.612984881556120e+01
2.698831261461057e-01
2.351157643064464e+01
3.164406234009380e+01
6.584274599600711e+01
2.714146972966449e+01
9.814434181812422e+01
3.468333745127699e+00
9.219167478950306e+00
6.869717928054612e+01
3.423022764466248e+01
3.801161564793978e+00
3.656808842745055e+01
4.744758994665350e+01
8.064221696958049e+01
3.416297903012623e+01
8.020108667211657e+01
8.210607947879755e+00
1.257747077037462e+01
4.409963034284284e+01
6.609127356954444e+01
7.620128815816776e+01
6.393765521419126e+00
3.273272059519437e+01
5.789702705009702e+01
6.742783652964413e+01
5.417859258790435e+01
2.328808802333106e+01
1.152351969458327e+01
4.426064009045281e+01
7.376382284507334e+01
4.765336851014447e+01
4.453052321659891e+01
8.229397976877819e+01
3.256184474218723e+01
8.838521092589255e+01
8.878632508627433e+01
5.680019592717299e+01
7.250209090882078e+01
4.367192468776923e+01
2.549737516115297e+01
7.491701151007646e+01
6.259844641322197e+00
6.219985422780731e+01
7.353136226233624e+01
1.838414781651653e+01
6.099151263990975e+01
5.373244888788668e+01
2.250277252053040e+00
8.940304028308161e+00
9.983366359948818e-01
6.120394312832688e+01
9.809659267687080e+01
4.225844705582523e+00
3.498660257784026e+01
5.599361968040169e+01
7.165368123522666e+01
4.913037132896966e+01
7.053714057921299e+01
2.901780425059507e+01
9.339101141942247e+01
2.931954382421428e+01
3.083056943995439e+01
3.792153463602138e+01
3.890370286018760e+01
9.512756536487842e+01
8.000258588232221e+01
2.104897299830288e+01
9.214881886362510e+01
7.602442525142079e+01
2.569552051168657e+01
4.568998522390145e+01
5.094143676149726e+01
7.098074237396044e+01
8.253859397142129e+01
7.147126503822918e+01
4.588632250478786e+01
4.353010656476491e+01
1.715384382622030e+01
4.813659975684089e+01
1.319297673795045e+01
1.815218050878131e+01
1.419941667197245e+01
6.655711385726795e+01
8.012937958358293e+01
5.307436597211024e+00
1.380616636658374e+01
9.891531909765457e+01
5.443780797274681e+01
8.434330694579674e+01
8.209251998089837e+01
4.782881934560314e+01
6.916120791303049e+01
1.292308937428663e+01
8.575035398162453e+01
2.527637431643734e+01
7.631550360299437e+01
8.927268832422453e+01
3.575493871968004e+01
9.650811366574285e+01
6.529711357564530e+01
6.145045923136662e+01
2.199994266126302e+01
1.623855029057644e+01
8.202698737477277e+01
4.538536586118180e+00
8.783173486023756e+01
3.990979131306977e+01
4.806864315088310e+01
3.447666928846234e+01
9.290526485671535e+01
1.349405414121880e+01
5.262884979724365e+01
9.333121399084628e+01
3.409070159964762e+01
3.275822938082657e+01
5.629070073193437e+01
4.789686796623136e+01
6.224819871701682e+01
6.216026645254357e+01
3.988185340533120e+00
4.434071865134906e+01
9.052778598411372e-01
7.314939325356362e+01
8.230806704718063e+00
8.665563184146566e+01
7.117939990534418e+01
3.357931162863007e+01
7.592832016569020e+01
1.750474722008442e+01
3.008742524780679e+01
4.122543369476936e+01
2.855099222089676e+01
7.228552413745109e+01
5.746398398534580e+01
1.057797954910341e+01
4.850102804997052e+01
7.478680944758784e+01
2.211292089061482e+00
9.656967120085362e+01
9.263478689484057e+00
8.518684822376204e+01
1.006372534207242e+01
6.189232853329383e+01
7.851806216804221e+01
8.707978319706385e+01
8.528337105423370e+01
6.788417886378438e+00
2.623523074492590e+01
6.780422565890673e+01
6.894868433892199e+01
5.847540561038787e+01
9.187228842259957e+01
6.053426445486688e+00
4.378431199294716e+00
4.913609644823526e+01
9.720019255634407e+00
7.555783110463891e+01
8.271540807686533e+01
9.372240104420221e+01
5.893258962730532e+01
9.586759893962537e+00
3.494783469240546e+01
3.735229151200144e+01
8.508835746212320e+01
1.361471084580510e+01
3.219155004815736e+01
7.461819847795097e+00
8.645851178395493e+01
8.267932091033055e+01
9.861995060863903e+01
7.233776136875980e+01
2.607235658265294e+01
8.683675904145312e+00
9.428825275706512e+01
7.064082975063512e+01
9.576345910120916e+01
3.300499316910514e+01
8.335849167004157e+01
3.299714812682809e+01
2.710319348941706e+01
7.803071363737374e+01
6.697457300823861e+01
1.118035479969362e+01
5.836060245445026e+01
2.772361586230044e+01
2.978229756922568e+01
6.808062171008467e+01
7.140881604114958e+01
5.082698634398495e+01
2.803167022207364e+01
6.447139436587290e+01
6.362981966865706e+01
5.663431503653261e+01
8.608496486492686e+01
8.054251991237631e+01
4.804529796729111e+01
7.069647119878627e+01
8.259279932016172e+01
5.670753766629265e+01
7.763239060418326e+01
8.121274988223462e+01
9.170603286088725e+01
2.702819235950158e+01
8.989642583294605e+01
3.006046811587199e+01
3.598266096598593e+00
7.554136224814754e+01
6.306546128497713e+01
8.695675781320629e+01
6.503480824876335e+01
3.000836899970116e+01
3.926393377560374e+01
1.106406562545526e-02
7.505503486611649e+01
9.762453623005401e+01
9.586204904870226e+01
4.837332388776043e+00
2.356650169173558e+00
2.941995986244639e+01
6.792241552282238e+01
9.373682816221232e+01
3.174225940915861e+01
4.923710955737024e+01
7.867577414898005e+01
1.782722422751934e+01
2.977962942318042e+01
2.062016908108265e+01
3.610373914060357e+01
1.237242869677601e+01
4.196499811576912e+01
3.705957496401834e+01
9.358517862557675e+01
6.373005689295478e+00
6.408776732351993e+01
4.558574424385360e+01
2.970655738828078e+01
8.249136390280508e+01
6.914148925297962e+01
3.261173289856488e+01
5.464279123332481e+01
3.417629750174298e+01
6.262010189826604e+01
9.390672500892856e+01
2.967668088603610e+01
1.160395271685158e+01
1.230254467218301e+01
2.591867583148120e+01
2.869938189568901e+01
1.465919484135657e+01
5.533863574049372e+01
9.280784865506358e+01
5.097324724820128e+01
1.337814792682331e+01
4.204495821243383e+01
1.344390400380078e+00
4.237907861470202e+01
7.182458763561425e+01
4.309833587291573e+01
3.209733130973639e+01
4.489485395368880e+01
9.929226622883802e+01
4.437549134920141e+00
2.170115333129705e+01
1.873436491877510e+01
7.963016004284385e+01
6.126379932335755e+01
3.537182925984814e+01
4.731619346296237e+01
3.040528852977105e+01
9.262824249110569e+00
1.958984649721060e+00
1.807962084099633e+01
3.060366401011295e+01
3.661832121974710e+01
3.076726474369283e+01
6.566113977025316e+01
4.892086589193012e+01
7.329503170833691e+01
7.090699866921966e+01
6.358006077985282e+01
6.610462668636097e+01
6.752879608773105e+01
9.560663713869016e+01
9.065648107354365e+01
9.570282869772187e+01
1.765881419072804e+01
6.279222833122697e+01
4.290254183248735e+01
1.891558697396684e+01
1.151837739698513e+01
4.904212739739666e+01
4.582048400576249e+01
2.706077011630906e+01
4.881753076278490e+00
6.455484892453759e+01
4.586003392276356e+01
3.803017830384438e+01
5.924495433422036e+01
5.400712362211529e+01
2.644418237099619e+01
2.722851644606726e+01
7.459350613625418e+01
6.113242696092112e+01
5.783218050274633e+01
1.121182730943515e+01
9.228010498559107e+01
3.979722971087193e-02
6.013269324793140e+01
4.858563227978797e+01
7.094679589893053e+01
2.371275398121809e+01
3.167976328715671e+01
8.713728482236029e+01
7.946881576416493e+01
2.233624431413423e+01
5.821523901923338e+01
4.265311855946347e+01
5.537180400237991e+01
1.117780805154601e+00
9.533543027720202e+01
4.369472076357096e+01
8.736782147892184e+01
1.354328343344074e+01
9.395095156224023e+01
5.811110216104942e+01
3.741640846124683e+01
6.418816748270214e-01
9.924464444594673e+01
6.080631439611610e+01
5.464900529694231e+01
9.579548532878771e+01
2.388987924153446e+01
1.061511356877867e+01
5.692791224314269e+01
7.330785322622762e+01
4.957151983378991e+01
5.938937103347358e+01
9.518699468820682e+01
9.704213035155188e+00
2.496450763426931e+01
5.270865282635607e+01
8.553789890629142e+01
5.664427096799215e+01
9.118424481301766e+01
5.841127143167484e+01
4.403637766094710e+01
2.536266540426885e+01
1.064389944572183e+00
3.435231923794016e+01
6.368835948579402e+01
3.676198815776128e+01
3.653625954712567e+01
2.797892700320991e+01
5.370541119654915e+01
9.519345219954543e+01
6.107801904952061e+01
8.772168009901497e+01
9.583533387437245e+01
6.032266344890122e+01
8.438304284791603e+01
3.220613898346487e+01
5.611814877768892e+01
8.272922042884362e+00
6.109945274009344e+01
9.500329242786546e+01
8.999498178716514e+01
2.354638423935808e+01
6.187366492202211e+01
7.175683871459069e+01
2.984156437676473e+01
5.928690114956671e+01
6.717330988830575e+01
1.076000337990001e+01
3.600144201703437e+01
7.601878143661598e+00
7.576671805035635e+01
1.498195725259462e+01
4.101240175823327e+01
2.273419276938503e+01
5.418826237050269e+01
4.700761197461169e+00
5.395526408867690e+01
9.072452191762837e+01
5.575694216217704e+01
8.091426253361359e+01
7.028261100420849e+01
6.492422524137619e+01
9.198221577889389e+01
4.160556315519175e+01
5.538688295306027e+01
7.636525858024380e+01
9.208990227994039e+01
1.150503168418306e+01
2.208978087738612e+01
4.149453399772501e+01
9.313010754675145e+01
7.463316241029332e+01
6.163188533933456e+01
8.642475762703677e+01
4.639000112488400e+01
9.147344971609928e+01
4.571165873003735e+01
7.085549266583077e+01
1.271784706633438e+01
6.288138402760093e+01
8.650522897322905e+01
7.640178388748402e+01
2.436872819642011e+01
2.751763068489620e+01
9.913597665686905e+01
7.855699056692281e+01
4.169498595488025e+01
2.634482794736737e+01
7.777439494513646e+01
8.797533409110054e+01
7.259090434414843e+00
2.354462422595575e+01
5.289955928591059e+01
5.587585650192381e+01
7.828668704176633e+01
2.313234802481362e+01
3.236696791479689e+01
5.724008966108788e+01
2.125916314369960e+01
5.445674879218301e+01
1.042944458798945e+01
1.438927064388491e+01
9.524156143667250e+01
8.716518384738136e+01
6.191204160540925e+01
3.790245919390696e+01
8.912302753381573e+01
8.879198361597582e+01
7.174854947801145e+01
9.854723960093560e+01
5.734683426904811e+01
1.190576516646229e+00
9.032543967027470e+01
8.171556246546821e+01
2.278081147129685e+01
9.600328067131493e+01
6.027255303239103e+01
5.499920340022035e+01
5.563638571446593e+01
3.450872159307297e+01
5.425446138449686e+01
1.953002648406198e+01
6.911818891256964e+01
9.587409673066534e+01
7.540588298598578e+01
4.740487590776983e+01
5.113215611834645e+01
7.646998021587263e+00
8.044362286126410e+01
8.876947671583363e+01
5.017700071920501e+01
9.087306744925355e+01
5.465487854306348e+01
4.541856210931137e+01
3.967199783756956e+01
9.957106080817574e+01
5.394121103637908e+01
8.348725637583399e+01
5.358903717882421e+00
6.269916289611680e+01
8.203449593020346e+01
5.703227131489304e+01
5.796234368251746e+01
5.932759291461092e+01
8.656898019209922e+01
5.144377613973048e+00
5.533087353935971e+01
4.330330684003575e+01
3.574235855403466e+01
3.149834737717097e+01
7.781202843310872e+01
3.797211392688198e+01
3.918726576454345e+01
3.586537420557131e+01
7.459099272945477e+01
5.903168677307278e+00
3.930797033911011e+01
1.410413729683689e+01
9.826080175035671e+01
3.951253022044549e+01
2.873613966104394e+00
4.843780242299559e+01
2.325842474738994e+01
8.851792383404351e+01
9.385636457887308e+01
8.423848873201688e+00
5.084843889383992e+00
8.056423351194907e+00
7.558512765708618e+01
4.729845507410283e+01
7.075558624731171e+01
4.458728090142239e+01
6.747601896872558e+01
2.452492775606221e+01
3.914873816033301e+00
3.149946678034005e+01
9.461084990511221e+00
1.650421354756887e+01
9.734830595429442e+01
1.338695795898650e+01
4.800256092473984e+01
4.751521239407138e+01
5.135907188586848e+01
8.718982673584941e+01
3.941830682541165e+01
1.433105306435891e+01
6.613461024413565e+00
7.872627716452175e+01
2.843519040776193e+01
8.799117826297469e+01
9.607146172601331e+00
3.130880437386632e+01
3.642898063940414e+01
3.791293769046335e+01
1.448973869648284e+01
1.235530055703376e+01
4.841659271550206e+01
3.854287301122345e+01
1.946867230323547e+01
4.726103918965023e+01
8.584132808532627e+01
9.116731015554038e+01
6.858900127401063e+01
9.749434920842496e+01
2.524392680509199e-01
6.114890820400273e+01
5.153934832268364e+01
2.934632498274852e+01
7.765312179813773e+01
4.061228136560520e+01
7.454976857386053e+01
1.962629008089485e+00
2.404798857124894e+01
9.466777452950727e+01
2.672921308629644e+00
3.507369711765726e+01
8.998827547300060e+00
9.286382333043210e+00
5.168313023246970e+00
3.743401795506199e+01
2.945001010291745e+01
2.092659064611727e+01
6.874282237549444e+01
8.769009839170151e+01
5.883952833658063e+01
2.955176356693346e+01
