1.569751352802735e+01
9.585386630885949e+01
8.992777755014960e+01
5.841351997033392e+01
9.834614819770033e+01
8.741849921057863e+01
2.278208957183272e+01
4.454580989877964e+01
5.748457468928982e+01
9.338445393060542e+01
5.402352360730224e+01
9.808693989090943e+01
2.466146025092409e+01
7.375109948858204e+01
1.249965094611964e+00
1.679170504994304e+01
6.492509868225321e+01
7.723104249557063e+01
6.047613432653068e+01
5.623730940569067e+01
7.619844375932516e+01
5.717992389443327e+01
9.766905070173976e+01
5.903532591603479e+01
4.066545303941958e+01
9.817621717144559e+01
2.427333724884006e+01
6.993308866859091e+01
7.342527731015592e+01
3.329202618137563e+01
2.307421254137261e+01
6.644211316781217e+01
4.188008762052286e+01
4.389946220624235e+01
4.133994730251839e+01
7.915498198902002e+01
1.337224692728941e+01
2.747498994109919e+01
1.893984555217430e+01
8.684162427058519e+00
9.459955985406393e+01
2.118391027729209e+01
2.200821718294556e+01
8.976376982860442e+01
5.832502514045920e+01
9.711657813615938e+01
6.642922450156381e+01
6.381491504787231e+01
8.859724811678625e+01
2.690535878152836e+01
2.005222440699685e+01
5.735825726639398e+01
8.408528272252775e+01
9.076564763242642e+00
9.128321064230204e+01
9.853390683351732e+01
1.287445529032240e+01
6.592020474649975e+01
7.780343507314261e+01
6.235027036739061e+01
7.268365503879434e+01
5.332210122296684e+01
5.600886841118749e+00
7.282433336266518e+00
7.792661473058472e+01
4.694083419020327e+01
9.580248482329885e+01
1.706770286758789e+01
9.500375636620622e+01
6.933377732957423e+01
5.242510016654855e+01
9.285538429061667e+01
6.204887929467898e+01
5.565890695697577e+01
4.027352358227294e+01
8.385503114380643e+01
6.367997436955570e+01
8.288007894665006e+01
3.832236874770484e+01
9.831245429735279e+01
6.968959689591527e+01
8.756376923414123e+01
8.932710289458143e+01
2.439242132212614e+01
5.049774658423743e+01
2.034792696142007e+01
1.862145611952127e+01
6.337220187455984e+01
9.742622659421815e+01
1.330528045692727e+01
9.104714025326406e+01
9.821455781264909e+01
1.607410750169032e+00
2.134557982038035e+01
3.101231149910591e+01
1.320352745857254e+01
3.030745560783309e+01
6.858871349533494e+01
6.864244833991046e+01
1.673448105190624e+01
4.423612479317753e+01
6.393471321274280e+01
3.624682069581320e+01
1.272218390960348e+01
9.081693207417472e+01
5.269767518746558e+01
5.446576040911757e+01
3.686913430544973e+01
3.557775408754951e+01
3.767613146345882e+01
4.990591995879353e+00
6.171201679935307e+01
3.338277397369163e+01
8.276287977712363e+01
3.614493721916570e+01
4.630990896667815e+01
2.270386983766400e+01
9.597308533078669e+01
6.943814534202131e+01
8.937893844646352e+01
9.760529412776478e+00
5.942443164970000e+01
7.397714423666575e+01
2.734455444260712e+01
7.406212122834387e+01
5.674167492275204e+01
5.838048605172917e+01
8.322717122883870e+01
1.421826077355922e+01
1.284662667328800e+01
6.805279947260991e+01
3.713835256040951e+01
2.597944760973540e+01
9.622687347988918e+01
1.166844955257534e+01
6.642829029188877e+01
7.125931469316562e+01
5.658875408423540e+01
6.518082789386662e+00
4.163659882807946e+01
3.921576456130285e+01
6.672813774399839e+01
9.532904959997583e+01
5.301818244765428e+01
5.904506242789564e+01
9.651700835512813e+01
8.993478384331557e+01
9.356959457209780e+01
5.437237664795126e+01
7.867309622404775e+01
4.198076261299698e+01
9.341091997614639e+01
9.425458023057067e+01
9.721535565201908e+01
5.134028552628136e+01
8.243776717336745e+01
3.800264123734210e+01
9.720771578010531e+00
8.691133735091954e+01
9.386596139234769e+01
5.303480110738185e+01
5.536996724799740e+01
3.100431395275719e+01
3.134050892262743e+01
9.520568786897030e+01
9.337408500414998e+01
9.776879921451621e+01
7.154783805438683e+01
7.703536365974479e+01
1.519078603721726e+01
8.346774232735287e+01
3.497569865313158e+01
7.639450583439064e+01
7.296007195159795e+01
5.674877341685294e+01
8.519444758314380e+00
5.405705271012013e+01
5.420748337833560e+01
9.267399799668881e+01
9.164022337256010e+01
6.583999081786722e+01
9.695864757381317e+01
9.173151668707446e+01
5.142569898228426e+01
9.148327507613379e+01
2.915794501507559e+01
2.358509508128515e+01
7.019110916656959e+01
1.266334355467155e+01
7.354372221675874e+01
3.821534297345920e+01
8.442501499523642e+01
7.930986647462001e+01
5.234296296366629e+00
1.576552387129773e+01
1.185816070617091e+01
9.231865214757559e+01
2.289524959535117e+01
8.157747382371570e+00
5.102005077107812e+01
9.744666833311631e+01
3.126050342398719e+01
6.227456785844387e+01
3.003548701761080e+01
7.028197300167847e+01
2.654726739346388e+01
3.855493177592518e+01
7.549819633155046e+00
5.010803963528389e+01
2.606573934949271e+01
9.919004300571514e+01
5.919879565909449e+01
6.151728241775059e+01
6.103317237507234e+01
8.506516557422708e+01
9.173240735741911e+01
3.038058305642595e+01
8.650260608946095e+00
3.240066735651375e+01
4.304392661109750e+01
1.639891421254674e+01
6.357727575282439e-01
8.742071226584757e+00
9.570878068716674e+01
5.870069053894873e+00
6.330167081360783e+01
6.818777982526821e+01
7.518109543024613e+01
7.634971420110655e+01
1.628772724246966e+01
4.211044876934515e+01
5.561102882754572e+00
8.580469004148836e+01
1.114282068384011e+01
4.439750315826270e+01
1.610083482977973e+01
1.502298140666586e+01
5.825910971418913e+01
7.901927553071607e+00
2.494783020808726e+01
2.746981681672382e+01
4.193028437063577e-01
8.067515286648420e+01
8.701375624491541e+01
1.910596267278584e+01
2.260305379638590e+01
4.400817046128594e+01
2.408081531714686e+01
8.527181934810794e+01
4.066968003319096e+01
9.253047238687540e+01
1.670733560654676e+00
4.941634268007071e+01
1.272543613460168e+00
7.853434932349917e+01
3.096606579188540e+01
5.472700821921556e+01
6.760384918544621e+01
5.695560498021338e+01
7.486575882642799e+01
8.389157647448199e+01
5.732945541726866e+00
7.143851484704693e+01
2.971043830258326e+01
1.687576627213311e+01
4.032489575460781e+01
4.718923878259456e+01
5.864710894350294e+01
6.382233740939868e+01
6.946192759529777e+01
8.243317882643694e+01
3.885121584816427e+01
5.052900223551737e+01
4.208288436852530e+01
2.896057536311475e+00
3.150661426200839e+01
1.870444306112102e+01
6.757855767737075e+01
4.057184520204171e+01
5.912275060970465e+01
8.927336846910107e+01
4.277937684337579e+01
5.646995969883630e+00
2.346716053945346e+01
9.066600570951869e+01
3.026510171138919e+00
1.135414122201230e+01
2.670020797601911e+01
7.063035940315126e+01
7.275236415339278e+01
5.040299480334064e+01
3.838547889068046e+01
7.848530974168577e+01
9.470892967409870e+01
7.435079290268514e+01
6.525766386895332e+00
2.746185382244263e+01
4.166731952767228e+01
4.358537543731992e+01
8.235296089311734e+01
2.302350039734668e+01
4.534676114346216e+00
5.317632339577020e+01
3.306254471329159e+01
8.933944631802825e-03
9.356507570183140e+00
6.220755170202234e+01
9.295789082206689e+01
5.796019600609327e+01
7.890224371985637e+01
9.508249638373148e+01
8.092317407993747e+00
1.425642362528314e+01
9.156251325810445e+01
1.064416245121703e+01
9.918909161313860e+01
9.914451157634356e+01
2.046912010780960e+01
3.472294450491804e+01
4.860213154396141e+01
5.796998262310865e+01
3.505325961627684e+01
2.605128252229247e+01
4.326744631084960e+01
5.595917885934896e+01
8.735644146211280e+01
3.446359435769897e+01
8.342103272835773e+01
7.018964820084611e+01
4.378275058408396e+01
6.577399357490893e+01
1.690566340317282e+01
9.300645542936699e+01
1.471636938616464e+01
2.627569326491826e+01
6.981023879247263e+01
2.799377493932553e+01
7.144937411483814e+01
5.547199601096659e+01
3.736832059797287e+01
2.932234943347161e+01
3.775002152554226e+01
1.407744531243920e+01
9.846504786911655e+01
4.918954742568990e+01
8.281479640063587e+00
2.575917729444763e+01
2.111847443558205e+01
9.632231886327375e+01
6.527960722580533e+00
3.957260844277805e+01
9.045300124699855e+00
3.607251692380407e+01
7.888751843892388e+01
3.088622560300223e+01
7.980818524016449e+01
6.624395985447055e+01
3.624293340195107e+01
5.370560556357056e+01
9.983367198139135e+01
6.085586401673773e+01
8.425823989522561e+01
5.780529331313693e+01
8.003468768672770e+00
2.415439874127247e+01
5.570445640743917e+01
3.387351447431068e+01
8.665298721131542e+00
4.129225250393723e+01
2.317021974510058e+00
3.912163252901362e+01
5.222317355322799e+01
3.354220736471108e+01
2.402887629532668e+01
8.483571516575093e+01
4.361873014998563e+01
3.829644524412996e+01
6.559962065219862e+01
4.902750726278289e+01
1.256555854928007e+01
6.493199703513271e+01
6.952483661916332e+01
1.105485228405094e+01
5.988250847900402e+01
6.430449479459995e+00
3.800860458892240e+01
4.243905406558842e+01
6.992243662007267e+01
2.168810578141739e+01
1.347654867613528e+01
5.356648510953713e+01
8.936151749890368e+01
2.913217201322884e+00
3.893714120562055e+01
7.826476948254964e+01
5.182810935742599e+01
8.306935251833374e+01
3.771252871384496e+01
4.424883054767215e-01
3.159146221894373e+01
2.832497923091286e+01
9.305916540001479e+01
5.689519818727635e+01
8.140560420295485e+01
1.771554472749845e+01
4.173091330646114e+01
1.815180541861421e+01
2.216654947128452e+01
5.836826160474133e+01
1.643088148740627e+01
4.502270661528348e+01
3.414250106277992e+01
9.368372843306685e+01
1.540192599194214e+01
9.515340938007152e+01
4.219609463689667e+01
4.508178245512852e+01
5.605811698178673e+01
3.916613014376077e+00
8.639405280649385e+01
1.454776530831482e+01
1.852745936183607e+00
7.313009522535377e+01
4.255980231918385e+01
2.921764204707818e+01
5.344311709210422e+00
1.700223796861350e+01
5.715526671016369e+01
6.556404985746558e+01
5.396538374664512e+01
1.974874959315581e+01
2.702124017617723e+01
1.599274138733407e+01
4.031115301899200e+01
3.860350765222847e+01
1.025717938796486e+01
5.591178748566274e+01
5.543673795435426e+01
2.358065406958603e+00
3.847687204297486e+01
5.932665646976169e+01
5.728411630600883e+00
4.624763002910075e+01
2.746876055722533e+01
2.113033762254302e+01
3.044761686141026e+01
5.637767867016498e+01
8.583628464761949e+01
9.970098794424021e+01
7.358146820849807e+01
7.223033740754721e+01
5.346464154006198e+01
8.208301946617803e+01
3.041854762957364e+01
9.594150078293938e+00
2.848840408422445e+01
8.529782559969361e+01
5.153479354993198e+01
1.693885071060567e+01
7.983873904675185e+01
9.269936270671867e+01
1.585970926837051e+01
5.233521002919191e+01
9.143612137596874e+01
3.395115790606996e+01
9.875058247649605e+00
3.493167252043806e+01
9.542124867226055e+01
9.730640034997202e+01
2.750247285119373e+01
6.644038677515481e+01
5.663305677316760e+01
9.066178611976177e+01
2.976501627348597e+01
4.448795506939662e+01
8.363984859718003e+01
5.185006216720215e+01
1.415281021695249e+01
6.947613319823338e+01
2.635429344435888e+01
9.653805102991781e+01
4.170647060578059e+01
7.900670747226415e+01
4.620706520332353e+01
4.974063991091244e+01
3.746037550152297e+01
7.469546928754797e+01
7.979965609488993e+01
5.893837169694638e+01
4.453351364682126e+01
5.438625680021302e+01
3.438175163901492e+01
6.039322291519177e+01
1.798115042875574e+01
4.609552633301146e+01
7.916979527993584e+01
2.000214169733326e+01
5.096228041265266e+01
8.214235151286347e+01
2.638008972927001e+01
5.794770860017636e+01
5.555295872294948e+01
4.339928424144131e+01
9.550222027837401e+01
6.661155729862467e+01
4.667133588654517e+01
4.097068078861138e+00
3.192029252272113e+01
1.932799165105819e+00
1.068368750190534e+01
2.197390944788880e+01
8.977432795324098e+01
4.587499920552364e+01
1.754079289619848e+01
5.294282052337324e+01
6.065293683700866e-01
8.602284988668880e+01
1.852386292001412e+01
5.677823054454208e+01
9.889454394527458e+01
6.305737656683539e+01
7.581801171219816e+01
1.610709736873726e+01
2.345059943546103e+01
1.006102194546770e+01
6.220262370174873e+01
9.467731727970640e+01
4.142232329650890e+01
2.582463339242369e+01
8.379725100649392e+01
5.780956291491611e+01
2.131694160463146e+01
3.109556689443792e+01
4.534468042913111e+01
4.177416113287870e+01
1.427359549062028e+01
8.176012434147305e+00
4.587122921173984e+01
4.685493747091616e+00
9.389813011228020e+01
1.944443048883436e+01
4.540193325160161e+01
3.443958881983514e+01
3.472410232514334e+01
1.679748954102280e+01
1.352371141012931e+01
9.712723325804212e+01
4.504968889292781e+01
8.145578628473720e+00
6.042060934026754e+01
9.681158210002425e+01
9.147494234679031e+01
6.286291571467319e+01
1.291867946876152e+01
6.043241478522886e+01
5.749340064706905e+01
7.512130317051025e+01
2.928856994457942e+01
4.245199879745580e+01
3.849053617496534e+01
9.186088940681000e+01
8.076044357417173e+01
7.673096814040605e+01
2.875217806024113e+01
2.610512395673670e+01
2.976538940787566e+01
4.302577355086141e+01
4.358938943761838e+00
4.745286817078146e+01
8.921966161076895e+01
4.246855924952243e+01
6.689729865961583e+01
3.893059652248891e+01
3.025871991657592e+01
3.100979776634360e+01
5.572808606351170e+01
3.116194188183264e+01
3.619259988711802e+01
7.567189097202936e+01
2.578670788825802e+01
7.095002735543532e+01
3.452577550640599e+01
2.736760709777829e+01
5.299935832293674e+01
4.744445497516750e+01
5.403578237352696e+01
4.761612324398762e+00
3.890734624066732e+01
5.172785117837034e+01
3.620772521766262e+01
6.636179530358025e+01
6.589574374533061e+01
6.735444398008028e+00
4.234958139357603e+01
8.657963899270614e+01
4.245066872912025e+01
1.356917806601579e+01
2.960541254356756e+01
6.641797337979915e+01
4.017599315390736e+01
5.783221323873485e+01
2.529658294529495e+01
3.892270663702987e+00
8.832459956795191e+01
9.249582439311585e+01
7.162796001491508e+01
1.876164088899346e+01
1.013695360633403e+01
7.291698449892783e+01
5.119795010015273e+01
9.389054542122899e+01
3.084557225501424e+00
8.572372560655872e+01
7.537831686221917e+01
6.185793846932144e+01
8.322081225142853e+01
7.526538692194288e+01
5.010574951307184e+01
5.573393872740397e+01
1.969461698070849e+01
1.952143219277329e+01
9.167336113363194e+01
8.628123350733948e+01
1.871963884621842e+01
3.765400514828693e+01
4.048185005806473e+00
7.184088033244055e+01
9.153070207290850e+01
7.139346859017083e+01
1.221321076723431e+01
2.999769539106530e+01
6.775546994421420e+01
3.750979375909539e+01
8.408174202036194e+01
9.331539659449616e+01
6.641021942086994e+01
5.210251968917555e+00
3.899489717511223e+01
7.280883559622282e+01
7.812723646784538e+01
2.417114443339926e+01
6.264047145966462e+01
5.237050496617822e+00
4.938848928985581e+01
1.982202288686392e-01
7.822774354285922e+00
9.084753416983760e+00
5.937620082841077e+01
5.792852386735776e+01
3.037378100230069e+01
7.976169054385353e+01
5.340938407620853e+01
3.224907877494073e+01
9.945497917917324e+01
4.602468830813872e+01
4.407317272577117e+01
7.009110905699949e+01
4.019256440931585e+01
7.936234645515789e+01
6.771035830849333e+01
6.485572302008779e+01
9.360041799657067e+00
7.071025942950988e+01
9.804587932212551e+01
7.713981269725589e+01
6.097696878061488e+01
6.071776126544817e+01
5.609874443900713e+01
6.549027909780399e+01
4.807621326673600e+01
8.119552232380748e+01
9.016471323099206e+01
4.225909385935361e+01
4.220722957617009e+01
4.543906177647369e+01
1.529532247935204e+01
5.399045862908962e+01
7.974182003165680e+01
2.357118689621388e+01
8.662203857052235e+01
1.011560103395749e+01
3.082155712452790e+01
7.814941246907665e+01
2.159365672692361e+01
7.691555427243727e+00
9.384856903639090e+01
5.205176530967083e+01
8.765123281052858e+01
3.404113339914062e+01
2.021893342967095e+01
4.312640970718414e+01
3.210683447872606e+01
2.778492478084980e+01
9.082741937172945e+01
6.303150880291663e+01
6.826023946900864e+01
5.180438810577821e+01
2.373840395535268e+01
7.348593951830918e+01
3.762832662911542e+01
5.727586683690355e+01
1.045611855129531e+01
2.122149710600334e+01
8.253130194848930e+01
5.204230013864222e+01
7.953603127018364e+01
2.590486846207868e+01
1.998362858778966e+01
7.836983747704413e+01
1.123647639119834e+01
3.652765142569675e+01
9.037021765968308e+01
7.715877610126454e+01
3.716036925891432e+01
6.956686180530436e+01
3.444042472841238e+01
3.389918097942098e+01
5.736946177546376e+01
1.035133125742494e+01
8.758528776820064e+01
4.312258066754908e+01
7.745324861139676e+01
6.103521052796170e+01
4.451742700511470e+01
3.987736890086781e+01
1.211343799350478e-01
7.963567496260427e+01
2.008505604233828e+01
6.897729745552749e+01
8.583205360259491e+01
7.186131010384361e+01
5.968851505764226e+01
7.483598504906334e+01
1.201389451139322e+01
9.267898774364916e+01
2.687828514113943e+01
2.182453070852185e+01
4.026689452131600e+01
6.817644460507502e+01
4.913432022982013e+01
8.227805778490290e+01
8.088543693576261e+01
3.341657194933694e+01
9.938620408037036e+00
3.807447237804274e+01
5.110904129739341e+01
7.546238111120761e+01
8.301187245315494e+01
5.303082505847831e+01
4.813747808716143e+01
2.955167774555817e+01
7.883021891062624e+01
8.310792547795359e+01
2.376046405348949e+00
9.983917535275182e+01
6.892962919963972e+01
1.139560067625511e+01
6.547881549479385e+01
3.826389542699972e+01
6.896155507721079e+01
6.924196661880332e+01
6.764756164869645e+01
9.509292132923981e+01
4.407795162130052e+01
9.873097678587351e+01
5.217706693903406e+00
7.095623676243994e+01
2.102190755355261e+01
4.450969963544500e+01
9.608278241757432e+00
3.941522270413824e+01
4.019148090863204e+01
7.081641013306398e+01
1.352023846168082e+00
5.871201095111296e+01
8.030412186882650e+01
8.383758551619835e+01
6.609046597317348e+01
2.227051184618404e+01
4.241338257790235e+01
7.470562428920792e+01
5.182218963830834e+01
6.831381147183190e+00
6.936148231353680e+00
3.820683669215386e+00
6.670556453368885e+00
4.740070227878201e+01
5.452926892532467e+01
4.766319880618862e+01
4.313403677341250e+01
8.652580850130217e+01
1.690516542499194e+01
7.138301686913847e+01
3.515268482042136e+01
6.346011476752354e+01
7.477107652219527e+01
1.834352245477192e+01
5.159947217982238e+01
5.245746157712185e+01
6.838348930160677e+00
1.022987994841760e+01
9.981011878690222e+01
6.582187929461799e+01
5.390640867590272e+01
7.872987928741139e+01
2.453389019916481e+01
6.728059750389336e+01
2.907607482237558e+01
8.774694939504701e+01
8.955110935007740e+01
8.540222630156308e+01
2.024332388315505e+01
4.137329894181961e+01
5.724558050615973e+00
7.637156950140911e+01
7.585607244440172e+01
2.246120470690597e+01
9.732770616995529e+01
2.807541500221725e+01
3.345783112266000e+01
4.652855063161280e+01
9.733222378293621e+01
2.552869311791318e+01
8.467486271852389e+00
2.171515539368389e+01
1.301305043185737e+00
9.834721893926486e+01
9.327998975910245e+01
2.401019121706960e+00
4.842045719196110e+01
1.631562342695688e+01
3.838005687034692e+01
7.085269450715403e+01
5.929367107306312e+00
2.535653250541376e+01
2.696045521970860e+01
3.725116943812518e+01
1.861243365267871e+01
4.677373326698957e+01
1.298955265106147e+01
5.969536111675918e+01
1.906642793634274e+01
6.158369260913864e+01
2.356153825463799e+01
9.819050379944522e+01
6.764093356562822e+01
5.650509235286390e+01
9.159649009425030e+01
3.990969757545260e+01
9.865917912621944e+01
7.737308832694455e+01
6.990781681142180e+01
1.566451858527237e+01
9.976014741685249e+01
2.241666415818812e+01
2.888063240278542e+01
7.915207728704068e+01
8.280395724941229e+01
2.512029401265098e+01
7.233533490092276e+01
4.079583396240875e+01
1.334561384904460e+01
4.779252947670991e+01
5.168652867511219e+01
6.705987847738893e+01
8.617413406547817e+01
8.505700583805191e+01
3.505450819388707e+01
6.394634990205353e+01
3.183073905847536e+01
7.583381355546128e+01
5.814384238708013e+01
5.089716704138423e+01
3.741750611803378e+01
8.751186737209180e+01
4.908767079426332e+01
1.814138540911553e+01
1.735189031686256e+01
8.513467809424489e+00
8.540799230588972e+01
5.785654744033540e+01
7.802056925279115e+01
2.428902924260545e+01
7.352106607217391e+01
7.778071662307751e+01
8.384929424331024e+01
6.428563104210684e+01
9.747381508232738e+01
9.530497798477532e+01
1.519144909232457e+01
5.670773259210760e+01
9.467279398565776e+01
8.209306717947734e+01
3.724778994789710e+01
6.077745280264758e+01
1.538855667011279e+01
6.690309521132292e+01
4.583445859413336e+01
5.579879770791102e+01
1.553231878929414e+01
7.766519765260871e+01
9.848712575551454e+01
6.713862534013512e+00
8.205178788958666e+01
8.563160662801546e+01
3.487201888806747e+01
7.459230603398397e+01
5.672281494211536e+01
8.626794446551610e+00
1.072284230530394e+01
1.541049313517776e+00
6.648334193345315e+01
6.123861640749435e+01
3.141384759518032e+01
4.000440795906093e+01
7.956035415621491e+01
6.510495974919989e+01
5.090514796362498e+01
7.703416919197615e+01
6.040993768740908e+01
9.922629678585861e+01
9.694552887088877e+01
8.704845364533759e+01
8.028664029216704e+01
2.734353930100032e+01
2.364024940116343e+00
7.432950822372433e+01
4.442737681997352e+01
8.938765762810952e+01
2.328686277535132e+00
1.148867393447490e+01
3.730191478380091e+01
6.486083653981837e+01
3.363585673907578e+01
4.154590467994376e+01
5.538296087429997e+01
9.482388524097571e+01
4.351431491948399e+01
2.686443968064359e+01
2.971140669179680e+01
2.922180287038060e+01
2.962478158512376e+00
6.329990721461359e+01
1.174133583518739e+01
3.437632575369269e+01
7.683545349949759e+01
9.503612778849720e+01
2.204913502654486e+01
6.708037777202222e+01
7.207029693390722e+01
7.136603476077599e+01
9.354464327615902e+01
6.901582580479599e+01
2.693292080747565e+00
2.360433271322601e+01
9.469098942107101e+01
2.671828755490402e+01
6.029619847438121e+01
4.998158824163563e+01
8.635500473266234e+01
5.445063186551008e+01
1.045063729884598e+01
2.365691946989713e+01
6.172539902000008e+01
7.856565251879657e+01
4.226270324655935e+01
3.387621605483639e+01
3.913961967413296e+01
9.816437666218931e+01
6.074065573547998e+01
4.794501040500822e+01
7.935724629990628e+01
6.370313394055847e+01
8.121591968518493e+01
2.748444631112946e+00
4.274658562743412e+01
2.789498452464817e+01
9.778457241961014e+01
9.756074519714375e+01
8.484037573674711e+01
7.793417679049735e+01
3.616175536818884e+01
7.838501896634000e+01
4.665281323094518e+01
4.640483541712391e+01
9.326696921757747e+01
4.751368227764670e+01
4.391236451636644e+01
7.259668273506531e+00
7.682891193629658e+01
8.253290987691511e+01
8.525635455048473e+01
1.212989665201395e+01
2.769370811418337e+01
8.102176849777892e+01
4.303446977540593e+01
9.661940797074671e+01
5.571619768427508e+01
3.800773529243084e+00
6.909468810497536e+01
5.540112753184565e+01
6.755464280375961e+01
1.692759279018622e+01
4.127818287409757e+01
2.842560709846467e+01
1.967603746786529e+01
3.652591073723785e+00
5.309017209945720e+01
1.746060984090930e+01
8.214958602662644e+01
7.114846993756875e+01
8.731547919442667e+01
9.437035605980566e+01
8.846472654885832e+01
1.750335265766054e+01
6.166127513240152e-01
8.173169571986966e+01
1.174718514631837e+01
8.771410425552824e+01
8.259142464147480e+01
7.189899015794461e+01
8.288631647959646e+01
5.085368922485676e+00
4.696485448952991e+01
9.619201719583572e+01
8.994791893751729e+01
3.973592405195159e+01
4.898354455315673e+01
4.045938478804165e+01
3.384398707833326e+01
4.119767897818129e+01
7.826336169534520e+01
1.642473997381736e+01
3.827414742590587e+01
2.373117116453646e+01
4.997404029126001e+01
9.196131159177111e+01
4.673707580507597e+01
3.066401334044711e+01
3.173295535693548e+01
7.201405245438872e-03
9.800303163845233e+01
6.964021826611841e+01
9.437755746505110e+01
6.392525740150607e+01
5.111761775385477e+01
9.050911073130979e+01
9.305169223484197e+01
5.795154504382589e+01
9.681001603454817e+01
4.713228687044806e+01
5.511295276466429e+01
8.599867438245504e+01
8.040388523619802e+01
4.184484497729915e+01
1.857061312467354e+01
6.929058263510959e+01
7.741176103121218e+01
6.755415767783028e+01
2.057121271294132e+01
5.033578302261223e+01
4.619262397577643e+01
9.883457440828653e+01
8.192896008581341e+00
1.666465686478869e+01
7.950953011378158e+01
8.935785884473373e+01
7.701998426440171e+01
4.719836895689292e+01
7.367459189783530e+01
8.970348610994569e+01
4.319690705425893e+01
3.088697173208323e+01
9.721671701279316e+00
7.081920945589394e+01
2.444082811681593e+01
5.592603159878684e+01
1.981663830569789e+01
2.865457312606954e+01
1.387757659604660e+01
2.870265693809029e+01
4.452333461703888e+01
7.378895230302072e+01
4.378216734332133e+01
1.585668130584838e+01
5.389771538502431e+01
1.526713451150206e+01
8.430411265432095e+01
3.130947636967035e+01
6.937080960225818e+01
9.840358844883907e+00
8.165402378963960e+01
1.556343353146847e+01
1.340784216924004e+01
7.494503067570972e+01
4.893585427149006e+01
9.291737228302162e+01
8.144056400351253e+01
1.432289630841599e+01
5.721333984155829e+01
3.282216677107949e+01
8.278602365534103e+01
7.812126138160063e+01
3.545355505098289e+01
3.913752336014878e+01
1.822968959725913e+01
6.610526375756845e+01
6.901887625875830e+01
1.120337746627786e+01
4.968333549317128e+01
1.636317945847436e+01
9.279998154044151e+01
6.394099246894056e+01
4.395688103696186e+01
1.148897857008920e+01
7.979767377478893e+01
9.785459642198616e+01
5.826153469191004e+00
6.410178638254376e+01
6.966464667099744e+01
1.263890108682164e+01
2.173126960253868e+01
8.716517164705562e+01
9.124821791949134e+01
3.513911177177872e+01
4.245310283380239e+01
2.725059298204751e+01
9.144461666766769e+01
1.205808655920349e+01
4.298971250792486e+01
2.959029680564548e+01
6.250354436342770e+01
1.764617758693461e+01
6.633859875907126e+01
4.145575102486450e+01
8.765932302347352e+01
2.194529651754782e+01
8.234400911365822e+01
8.298524077189398e+01
5.218540805028072e+01
8.205501813537209e+01
7.430989792305506e+01
9.624414280813380e+01
7.856065373800726e+01
7.780059961499674e+01
7.733121331656874e+00
3.991015438917566e+01
8.269654837562543e+01
2.103875182617397e+01
3.089524825610930e+01
1.186062107414967e+01
4.704818457693243e+00
5.262651785864798e+01
3.746596907147485e+01
8.105140662801051e+01
1.319316886979768e+01
7.991907190527724e+01
5.751705568168175e+01
4.216638418946712e+01
9.600449451059312e+00
3.276597733272518e+01
4.947659561851834e+00
7.416237684626243e+01
9.140458753863562e+01
2.108777529610683e+01
2.890869366419906e+01
4.657655146279212e+01
3.060856304625448e+01
9.288327609788779e+01
4.430363771706057e+01
9.738761684735661e+01
4.859631394436411e+01
8.719101375303744e+01
5.647395358256714e+01
2.933859826500462e+00
3.074566872359518e+01
4.986406795208531e+01
6.972732170006601e+01
5.472951403573598e+01
7.090281977825930e+01
6.097020369999586e+01
6.659013510988567e+01
3.252133421251612e+01
3.030797747443802e+01
4.056104134794372e+00
7.657307706613703e+01
7.448498181741917e+01
7.502004042035902e+01
3.409013270125265e+01
4.389255779976610e+01
4.726551335643302e+00
6.149207491497140e+01
3.623114490706062e+01
2.286815635062203e+01
6.280528598595657e+01
5.731892020316744e+01
6.399629603326148e+01
3.056871659614552e+00
3.520452102422924e+01
5.687957208458314e+01
6.682465610412166e+01
7.090601798654814e+01
7.281764381230698e+01
8.527477657668049e+01
2.322227141038621e+01
7.575150363880745e+01
6.237414468190360e+01
7.308633940903765e+01
4.547882533887346e+01
1.203725622596092e+01
4.398915914073081e+01
4.610139524848265e+01
4.370953708128516e+01
1.860717074880710e+01
6.971696977024757e+01
9.640823774803813e+01
6.118584934677271e+01
4.036520046198982e+01
6.665867151071255e+01
9.822499314240413e+01
4.319703082702916e+01
1.354565588456842e+01
3.369547772859013e+01
9.203724823521323e+01
4.640148689337144e+01
3.364947761113265e+01
5.112430986535005e+01
8.991021234072289e+01
3.202288790234499e+01
2.595661768035806e+01
4.678978442530604e+01
7.256251316171256e+01
8.558797002098895e+00
1.960742819104690e+01
4.190989073454863e+00
3.593876852464805e+01
1.069919537319764e+01
4.601184313465461e+01
3.356553289739673e+00
8.524617519473945e+01
4.307808323906646e+01
4.734571247703661e+01
8.693915241721047e+01
2.506119898756091e+01
6.408932170089768e+01
6.857925814975950e+01
1.935998612053692e+01
6.550317838112971e+01
6.788373117702255e+01
8.601865763124947e+01
9.040351160355075e+01
7.638220702129519e+01
6.417074253045523e+01
9.742364920555784e+01
9.970414941185346e+01
3.324230715317759e+01
6.941647304660476e+01
5.082845923063739e+01
3.880109732914767e+01
9.925816748256709e+01
7.399875837098749e+01
4.024250900384155e-01
3.966338315031649e+01
9.887031833588627e+01
2.847429580449792e+01
2.328607203591898e+01
9.764432934934474e+01
1.657717107635791e+01
7.822453816338654e+01
5.068036427287402e+01
6.467098480308009e+01
4.379783898768846e+00
4.968209366764971e+01
5.161013722029055e+01
7.295012822046417e+01
2.797206376119147e+01
6.172280882565435e+01
9.231011434100108e+01
8.467331150764288e+01
2.206741865820597e+01
2.491517505837380e+01
7.520597822740952e+01
8.841147603858796e+01
8.808623123359224e+01
6.067467334711676e+01
4.570151997995634e+01
9.674859745276561e+01
9.540838175239432e+01
8.892493312662697e+01
8.291860859977017e+01
5.186497659974963e+01
7.923645446041434e+01
6.769254825436163e+01
7.899624573951412e+01
2.650571927731192e+01
9.616684405885955e+01
1.120894072167992e+01
6.010603460488191e+01
2.923931341117216e+01
7.185078457549716e+01
7.483041285296456e+01
8.467105649629192e+01
2.570711640906852e+01
5.879357320200352e+01
3.628119367001634e+01
2.122365018409847e+01
6.477074705286452e+01
7.418096632425718e+01
9.096735892396764e+01
1.772456379501362e+01
7.731769349301126e+01
6.929613084965204e+01
3.338464821380779e+01
3.488862376422092e+01
8.888642009761483e+01
9.405932156092456e+01
8.180505176158857e+01
4.056662159998278e+01
8.946770326675274e+01
6.659223151700211e+01
6.979335871049825e+01
5.087125834583829e+01
3.433465046544310e+01
1.714468361676889e+01
5.507195156769452e+01
9.867231850450501e+01
5.452104269271765e+01
3.379819762604227e+01
3.033883442652358e+01
3.331159932227414e+01
6.422506289753368e+01
1.800930756982849e+01
8.990368130146697e+01
7.845538485723333e+00
5.480799081493542e+01
4.517672422583063e+01
3.271287429738458e+01
8.482730248236437e+01
2.484974871615402e+01
1.547142691699389e+01
7.345467967607765e+01
6.718039068727772e+01
9.104977724656918e+01
8.590242256685274e+01
6.147881562890429e+01
8.561185434721962e+01
5.149212156026258e+01
2.631700878325710e+01
2.050281885103454e+01
7.549712088680693e+01
6.012130158959017e+00
5.646160289480425e+01
1.096477485772445e+01
3.202958001384027e+01
2.521725367997646e+01
6.291720893369857e+01
5.122666459122052e+01
6.383112499668781e+01
6.399904757924334e+01
9.967341497525265e+01
4.363360458222851e+01
3.653096805165102e+01
4.882986589746078e+01
4.928784773186214e+00
5.997218152506845e+01
3.838220450020498e+01
8.206246471128541e+00
9.828738695862116e+01
8.685250570385368e+01
2.984613181550341e+01
1.821312695658446e+01
6.765634835122914e+01
5.481784071531978e+01
9.113462562259967e+01
3.708000077730045e+01
4.131075043292285e+00
8.598888627532352e+01
8.990584895476040e+01
5.405010238944092e+01
9.591774106766924e+01
9.501967550954767e+01
6.724200773390103e+00
5.237934391590736e+01
9.074114393011719e+01
6.180919821458366e+01
2.253372707522182e+01
3.011730440432081e+01
4.140807331605259e+01
8.139675901336444e+01
2.744037980560231e+01
6.387556691834496e+01
2.999845665413815e+01
6.646824915263254e+01
1.255463949057955e+00
5.854272756657690e+01
1.781938831220353e+00
7.262645031913483e+01
3.246430700293942e+01
9.453793596221969e+01
8.309894547942045e+01
2.010175703098148e+01
2.801544229873244e+01
9.077480276616980e+01
2.231558315563741e+01
7.730676544704789e+01
1.279466227292766e+01
1.651875787252503e+01
6.534285799848980e+00
2.596647852378268e+01
9.993225201029901e+00
1.452840166842956e+01
4.780053582405697e+00
6.034983650797506e+01
1.583953668169656e+01
5.811121648089551e+01
2.215903467599258e+01
2.972985842718271e+01
8.045349571874993e+01
7.808724347412922e+01
1.112661739398102e+01
1.141705937283908e+01
3.240802056733892e+01
7.946950540853176e+01
9.504202888116336e+01
1.830415423880525e+01
1.704754075829291e+00
8.082363101692108e+01
3.927871665883750e+01
8.520548510607587e+01
1.490827287310188e+01
3.511467386740943e+01
5.307242137057353e+00
9.461330645466843e+01
8.403618614377277e+01
6.658301598698972e+00
2.693880834939834e+01
4.108300201645261e+01
4.291719898717347e+00
1.285454617480493e+01
6.704948054023528e+01
5.757411842121469e+01
9.173470269503756e+01
9.803687631992479e+01
5.394563966148795e+01
4.207252480186174e+00
