3.415513026255888e+01
8.792734667096629e+01
2.879535175338171e+00
3.208560372334235e+01
9.834614819770033e+01
8.741849921057863e+01
2.278208957183272e+01
4.454580989877964e+01
9.531191554633523e+01
8.912802198395507e+01
5.402352360730224e+01
9.808693989090943e+01
7.932594142822825e+01
7.610567900170837e+01
1.249965094611964e+00
1.679170504994304e+01
7.011919509159364e+01
6.577857600794107e+01
5.238349877874530e+00
2.079718030094969e+01
6.693245846169650e+01
1.570659923167275e+01
7.487153102404976e+01
5.903532591603479e+01
6.126513698197209e+01
4.659563854643871e+01
7.708217551795867e+01
5.844827231878800e+00
9.529029330950711e+01
4.271198783196136e+01
2.307421254137261e+01
8.947188900293405e+01
3.063933445636152e+01
2.595374771671078e+01
9.852771689115451e+01
2.898548265406186e+01
1.337224692728941e+01
2.130980641642111e+01
7.353129255284149e+01
8.684162427058519e+00
1.043782840037617e+01
2.118391027729209e+01
6.427685640020149e+00
4.821954357820542e+01
5.832502514045920e+01
2.122066003327289e+01
7.181161701297928e+01
2.844422018548670e+01
4.529191928230781e+00
6.186107968066869e+01
4.924140048643639e+01
5.205214957336530e-01
9.151509319968292e+01
2.411293151048614e+01
5.955584741176844e+01
9.853390683351732e+01
5.051335284975980e+01
1.279571713544229e+01
3.897964667481354e+01
5.457613154061890e+01
3.617766766630936e+01
3.541017260188710e+01
2.101824466186494e+01
6.681700216923700e+01
2.683139533122601e+01
1.954596155301945e+01
8.734476742676681e+01
4.020364225851542e+01
4.085576796944056e+01
7.719521139617787e+01
5.654895424682132e+01
5.129359636981673e+01
8.304220837682588e+01
5.565890695697577e+01
5.104083225645164e+01
9.352682553861608e+01
4.773570739093037e+00
8.567938631664933e+01
5.072082013390996e+01
1.624951014120574e+01
6.952464173991450e+01
4.041096807476644e+01
1.677003163693940e+01
2.439242132212614e+01
1.342017660542400e+01
1.650907132612032e+01
2.292632810907733e+01
3.396584937999297e+01
6.979155888305584e+01
8.582661812465014e+01
8.854198092061188e+01
5.969226549365198e+00
3.914871930105087e+01
9.560225582476809e+00
3.505216596417696e+01
1.717653475570331e+01
2.910618713549626e+01
6.858871349533494e+01
4.215237728420290e+01
6.996195510493682e+01
9.959214478712163e+01
1.753025297891826e+01
2.905416019682501e+01
8.947561420010199e+01
7.318915998246015e+01
6.231291767317472e+01
1.225266336102628e+01
3.686913430544973e+01
7.518190083800903e+01
3.767613146345882e+01
5.311864444665547e+01
6.798325393720681e+01
8.474667616409560e+01
1.134574791013531e+01
1.832293114546823e+01
3.691660139566129e+01
4.621455513230271e+01
5.050963333365956e+01
7.088245077565426e+01
1.600611396879242e+01
9.760529412776478e+00
2.692437047461251e+01
6.466163916730399e+01
5.351771467994793e+01
9.029935211422823e+01
9.476156923675983e+01
3.980674629090668e+01
9.809084436767309e+01
6.335028268552863e+01
8.449194630817134e+00
6.805279947260991e+01
4.262904526788232e+01
2.597944760973540e+01
3.079791657198123e+01
9.074838766397367e+01
2.364890231920821e+00
5.162126857397206e+01
7.360754649788493e+01
1.293249605825753e+01
2.680316936541496e+01
2.777828179662036e+01
2.853672785150666e+01
6.538335302164003e+01
8.481331313253068e+01
5.904506242789564e+01
7.461962428624724e+01
8.993478384331557e+01
5.259617513632224e+00
8.527444539837281e+01
6.081723457240371e+01
3.921685905159305e+01
1.477803337144574e+00
5.751458362560466e+01
4.324107204714840e+01
1.878505852948178e+01
8.243776717336745e+01
3.800264123734210e+01
3.989773836913413e+01
8.691133735091954e+01
1.352923922870739e+00
2.917000145147089e+01
4.608301932275436e+01
6.344275589261332e+01
7.901424871711724e+01
3.738815707032948e+01
4.300617954833721e+01
3.986299589269934e+01
8.788287271181256e+00
7.703536365974479e+01
1.422059816039195e+01
6.794697198455547e+01
1.625112817448151e+01
7.601638155803847e+01
1.161794215981753e+01
6.427269958158615e+01
6.242204688602222e+01
8.623756649263090e+01
5.420748337833560e+01
6.768166439965445e+01
9.565996713734231e+01
6.583999081786722e+01
2.050769255520203e+01
6.329887693901494e+01
3.526638417284302e+01
5.793962984249909e+01
2.915794501507559e+01
7.948267929231872e+01
9.104551779620607e+01
6.458871055608090e+01
1.180987535594491e+01
2.714991719794921e+01
6.569814466205339e+01
6.717984260394230e+01
5.826049021364212e+01
4.471239333260450e+01
4.678589745740681e+01
6.754381543376661e+01
4.996701467315062e+01
8.157747382371570e+00
1.679894897006403e+01
5.332955580825431e+01
9.423370803437834e+01
6.227456785844387e+01
4.762692360562595e+01
6.719377993941016e+01
4.633544774089728e+01
8.936190716426908e+01
2.706367444575936e+01
6.872404546883145e+01
9.109242744329032e+01
9.900396908587030e+01
9.577946876910491e+01
5.760699415468005e+01
6.230284597831911e+01
1.716548908369871e+01
9.173240735741911e+01
3.038058305642595e+01
5.553856047593921e+01
6.192351647742257e+01
2.667738102687401e+01
1.734434930484013e+01
1.855359804749191e+01
1.146942554575830e+01
2.674208964535132e+01
7.637279996479526e+00
5.345446460575539e+01
4.638643918856347e+01
1.309057055650771e+01
7.044188402148052e+01
5.454418657093504e+01
2.620114615475812e+01
3.497078057144339e+01
5.262332845135747e+01
5.770042462167350e+01
5.395839421728551e+01
2.868313562529308e+01
1.502298140666586e+01
4.448788871266316e+01
8.759701242092858e+01
5.158456869031516e+01
2.746981681672382e+01
1.908879714044221e+01
9.155720094757024e+01
9.509184551196725e+01
8.993727834426672e+01
9.918423746674519e+01
7.874616355576839e+01
8.763789994997806e+01
2.303935132130950e+01
4.066968003319096e+01
9.253047238687540e+01
4.549005015077537e+01
5.778441590153817e+01
1.272543613460168e+00
7.472813426271459e+01
8.177450959653339e+01
5.472700821921556e+01
4.065377737425909e+01
7.388291809423031e+01
2.843702576516058e+01
6.775499538879608e+01
6.477522340825537e+00
4.454228433060566e+01
6.675364434102255e+01
7.163246519473961e+01
9.850067854789117e+01
9.543677996631563e+01
8.665544660140549e+01
9.049339922633646e+01
4.160206529386438e+01
8.243317882643694e+01
8.284376868179244e+01
1.003904431594491e+01
7.399037972744105e+01
2.116556084769105e+01
2.914500698873075e+01
4.324254088254764e+01
5.237449754605745e+00
4.057184520204171e+01
7.473504784271822e+01
5.279602042995209e+01
7.116202515138409e+01
5.014817297931210e+01
5.248231196425963e+01
7.243456876484424e+01
2.434264869631391e-01
1.327465945541610e+01
2.716157693749367e+01
2.664819426212842e+01
2.140712552769442e+00
1.165993884748776e+00
3.054104653677952e+00
6.922249685471063e+01
2.780583641855318e+00
7.435079290268514e+01
5.692992888248056e+01
1.281262143180362e+00
6.978757282243463e+01
4.358537543731992e+01
5.665521400824898e+01
2.302350039734668e+01
2.601855421719074e+01
3.949898269004141e+01
3.306254471329159e+01
8.933944631802825e-03
1.462482489395180e+01
6.220755170202234e+01
3.424330173723553e+01
6.697279045682996e+01
4.083910446653100e+01
7.133741531117698e+01
4.723356447519435e+01
1.200112957134895e+01
4.489677690197563e+01
4.120423758458544e+01
8.443569833619320e+01
3.754115502235533e+01
5.582927007033921e+01
1.159727522712074e+01
7.289635402750986e+01
5.796998262310865e+01
3.794414048918716e+01
7.389341521723820e+01
4.326744631084960e+01
7.367490244734795e+01
9.932679748131279e+01
1.973751467640396e-01
7.389742036997220e+01
9.129077088613565e+01
4.378275058408396e+01
3.055263433165505e+01
8.652842109395583e+01
8.452409258322980e+01
7.005161702169647e+01
2.627569326491826e+01
3.423944247618292e+01
9.062030291679329e+01
8.848324501350673e+01
7.307052275774559e+01
3.736832059797287e+01
2.932234943347161e+01
2.227982963541515e+01
8.314087264386046e+01
4.132347900482057e+01
2.931253473708059e+01
9.524604752438425e+01
2.575917729444763e+01
3.761747551039675e+01
6.315291270760489e+01
3.735645252156837e+01
1.051382953790661e+01
6.770856048339445e+01
7.192027013372643e+00
6.562389096507052e+01
9.933786005682211e-01
7.978538655665955e+01
1.894616676445406e+01
4.866529351503835e+01
2.388650501327892e+01
3.621561454432813e+01
9.629287221296359e+01
4.952817892168098e+01
2.942876314252092e+01
2.962251148634707e+00
9.538194467098543e+01
5.570445640743917e+01
3.590441576014479e+01
3.335084995876571e+01
4.418770137437978e+01
6.107084777256048e+01
2.662653733353435e+01
8.637180006428240e+01
4.006704350005232e+01
5.568818708680951e+01
1.222781413804172e+01
6.937957823713290e+01
3.977278696362524e+01
4.059270706055347e+01
9.049805267271495e+01
2.009552112784959e+00
7.794915958212184e+01
6.526679301879685e+01
7.063426015462460e+01
8.514118664206060e+01
8.488616239507039e+01
1.212096522195310e+01
6.494937183565897e+01
6.172051842404554e+01
1.587772030191390e+01
3.463843829680162e+01
9.793613296837366e+01
1.217059246831136e+01
8.416661721848260e+01
2.736489606432845e+01
8.899558949703146e+01
5.722307411824497e+01
8.306935251833374e+01
1.416918519612829e+01
1.338541042682967e-01
4.937982780364334e+01
8.393995174390263e+01
3.842639985421039e+01
7.671046539987925e-01
5.655325067069067e+01
6.222818119555161e+01
5.995562121270021e+01
2.593282886125744e+01
6.864977933869221e+01
7.936967275076064e+01
1.643088148740627e+01
7.065933145147717e+01
3.414250106277992e+01
5.622938650484634e+00
8.171418373552811e+01
1.928368765827440e+01
4.219609463689667e+01
8.231065947670054e+01
8.423305949393337e+01
3.916613014376077e+00
9.429807518343351e+01
2.888036800030636e+00
1.262108926317705e+01
7.313009522535377e+01
5.831087793144903e+01
5.621976356777352e+01
7.265518213280252e+01
2.509388207695162e+01
1.228699451884581e+01
8.201805678290225e+01
1.038768031186782e+01
1.974874959315581e+01
3.869882968193797e+01
1.599274138733407e+01
5.307974850436661e+01
4.675486686022713e+01
2.507663267901010e+01
5.591178748566274e+01
6.490667227884134e+01
2.358065406958603e+00
1.210512896632083e+01
8.096721800089219e+01
7.301739685843577e+01
4.624763002910075e+01
7.716006817163903e+01
5.473158059396389e+01
6.553131773394128e+01
6.966485519412200e+01
5.246087985693519e+01
8.650573384319699e+01
7.358146820849807e+01
4.675895504036870e+01
7.720228907521921e+01
6.096160554371849e+00
5.245949665664672e+01
5.845366807582494e+01
6.231592412214536e+01
8.529782559969361e+01
3.661890795296939e+01
3.026421695494290e+01
5.086187541059306e+01
7.544337998863467e+01
5.648289907559887e+01
7.806225357486971e+01
9.143612137596874e+01
3.395115790606996e+01
7.151564004435932e+01
2.514440744423513e+01
1.370745576625106e+01
2.739395491191836e+01
2.750247285119373e+01
1.344759870015439e+01
6.691045251996744e+01
5.198696630633760e-01
1.629686565897281e+01
3.842099031359935e+01
2.307612873757078e+01
7.658991626305036e+01
7.415103492054671e+01
5.506481325955355e+01
3.835579596383301e+01
4.116837812642026e+01
2.229596363487466e+01
7.900670747226415e+01
1.075476166361699e+01
4.974063991091244e+01
3.746037550152297e+01
6.782034880845825e+01
4.790092331725216e+01
4.242454471179496e+00
3.314300162398396e+00
5.438625680021302e+01
3.438175163901492e+01
5.092724028552288e+01
1.881247322019770e+01
2.581787296841753e+01
3.803615064268753e+01
9.032811326455703e+01
5.096228041265266e+01
6.530678219409045e+01
4.698942343098550e+01
7.846475326384639e+01
1.840336356237687e+01
8.250345572945823e+00
1.319042407590450e+00
6.661155729862467e+01
8.788723931083793e+01
3.423607318393703e+01
4.320147351510892e+01
2.082237076052575e+01
8.930088649005671e+01
3.001166695263780e+01
8.977432795324098e+01
5.138565416046681e+00
4.556975199169002e+01
7.279094484299000e+01
5.487920537352525e+01
1.319329850990013e+01
5.884955146296394e+01
5.639477039519454e+01
5.647112538873736e+01
5.522368757763118e+00
7.581801171219816e+01
6.868479576366245e+01
1.237735618482221e-01
9.463048493239586e+01
7.366397579836844e+01
5.172309994312148e+01
8.495859819695288e+01
5.612312660372031e+01
8.379725100649392e+01
1.133868787965676e+01
3.458787986756670e+01
3.109556689443792e+01
5.573493729146893e+01
8.912868163973498e+01
9.770712419306260e+01
2.406273178014100e+00
1.370519172107111e+01
3.366229437927822e+01
4.466526091316029e+01
3.710946242190406e+01
1.046436462107318e+01
3.443958881983514e+01
4.224802788451687e+01
5.902683905280514e+01
8.738240938977451e+01
9.712723325804212e+01
4.821983345235690e+01
2.931109072142797e+01
8.704490404904118e+01
9.001091047656298e+01
1.366794743280296e+01
6.286291571467319e+01
8.557560531682130e+00
8.887281370762400e+01
2.368766466327369e+01
3.392273841142782e+00
4.059591365074549e+01
2.418283295081129e+01
2.625439224124625e+01
2.077564090526460e+01
7.166742471590052e+01
1.602697713115577e+01
5.187120784626864e+01
8.528658798210630e+00
7.118604428655749e+00
4.957833199276511e+01
4.736246403649564e+01
2.660681508789156e+01
9.639127095993202e+01
5.303727912392341e+01
6.371627750979562e+01
9.512943220098010e-01
3.025871991657592e+01
5.964305347746381e+00
5.997813337481494e+01
1.764112925978430e+01
4.537515744817217e+01
6.508490823446070e+01
3.802930192930125e+01
3.703275804269722e+01
9.503873274430573e+01
2.950424422952544e+01
1.151006096578672e+01
1.351523358072864e+01
3.591298318277718e+01
1.049275892343966e+01
3.890734624066732e+01
4.512010284006600e+01
5.294475772089547e+01
1.603274467216467e+01
6.589574374533061e+01
3.573900039109355e+01
4.234958139357603e+01
1.776695154503312e+01
1.526410319621866e+01
1.356917806601579e+01
6.734528358436435e+01
7.225930386793767e+01
4.017599315390736e+01
5.783221323873485e+01
2.529658294529495e+01
3.184537320949388e+01
5.878350756074465e+01
6.355325489470422e+01
3.510044181491268e+01
1.876164088899346e+01
8.314713820961637e+01
1.294811461723787e+01
7.683415151053768e+01
3.592366149459205e+01
2.436561590263882e+01
8.179182455958419e+01
7.537831686221917e+01
8.780888602501196e+01
7.451467354526496e+01
7.571799544418137e+01
3.907404944257534e+01
4.716873059383069e+01
9.213906856819012e+00
9.651065361523565e+01
5.458923618057242e+01
4.542699691160908e+01
3.224965395976307e+01
2.644430009016968e+01
8.543114274993127e+01
1.386495214601278e+01
4.001347820275159e+01
5.139808489540503e+01
7.938953166799132e+00
8.018947135665894e+01
9.917885032444207e+01
7.804668884633421e+01
4.199213978927217e+01
2.640892366245804e+01
6.267188198988879e+01
7.155807608345434e+01
9.451771811326859e+01
2.352394518606548e+01
1.635864857414674e+01
5.172506698953224e+01
8.732497044248738e+00
5.237050496617822e+00
4.938848928985581e+01
8.411081390646790e+01
6.605490542298878e+01
2.187887291511468e+01
9.915829040070916e+01
6.418710028016339e+01
7.866136141990376e+01
7.976169054385353e+01
2.833285021052363e+01
4.641082102731374e+01
4.494335853724897e+01
7.840988872498734e+01
7.285512116404954e+01
7.009110905699949e+01
8.409917693776040e+01
1.286859932023501e+01
1.121426285766729e+01
1.729017063849148e+01
9.305807067689396e+01
4.809121691998617e+01
9.533685953139181e+01
7.713981269725589e+01
5.871944881916021e+01
3.571366650784093e+01
5.609874443900713e+01
6.549027909780399e+01
8.219744781134532e+00
7.796456337811638e+01
2.074292568524504e+01
9.185502752282424e+01
4.220722957617009e+01
9.380375104667793e+01
8.595406407767631e+01
6.291384602101233e+01
7.014574951964698e-01
8.574610859423228e+01
9.473604266286644e+01
3.278582316487368e+01
6.550779909151969e+01
3.877505065816224e+01
7.919664419218742e+01
7.691555427243727e+00
1.718493933658345e+01
5.205176530967083e+01
7.097430530515234e-01
5.809885335997625e+01
6.492036462990583e+01
4.312640970718414e+01
6.498562952735723e+01
5.797843530679980e+01
9.771332666171404e+01
3.652842842812111e+01
3.511824795748957e+01
7.255611795585422e+01
6.439549991134344e+00
5.088353219948873e+01
3.804639700709209e+01
5.727586683690355e+01
8.416094201810702e+01
6.197425157854997e+01
9.195538363044867e+01
2.312103133793968e+01
7.953603127018364e+01
2.590486846207868e+01
8.603487735895202e+01
3.070787206790776e+01
1.165097700974484e+01
1.270899233068758e+01
1.543809953864575e+01
7.715877610126454e+01
5.148404298884982e+01
3.241740573775834e+01
5.065508589644687e+01
6.866898237199941e+01
4.776150386210601e+01
1.035133125742494e+01
5.832896351736456e+01
4.312258066754908e+01
5.347774101117520e+01
2.097908720419700e+01
4.451742700511470e+01
6.731441014786922e+01
9.170497068749040e+01
7.963567496260427e+01
3.987052805715731e+01
5.755119857264273e+01
8.583205360259491e+01
7.791692506424940e+01
1.482706536298016e+01
6.999299557413579e+01
7.224535223666828e+01
5.577706599411418e+01
2.996170866767024e+01
5.955841637195945e+01
3.368651365567302e+01
6.817644460507502e+01
1.797847241069119e+01
8.785248016372904e+01
8.088543693576261e+01
3.950453784293707e+01
4.266413708341501e+01
3.236947992461243e+01
9.071399601675290e+00
3.778614678317036e+01
1.038462250045716e+00
5.303082505847831e+01
4.813747808716143e+01
5.149879164597895e+01
9.615340572602740e+01
1.615219051770502e+00
2.376046405348949e+00
6.725054446945458e+01
6.892962919963972e+01
1.139560067625511e+01
3.443443217986936e-01
8.800157210230902e+00
6.894679924889783e+01
8.432167642019766e+01
8.671708227448029e+01
8.377386461187800e+01
9.619417884209854e+00
7.667654658512983e+01
8.192611848093854e+01
3.958112655188010e+01
5.617870658458151e+01
3.840278519243132e+01
8.952646380733999e+01
3.941522270413824e+01
5.262995043426284e+01
8.835854185203023e+01
7.891976054707531e+01
1.939730435581752e+01
2.072802173007653e+01
8.799116014875061e+01
5.718345113898788e+01
5.051450945926574e+00
1.868118686540107e+01
5.320929179583177e+00
2.858973640417202e+01
3.114504699182932e+01
6.936148231353680e+00
5.343187058038631e+01
9.765665079357878e+01
4.981072035143651e+01
1.761472007148653e+01
6.019328784206569e+01
4.022289856347390e+01
1.762500136048766e+01
8.306161224984639e+01
7.138301686913847e+01
3.515268482042136e+01
6.346011476752354e+01
1.945668171134623e+01
6.843556373772937e+01
4.877862741648156e+01
6.039489608276399e+01
6.838348930160677e+00
3.932987490637688e+01
9.981011878690222e+01
7.095005506228193e+00
4.445882809556035e+01
3.076189389953478e+01
6.521323726755251e+01
6.800529983267435e+01
1.321736225542490e+01
4.540690358048627e+01
4.108292746408048e+01
3.275349672546307e+01
2.024332388315505e+01
9.568748017572216e+01
2.131243158192953e+01
8.599683860596123e+01
7.585607244440172e+01
1.896908232894218e+01
7.691385879968939e+00
9.343508169680604e+01
5.800785355177143e+01
4.652855063161280e+01
2.940317258676662e+01
2.552869311791318e+01
1.791156750075126e+01
3.549431526823636e+01
3.612984881556120e+01
8.802556110919713e+01
1.872101799525368e+01
6.937734595005277e+01
4.842045719196110e+01
2.553447583948005e+01
7.075684148387836e-01
2.556579435503380e+01
3.423647523589268e+01
6.869717928054612e+01
2.696045521970860e+01
6.258792000011910e+01
1.861243365267871e+01
1.031021536808005e+01
1.298955265106147e+01
3.416297903012623e+01
6.582484383407274e+01
9.205024302566900e+01
2.936802498501168e+01
4.393143157657769e+01
7.804708158506411e+01
5.224097382847265e+00
1.936523477517312e+01
9.971712166430294e+01
9.865917912621944e+01
7.737308832694455e+01
3.664159115247502e+01
7.862006923119542e+01
7.529553271611013e+01
4.349815707816656e+00
6.399276017397305e+00
8.935480047452953e+01
9.237537681701377e+01
4.757675935867092e+01
7.233533490092276e+01
4.079583396240875e+01
7.311123519815096e+01
7.295403428047618e+01
2.898744029411461e+01
9.580471673784997e+01
7.983604761764224e+01
2.608377231568274e+01
6.259844641322197e+00
6.284350285438984e+01
2.053179620789913e+01
5.475199080759287e+01
5.814384238708013e+01
8.875208063458655e+01
9.511266960534857e+01
8.751186737209180e+01
3.028807157198343e+01
6.525324101804440e+00
9.273596475493906e+01
4.704056323833790e+01
5.805108298456813e+01
9.742859722926683e+01
9.680740283653485e+01
4.448933119163352e+01
7.053714057921299e+01
8.752044317662737e+01
4.883914689945018e+01
9.889584546857320e+01
7.506092450351497e+01
4.121452371646395e+01
4.647260478067799e+01
5.670773259210760e+01
8.201035767887271e+01
5.053643642484045e+01
3.724778994789710e+01
7.103676757357864e+01
6.472089768607211e+01
1.708383751897320e+01
3.388181511959146e+01
5.044306486399987e+01
7.897069383364669e+01
9.669199241171218e+01
5.788280398486313e+01
4.252672709642291e+00
8.544407299973260e+01
2.095611115030763e+00
4.943057589672067e+01
7.459230603398397e+01
5.672281494211536e+01
5.392399321027285e+01
2.726163781586180e+01
4.918601924981271e+01
9.461884591477869e+01
9.891531909765457e+01
5.774741790152500e+01
1.533435006408689e+01
8.700922452239749e+01
2.304811893172940e+01
1.423019548609396e+01
3.338801676099562e+01
1.429926693174023e+01
6.070280031333808e+01
7.631550360299437e+01
4.656443649277298e+01
5.673319332149494e+01
2.981670188243347e+01
3.263229510403811e+01
9.567519696227983e+01
4.594389286169032e+01
6.651411022362956e+01
4.611826177971356e+01
2.491458669533701e+01
8.783173486023756e+01
4.460538748866198e+01
3.363585673907578e+01
7.152372299298817e+01
9.290526485671535e+01
9.482388524097571e+01
4.611602902697214e+01
5.139564073243906e+01
4.874787845124857e+01
6.333287966592837e+01
5.468352989046067e+01
4.789686796623136e+01
9.821413289672421e+01
6.216026645254357e+01
7.683545349949759e+01
5.472690600656295e+01
2.204913502654486e+01
4.590302558890685e+01
8.811492281412470e+01
6.135382548037629e+01
9.982304228461490e+01
2.430725275739434e+01
5.023102930292070e+01
5.655623560610983e+01
5.554211375095980e+00
5.057317020863908e+00
2.855099222089676e+01
4.998158824163563e+01
8.501206607791225e+01
6.414460254094778e+00
2.498243419685515e+01
9.040001322999596e+01
5.101984774275677e+01
7.671407348323336e+01
5.209798610401246e+01
4.446784953794808e+01
4.424766122561305e+01
8.485428191947484e+01
7.411629677476189e+01
7.030558100450112e+01
2.738617948600379e+01
6.212251198576880e+01
8.121591968518493e+01
4.753156972468438e+01
4.274658562743412e+01
5.847540561038787e+01
5.424163036711590e+01
6.053426445486688e+00
1.424884619854803e+01
4.913609644823526e+01
3.616175536818884e+01
9.858320751161463e+01
8.271540807686533e+01
6.486322188976371e+01
9.306257832472332e+01
1.280283327810598e+01
4.391236451636644e+01
2.350040749809724e+01
8.508835746212320e+01
1.361471084580510e+01
2.991486775219202e+01
1.212989665201395e+01
1.888196380756887e+01
8.093471554151490e+01
5.570703724199302e+01
7.233776136875980e+01
5.953763726145851e+01
2.123115459514370e+01
6.909468810497536e+01
8.925767703412923e+01
9.153673559964483e+01
3.554400058255717e-01
1.752363951761445e+01
3.299714812682809e+01
2.208117992714102e+01
3.652591073723785e+00
5.764385622816340e+01
1.897548186545050e+01
2.559980993419877e+01
9.585098498307680e+01
7.085053942671536e+01
6.808062171008467e+01
8.766204332358299e+01
5.082698634398495e+01
6.166127513240152e-01
2.912643483333589e+01
6.605388995541907e+01
4.452897731425659e+01
6.150148755940678e+01
7.189899015794461e+01
8.288631647959646e+01
7.487813121400686e+01
8.619938371060387e+01
1.768280287165325e+00
6.347642562514005e+01
4.035589026303770e+01
7.269859177651750e+01
4.948555619897579e+01
3.384398707833326e+01
4.179327983492672e+01
4.886683684255315e+00
7.554136224814754e+01
2.905175463717979e+00
8.593298657142230e+01
6.577682335198709e+01
7.566495015084043e+01
4.673707580507597e+01
3.066401334044711e+01
6.276372566947887e+01
7.233688573927473e+01
9.586204904870226e+01
5.688343544345508e+01
6.570515794013868e+01
6.727086508985184e+01
5.111761775385477e+01
3.471506379298636e+01
3.174225940915861e+01
4.147753303008039e+01
7.924404110724295e+01
4.567853456627509e+01
9.272698517550108e+01
6.213035758683940e+01
2.822024464990024e+01
4.131233642870203e+01
7.732770674737529e+01
9.169667027504028e+01
1.649179594427896e+01
9.380155340479759e+01
1.877613878751925e+01
5.033578302261223e+01
2.970655738828078e+01
2.366282251834070e+01
6.543673736296442e+01
4.112326383643004e+01
5.464279123332481e+01
2.966561682041064e+01
7.701998426440171e+01
7.213606004237015e+01
2.967668088603610e+01
4.852116934420596e+01
4.319690705425893e+01
7.167762353628763e+01
7.339797498350869e+01
2.930752762095422e+01
4.500423564808641e+01
2.451559269079733e+01
5.097324724820128e+01
2.455185438718268e+01
4.534358770835381e+01
9.125446299615059e+01
4.237907861470202e+01
3.807057283728876e+01
5.338482053642386e+01
7.848281780187172e+01
4.489485395368880e+01
9.929226622883802e+01
1.554239271932393e+01
2.687977050751437e+01
5.388068796781855e+01
7.963016004284385e+01
2.309598947088048e+01
3.227119740670137e+01
2.754457622186494e+00
8.841400406715181e+01
6.798356215841302e+01
1.958984649721060e+00
9.010133966342609e+01
3.426485431113506e+01
9.586570965864961e+01
4.775630177359856e+01
6.573954837664010e+01
3.674830195342577e+01
3.545355505098289e+01
3.913752336014878e+01
1.822968959725913e+01
6.610462668636097e+01
6.752879608773105e+01
3.024011148616676e+01
9.971100906827999e+01
9.570282869772187e+01
2.149457448231735e+01
7.404411671405849e+01
6.874339080822813e+01
7.487939501874121e+01
1.388962539559678e+01
6.189372137277095e+01
9.216285342916979e+01
2.706077011630906e+01
7.074328072869372e+01
4.604354135042221e+01
3.541199017102457e+01
7.486598588287178e+01
7.831473875712358e+01
3.816644779321107e+01
2.195674694234354e+01
8.724858196789800e+00
5.596610831840248e+01
1.205808655920349e+01
4.298971250792486e+01
6.278127541895084e+01
7.583401812046488e+01
2.577573611669975e+01
3.922878873498588e+01
1.128757312488164e+01
5.808350320816204e+01
2.194529651754782e+01
3.167976328715671e+01
8.298524077189398e+01
5.218540805028072e+01
8.205501813537209e+01
3.073332297184194e+01
7.367998253259806e+01
5.609913484943058e+01
3.832569408152517e+01
4.855937750477315e+01
6.689018139936505e+01
3.052774957871425e+01
4.072223088737681e+01
3.544095346491828e+00
3.290628303443374e+01
8.980318875508532e+01
3.895608551751640e+01
7.772268870739392e+00
9.666136279546718e+01
7.712253331072746e+01
2.972901581308293e+01
8.977626487136644e+01
4.216638418946712e+01
9.557932787368975e+01
4.553753544834328e+01
4.947659561851834e+00
5.938937103347358e+01
8.176185697399167e+01
8.663266482140527e+00
2.496450763426931e+01
5.270865282635607e+01
3.060856304625448e+01
1.125270273129116e+01
4.430363771706057e+01
8.279397109653520e+01
9.330772086666325e+01
7.503696068890251e+01
5.647395358256714e+01
4.940685566952771e+01
6.368835948579402e+01
5.033331040774160e+00
8.210345952869554e+01
9.253188124510081e+01
5.030527159120201e+01
8.564755487518737e+01
2.543816423296843e+01
3.252133421251612e+01
9.583533387437245e+01
3.059843770721854e+01
8.438304284791603e+01
5.998584728687343e+01
4.929732300774069e+01
8.993294918440886e+01
6.109945274009344e+01
4.726551335643302e+00
3.547048463275213e+01
4.884021740818406e+01
2.286815635062203e+01
9.995399992910866e+01
5.750348389032459e+01
5.125636553915980e+01
5.600626843795472e+01
8.811204693657906e+01
3.793921300114096e+01
6.682465610412166e+01
7.090601798654814e+01
8.641815454997968e+01
4.186161674645805e+01
2.737997152254915e+01
5.223644760075792e+00
9.469917705035729e+01
3.241330260988944e+01
8.732710428877132e+01
8.723105824889200e+01
4.847713012643025e+01
7.297465911739258e+01
6.580979999425345e+01
6.983995832029728e+01
6.971696977024757e+01
4.587965558556824e+01
7.636525858024380e+01
2.970281701055487e+01
9.812681516545211e+01
8.463818066969429e+01
4.319703082702916e+01
1.354565588456842e+01
3.369547772859013e+01
9.203724823521323e+01
4.752277096152434e+01
3.364947761113265e+01
4.954073212553782e+01
8.714969329868894e+01
2.890562854190619e+01
3.765277901555075e+01
6.288138402760093e+01
4.040521566774939e+01
8.558797002098895e+00
5.475550613121852e+00
6.485676884877346e+01
3.593876852464805e+01
1.069919537319764e+01
5.955594585256462e+01
5.303603497009540e+01
9.802629966196898e+01
4.678700405489048e+01
4.652093567257791e+01
2.481805250272996e+01
7.922069271058808e+01
5.721113442313445e+01
6.857925814975950e+01
2.313234802481362e+01
3.224111508216761e+01
5.724008966108788e+01
2.133449107470666e+01
6.372817147696771e+01
1.108076195748558e+01
1.438927064388491e+01
9.742364920555784e+01
3.118010192698804e+00
6.359397031534182e+01
3.107312677012436e+01
8.912302753381573e+01
5.074366356746465e+01
8.724362281488423e+01
1.840874553583970e+00
5.167336759701062e+01
3.966338315031649e+01
9.887031833588627e+01
5.877975703160267e+00
2.278081147129685e+01
3.480908686053431e+01
1.657717107635791e+01
1.723873117810056e+01
5.068036427287402e+01
3.450872159307297e+01
8.143849353372981e+01
4.968209366764971e+01
8.560442942455617e+01
9.587409673066534e+01
6.893228044218025e+00
5.418368752774955e+01
8.549924697051721e+01
6.715396906582359e+01
2.206741865820597e+01
6.038558872434571e+01
7.520597822740952e+01
3.314818061569155e+01
1.875044066400753e+01
3.354822701474103e+01
3.626619080839036e+01
1.656692010190660e+01
6.462135383143152e+01
6.716127873731837e+01
2.423865069832590e+00
5.186497659974963e+01
6.497993425698016e+01
7.309294565259150e+01
6.210375142381701e+01
5.932759291461092e+01
1.058676885933930e+00
8.074315515381430e+01
2.415004858009054e+01
2.528143693938918e+01
2.054338032405050e+01
7.483041285296456e+01
7.781202843310872e+01
7.871689599878941e+01
3.049728573788763e+01
3.586537420557131e+01
9.418399813314154e+01
5.903168677307278e+00
9.992572502229629e+01
9.359743743836761e+01
4.504874569598993e+01
3.951253022044549e+01
3.386304529098004e+01
9.293054202242314e+01
3.038559766969905e+01
8.888642009761483e+01
6.558969903997597e+01
7.115481461917740e+01
4.056662159998278e+01
7.934290439791182e+01
7.558512765708618e+01
4.299048666981537e+01
3.120788095109532e+01
3.931620211308645e+01
6.747601896872558e+01
9.331163237491234e+01
3.914873816033301e+00
5.404499911425869e+01
3.051092742500404e+01
5.924574735539302e+01
9.734830595429442e+01
5.665253431380379e+01
4.641585198529803e+01
1.968738721669064e+01
5.565099010972818e+01
2.467672197365981e+01
6.261000780510251e+01
4.983498819630360e+01
8.482730248236437e+01
2.484974871615402e+01
9.024958838254659e+01
2.987604813178817e+01
2.659019186468338e+01
6.886773266311164e+01
5.824008824221794e+01
3.999274384230038e+01
7.993619729761788e+01
1.235530055703376e+01
4.841659271550206e+01
2.050281885103454e+01
2.041172390822867e+01
6.012130158959017e+00
6.349330552084991e+01
1.096477485772445e+01
6.858900127401063e+01
9.749434920842496e+01
2.963333988079491e+01
7.685104789065711e+01
6.383112499668781e+01
6.014426730579895e+01
7.979138934975089e+01
2.975782669603723e+01
3.653096805165102e+01
2.620724128848279e+01
2.404798857124894e+01
9.847010811719584e+01
2.672921308629644e+00
8.497715978183651e+00
9.698144034341976e+01
9.286382333043210e+00
7.074197925196121e+01
2.875679271703437e+01
2.945001010291745e+01
1.059540543267289e+01
1.506202487045062e+01
6.413492670475269e+01
2.141647218792535e+01
2.955176356693346e+01
2.761665816773505e+01
5.405010238944092e+01
4.912634619936643e+01
9.501967550954767e+01
2.718651607967285e+01
7.914467648563192e+01
3.134138301543025e+01
7.879306035060112e+01
2.253372707522182e+01
6.097472289622515e+01
6.827939239716129e+01
8.318866220451363e+01
2.111899015545798e+01
4.108148824473912e+01
2.999845665413815e+01
3.540576642165229e+01
1.991643804121597e+00
9.331944849962342e+01
1.781938831220353e+00
7.262645031913483e+01
1.817164431240952e+00
1.651550336578651e+01
5.766083335395010e+01
3.749095324310053e+01
1.994752475058079e+01
4.892151227636333e+01
9.510228573116581e+01
7.730676544704789e+01
2.400748404860845e+01
1.089968910017036e+01
6.456131318796487e+01
2.962287842744164e+00
9.993225201029901e+00
5.626462505025073e+01
5.159357765298037e+01
1.733234055216067e+01
2.983291076022801e+01
3.800926643331035e+01
9.612540090276181e+01
6.947136147388787e+01
8.045349571874993e+01
2.437101608345798e+01
7.838684901519997e+01
5.558368137831972e+01
5.354925480370841e+00
7.471576359808248e+01
9.504202888116336e+01
8.182579133744620e+01
7.582978032335164e+01
9.682396775894983e+01
1.201113439724368e+01
1.201749411971192e+01
8.137543065537486e+01
9.989722450259012e+01
6.986747522366581e+01
9.461330645466843e+01
6.936303953144841e+01
9.505007047906986e+00
7.192007185515020e+01
9.709262512488878e+01
5.030759132947195e+01
5.108037397781404e+01
3.159055031444437e+01
5.757411842121469e+01
8.892868402829798e+01
9.803687631992479e+01
7.576018202852465e+01
4.207252480186174e+00
