8.085869610349587e+01
9.347847015293244e+00
1.600023080408584e+00
2.157719434312414e+01
3.727489432193101e+01
1.062705615098917e+01
4.151526374812949e+01
1.532217297485199e+01
3.550074707507191e+01
9.386519617115390e+01
2.374723787593992e+00
4.828399319587461e+01
3.173104256006472e+01
7.054075154966711e+01
9.890870395997014e+01
1.145202476133221e+01
5.547358684962317e+01
9.944193391103387e+01
5.269702200437757e+00
5.623730940569067e+01
1.048742039617497e+01
8.254083855195942e+00
9.766905070173976e+01
7.987636983388866e+01
6.886582927259887e+01
7.656255125839382e+01
7.248983372584443e+01
4.014404436580094e+01
1.895523076828347e+01
2.038585614430991e+01
4.665750644479762e+01
1.124116052465567e+01
2.973370315960315e+01
1.421941724336679e+01
2.139112121490348e+01
5.041007951386742e+01
2.758961074407660e+01
6.290638500959910e+01
7.699226121278119e+01
8.507418543336642e+01
4.885599801729247e+01
3.459022870966709e+01
4.295697968590864e+01
8.850262374081771e+01
8.341328198249139e+00
9.711657813615938e+01
6.642922450156381e+01
6.381491504787231e+01
4.130761746378039e+01
6.929486467004514e+01
2.005222440699685e+01
4.719898311756504e+01
8.408528272252775e+01
7.434828401280022e+01
2.746772511278639e+01
8.474408182536442e+01
1.268868656488540e+01
1.246542977749623e+01
5.039432283974919e+01
4.984383976545364e+01
1.995104272847578e+01
6.301371700270740e+01
3.145784420494821e+01
5.528208154965289e+01
2.325684820453490e+01
4.694083419020327e+01
3.298149566770601e+01
2.079607686996277e+00
1.575535042945079e+01
7.708708661472755e+01
9.675259417703030e+01
7.252693156363765e+01
4.990425899154705e+01
3.970957381637281e+01
6.102955525788924e+01
4.976702120609908e+01
8.157525746225159e+01
6.098420371347303e+01
7.901125116227719e+01
2.288287487946585e+01
6.620855436949458e+01
1.570105897993830e+01
5.861791649768963e+01
9.387072045070617e+01
2.615496726993237e+01
9.715721094848459e+01
9.450596589339244e+01
1.041673971825128e+01
9.672239757921658e+01
1.330528045692727e+01
9.104714025326406e+01
9.821455781264909e+01
7.914005689282905e+00
1.945415372934851e+00
6.635818619577130e+01
8.514713998192323e+01
4.358886123801994e+01
6.645301159771765e+01
3.808945144437693e+01
7.054973126880346e+01
1.248121769748685e+01
2.867986235240468e+01
4.307666283244112e+01
7.453009703873195e+01
2.368891561575649e+01
8.919642171319406e+00
4.321137831695908e+01
4.807367364320609e+00
6.509042180380338e+01
2.222262943267014e+01
2.814704791090780e+01
3.129897612673183e+01
7.402931278293454e+01
8.276287977712363e+01
4.106086019475985e+01
4.630990896667815e+01
9.538611690298939e+01
6.867552458712622e+00
7.183840399227962e+01
2.966861684325552e+01
3.382262593778904e+01
3.209898347598453e+01
7.397714423666575e+01
8.838112041744456e+01
5.344456329636488e+01
7.514014084597125e+01
4.412333119852623e+01
8.322717122883870e+01
2.465713486292266e+01
6.075500797515503e+01
3.680503253676232e+01
8.513325056300184e+01
4.473434977453870e+01
2.364447499795094e+01
7.857760767386183e+01
2.619879046743679e+01
8.557929628788460e+01
5.658875408423540e+01
1.742198686926718e+01
1.191990427296604e+01
4.401161542349104e+01
6.672813774399839e+01
8.037731134350287e+01
6.909695503725528e+01
4.949101747455588e+01
9.651700835512813e+01
1.540686395736731e+01
9.544950914357301e+01
8.746528000918462e+01
7.867309622404775e+01
8.755802353264673e+01
2.553302544426779e+01
6.676864715608239e+01
9.633997818284668e+01
2.585323263232281e+01
7.822956758468858e+01
7.148011902881791e+01
9.938149303169060e+01
4.448486885264742e+01
1.307327137937456e+01
6.529524534255977e+01
5.545734961305622e+01
4.345575507891166e+01
4.870850688252063e+00
6.117159675861318e+01
7.678412961623823e+01
7.329411607854726e+01
4.515951017158083e+01
2.458330617499692e+00
1.519078603721726e+01
9.423784538835187e+01
4.258473103055019e+01
8.191892378121565e+01
4.075083836948073e+01
4.072653643820740e+00
3.140994120920540e+01
5.405705271012013e+01
1.947951764775418e+01
4.432894212395369e+01
9.164022337256010e+01
3.610400945698098e+01
2.599252794216970e+01
6.281023861971229e+01
5.292021425111230e+01
2.822694374631482e+01
1.638367060403511e+01
8.110222419775195e+01
2.477561329713818e+01
1.576516358915957e+01
6.458067128648082e+01
8.654194608635359e+00
7.590166459600519e+01
2.003802089953703e+01
5.210994968754703e+01
8.077251528425725e+01
6.804859119842229e+01
9.231865214757559e+01
9.923135088720888e+01
1.320810132343699e+01
9.158016969057739e+01
5.820571144959224e+01
2.953113458563161e+01
2.892883230416515e+01
3.460021723741676e+01
8.206110344364359e+01
8.955449149457482e+01
4.205397402031998e+01
7.811443162062878e+01
5.010803963528389e+01
4.307260166065423e+01
9.919004300571514e+01
4.509368308125701e+00
7.495956727068851e+01
6.103317237507234e+01
7.382024921189075e+00
3.186511017003334e+00
8.487682611908616e+01
1.274851346982108e+01
2.893573745569947e+00
5.385202954236978e+01
7.732918480286803e+01
1.567390790007725e+01
4.753614694231010e+01
9.570878068716674e+01
9.880396826137043e+01
1.052620937606609e+01
4.952223023843124e+01
9.300678274268600e+01
1.666259659298817e+01
2.205028991310405e+00
8.458695243326339e+01
7.486830804258040e+01
9.650975703099265e+00
2.970468328786301e+01
1.550525306514709e+01
1.610083482977973e+01
1.925917473587169e+01
1.424891260184763e+01
7.901927553071607e+00
8.766453363358254e+01
5.732151430906799e+01
6.124861308431654e+00
9.547778907952727e+01
5.029550127233169e+01
3.920398924462683e+01
9.955592690946344e+01
3.546759255019370e+01
2.408081531714686e+01
8.804017598183835e+01
3.836116634232978e+01
1.464135884989116e+01
2.111518011480346e+00
4.941634268007071e+01
6.247636450569908e+01
2.305985452749760e+01
4.822031089487500e+01
5.492126236433222e+01
1.205678219537101e+01
1.376655335247822e+01
1.951410305663669e+01
8.389157647448199e+01
4.851340062381392e+01
7.143851484704693e+01
2.971043830258326e+01
6.368817089297257e+01
6.603825840448879e-01
4.581127313236300e+01
4.486729695688341e+01
5.489110707067471e+01
5.509116633566617e+01
6.871755727041399e+01
7.223080954152663e+01
6.121602769066394e+01
4.208288436852530e+01
7.559907248970077e+01
9.153108256474653e+00
2.426165939507152e+01
3.997948362491069e+01
6.994243761056215e+01
3.976262409228954e+00
7.030088178361808e+01
8.458379650701946e+01
1.441335334182407e+01
3.237572416308137e+01
2.897884944871946e+01
3.026510171138919e+00
1.307156240244934e+01
2.670020797601911e+01
4.688082311622836e+01
7.275236415339278e+01
2.327041482705177e+01
5.452193583106713e+01
3.021748928828979e+01
9.470892967409870e+01
8.423237413365040e+01
9.536107601381887e+01
8.922972701919718e+01
3.329454363942824e+00
7.457800850951020e+01
4.139022205089695e+00
8.878083121440412e+01
7.109839053410030e+00
7.636983174661633e+01
9.180819987869272e+01
3.181557158558423e+01
8.088172277476718e+01
8.438458437304226e+01
6.532200359055865e+01
1.677523232846299e+01
7.890224371985637e+01
6.929826599978762e+01
9.920185632035222e+01
3.891081839749162e+01
8.279241965282355e+01
3.625847354357060e+01
8.128616129108060e+01
1.627145405685131e+01
4.464914288588295e+01
5.178977961269663e+01
6.315227717307967e+01
5.284829328434928e+01
5.520399443581886e+01
5.746323455006966e+01
3.239069801400914e+01
4.377333882440503e+01
2.129200725876354e+01
3.446359435769897e+01
1.581683429694587e+00
8.525021285063131e+01
3.613322863175218e+01
3.714208800212577e+01
1.340229279054436e+01
6.834944163837909e+01
3.305885397505893e+01
8.863376890711197e+01
1.650131773972014e-01
9.439364247694316e+01
1.379415407487850e+01
5.624224415805296e+01
1.286132261755938e+00
2.734537512406025e+01
1.262931228272119e+01
1.445670510384101e+01
3.261254156595680e+01
7.413730028743730e+00
4.603428558727460e+01
3.414586136776295e+01
2.767935759745508e+01
9.632231886327375e+01
8.773757838073074e+01
9.747497527742524e+01
9.849552763555923e+01
4.113963541627844e+01
4.696348851870908e+01
3.088622560300223e+01
4.496007610343401e+01
5.235440151409917e+01
5.718258379827373e+01
7.103749465711297e+01
7.697586313680553e+01
6.085586401673773e+01
5.505812799327919e+01
5.497118926372900e-01
5.386231939953859e+01
2.062060405529132e+01
8.943008351578847e+01
1.689825570997701e+01
6.296369017239832e+01
4.129225250393723e+01
2.091289508198988e+01
7.821853900245323e+01
7.937565314554406e+01
7.267664027059294e+01
6.244324648866581e+01
6.566076975579409e+01
2.186618764971671e+01
3.870952969356884e+01
7.977770808142503e+01
3.285489791671508e+01
3.461876406083757e+01
6.571334906188461e+01
3.032987314757419e+01
1.138353059598409e+01
5.214391958533970e+01
6.139226735634369e+01
6.400051729939902e+01
4.243905406558842e+01
6.992243662007267e+01
2.168810578141739e+01
4.364575522190228e+01
9.072253200724839e+01
8.935283501136714e+00
6.474012670327916e+01
8.110068793459827e+01
2.566852608028265e+01
3.331017435216819e+01
6.011261272249400e+01
2.989262446290470e+01
9.627386452456651e+01
3.159146221894373e+01
2.832497923091286e+01
9.305916540001479e+01
9.151854384295575e+01
1.346909190223976e+01
6.716764758674783e+01
3.715039051005169e+01
1.864463222149975e+01
4.030381256728611e+01
9.859932637708230e+00
5.598382095619283e+01
4.018395395958049e+00
8.264144760679521e+01
8.182940328578903e+01
1.540192599194214e+01
8.949443203839215e+01
2.188123139640373e+01
6.470594702507645e+01
8.126039071067255e+01
7.028718612635842e+01
4.215358204308598e+01
9.094238942067250e+01
4.769087142669171e+01
7.719400109592546e+00
5.568251607738552e+01
2.879155931472385e+01
7.675739167107147e+01
1.893877485717590e+01
7.147348745329002e+01
1.932417341476501e+01
8.526655495412022e+01
4.602166490909721e+01
3.503145507305462e+01
5.894538399714296e+01
2.916863096373557e+00
6.456353495109991e+01
2.692660592818940e+01
2.971599704107084e+01
6.714517924336026e+01
3.280378316193995e+01
3.016037961009908e+00
5.932665646976169e+01
5.728411630600883e+00
2.928554314621051e+01
4.741126207979920e-01
2.113033762254302e+01
1.877997513803652e+01
4.875257222389456e+01
5.787083332327699e+01
6.580324334362672e+00
7.178984590423751e+01
4.947388090634433e+01
9.197275330870075e+01
7.595896747706409e+01
4.116835996563004e+01
4.666527130020096e+01
7.714655351692184e+01
2.787067253509102e+01
3.565796168318855e+01
6.605072550757356e+01
5.580127102127358e+00
2.092451659074263e+01
1.585970926837051e+01
8.222630106947678e+01
8.068347502531645e+01
1.877657236474407e+01
9.875058247649605e+00
6.781232341556452e+01
8.937939181429306e+01
9.787202733469755e+01
4.041386411544581e+01
3.602348735370835e+01
1.651673666970652e+01
8.487782631296563e+00
6.530903049991886e+01
1.699084929050451e+01
2.946403647282349e+01
7.189576652454946e+01
6.068663260000135e+01
4.262734979513444e+01
7.159675442222355e+01
6.135075532894151e+01
4.265176511493128e+01
6.356950768435816e+01
9.705749438007246e+00
9.376504607208308e+01
2.177739796311473e+01
1.131624463541258e+01
7.979965609488993e+01
5.743535969286941e+01
1.854962251081580e+00
1.113711009320668e+01
1.281622704715292e+00
9.545862953898433e+01
5.105686562650691e+01
5.904335126236238e+01
9.091443046504372e+01
8.178371367127808e+01
6.665343221586824e+01
6.904360319908876e+01
7.965574095940950e+01
5.794770860017636e+01
5.067090506230989e+00
2.026314871397947e+01
9.550222027837401e+01
6.002452604473779e+01
1.316332691962054e+01
4.097068078861138e+00
3.192029252272113e+01
8.658998905987943e+01
4.293894518303636e+01
3.517046898378547e+00
9.762132847570875e+01
4.587499920552364e+01
1.370662474711734e+01
4.490646424000452e+01
7.935575637005073e+01
4.760708974097254e+01
6.449295071162886e+00
9.914748840925632e-01
9.291938244966761e+01
6.305737656683539e+01
6.982203948768883e+01
7.127925868671353e+01
3.762886814662668e+00
9.512774813693377e+01
2.609270323351617e+01
2.620394668830742e+00
4.142232329650890e+01
9.697604216494413e+01
5.337042685289421e+01
8.231835969831718e+01
2.131694160463146e+01
3.793386371710052e+01
7.849083728086708e+01
5.303442131403574e+01
8.560550980530935e+01
9.165416420048761e+01
7.800067806523326e+01
4.685493747091616e+00
6.550412367354339e+01
6.284895793667480e+01
2.187326295388549e+01
7.048384289745421e-01
4.843966823464244e+01
1.929493281957458e+01
4.561130271554519e+01
3.287860473286295e+01
8.198610743600229e+01
7.737006991047880e+01
2.878689948878572e+01
7.310833408176356e+01
6.203186552134895e+01
9.909972404087881e+01
3.526255154761604e+01
6.669447779035870e+01
1.573741744073919e+01
1.192075857516413e+01
5.102130144416414e+01
5.567891185902008e+01
6.256120361506995e+01
7.450310866092477e+01
4.468822341630618e+00
6.660454201819587e+01
6.282924560961744e+01
8.295965966906383e+01
8.620295938393238e+01
9.164288392832637e+01
4.857042918380836e+01
6.112972091004705e+00
8.067947643840661e+01
4.011794749652871e+01
6.689729865961583e+01
2.836053889634113e+01
4.082278592550325e+01
1.740159826232195e+01
3.237479949946273e+01
3.116194188183264e+01
4.519702282044898e+01
3.438709957263763e+00
6.380415850496113e+01
9.492061501132353e+01
6.742200286473241e+01
3.619122241446340e+01
8.902419493022570e+01
2.684554365782325e+00
9.253050177010266e+01
9.208070523668114e+01
6.826971590904040e+01
5.172785117837034e+01
1.423116792656070e+01
6.105629432064309e+01
4.182460300709335e+00
1.869999026819132e+01
3.541745489249818e+01
1.077277698124423e+01
7.922557610051035e+01
8.363842087967248e+01
2.415660863004467e+00
2.779600523775257e+01
8.975139297067717e+01
7.733730970757888e+01
1.639142121020305e+01
5.871332295179056e+01
3.367800853852090e+01
2.050278290198314e+00
7.611492121411251e+01
6.507020912369257e+00
4.067523174019308e+01
4.237896904460106e+00
4.037129322084193e+00
7.452454235149760e+00
9.529586634379619e+01
4.577603505261989e+01
3.328847826145984e+01
6.788872758293931e+01
8.005228810014775e+01
5.301178579824594e+01
9.273066324774672e+01
1.283071577215135e+01
7.491788346083736e+01
5.465201626282745e+01
7.151720257080962e+01
1.731431457088996e+01
9.290059101437245e+01
3.765400514828693e+01
1.932498329287627e+01
9.456024090506148e+01
6.009941620756845e+01
3.050275246170477e+01
7.083371461873581e+01
4.997819873968987e+01
2.530233856537488e+01
6.990145001090198e+01
6.679327323417797e+01
2.551114052790736e+01
4.443934296464517e+01
8.480644290559295e+01
8.847930449455944e+01
8.808763874139991e+01
1.911279774229638e+01
9.842403409929203e+01
9.554009297654969e+01
1.414253190818361e+00
4.420006910534579e+01
1.982202288686392e-01
7.822774354285922e+00
5.584505715213951e+01
5.464755122300588e+01
2.927241354681198e+01
4.167061068195412e+00
2.401833437570293e+01
3.473014199860866e+00
8.331998455492779e+01
9.945497917917324e+01
4.602468830813872e+01
1.926293024758944e+01
6.941974054529319e+01
9.093384611929480e+01
7.936234645515789e+01
4.090506119695728e+01
6.485572302008779e+01
7.011337399953668e+01
7.762555129715500e+00
2.921566410419329e+01
7.880489569101711e+01
8.973483875847181e+01
9.343203948504852e+01
6.361133855004392e+01
7.821414320646512e+01
8.151967817988232e+01
6.972972544363222e+01
7.663917857065758e+01
7.719827232751915e+01
5.455639355562460e+00
5.243194757608322e+01
1.091490495526926e+01
9.854737156934448e+01
7.974182003165680e+01
6.053589352431516e+01
6.971937295502022e+01
1.244406579641815e+01
8.455422790001809e+01
5.071412341236795e+01
1.200658460706779e+01
2.588687680004485e+01
9.673881176707280e+01
2.083222564348589e+01
8.765123281052858e+01
6.049983844184309e+01
2.021893342967095e+01
9.522911039890214e+01
2.226739908674145e+01
4.592096910156355e+01
9.082741937172945e+01
1.951073860726819e+01
2.472586474601453e+01
9.272650424052333e+01
6.469213504562720e+01
8.709585731248178e+01
5.177625406150531e+01
7.323799811920057e+01
5.806692869312453e+01
4.757982597107991e+01
8.253130194848930e+01
2.921090728100897e+01
4.027667331522176e+01
2.915992659011852e+01
6.965786668921722e+01
2.001849330031243e+01
9.615286323062743e+01
3.937723959767131e+01
2.073284402523788e+01
7.425004796788565e+01
1.256962675255240e+01
4.476668110339282e+01
1.369247213643625e-01
3.389918097942098e+01
8.562326812447201e+01
9.544354211326853e+01
4.263545751694378e+01
4.797690927422462e+01
7.745324861139676e+01
6.490285660368524e+01
9.253319785582516e+01
6.828066793656008e+01
3.616295221083003e+01
1.862374307523656e+01
8.038195012155079e+01
3.833306857307119e+01
6.960946324728870e+00
7.186131010384361e+01
4.706690043540062e+01
7.483598504906334e+01
1.853910140625159e+01
7.033848472420988e+01
9.423878229886236e+01
5.881577472147335e+01
8.612519460084158e+01
6.389664898807958e+01
1.321184728909835e+01
8.919423138219594e+01
4.865924760171178e+01
8.968362356055696e+00
4.784721217483618e+01
1.584351529173717e+01
5.110904129739341e+01
6.358120402487982e+01
9.797913441340398e+01
2.261089981655167e+01
5.902474613814835e+01
4.061459188378164e+01
7.883021891062624e+01
4.969739855718678e+01
1.603382188642110e+01
9.983917535275182e+01
1.535138441964583e+01
4.168040069829691e+01
4.099264235281974e+01
7.019826693935239e+01
4.253548790818801e+01
9.007037681996374e+01
4.205957704319599e+01
7.910924087237066e+01
4.407795162130052e+01
5.586185439297084e+01
7.178822856945369e+01
4.933703404354725e+01
9.691837290158419e+01
3.965759917146415e+01
6.315523575206997e+01
9.238366153667852e+01
4.863351562462445e+01
9.188188616739674e+01
1.088505648583409e+01
3.019944016365309e+01
8.030412186882650e+01
9.451649710280657e+01
7.565899895301973e+01
3.033022127595274e+01
6.654301107234461e+01
7.470562428920792e+01
5.674262468551407e+01
6.831381147183190e+00
3.204931781257005e+01
5.575379592168788e+00
1.673664665629000e+01
6.651378146676057e+00
1.814266229893205e+01
4.889350060787680e+01
7.684964508602845e+01
6.067815025368619e+01
1.690516542499194e+01
7.932855420714642e+01
5.028053855070870e+01
6.098311704629246e+01
3.657471082945108e+01
1.022141157194106e+01
2.981598639386519e+01
5.245746157712185e+01
2.990190229839734e+01
7.092455782504965e+01
3.999522805213706e+01
1.829421148556015e+01
5.390640867590272e+01
4.134725189830515e+01
3.037200636713393e+01
2.270787634081574e+01
8.221471238984481e+01
6.031005273587539e+00
8.955110935007740e+01
9.934210926263691e+01
4.071475031818950e+01
6.797076653128991e+01
8.705731522620530e+01
2.509589391997824e+01
6.964562389517465e+01
2.246120470690597e+01
5.283875402660983e+01
2.807541500221725e+01
3.345783112266000e+01
1.033415277969751e+01
4.846643640122676e+01
5.036299654765194e+01
4.623486271418392e+01
9.874697499850159e+01
1.301305043185737e+00
9.148827069042636e+01
9.327998975910245e+01
3.790325961909409e+01
2.498135432832937e+01
1.631562342695688e+01
3.838005687034692e+01
6.860465820348108e+01
7.506758001403306e+01
6.273422607348031e+01
5.630287344395317e+01
2.729530023750630e+01
4.759409746508771e+00
3.851758578723184e+01
4.489965748270026e+01
2.699795883474777e+01
1.906642793634274e+01
6.158369260913864e+01
2.018132103615502e+01
9.819050379944522e+01
9.913694979582772e+01
3.818715682168825e+01
9.159649009425030e+01
5.197570377587141e+01
7.761523112543637e+01
6.295119540903308e+01
5.627205882047864e+01
1.566451858527237e+01
3.869298395639890e+01
7.837530308327419e+01
2.482864243203245e+01
1.912116916809286e+01
8.711686967272165e+00
8.058733827461830e+01
2.936534077365200e+01
1.071255943305444e+01
9.375397530093508e+01
8.265918175813704e+01
2.297699499082611e+00
7.883681029958501e+01
8.617413406547817e+01
5.860057294303578e+01
6.376919465315025e+01
2.696733923022046e-01
3.183073905847536e+01
8.088917586993854e+01
6.099950334103755e+01
5.433759840872958e+01
3.741750611803378e+01
4.744895330977112e+01
2.347288374950778e+01
5.058439637095872e+00
1.735189031686256e+01
1.506937384375807e+01
9.512472031411004e+01
1.489112927340489e+01
6.281383380424875e+01
5.743457682311283e+01
4.097279680006802e+01
1.832173774872056e+01
3.369111215401958e+01
6.580143923210046e+01
2.062798688217438e+01
8.336968016036306e+01
9.959846823457558e+01
4.999332765582638e+01
7.736581087921085e+01
1.202457952873063e+01
6.559941054582569e+01
1.936042095504721e+01
9.650223087356530e+01
7.612616609601591e+01
4.384967239752862e+01
3.249174921423744e+01
2.843244645205906e+01
7.766519765260871e+01
1.338092508417597e+01
5.570007872567516e+01
1.005700636192086e+01
7.200176784396254e+01
3.149031988880147e+00
6.995187037156516e+01
1.515078433563504e+01
4.042493018341480e+01
2.765639942495916e+01
7.609803852443491e+01
7.921135033444099e+01
5.683578688503979e+01
6.771008142629177e+01
9.628885630345384e+01
5.834260459912131e+01
4.236807452625040e+01
5.852170584654515e+01
7.703416919197615e+01
2.573775464004732e+01
6.168876367699762e+01
2.896391909055594e+01
4.280047609601192e+01
7.371334320572826e+01
4.570614590575273e+01
9.459817320788193e+00
9.508732794555246e+01
4.457758522805646e+01
4.012189094914211e+01
5.310601804084425e+01
9.392733596913858e+01
1.520104353092659e+01
8.109571909582975e+01
7.391172669544432e+01
6.586427947779386e+01
1.595023196002014e+01
8.828071117786723e+01
4.351431491948399e+01
6.824827122886119e+01
1.748568882117313e+01
5.423715722478794e+01
7.852377583204013e+01
7.280174832455896e+01
4.606766023024342e+01
4.623385721176577e+01
6.909060458144667e+01
9.503612778849720e+01
1.448150790039520e+01
3.118090007043485e+01
7.207029693390722e+01
1.433968637806349e+01
9.286966374743248e+01
6.901582580479599e+01
4.407093061323787e+01
2.360433271322601e+01
9.469098942107101e+01
1.930105952513453e+01
6.167033485214707e+01
9.126790104958596e+01
6.840237652342878e+00
2.926717709250151e+01
1.045063729884598e+01
7.462399400520324e+01
9.587207194225493e+01
7.856565251879657e+01
8.952119894769098e+01
7.767563098002022e+01
4.978780050286455e+01
6.191364632077219e+01
1.721782997121002e+01
6.375386927451652e+01
7.935724629990628e+01
9.574160580325015e+01
2.321197568588516e+01
3.039149783104262e+01
9.725908310956279e+01
2.789498452464817e+01
3.480176261384122e+01
9.756074519714375e+01
8.484037573674711e+01
1.818261887793551e+01
5.745196834087929e+01
1.635314403863304e+01
3.052739418601961e+01
4.640483541712391e+01
8.293615099179380e+01
4.488597952056955e+00
2.135830303717326e+01
3.809731869869741e+01
7.682891193629658e+01
8.078125351144990e+01
8.558051045312570e+01
4.858394826230777e+01
5.540524747008703e+01
5.525491053948873e+01
1.769604762908818e+01
5.528729141470384e+01
4.224469281837562e+00
3.896937493186881e+01
5.037925562373328e+01
2.144229925304758e+01
8.937960233976115e+01
3.470309317796635e+01
3.004010656384756e+01
9.469935963614815e+01
1.757724504805041e+01
3.935764256834874e+01
4.894158292978144e+00
9.989635366941633e+01
3.903978063680221e+01
2.837763863074483e+01
8.731547919442667e+01
4.137368544068825e+01
8.846472654885832e+01
3.148651068633725e+01
3.671108718808325e+01
2.766693366117167e+01
5.309496468542840e+01
8.771410425552824e+01
7.227341945854640e+01
2.132396792123279e+01
4.526592765248657e+01
3.165625810234633e+01
4.696485448952991e+01
9.425589120679344e+01
8.804354611227454e+01
5.750982712838325e+01
4.898354455315673e+01
4.877939310333663e+00
1.651923573413828e+01
9.992243819866444e+01
1.257793717672021e+01
4.042253375073081e+01
2.086216896812532e+01
2.976184223301794e+01
1.849041605297961e+01
1.524209655599766e+01
8.892121021119934e+01
4.980237639965600e+01
9.961647600848995e+01
7.865797284928057e+01
5.176221297670259e+01
1.769544846270953e+01
1.601612396352744e+01
9.649299569264660e+01
6.630181514951485e+01
5.002290371340835e+01
5.548950189514527e+01
1.939677978837713e+01
8.092293938664856e+00
9.643334876579854e+01
4.652764212644084e+01
4.694293762880514e+01
6.463398354343791e+01
9.349249666253687e+01
8.219069153172461e+01
8.011182797146581e+01
8.977563292243315e+01
5.221124633783998e+01
2.057121271294132e+01
6.777036230441665e+01
9.066444951606191e+01
1.871435056380664e+01
1.219370668390473e+01
2.528998084612655e+01
7.138042620913146e+00
7.038051992206859e+01
2.501010318520018e+01
3.739740300802394e+01
3.916023519782360e+01
8.234829589833892e+01
1.605537581073836e+01
5.830910059544682e+00
9.721671701279316e+00
2.936719233606346e+01
4.644777953924974e+00
8.623842712782249e+00
9.609901346084617e+01
6.013427984907026e+01
7.338492249761937e+00
8.748239003470279e+01
2.291718377867582e+01
6.874137025733542e+01
3.442532761694180e+01
5.100679060025457e+01
8.096714237749909e+01
7.562415645254038e+01
6.600756606366838e+01
8.083511971907463e+01
6.937080960225818e+01
9.840358844883907e+00
7.703764390993754e+01
5.703061728599975e+01
9.085833006112759e+01
5.679837798550650e+01
8.232059813212631e+01
9.291737228302162e+01
4.615623678367410e+01
1.432289630841599e+01
7.673192581940998e+01
3.282216677107949e+01
3.195728041788437e+01
7.593681541082302e+01
7.981508051967950e+01
7.427930802771789e+01
2.215449396621180e+01
8.213898627187078e+01
6.967408567186169e+01
1.544590015683598e+00
8.622821238181936e+00
1.092377324165952e+01
8.902698005038638e+01
6.394099246894056e+01
5.077109432349498e+01
1.148897857008920e+01
8.254679566367847e+01
6.063228587649403e+01
9.907646411986858e+01
6.410178638254376e+01
2.916407274509039e+01
6.544263184324029e+01
2.173126960253868e+01
8.412705039797679e+00
2.247324908267392e+01
3.513911177177872e+01
9.764405563363995e+01
5.556199022362102e+01
2.805648405480035e+01
1.755952891780041e+01
6.988488653203700e+01
2.762311977689300e+01
9.154369937793524e+01
4.408182885687884e+01
4.169346147295715e+01
2.621268286659041e+01
5.517196392415649e+01
4.256491537325313e+01
5.349776612291940e+01
1.264287578530743e+00
4.410950543550286e+01
2.305479567640219e+01
4.088507096324352e+01
5.703381633247893e+01
8.699578814534274e+01
9.456360917285252e+01
4.696779090304290e+01
7.620738804163756e+01
5.248549024224537e+01
5.566525717995374e+01
2.476174967585213e+01
8.386055137210550e+01
2.110788902319404e+01
6.933777382100828e+01
7.132791144369538e+01
1.955065411494610e+00
8.776562967699283e+01
8.991731204554313e+01
5.751705568168175e+01
1.582211368522705e+01
6.762116144766154e+01
2.740194216715263e+01
3.553107568786064e+01
9.902054034127879e+01
1.313211070985166e+00
5.594149709490197e+01
7.037932019232741e+01
4.657655146279212e+01
9.850641246815510e+01
1.717927442732233e+01
2.420678703310284e+01
2.941979245721353e+01
1.593807172772385e+01
3.639484789985924e+01
8.645360883625858e+01
2.933859826500462e+00
2.824805221904444e+01
4.986406795208531e+01
5.586565400281253e+01
8.073354246128982e+01
8.800645362958612e+01
8.062740372523078e+01
6.659013510988567e+01
7.461801165464242e+01
2.608749448605231e+01
5.686735019873239e+01
4.966781826208710e+01
8.310425648610305e+01
8.492091707183090e+01
9.131732284618417e+01
9.101221239707070e+01
5.426150316105294e+01
6.156999979241286e+01
3.623114490706062e+01
6.567961935218406e+01
6.615136240895436e+01
5.731892020316744e+01
3.932264910047997e+01
8.909386186352644e+01
8.099119755485617e+01
5.650192352780230e+01
1.330064889662929e+01
2.360711541194800e+01
3.353612345342344e+01
8.527477657668049e+01
9.935951875492907e+01
1.319438946116454e+01
6.237414468190360e+01
3.170071511142921e+01
6.906004346397707e+01
5.867709147682278e+01
4.398915914073081e+01
4.610139524848265e+01
2.327118526365198e+01
2.882151130066324e+01
7.577494167526017e+01
8.268349547064095e+01
8.151699205931135e+01
3.087795899756158e+01
2.692319766009376e+01
5.250317214639074e+01
4.989141046530168e+01
6.023429700184349e+01
4.415745779134215e+01
7.643469850366688e+01
2.591391630746141e+01
7.405922509453224e+01
5.891948359036794e+01
8.572413599385142e+01
9.940268206382295e+01
2.595661768035806e+01
5.666557655514477e+00
7.256251316171256e+01
6.351779651060598e+01
3.463488795544714e+01
6.239882771037465e+01
3.027021392726815e+01
5.239707057010246e+01
4.034237667934148e+01
9.457803037696426e+01
4.083775716872781e+01
5.804909936061553e+01
5.257129061621208e+01
8.693915241721047e+01
2.229065337325011e+01
4.310671037207670e+01
4.691950280541531e+01
6.902165634977709e+01
2.527517100110425e+01
5.798700873646280e+00
2.935238649572823e+01
9.040351160355075e+01
5.903101962014614e+01
1.053708727030879e+01
5.136861822165950e+01
5.729004398793450e+01
4.500383150065496e+01
6.167743837538987e+01
9.104429338641664e+01
6.207708323471113e+01
6.108012039264670e+01
6.002256854438343e+01
8.798496941476360e+00
7.378345130653281e+01
9.447277099568061e+01
4.800117805041427e+01
3.221269502873192e+01
2.733317163183036e+01
5.228347519984631e+00
7.652465569624894e+01
5.192811654504766e+01
2.185536265459627e+01
7.554412380584708e+01
6.621331556989500e+01
9.299992383131755e+01
9.783477722566332e+01
2.797206376119147e+01
3.991942663673284e+01
2.639660147316596e-01
3.394372828022750e+01
4.194729670041581e+01
7.832877197225055e+01
4.115488871054486e+01
1.408238849327079e+00
4.015343978076868e+01
9.252350693220436e+01
3.353304864537579e+01
9.674859745276561e+01
9.540838175239432e+01
5.151092491648669e+01
7.106320777491815e+01
1.528106565367480e+01
6.774241899500714e+01
9.708770750886188e+01
8.906451696020761e+01
6.823976317804295e+01
9.616684405885955e+01
2.524679593054894e+01
9.557293480987332e+01
4.548713413322677e+01
1.771451580231754e+00
5.928329017911259e+01
8.129595940992979e+01
1.506740879969085e+00
2.549660574900760e+01
6.034242061914058e+01
7.515035256517602e+01
3.481663164441317e+01
4.668359972847793e+01
9.096735892396764e+01
2.803931656667931e+01
4.597997471968642e+01
3.487739089637873e+01
5.307811687378125e+01
8.960921270288956e+01
4.518411082457011e+01
2.438755520823763e+00
8.092126226095542e+01
9.873015093558010e+01
5.663970078185186e+01
5.498604246181717e+00
4.945213540897338e+01
7.192076643552667e+01
3.433465046544310e+01
1.714468361676889e+01
5.507195156769452e+01
8.312377030175355e+01
1.331152762906232e+01
8.623207932628323e+01
1.714879461431354e+01
6.294319688479565e+00
4.594020128526735e+00
7.767447204220782e+01
7.363681652286873e+01
6.531910624602769e+01
7.683997651414944e+01
3.397923709544317e+01
2.895838112056180e+01
1.957873782123380e+01
3.424108430475047e+01
1.588377734454525e+01
8.565815248790111e+01
6.718039068727772e+01
2.091444843491281e+01
3.873626936168236e+01
9.432744155373771e+01
6.609855925948293e+01
1.910207351627856e+01
8.530534807839681e+00
9.643994136547667e+01
7.574177429813042e+01
1.402913905402140e+01
1.507053389915756e+01
1.532170745326286e+01
7.506005981707017e+01
3.078883398826646e+01
3.020084990663494e+01
8.609606799953434e+01
5.363452963234602e+01
9.487990340910848e+01
4.487249816063442e+00
9.789033927856494e+01
3.902786930046410e+01
7.822676658547798e+01
7.152715575486755e+01
4.820254046851888e+01
8.533279964948669e+01
7.206091050620233e+01
8.867199927972257e+01
2.332050903854915e+01
3.974747710849507e+01
3.043138456085296e+01
3.006857839881842e+01
5.481784071531978e+01
3.770319281038977e-01
3.708000077730045e+01
4.914528226905748e+01
9.156878431866355e+01
6.583396991055179e+01
1.632129462264539e+01
7.033089151155710e+01
5.841151525192500e+01
7.013748258824343e+01
3.079259536731644e+00
7.373322270518786e+01
1.819243282926848e+01
3.386809352499810e+01
9.300653068023107e+01
3.129361031171568e+01
2.546411306851735e+01
9.411635198356414e+01
3.139184146718674e+01
6.834288796798459e+01
6.049104903847493e+01
7.634134393946330e+01
9.488160810194984e+01
2.385198703215084e+01
3.275381635537083e+00
3.880008591283117e-01
2.611126463213529e+01
7.737093008000913e+01
4.013547801418951e+01
1.707976293614123e+01
9.077480276616980e+01
6.010401414712147e+01
4.254998799532186e+01
1.279466227292766e+01
7.681822826937690e+00
5.026749267720966e+01
6.923033542429579e+01
6.379016636115972e+01
1.323945890797277e+01
8.437799377570767e+01
7.993195260871758e+01
2.520675744172500e+01
5.811121648089551e+01
8.111862143553729e+00
2.972985842718271e+01
9.793047350734960e+01
1.041880152673405e+01
8.453896403524045e+01
9.069648584849037e+01
4.619966170107930e+01
7.946950540853176e+01
6.634593241212234e+01
2.033378981069373e+01
2.775024344574206e+00
8.082363101692108e+01
6.741762541579904e+01
3.163025250268646e+00
2.837321475538109e+01
6.239007099642887e+01
5.307242137057353e+00
1.980166869228784e+01
3.810473249205609e+01
3.402517365013490e+00
2.693880834939834e+01
5.089939476498374e+01
4.291719898717347e+00
8.474411251244327e+01
2.330468614739584e+01
4.467789453672147e+01
9.173470269503756e+01
3.411076573380770e+01
3.515360771452711e+01
9.370233174120185e+01
